-5.649999999999924	9.88882400081791e-8
-5.639999999999924	1.0419207821324636e-7
-5.629999999999924	1.0977104973277174e-7
-5.619999999999925	1.1563890949874802e-7
-5.609999999999925	1.2181007208473884e-7
-5.599999999999925	1.282996532302185e-7
-5.589999999999925	1.3512341804971156e-7
-5.5799999999999255	1.4229804119571232e-7
-5.569999999999926	1.4984086541481015e-7
-5.559999999999926	1.5777003227865052e-7
-5.549999999999926	1.6610461815509796e-7
-5.539999999999926	1.748646159004442e-7
-5.5299999999999265	1.840708833625836e-7
-5.519999999999927	1.9374529430509682e-7
-5.509999999999927	2.0391079460188192e-7
-5.499999999999927	2.1459133597145705e-7
-5.489999999999927	2.2581204103780927e-7
-5.479999999999928	2.375991677207441e-7
-5.469999999999928	2.4998021220454887e-7
-5.459999999999928	2.6298394438143726e-7
-5.449999999999928	2.7664046335995703e-7
-5.4399999999999284	2.9098126079737526e-7
-5.429999999999929	3.060393115609433e-7
-5.419999999999929	3.2184905712137284e-7
-5.409999999999929	3.3844654203189997e-7
-5.399999999999929	3.5586949149116357e-7
-5.3899999999999295	3.7415731848951423e-7
-5.37999999999993	3.933512700956171e-7
-5.36999999999993	4.1349440999915523e-7
-5.35999999999993	4.3463180742457845e-7
-5.34999999999993	4.568105504836697e-7
-5.339999999999931	4.800798773484802e-7
-5.329999999999931	5.044912360792149e-7
-5.319999999999931	5.300983903284962e-7
-5.309999999999931	5.569575173558228e-7
-5.299999999999931	5.851273108453271e-7
-5.289999999999932	6.146690876247135e-7
-5.279999999999932	6.456468986053083e-7
-5.269999999999932	6.781276448453876e-7
-5.259999999999932	7.12181194496534e-7
-5.2499999999999325	7.478805088016126e-7
-5.239999999999933	7.853017744144089e-7
-5.229999999999933	8.24524534149308e-7
-5.219999999999933	8.656318281493827e-7
-5.209999999999933	9.087103382717205e-7
-5.199999999999934	9.538505396372942e-7
-5.189999999999934	1.0011468563741315e-6
-5.179999999999934	1.0506978248238049e-6
-5.169999999999934	1.1026062618611708e-6
-5.159999999999934	1.1569794304380196e-6
-5.149999999999935	1.2139292510068231e-6
-5.139999999999935	1.2735724703163861e-6
-5.129999999999935	1.3360308379830693e-6
-5.119999999999935	1.4014313394897512e-6
-5.1099999999999355	1.4699063968427353e-6
-5.099999999999936	1.5415940876579723e-6
-5.089999999999936	1.6166383797539657e-6
-5.079999999999936	1.6951893359659255e-6
-5.069999999999936	1.77740341185272e-6
-5.0599999999999365	1.863443647500445e-6
-5.049999999999937	1.9534799841694937e-6
-5.039999999999937	2.0476895083859226e-6
-5.029999999999937	2.1462567372439097e-6
-5.019999999999937	2.249373892332044e-6
-5.009999999999938	2.35724127573405e-6
-4.999999999999938	2.4700674669515088e-6
-4.989999999999938	2.588069772861784e-6
-4.979999999999938	2.711474448519197e-6
-4.9699999999999385	2.8405171532797026e-6
-4.959999999999939	2.9754432118051506e-6
-4.949999999999939	3.1165080827158166e-6
-4.939999999999939	3.2639776734432225e-6
-4.929999999999939	3.4181288059539037e-6
-4.9199999999999395	3.5792495326226608e-6
-4.90999999999994	3.7476396325713696e-6
-4.89999999999994	3.923611114924396e-6
-4.88999999999994	4.107488583240526e-6
-4.87999999999994	4.2996097527009715e-6
-4.869999999999941	4.500325923312411e-6
-4.859999999999941	4.7100025235548936e-6
-4.849999999999941	4.92901960171348e-6
-4.839999999999941	5.157772387997114e-6
-4.8299999999999415	5.396671847669655e-6
-4.819999999999942	5.64614530198858e-6
-4.809999999999942	5.9066369730726455e-6
-4.799999999999942	6.178608643637286e-6
-4.789999999999942	6.462540282480505e-6
-4.7799999999999425	6.758930751456126e-6
-4.769999999999943	7.0682984221215045e-6
-4.759999999999943	7.391181940139672e-6
-4.749999999999943	7.728140926680816e-6
-4.739999999999943	8.079756785504326e-6
-4.729999999999944	8.446633414228271e-6
-4.719999999999944	8.829398060721368e-6
-4.709999999999944	9.22870213695418e-6
-4.699999999999944	9.645222088697369e-6
-4.689999999999944	0.000010079660275932045
-4.679999999999945	0.000010532745898610367
-4.669999999999945	0.000011005235928259671
-4.659999999999945	0.000011497916094406736
-4.649999999999945	0.000012011601884245754
-4.6399999999999455	0.000012547139580999223
-4.629999999999946	0.000013105407343945496
-4.619999999999946	0.00001368731629040199
-4.609999999999946	0.000014293811666607154
-4.599999999999946	0.000014925873957640173
-4.589999999999947	0.000015584520176603602
-4.579999999999947	0.00001627080505467427
-4.569999999999947	0.00001698582236142663
-4.559999999999947	0.00001773070615753398
-4.549999999999947	0.000018506632244717076
-4.539999999999948	0.00001931481952099395
-4.529999999999948	0.00002015653142674889
-4.519999999999948	0.00002103307743583174
-4.509999999999948	0.000021945814594933063
-4.4999999999999485	0.00002289614910120886
-4.489999999999949	0.000023885537874802033
-4.479999999999949	0.000024915490315088336
-4.469999999999949	0.00002598756995619928
-4.459999999999949	0.000027103396246881496
-4.4499999999999496	0.000028264646391579608
-4.43999999999995	0.00002947305715997346
-4.42999999999995	0.000030730426883168095
-4.41999999999995	0.00003203861739108157
-4.40999999999995	0.000033399556047795634
-4.399999999999951	0.000034815237841119003
-4.389999999999951	0.000036287727531717156
-4.379999999999951	0.00003781916185900467
-4.369999999999951	0.000039411751801340114
-4.3599999999999515	0.00004106778491546262
-4.349999999999952	0.00004278962771964694
-4.339999999999952	0.00004457972814655813
-4.329999999999952	0.00004644061807019768
-4.319999999999952	0.0000483749158979339
-4.3099999999999525	0.00005038532921231807
-4.299999999999953	0.00005247465751530308
-4.289999999999953	0.00005464579501756214
-4.279999999999953	0.00005690173350952831
-4.269999999999953	0.00005924556530485662
-4.259999999999954	0.00006168048627224688
-4.249999999999954	0.00006420979891684842
-4.239999999999954	0.0000668369155655469
-4.229999999999954	0.00006956536162557874
-4.2199999999999545	0.00007239877891494755
-4.209999999999955	0.00007534092908256287
-4.199999999999955	0.00007839569712460033
-4.189999999999955	0.00008156709496236017
-4.179999999999955	0.00008485926512452826
-4.1699999999999555	0.00008827648451646331
-4.159999999999956	0.00009182316827523994
-4.149999999999956	0.00009550387371367253
-4.139999999999956	0.00009932330437565922
-4.129999999999956	0.00010328631416354574
-4.119999999999957	0.00010739791156812837
-4.109999999999957	0.00011166326401415531
-4.099999999999957	0.00011608770228134401
-4.089999999999957	0.00012067672503275175
-4.079999999999957	0.0001254360034579061
-4.069999999999958	0.0001303713860082346
-4.059999999999958	0.00013548890323084067
-4.049999999999958	0.00014079477273216197
-4.039999999999958	0.00014629540422952172
-4.0299999999999585	0.00015199740471238057
-4.019999999999959	0.00015790758372891822
-4.009999999999959	0.00016403295877777215
-3.9999999999999587	0.0001703807607983722
-3.989999999999959	0.0001769584398070534
-3.979999999999959	0.00018377367062440418
-3.9699999999999593	0.0001908343587344796
-3.9599999999999596	0.0001981486462241734
-3.9499999999999598	0.00020572491793586207
-3.93999999999996	0.00021357180763963553
-3.92999999999996	0.00022169820435024985
-3.9199999999999604	0.00023011325884190152
-3.9099999999999606	0.00023882639019226625
-3.899999999999961	0.0002478472924991778
-3.889999999999961	0.0002571859417280396
-3.8799999999999613	0.00026685260266122435
-3.8699999999999615	0.0002768578359977199
-3.8599999999999617	0.00028721250557931584
-3.849999999999962	0.0002979277857345412
-3.839999999999962	0.0003090151687610721
-3.8299999999999623	0.00032048647255304203
-3.8199999999999625	0.00033235384833543724
-3.8099999999999627	0.0003446297885440359
-3.799999999999963	0.00035732713485022805
-3.789999999999963	0.0003704590862969321
-3.7799999999999634	0.0003840392075779162
-3.7699999999999636	0.0003980814374361946
-3.759999999999964	0.00041260009731387934
-3.749999999999964	0.00042760989987134814
-3.7399999999999642	0.00044312595792528325
-3.7299999999999645	0.0004591637933691818
-3.7199999999999647	0.0004757393462519876
-3.709999999999965	0.0004928689840139075
-3.699999999999965	0.0005105695108377484
-3.6899999999999653	0.0005288581771257176
-3.6799999999999655	0.0005477526891092937
-3.6699999999999657	0.0005672712187048809
-3.659999999999966	0.0005874324132287508
-3.649999999999966	0.0006082554055277285
-3.6399999999999664	0.0006297598240973129
-3.6299999999999666	0.0006519658033403177
-3.619999999999967	0.0006748939939752987
-3.609999999999967	0.0006985655735615299
-3.5999999999999672	0.0007230022571337185
-3.5899999999999674	0.0007482263079775828
-3.5799999999999677	0.0007742605485841332
-3.569999999999968	0.000801128371409815
-3.559999999999968	0.0008288537503511467
-3.5499999999999683	0.0008574612517577341
-3.5399999999999685	0.0008869760458243113
-3.5299999999999687	0.0009174239180477781
-3.519999999999969	0.0009488312807983239
-3.509999999999969	0.0009812251850287005
-3.4999999999999694	0.0010146333318090262
-3.4899999999999696	0.001049084084538551
-3.47999999999997	0.0010846064806573866
-3.46999999999997	0.0011212302437414762
-3.45999999999997	0.0011589857956418174
-3.4499999999999704	0.0011979042686789821
-3.4399999999999706	0.0012380175179212338
-3.429999999999971	0.0012793581335535707
-3.419999999999971	0.0013219594532901068
-3.4099999999999713	0.0013658555748546999
-3.3999999999999715	0.0014110813685167466
-3.3899999999999717	0.0014576724897412197
-3.379999999999972	0.0015056653917296212
-3.369999999999972	0.0015550973381743076
-3.3599999999999723	0.001606006415953604
-3.3499999999999726	0.00165843154786851
-3.3399999999999728	0.0017124125054184954
-3.329999999999973	0.001767989921568486
-3.319999999999973	0.0018252053035842613
-3.3099999999999734	0.0018841010457450612
-3.2999999999999736	0.0019447204421923995
-3.289999999999974	0.0020071076996695985
-3.279999999999974	0.0020713079502821742
-3.2699999999999743	0.0021373672642215997
-3.2599999999999745	0.002205332662434713
-3.2499999999999747	0.002275252129261964
-3.239999999999975	0.0023471746250252733
-3.229999999999975	0.002421150098526845
-3.2199999999999753	0.002497229499494258
-3.2099999999999755	0.00257546479094474
-3.1999999999999758	0.0026559089614381914
-3.189999999999976	0.002738616037223946
-3.179999999999976	0.0028236410943139863
-3.1699999999999764	0.002911040270375933
-3.1599999999999766	0.003000870776518706
-3.149999999999977	0.003093190908937552
-3.139999999999977	0.003188060060383463
-3.1299999999999772	0.0032855387314613383
-3.1199999999999775	0.003385688541775714
-3.1099999999999777	0.0034885722408252197
-3.099999999999978	0.003594253718757397
-3.089999999999978	0.003702798016851887
-3.0799999999999783	0.0038142713377968987
-3.0699999999999785	0.003928741055697061
-3.0599999999999787	0.004046275725854338
-3.049999999999979	0.0041669450942509595
-3.039999999999979	0.0042908201067404115
-3.0299999999999794	0.004417972917962539
-3.0199999999999796	0.004548476899927611
-3.00999999999998	0.004682406650252706
-2.99999999999998	0.004819838000086352
-2.9899999999999802	0.004960848021654926
-2.9799999999999804	0.005105515035419764
-2.9699999999999807	0.005253918616868474
-2.959999999999981	0.005406139602890202
-2.949999999999981	0.005562260097711788
-2.9399999999999813	0.005722363478411189
-2.9299999999999815	0.0058865343999830524
-2.9199999999999817	0.0060548587998992525
-2.909999999999982	0.0062274239022090646
-2.899999999999982	0.006404318221136945
-2.8899999999999824	0.006585631564127533
-2.8799999999999826	0.006771455034414434
-2.869999999999983	0.006961881032834531
-2.859999999999983	0.0071570032594498005
-2.849999999999983	0.007356916714183244
-2.8399999999999834	0.007561717697060204
-2.8299999999999836	0.007771503807758639
-2.819999999999984	0.007986373944521901
-2.809999999999984	0.008206428302426754
-2.7999999999999843	0.008431768370941999
-2.7899999999999845	0.008662496930794959
-2.7799999999999847	0.008898718050143117
-2.769999999999985	0.009140537079982058
-2.759999999999985	0.009388060648847002
-2.7499999999999853	0.00964139665654224
-2.7399999999999856	0.009900654267510954
-2.7299999999999858	0.010165943902938767
-2.719999999999986	0.010437377232285166
-2.709999999999986	0.01071506716390728
-2.6999999999999864	0.010999127834713913
-2.6899999999999866	0.011289674599499644
-2.679999999999987	0.011586824018163942
-2.669999999999987	0.011890693843441932
-2.6599999999999873	0.012201403006773862
-2.6499999999999875	0.012519071603548568
-2.6399999999999877	0.012843820877362532
-2.629999999999988	0.01317577320307599
-2.619999999999988	0.013515052069364455
-2.6099999999999883	0.013861782059725727
-2.5999999999999885	0.014216088832739652
-2.5899999999999888	0.01457809910121553
-2.579999999999989	0.014947940610271675
-2.569999999999989	0.01532574211433584
-2.5599999999999894	0.015711633353072914
-2.5499999999999896	0.01610574502616767
-2.53999999999999	0.016508208767010157
-2.52999999999999	0.016919157115248325
-2.5199999999999902	0.017338723488167618
-2.5099999999999905	0.01776704215091954
-2.4999999999999907	0.018204248185593987
-2.489999999999991	0.01865047745907047
-2.479999999999991	0.019105866589680713
-2.4699999999999913	0.019570552912685665
-2.4599999999999915	0.02004467444450101
-2.4499999999999917	0.02052836984569282
-2.439999999999992	0.021021778382765782
-2.429999999999992	0.02152503988867129
-2.4199999999999924	0.022038294722059818
-2.4099999999999926	0.022561683725297158
-2.399999999999993	0.023095348181185388
-2.389999999999993	0.023639429768399698
-2.3799999999999932	0.024194070515676323
-2.3699999999999934	0.024759412754691727
-2.3599999999999937	0.02533559907163712
-2.349999999999994	0.025922772257536884
-2.339999999999994	0.02652107525725152
-2.3299999999999943	0.027130651117170404
-2.3199999999999945	0.02775164293163035
-2.3099999999999947	0.028384193788048313
-2.299999999999995	0.029028446710676475
-2.289999999999995	0.029684544603202107
-2.2799999999999954	0.03035263018994107
-2.2699999999999956	0.03103284595579048
-2.259999999999996	0.031725334084894245
-2.249999999999996	0.03243023639805246
-2.239999999999996	0.03314769428882364
-2.2299999999999964	0.03387784865839656
-2.2199999999999966	0.034620839849221687
-2.209999999999997	0.035376807577363605
-2.199999999999997	0.03614589086365049
-2.1899999999999973	0.03692822796362281
-2.1799999999999975	0.03772395629624326
-2.1699999999999977	0.03853321237143245
-2.159999999999998	0.03935613171645603
-2.149999999999998	0.040192848801122234
-2.1399999999999983	0.041043496961865995
-2.1299999999999986	0.04190820832466379
-2.1199999999999988	0.04278711372697946
-2.109999999999999	0.043680342638474
-2.099999999999999	0.04458802308078051
-2.0899999999999994	0.04551028154620053
-2.0799999999999996	0.04644724291539073
-2.07	0.047399030374116406
-2.06	0.04836576532902727
-2.0500000000000003	0.04934756732249887
-2.0400000000000005	0.050344553946632356
-2.0300000000000007	0.05135684075636951
-2.020000000000001	0.05238454118177287
-2.010000000000001	0.053427766439548566
-2.0000000000000013	0.05448662544380371
-1.9900000000000015	0.05556122471606135
-1.9800000000000015	0.05665166829464155
-1.9700000000000015	0.05775805764338209
-1.9600000000000015	0.05888049155974635
-1.9500000000000015	0.06001906608239627
-1.9400000000000015	0.0611738743982675
-1.9300000000000015	0.06234500674911834
-1.9200000000000015	0.06353255033770933
-1.9100000000000015	0.06473658923360276
-1.9000000000000015	0.06595720427859175
-1.8900000000000015	0.06719447299189178
-1.8800000000000014	0.06844846947509924
-1.8700000000000014	0.06971926431694893
-1.8600000000000014	0.07100692449796189
-1.8500000000000014	0.07231151329504056
-1.8400000000000014	0.07363309018601086
-1.8300000000000014	0.0749717107542218
-1.8200000000000014	0.07632742659326276
-1.8100000000000014	0.07770028521181091
-1.8000000000000014	0.07909032993867329
-1.7900000000000014	0.0804975998281742
-1.7800000000000014	0.08192212956580763
-1.7700000000000014	0.08336394937431907
-1.7600000000000013	0.08482308492023086
-1.7500000000000013	0.08629955722093742
-1.7400000000000013	0.08779338255230981
-1.7300000000000013	0.08930457235703637
-1.7200000000000013	0.09083313315361725
-1.7100000000000013	0.09237906644622144
-1.7000000000000013	0.09394236863528184
-1.6900000000000013	0.09552303092917556
-1.6800000000000013	0.0971210392567079
-1.6700000000000013	0.0987363741808529
-1.6600000000000013	0.10036901081340474
-1.6500000000000012	0.10201891873108031
-1.6400000000000012	0.10368606189265234
-1.6300000000000012	0.10537039855764394
-1.6200000000000012	0.10707188120620213
-1.6100000000000012	0.10879045646069367
-1.6000000000000012	0.11052606500871441
-1.5900000000000012	0.11227864152776548
-1.5800000000000012	0.11404811461155907
-1.5700000000000012	0.11583440669824048
-1.5600000000000012	0.11763743400047638
-1.5500000000000012	0.1194571064370816
-1.5400000000000011	0.12129332756732233
-1.5300000000000011	0.12314599452638915
-1.5200000000000011	0.12501499796404608
-1.5100000000000011	0.12690022198442524
-1.500000000000001	0.1288015440889547
-1.490000000000001	0.13071883512106455
-1.480000000000001	0.13265195921393544
-1.470000000000001	0.1346007737394995
-1.460000000000001	0.13656512926157321
-1.450000000000001	0.13854486949093153
-1.440000000000001	0.14053983124235866
-1.430000000000001	0.14254984439539944
-1.420000000000001	0.14457473185752823
-1.410000000000001	0.14661430953125018
-1.400000000000001	0.14866838628136958
-1.390000000000001	0.15073676390929072
-1.380000000000001	0.15281923712504825
-1.370000000000001	0.15491559353107975
-1.360000000000001	0.15702561359679798
-1.350000000000001	0.15914907064903164
-1.340000000000001	0.1612857308575175
-1.330000000000001	0.16343535322689226
-1.320000000000001	0.1655976895915879
-1.310000000000001	0.16777248461413863
-1.300000000000001	0.16995947578707685
-1.290000000000001	0.17215839343839937
-1.280000000000001	0.1743689607405672
-1.270000000000001	0.1765908937232484
-1.260000000000001	0.17882390128977727
-1.2500000000000009	0.18106768523725728
-1.2400000000000009	0.18332194028052995
-1.2300000000000009	0.18558635408000512
-1.2200000000000009	0.18786060727322193
-1.2100000000000009	0.19014437351033397
-1.2000000000000008	0.19243731949361617
-1.1900000000000008	0.19473910502086242
-1.1800000000000008	0.19704938303255085
-1.1700000000000008	0.1993677996635166
-1.1600000000000008	0.20169399429797655
-1.1500000000000008	0.20402759962911782
-1.1400000000000008	0.20636824172254295
-1.1300000000000008	0.20871554008369453
-1.1200000000000008	0.2110691077294927
-1.1100000000000008	0.21342855126402072
-1.1000000000000008	0.21579347095821877
-1.0900000000000007	0.21816346083375596
-1.0800000000000007	0.22053810875099045
-1.0700000000000007	0.22291699650092878
-1.0600000000000007	0.2252996999013347
-1.0500000000000007	0.22768578889692315
-1.0400000000000007	0.23007482766353823
-1.0300000000000007	0.2324663747164199
-1.0200000000000007	0.2348599830225261
-1.0100000000000007	0.23725520011719908
-1.0000000000000007	0.23965156822240427
-0.9900000000000007	0.24204862437498598
-0.9800000000000006	0.244445900550556
-0.9700000000000006	0.24684292379845038
-0.9600000000000006	0.24923921637569765
-0.9500000000000006	0.25163429588801856
-0.9400000000000006	0.25402767543273147
-0.9300000000000006	0.2564188637460051
-0.9200000000000006	0.2588073653537971
-0.9100000000000006	0.26119268072607166
-0.9000000000000006	0.263574306435515
-0.8900000000000006	0.2659517353182335
-0.8800000000000006	0.2683244566395378
-0.8700000000000006	0.2706919562618696
-0.8600000000000005	0.2730537168168721
-0.8500000000000005	0.2754092178800571
-0.8400000000000005	0.27775793614924826
-0.8300000000000005	0.28009934562577427
-0.8200000000000005	0.28243291779861635
-0.8100000000000005	0.2847581218318242
-0.8000000000000005	0.2870744247545597
-0.7900000000000005	0.28938129165395937
-0.7800000000000005	0.2916781858706301
-0.7700000000000005	0.29396456919689895
-0.7600000000000005	0.2962399020773334
-0.7500000000000004	0.2985036438119164
-0.7400000000000004	0.3007552527612279
-0.7300000000000004	0.3029941865540829
-0.7200000000000004	0.3052199022970448
-0.7100000000000004	0.307431856786149
-0.7000000000000004	0.30962950672028505
-0.6900000000000004	0.31181230891640027
-0.6800000000000004	0.31397972052650686
-0.6700000000000004	0.31613119925594185
-0.6600000000000004	0.3182662035832711
-0.6500000000000004	0.32038419298138304
-0.6400000000000003	0.3224846281397692
-0.6300000000000003	0.3245669711878491
-0.6200000000000003	0.3266306859192095
-0.6100000000000003	0.32867523801667453
-0.6000000000000003	0.33070009527798294
-0.5900000000000003	0.3327047278420502
-0.5800000000000003	0.3346886084151737
-0.5700000000000003	0.3366512124996967
-0.5600000000000003	0.3385920186184468
-0.5500000000000003	0.3405105085435525
-0.5400000000000003	0.3424061675229075
-0.5300000000000002	0.34427848450686166
-0.5200000000000002	0.3461269523744663
-0.5100000000000002	0.34795106815916893
-0.5000000000000002	0.34975033327385097
-0.49000000000000027	0.3515242537350553
-0.48000000000000026	0.35327234038620065
-0.47000000000000025	0.3549941091197533
-0.46000000000000024	0.35668908109814046
-0.45000000000000023	0.35835678297326623
-0.4400000000000002	0.35999674710454144
-0.4300000000000002	0.3616085117752528
-0.4200000000000002	0.3631916214071126
-0.4100000000000002	0.364745626772902
-0.4000000000000002	0.3662700852070557
-0.3900000000000002	0.3677645608139918
-0.38000000000000017	0.3692286246741442
-0.37000000000000016	0.3706618550475095
-0.36000000000000015	0.37206383757456435
-0.35000000000000014	0.3734341654744457
-0.34000000000000014	0.37477243974027874
-0.3300000000000001	0.37607826933146277
-0.3200000000000001	0.37735127136283475
-0.3100000000000001	0.3785910712905929
-0.3000000000000001	0.37979730309480203
-0.2900000000000001	0.3809696094583861
-0.2800000000000001	0.3821076419425273
-0.2700000000000001	0.3832110611582717
-0.26000000000000006	0.3842795369342686
-0.25000000000000006	0.38531274848055275
-0.24000000000000007	0.3863103845482044
-0.23000000000000007	0.38727214358478845
-0.22000000000000006	0.3881977338855083
-0.21000000000000005	0.3890868737399198
-0.20000000000000004	0.3899392915740999
-0.19000000000000003	0.39075472608822914
-0.18000000000000002	0.3915329263894293
-0.17	0.39227365211976817
-0.16	0.39297667357938915
-0.15	0.3936417718446356
-0.13999999999999999	0.3942687388810638
-0.12999999999999998	0.3948573776513382
-0.11999999999999998	0.39540750221744453
-0.10999999999999999	0.3959189378396986
-0.09999999999999999	0.396391521066139
-0.09	0.39682509982072445
-0.08	0.3972195334838587
-0.07	0.39757469296779324
-0.060000000000000005	0.397890460786394
-0.05	0.3981667311192057
-0.04	0.3984034098697966
-0.03	0.3986004147183405
-0.02	0.39875767516834965
-0.01	0.3988751325875639
0	0.39895274024297833
0.01	0.39899046332991966
0.02	0.3989882789951889
0.03	0.3989461763542712
0.04	0.39886415650254303
0.05	0.39874223252048596
0.060000000000000005	0.3985804294729402
0.07	0.3983787844023221
0.08	0.3981373463158548
0.09	0.39785617616681523
0.09999999999999999	0.39753534682979086
0.10999999999999999	0.39717494306994494
0.11999999999999998	0.39677506150636505
0.12999999999999998	0.3963358105694614
0.13999999999999999	0.39585731045243777
0.15	0.39533969305734223
0.16	0.3947831019331692
0.17	0.39418769221232
0.18000000000000002	0.39355363053714965
0.19000000000000003	0.3928810949828799
0.20000000000000004	0.3921702749744119
0.21000000000000005	0.3914213711975498
0.22000000000000006	0.3906345955046718
0.23000000000000007	0.38981017081488484
0.24000000000000007	0.3889483310087792
0.25000000000000006	0.38804932081782956
0.26000000000000006	0.38711339570848735
0.2700000000000001	0.3861408217610878
0.2800000000000001	0.3851318755436446
0.2900000000000001	0.3840868439805691
0.3000000000000001	0.38300602421645646
0.3100000000000001	0.38188972347501987
0.3200000000000001	0.38073825891323027
0.3300000000000001	0.3795519574707928
0.34000000000000014	0.3783311557150633
0.35000000000000014	0.3770761996814876
0.36000000000000015	0.37578744470966385
0.37000000000000016	0.37446525527518476
0.38000000000000017	0.3731100048173101
0.3900000000000002	0.37172207556261155
0.4000000000000002	0.37030185834473234
0.4100000000000002	0.3688497524203352
0.4200000000000002	0.36736616528137167
0.4300000000000002	0.36585151246384046
0.4400000000000002	0.3643062173530965
0.45000000000000023	0.3627307109858747
0.46000000000000024	0.3611254318491645
0.47000000000000025	0.35949082567605173
0.48000000000000026	0.35782734523864607
0.49000000000000027	0.3561354501382741
0.5000000000000002	0.3544156065930431
0.5100000000000002	0.3526682872228989
0.5200000000000002	0.3508939708323634
0.5300000000000002	0.3490931421910606
0.5400000000000003	0.34726629181216134
0.5500000000000003	0.3454139157289203
0.5600000000000003	0.3435365152694431
0.5700000000000003	0.34163459682978864
0.5800000000000003	0.339708671645607
0.5900000000000003	0.33775925556242337
0.6000000000000003	0.33578686880511355
0.6100000000000003	0.33379203574432653
0.6200000000000003	0.3317752846660111
0.6300000000000003	0.3297371475361468
0.6400000000000003	0.3276781597668743
0.6500000000000004	0.3255988599817493
0.6600000000000004	0.32349978978066224
0.6700000000000004	0.3213814935045521
0.6800000000000004	0.31924451800011444
0.6900000000000004	0.3170894123845707
0.7000000000000004	0.3149167278106837
0.7100000000000004	0.3127270172321721
0.7200000000000004	0.3105208351696272
0.7300000000000004	0.30829873747707864
0.7400000000000004	0.3060612811093841
0.7500000000000004	0.3038090238905244
0.7600000000000005	0.3015425242829675
0.7700000000000005	0.2992623411582418
0.7800000000000005	0.2969690335688307
0.7900000000000005	0.2946631605215101
0.8000000000000005	0.29234528075229804
0.8100000000000005	0.29001595250310136
0.8200000000000005	0.28767573330018287
0.8300000000000005	0.2853251797346058
0.8400000000000005	0.2829648472447479
0.8500000000000005	0.280595289900986
0.8600000000000005	0.2782170601927064
0.8700000000000006	0.2758307088177334
0.8800000000000006	0.2734367844742603
0.8900000000000006	0.27103583365543477
0.9000000000000006	0.26862840044668096
0.9100000000000006	0.26621502632584476
0.9200000000000006	0.2637962499662809
0.9300000000000006	0.26137260704299264
0.9400000000000006	0.2589446300418579
0.9500000000000006	0.2565128480721042
0.9600000000000006	0.25407778668207215
0.9700000000000006	0.25163996767836583
0.9800000000000006	0.24919990894845848
0.9900000000000007	0.24675812428687197
1.0000000000000007	0.2443151232249401
1.0100000000000007	0.2418714108642796
1.0200000000000007	0.2394274877140223
1.0300000000000007	0.23698384953185975
1.0400000000000007	0.23454098716896565
1.0500000000000007	0.2320993864188854
1.0600000000000007	0.22965952787039606
1.0700000000000007	0.22722188676442281
1.0800000000000007	0.22478693285506077
1.0900000000000007	0.22235513027473053
1.1000000000000008	0.21992693740350422
1.1100000000000008	0.21750280674267544
1.1200000000000008	0.21508318479257416
1.1300000000000008	0.21266851193465383
1.1400000000000008	0.2102592223179176
1.1500000000000008	0.20785574374967278
1.1600000000000008	0.20545849759063783
1.1700000000000008	0.20306789865443783
1.1800000000000008	0.2006843551114998
1.1900000000000008	0.19830826839732912
1.2000000000000008	0.19594003312522112
1.2100000000000009	0.19358003700339102
1.2200000000000009	0.19122866075650302
1.2300000000000009	0.1888862780516352
1.2400000000000009	0.18655325542866558
1.2500000000000009	0.18422995223503763
1.260000000000001	0.18191672056494748
1.270000000000001	0.17961390520290466
1.280000000000001	0.17732184357165615
1.290000000000001	0.17504086568445534
1.300000000000001	0.1727712941016714
1.310000000000001	0.17051344389167655
1.320000000000001	0.16826762259601669
1.330000000000001	0.16603413019882324
1.340000000000001	0.163813259100431
1.350000000000001	0.16160529409516042
1.360000000000001	0.15941051235324996
1.370000000000001	0.15722918340686978
1.380000000000001	0.1550615691401824
1.390000000000001	0.15290792378342327
1.400000000000001	0.15076849391092279
1.410000000000001	0.14864351844303994
1.420000000000001	0.14653322865195456
1.430000000000001	0.14443784817125563
1.440000000000001	0.1423575930092765
1.450000000000001	0.14029267156611358
1.460000000000001	0.1382432846542813
1.470000000000001	0.1362096255229153
1.480000000000001	0.13419187988548897
1.490000000000001	0.1321902259509743
1.500000000000001	0.13020483445834705
1.5100000000000011	0.12823586871441373
1.5200000000000011	0.12628348463487976
1.5300000000000011	0.12434783078855047
1.5400000000000011	0.12242904844464124
1.5500000000000012	0.12052727162311212
1.5600000000000012	0.1186426271479187
1.5700000000000012	0.11677523470315179
1.5800000000000012	0.11492520689196409
1.5900000000000012	0.11309264929819919
1.6000000000000012	0.11127766055066947
1.6100000000000012	0.10948033238998456
1.6200000000000012	0.10770074973786084
1.6300000000000012	0.10593899076881846
1.6400000000000012	0.10419512698421696
1.6500000000000012	0.10246922328850594
1.6600000000000013	0.10076133806763558
1.6700000000000013	0.09907152326955572
1.6800000000000013	0.09739982448669343
1.6900000000000013	0.0957462810403372
1.7000000000000013	0.09411092606686895
1.7100000000000013	0.09249378660572684
1.7200000000000013	0.09089488368903242
1.7300000000000013	0.08931423243281114
1.7400000000000013	0.08775184212971454
1.7500000000000013	0.08620771634314461
1.7600000000000013	0.08468185300274504
1.7700000000000014	0.08317424450113163
1.7800000000000014	0.08168487779180801
1.7900000000000014	0.08021373448817853
1.8000000000000014	0.07876079096359517
1.8100000000000014	0.07732601845231543
1.8200000000000014	0.07590938315135881
1.8300000000000014	0.0745108463231299
1.8400000000000014	0.07313036439875437
1.8500000000000014	0.07176788908205131
1.8600000000000014	0.07042336745407567
1.8700000000000014	0.06909674207813138
1.8800000000000014	0.06778795110519596
1.8900000000000015	0.06649692837971913
1.9000000000000015	0.06522360354565004
1.9100000000000015	0.06396790215269327
1.9200000000000015	0.06272974576268889
1.9300000000000015	0.06150905205605993
1.9400000000000015	0.06030573493825508
1.9500000000000015	0.059119704646129485
1.9600000000000015	0.05795086785419783
1.9700000000000015	0.05679912778068188
1.9800000000000015	0.055664384293323634
1.9900000000000015	0.0545465340148731
2.0000000000000013	0.05344547042819793
2.010000000000001	0.05236108398098583
2.020000000000001	0.05129326218993821
2.0300000000000007	0.05024188974443203
2.0400000000000005	0.049206848609598806
2.0500000000000003	0.048188018128751064
2.06	0.04718527512510475
2.07	0.046198494002784106
2.0799999999999996	0.04522754684701452
2.0899999999999994	0.04427230352348996
2.099999999999999	0.043332631776858976
2.109999999999999	0.04240839732828945
2.1199999999999988	0.041499463972070834
2.1299999999999986	0.04060569367120896
2.1399999999999983	0.03972694665198933
2.149999999999998	0.03886308149744014
2.159999999999998	0.038013955239755724
2.1699999999999977	0.037179423451443205
2.1799999999999975	0.036359340335415186
2.1899999999999973	0.035553558813817075
2.199999999999997	0.03476193061562648
2.209999999999997	0.033984306362993356
2.2199999999999966	0.0332205356562739
2.2299999999999964	0.03247046715777595
2.239999999999996	0.031733948674139825
2.249999999999996	0.031010827237375565
2.259999999999996	0.030300949184514328
2.2699999999999956	0.029604160235863475
2.2799999999999954	0.02892030557184338
2.289999999999995	0.028249229908395238
2.299999999999995	0.027590777570934148
2.3099999999999947	0.026944792566875028
2.3199999999999945	0.026311118656623975
2.3299999999999943	0.025689599423149363
2.339999999999994	0.0250800783400281
2.349999999999994	0.02448239883800835
2.3599999999999937	0.023896404370059538
2.3699999999999934	0.023321938474900706
2.3799999999999932	0.02275884483903687
2.389999999999993	0.022206967357255795
2.399999999999993	0.02166615019161006
2.4099999999999926	0.0211362378288856
2.4199999999999924	0.02061707513653433
2.429999999999992	0.020108507417098725
2.439999999999992	0.019610380461113384
2.4499999999999917	0.01912254059849405
2.4599999999999915	0.018644834748416623
2.4699999999999913	0.018177110467688874
2.479999999999991	0.017719215997637025
2.489999999999991	0.017271000309482382
2.4999999999999907	0.01683231314824915
2.5099999999999905	0.016403005075199394
2.5199999999999902	0.01598292750879786
2.52999999999999	0.015571932764226172
2.53999999999999	0.015169874091463751
2.5499999999999896	0.01477660571192898
2.5599999999999894	0.014391982853707089
2.569999999999989	0.01401586178538753
2.579999999999989	0.013648099848495457
2.5899999999999888	0.013288555488561726
2.5999999999999885	0.012937088284837745
2.6099999999999883	0.01259355897865906
2.619999999999988	0.012257829500490326
2.629999999999988	0.011929762995669875
2.6399999999999877	0.011609223848853422
2.6499999999999875	0.011296077707189905
2.6599999999999873	0.010990191502200913
2.669999999999987	0.010691433470671629
2.679999999999987	0.010399673173825718
2.6899999999999866	0.010114781515810125
2.6999999999999864	0.009836630760758193
2.709999999999986	0.009565094548742773
2.719999999999986	0.0093000479105501
2.7299999999999858	0.009041367281593334
2.7399999999999856	0.008788930514234643
2.7499999999999853	0.008542616889536628
2.759999999999985	0.008302307127720548
2.769999999999985	0.008067883397646742
2.7799999999999847	0.007839229325286927
2.7899999999999845	0.007616230001231713
2.7999999999999843	0.00739877198721751
2.809999999999984	0.007186743321730461
2.819999999999984	0.0069800335246999546
2.8299999999999836	0.006778533601283901
2.8399999999999834	0.006582136044798027
2.849999999999983	0.006390734838799614
2.859999999999983	0.006204225458335849
2.869999999999983	0.006022504870399272
2.8799999999999826	0.005845471533599993
2.8899999999999824	0.005673025397084973
2.899999999999982	0.005505067898708975
2.909999999999982	0.0053415019625130495
2.9199999999999817	0.005182231995496937
2.9299999999999815	0.005027163883722229
2.9399999999999813	0.00487620498777502
2.949999999999981	0.004729264137602337
2.959999999999981	0.004586251626736259
2.9699999999999807	0.004447079205944048
2.9799999999999804	0.004311660076307103
2.9899999999999802	0.004179908881767455
2.99999999999998	0.004051741701143577
3.00999999999998	0.003927076039657156
3.0199999999999796	0.0038058308199648613
3.0299999999999794	0.0036879263727433243
3.039999999999979	0.0035732844268239177
3.049999999999979	0.0034618280989099446
3.0599999999999787	0.003353481882888826
3.0699999999999785	0.003248171638765239
3.0799999999999783	0.0031458245812179255
3.089999999999978	0.0030463692678230152
3.099999999999978	0.002949735586939491
3.1099999999999777	0.0028558547452828442
3.1199999999999775	0.0027646592552002794
3.1299999999999772	0.0026760829217057133
3.139999999999977	0.0025900608291734924
3.149999999999977	0.002506529327868735
3.1599999999999766	0.0024254260202101305
3.1699999999999764	0.002346689746823291
3.179999999999976	0.002270260572396056
3.189999999999976	0.0021960797713769533
3.1999999999999758	0.0021240898134474097
3.2099999999999755	0.0020542343488989525
3.2199999999999753	0.001986458193844501
3.229999999999975	0.0019207073153010045
3.239999999999975	0.0018569288161696174
3.2499999999999747	0.0017950709201069919
3.2599999999999745	0.001735082956316342
3.2699999999999743	0.0016769153442566505
3.279999999999974	0.0016205195783085956
3.289999999999974	0.001565848212310748
3.2999999999999736	0.0015128548442080937
3.3099999999999734	0.0014614941005176773
3.319999999999973	0.0014117216208540677
3.329999999999973	0.0013634940424253814
3.3399999999999728	0.0013167689845364277
3.3499999999999726	0.0012715050331167947
3.3599999999999723	0.001227661725184784
3.369999999999972	0.0011851995335042749
3.379999999999972	0.0011440798511218563
3.3899999999999717	0.0011042649760174784
3.3999999999999715	0.0010657180958091304
3.4099999999999713	0.0010284032725079207
3.419999999999971	0.0009922854273421132
3.429999999999971	0.0009573303256639187
3.4399999999999706	0.0009235045619318104
3.4499999999999704	0.0008907755447297824
3.45999999999997	0.0008591114821566642
3.46999999999997	0.000828481366767727
3.47999999999997	0.0007988549611691126
3.4899999999999696	0.0007702027834551639
3.4999999999999694	0.0007424960927559012
3.509999999999969	0.0007157068751932824
3.519999999999969	0.0006898078293958398
3.5299999999999687	0.0006647723527126499
3.5399999999999685	0.0006405745272769771
3.5499999999999683	0.0006171891062667591
3.559999999999968	0.0005945915003070518
3.569999999999968	0.0005727577640196211
3.5799999999999677	0.0005516645827488067
3.5899999999999674	0.0005312892592921604
3.5999999999999672	0.0005116097010879255
3.609999999999967	0.0004926044072481918
3.619999999999967	0.0004742524559184231
3.6299999999999666	0.0004565334917566445
3.6399999999999664	0.0004394277136078844
3.649999999999966	0.00042291586219911115
3.659999999999966	0.00040697920829587325
3.6699999999999657	0.0003915995407253296
3.6799999999999655	0.00037675915472691536
3.6899999999999653	0.000362440840435695
3.699999999999965	0.00034862787153973335
3.709999999999965	0.00033530399410714953
3.7199999999999647	0.00032245341559393416
3.7299999999999645	0.0003100607940106001
3.7399999999999642	0.0002981112272751709
3.749999999999964	0.00028659024273141806
3.759999999999964	0.00027548378684545054
3.7699999999999636	0.00026477821506947733
3.7799999999999634	0.0002544602818861979
3.789999999999963	0.0002445171310184151
3.799999999999963	0.000234936285816804
3.8099999999999627	0.00022570563981433897
3.8199999999999625	0.00021681344745594778
3.8299999999999623	0.00020824831499180663
3.839999999999962	0.00019999919154988969
3.849999999999962	0.00019205536036707375
3.8599999999999617	0.00018440643018937555
3.8699999999999615	0.0001770423268475197
3.8799999999999613	0.00016995328497260764
3.889999999999961	0.0001631298399348627
3.899999999999961	0.00015656281984567655
3.9099999999999606	0.00015024333780268276
3.9199999999999604	0.00014416278430210504
3.92999999999996	0.00013831281971392478
3.93999999999996	0.00013268536701741904
3.9499999999999598	0.00012727260463207227
3.9599999999999596	0.00012206695942943475
3.9699999999999593	0.00011706109987291588
3.979999999999959	0.00011224792932839954
3.989999999999959	0.0001076205795089078
3.9999999999999587	0.00010317240406884766
4.009999999999959	0.00009889697234297684
4.019999999999959	0.00009478806322797918
4.0299999999999585	0.00009083965920158017
4.039999999999958	0.00008704594048048774
4.049999999999958	0.00008340127931782418
4.059999999999958	0.00007990023442895353
4.069999999999958	0.00007653754555434594
4.079999999999957	0.00007330812814847509
4.089999999999957	0.00007020706820190777
4.099999999999957	0.00006722961718234549
4.109999999999957	0.00006437118710769885
4.119999999999957	0.0000616273457336848
4.129999999999956	0.000058993811866610136
4.139999999999956	0.000056466450788506246
4.149999999999956	0.00005404126980610554
4.159999999999956	0.00005171441390377346
4.1699999999999555	0.00004948216151639547
4.179999999999955	0.00004734092040624757
4.189999999999955	0.00004528722364906344
4.199999999999955	0.0000433177257230152
4.209999999999955	0.00004142919871359336
4.2199999999999545	0.00003961852859779763
4.229999999999954	0.00003788271164545109
4.239999999999954	0.000036218850914179095
4.249999999999954	0.00003462415282724848
4.259999999999954	0.00003309592388337502
4.269999999999953	0.000031631567392135035
4.279999999999953	0.000030228580353734426
4.289999999999953	0.000028884550432402823
4.299999999999953	0.000027597152950535274
4.3099999999999525	0.000026364148034675356
4.319999999999952	0.000025183377814115997
4.329999999999952	0.000024052763699427793
4.339999999999952	0.000022970303745500027
4.349999999999952	0.00002193407008812184
4.3599999999999515	0.00002094220645395468
4.369999999999951	0.000019992925749051772
4.379999999999951	0.000019084507711762727
4.389999999999951	0.00001821529663883893
4.399999999999951	0.000017383699181788322
4.40999999999995	0.000016588182203947155
4.41999999999995	0.000015827270706537508
4.42999999999995	0.000015099545816817317
4.43999999999995	0.000014403642836186694
4.4499999999999496	0.000013738249349754577
4.459999999999949	0.000013102103395181825
4.469999999999949	0.000012493991670940157
4.479999999999949	0.000011912747876145926
4.489999999999949	0.00001135725095563432
4.4999999999999485	0.00001082642353246493
4.509999999999948	0.000010319230384853028
4.519999999999948	9.834676854299736e-6
4.529999999999948	9.371807432813942e-6
4.539999999999948	8.929704329666547e-6
4.549999999999947	8.507486121148804e-6
4.559999999999947	8.10430639274616e-6
4.569999999999947	7.71935247878025e-6
4.579999999999947	7.351844210402038e-6
4.589999999999947	7.0010327338695645e-6
4.599999999999946	6.666199326210022e-6
4.609999999999946	6.3466542911390574e-6
4.619999999999946	6.041735869848356e-6
4.629999999999946	5.750809211159422e-6
4.6399999999999455	5.473265298435908e-6
4.649999999999945	5.2085200651472775e-6
4.659999999999945	4.956013387967598e-6
4.669999999999945	4.715208206634327e-6
4.679999999999945	4.485589587853653e-6
4.689999999999944	4.266663960284319e-6
4.699999999999944	4.057958236951914e-6
4.709999999999944	3.859019050623647e-6
4.719999999999944	3.669411952455444e-6
4.729999999999944	3.488720728447682e-6
4.739999999999943	3.3165466555300104e-6
4.749999999999943	3.1525078320799937e-6
4.759999999999943	2.9962384860762646e-6
4.769999999999943	2.8473883885920954e-6
4.7799999999999425	2.705622201551979e-6
4.789999999999942	2.570618868721673e-6
4.799999999999942	2.4420711720296516e-6
4.809999999999942	2.3196849555161837e-6
4.819999999999942	2.2031788558641506e-6
4.8299999999999415	2.092283573778142e-6
4.839999999999941	1.98674148336927e-6
4.849999999999941	1.8863061768455182e-6
4.859999999999941	1.7907419524291804e-6
4.869999999999941	1.699823445278894e-6
4.87999999999994	1.6133351082563555e-6
4.88999999999994	1.5310709151474397e-6
4.89999999999994	1.4528339201266616e-6
4.90999999999994	1.3784358311365668e-6
4.9199999999999395	1.3076967493158115e-6
4.929999999999939	1.240444759698157e-6
4.939999999999939	1.1765156051738163e-6
4.949999999999939	1.1157523749886831e-6
4.959999999999939	1.058005184154822e-6
4.9699999999999385	1.0031308946182619e-6
4.979999999999938	9.509928300458546e-7
4.989999999999938	9.014604661558154e-7
4.999999999999938	8.54409198404186e-7
5.009999999999938	8.097201026186842e-7
5.019999999999937	7.6727966670162e-7
5.029999999999937	7.269795666320639e-7
5.039999999999937	6.88716442213294e-7
5.049999999999937	6.523916832856588e-7
5.0599999999999365	6.179112202070434e-7
5.069999999999936	5.851853359562172e-7
5.079999999999936	5.541284697677929e-7
5.089999999999936	5.246590293428396e-7
5.099999999999936	4.96699225923828e-7
5.1099999999999355	4.7017490352216456e-7
5.119999999999935	4.4501537882137384e-7
5.129999999999935	4.211532775901497e-7
5.139999999999935	3.985243979030274e-7
5.149999999999935	3.770676217443934e-7
5.159999999999934	3.567246532862538e-7
5.169999999999934	3.3743998901677665e-7
5.179999999999934	3.1916077855728275e-7
5.189999999999934	3.0183665508987946e-7
5.199999999999934	2.854197027666222e-7
5.209999999999933	2.6986427095088394e-7
5.219999999999933	2.5512691474721383e-7
5.229999999999933	2.411663078662869e-7
5.239999999999933	2.2794308738111902e-7
5.2499999999999325	2.1541981674497405e-7
5.259999999999932	2.0356087716851917e-7
5.269999999999932	1.923323466375436e-7
5.279999999999932	1.8170200550143065e-7
5.289999999999932	1.7163918867468658e-7
5.299999999999931	1.621148038229769e-7
5.309999999999931	1.5310105181169607e-7
5.319999999999931	1.445715636840646e-7
5.329999999999931	1.3650135263061197e-7
5.339999999999931	1.2886661835980141e-7
5.34999999999993	1.216446457026646e-7
5.35999999999993	1.1481401260768746e-7
5.36999999999993	1.083542717429906e-7
5.37999999999993	1.022460195735872e-7
5.3899999999999295	9.647082609873353e-8