-5.649999999999924	9.809554445352438e-8
-5.639999999999924	1.0336146769279268e-7
-5.629999999999924	1.089007949522271e-7
-5.619999999999925	1.147272064804208e-7
-5.609999999999925	1.2085503929642804e-7
-5.599999999999925	1.2729931708028307e-7
-5.589999999999925	1.340757920080617e-7
-5.5799999999999255	1.4120095918896279e-7
-5.569999999999926	1.4869205170714942e-7
-5.559999999999926	1.5656721652333324e-7
-5.549999999999926	1.6484539627354585e-7
-5.539999999999926	1.735464358840856e-7
-5.5299999999999265	1.8269111560217878e-7
-5.519999999999927	1.923012488320637e-7
-5.509999999999927	2.0239959238171202e-7
-5.499999999999927	2.1301001372318127e-7
-5.489999999999927	2.2415744947805915e-7
-5.479999999999928	2.358681294770494e-7
-5.469999999999928	2.481693704243858e-7
-5.459999999999928	2.610898040826141e-7
-5.449999999999928	2.746593924804471e-7
-5.4399999999999284	2.889094846343134e-7
-5.429999999999929	3.0387287365021936e-7
-5.419999999999929	3.195838522684643e-7
-5.409999999999929	3.3607832498095435e-7
-5.399999999999929	3.533938274748275e-7
-5.3899999999999295	3.715695736364688e-7
-5.37999999999993	3.906466036024654e-7
-5.36999999999993	4.1066783306814363e-7
-5.35999999999993	4.316781162084377e-7
-5.34999999999993	4.5372433751364557e-7
-5.339999999999931	4.768555172507343e-7
-5.329999999999931	5.011228906203612e-7
-5.319999999999931	5.265799784992293e-7
-5.309999999999931	5.53282706589512e-7
-5.299999999999931	5.812895309838268e-7
-5.289999999999932	6.106615233502085e-7
-5.279999999999932	6.414624551972909e-7
-5.269999999999932	6.737589497362539e-7
-5.259999999999932	7.076205887752237e-7
-5.2499999999999325	7.431200388826576e-7
-5.239999999999933	7.803331785712079e-7
-5.229999999999933	8.193392320185718e-7
-5.219999999999933	8.602209094902265e-7
-5.209999999999933	9.030645463186652e-7
-5.199999999999934	9.479602786885407e-7
-5.189999999999934	9.950021633997893e-7
-5.179999999999934	1.044288344320021e-6
-5.169999999999934	1.0959212559621884e-6
-5.159999999999934	1.1500077667061491e-6
-5.149999999999935	1.2066593689464528e-6
-5.139999999999935	1.2659923673950612e-6
-5.129999999999935	1.3281280744509873e-6
-5.119999999999935	1.393193013207393e-6
-5.1099999999999355	1.4613191281274268e-6
-5.099999999999936	1.5326440028672704e-6
-5.089999999999936	1.6073110876036579e-6
-5.079999999999936	1.6854699322756861e-6
-5.069999999999936	1.7672764342715235e-6
-5.0599999999999365	1.8528930874438714e-6
-5.049999999999937	1.942489280982573e-6
-5.039999999999937	2.0362414528151257e-6
-5.029999999999937	2.13433340185865e-6
-5.019999999999937	2.2369569210866526e-6
-5.009999999999938	2.3443115337445305e-6
-4.999999999999938	2.4566051271369377e-6
-4.989999999999938	2.574054390985525e-6
-4.979999999999938	2.6968847940076873e-6
-4.9699999999999385	2.825331196478145e-6
-4.959999999999939	2.959638257074895e-6
-4.949999999999939	3.100060580240495e-6
-4.939999999999939	3.2468631925319702e-6
-4.929999999999939	3.400322142548524e-6
-4.9199999999999395	3.5607246311697286e-6
-4.90999999999994	3.72836951041338e-6
-4.89999999999994	3.9035678989976214e-6
-4.88999999999994	4.086643431868709e-6
-4.87999999999994	4.277932760304587e-6
-4.869999999999941	4.4777862646860195e-6
-4.859999999999941	4.686568323632264e-6
-4.849999999999941	4.904657835495524e-6
-4.839999999999941	5.132449008731e-6
-4.8299999999999415	5.37035169618809e-6
-4.819999999999942	5.618791920571159e-6
-4.809999999999942	5.878212770920287e-6
-4.799999999999942	6.14907483330034e-6
-4.789999999999942	6.431856712099952e-6
-4.7799999999999425	6.727055987528684e-6
-4.769999999999943	7.035189750374278e-6
-4.759999999999943	7.356795171604663e-6
-4.749999999999943	7.692430484454773e-6
-4.739999999999943	8.042675648660818e-6
-4.729999999999944	8.408132983091932e-6
-4.719999999999944	8.789428197974637e-6
-4.709999999999944	9.187211199539748e-6
-4.699999999999944	9.602156716682643e-6
-4.689999999999944	0.000010034965432592827
-4.679999999999945	0.000010486364914668174
-4.669999999999945	0.000010957110286655509
-4.659999999999945	0.000011447985420287969
-4.649999999999945	0.000011959804036609141
-4.6399999999999455	0.00001249341045444062
-4.629999999999946	0.000013049680819865294
-4.619999999999946	0.000013629524339562708
-4.609999999999946	0.000014233884144832767
-4.599999999999946	0.000014863738583532346
-4.589999999999947	0.000015520102523654355
-4.579999999999947	0.00001620402853557966
-4.569999999999947	0.00001691660794850716
-4.559999999999947	0.000017658972564914125
-4.549999999999947	0.000018432295852028405
-4.539999999999948	0.00001923779414154582
-4.529999999999948	0.000020076728476724038
-4.519999999999948	0.000020950405694378554
-4.509999999999948	0.000021860180168363387
-4.4999999999999485	0.000022807455478437926
-4.489999999999949	0.000023793685741947517
-4.479999999999949	0.000024820377559610607
-4.469999999999949	0.00002588909155641688
-4.459999999999949	0.00002700144423684037
-4.4499999999999496	0.00002815910976616793
-4.43999999999995	0.000029363821857157328
-4.42999999999995	0.00003061737567262767
-4.41999999999995	0.00003192162981399865
-4.40999999999995	0.000033278508351101464
-4.399999999999951	0.00003469000290268555
-4.389999999999951	0.00003615817477866242
-4.379999999999951	0.000037685157257228285
-4.369999999999951	0.00003927315771339091
-4.3599999999999515	0.00004092445996575474
-4.349999999999952	0.0000426414268913156
-4.339999999999952	0.00004442650260426164
-4.329999999999952	0.00004628221506276859
-4.319999999999952	0.00004821117871017377
-4.3099999999999525	0.000050216097143359514
-4.299999999999953	0.00005229976572260262
-4.289999999999953	0.00005446507441922506
-4.279999999999953	0.000056715010868828835
-4.269999999999953	0.000059052662936149305
-4.259999999999954	0.00006148122191060815
-4.249999999999954	0.00006400398611764342
-4.239999999999954	0.00006662436310552146
-4.229999999999954	0.00006934587351944236
-4.2199999999999545	0.00007217215463841838
-4.209999999999955	0.00007510696321420215
-4.199999999999955	0.00007815417916400358
-4.189999999999955	0.00008131780958998138
-4.179999999999955	0.00008460199187474066
-4.1699999999999555	0.00008801099770135658
-4.159999999999956	0.0000915492371064467
-4.149999999999956	0.00009522126204360843
-4.139999999999956	0.00009903177054730358
-4.129999999999956	0.00010298561115573545
-4.119999999999957	0.0001070877868053674
-4.109999999999957	0.00011134345913472572
-4.099999999999957	0.00011575795332295759
-4.089999999999957	0.00012033676226162422
-4.079999999999957	0.00012508555116604142
-4.069999999999958	0.000130010162615333
-4.059999999999958	0.00013511662117402363
-4.049999999999958	0.00014041113821249669
-4.039999999999958	0.00014590011734015262
-4.0299999999999585	0.00015159015936053074
-4.019999999999959	0.0001574880673742939
-4.009999999999959	0.0001636008525798047
-3.9999999999999587	0.00016993573949660451
-3.989999999999959	0.00017650017158890352
-3.979999999999959	0.000183301817037858
-3.9699999999999593	0.00019034857478028932
-3.9599999999999596	0.00019764858017099447
-3.9499999999999598	0.0002052102112033501
-3.93999999999996	0.00021304209491689437
-3.92999999999996	0.00022115311345840508
-3.9199999999999604	0.000229552410585001
-3.9099999999999606	0.00023824939852779307
-3.899999999999961	0.0002472537643895461
-3.889999999999961	0.00025657547689625495
-3.8799999999999613	0.00026622479387922984
-3.8699999999999615	0.00027621226893459537
-3.8599999999999617	0.00028654875854079915
-3.849999999999962	0.0002972454299753124
-3.839999999999962	0.00030831376842670844
-3.8299999999999623	0.0003197655843466028
-3.8199999999999625	0.0003316130217834798
-3.8099999999999627	0.00034386856602648626
-3.799999999999963	0.0003565450512790655
-3.789999999999963	0.0003696556693107242
-3.7799999999999634	0.00038321397768734675
-3.7699999999999636	0.0003972339077967767
-3.759999999999964	0.00041172977374243357
-3.749999999999964	0.00042671628113314253
-3.7399999999999642	0.000442208535463211
-3.7299999999999645	0.00045822205130609755
-3.7199999999999647	0.00047477276177172636
-3.709999999999965	0.0004918770270870614
-3.699999999999965	0.0005095516441919008
-3.6899999999999653	0.0005278138567066602
-3.6799999999999655	0.0005466813639014009
-3.6699999999999657	0.0005661723305789805
-3.659999999999966	0.0005863053974607497
-3.649999999999966	0.0006070996905750866
-3.6399999999999664	0.0006285748316284816
-3.6299999999999666	0.0006507509486423808
-3.619999999999967	0.0006736486858435005
-3.609999999999967	0.0006972892143144809
-3.5999999999999672	0.0007216942430635317
-3.5899999999999674	0.0007468860292728339
-3.5799999999999677	0.000772887389268184
-3.569999999999968	0.0007997217098824269
-3.559999999999968	0.000827412959379566
-3.5499999999999683	0.0008559856984521137
-3.5399999999999685	0.000885465092004605
-3.5299999999999687	0.0009158769205926389
-3.519999999999969	0.0009472475914720507
-3.509999999999969	0.0009796041508829247
-3.4999999999999694	0.0010129742955306375
-3.4899999999999696	0.0010473863843009714
-3.47999999999997	0.0010828694506372738
-3.46999999999997	0.0011194532144340578
-3.45999999999997	0.0011571680938046917
-3.4499999999999704	0.0011960452178330742
-3.4399999999999706	0.0012361164387650792
-3.429999999999971	0.001277414343886038
-3.419999999999971	0.0013199722684726727
-3.4099999999999713	0.0013638243083387148
-3.3999999999999715	0.0014090053318717242
-3.3899999999999717	0.0014555509929930176
-3.379999999999972	0.0015034977440651638
-3.369999999999972	0.0015528828479800538
-3.3599999999999723	0.0016037443912150502
-3.3499999999999726	0.0016561212968181495
-3.3399999999999728	0.001710053336656873
-3.329999999999973	0.0017655811444902897
-3.319999999999973	0.0018227462290427837
-3.3099999999999734	0.0018815909863300635
-3.2999999999999736	0.0019421587125712043
-3.289999999999974	0.002004493617417229
-3.279999999999974	0.002068640836153929
-3.2699999999999743	0.0021346464424109595
-3.2599999999999745	0.0022025574615866282
-3.2499999999999747	0.0022724218826068584
-3.239999999999975	0.002344288670926796
-3.229999999999975	0.0024182077814403624
-3.2199999999999753	0.0024942301701604123
-3.2099999999999755	0.002572407806933641
-3.1999999999999758	0.002652793688067547
-3.189999999999976	0.0027354418479725883
-3.179999999999976	0.0028204073712411394
-3.1699999999999764	0.0029077464051508973
-3.1599999999999766	0.002997516170965128
-3.149999999999977	0.003089774975416291
-3.139999999999977	0.0031845822228357933
-3.1299999999999772	0.003281998426079829
-3.1199999999999775	0.003382085217360775
-3.1099999999999777	0.0034849053598032765
-3.099999999999978	0.0035905227579695596
-3.089999999999978	0.0036990024679766846
-3.0799999999999783	0.0038104107083473805
-3.0699999999999785	0.003924814869999386
-3.0599999999999787	0.0040422835253065914
-3.049999999999979	0.004162886438522863
-3.039999999999979	0.004286694574633714
-3.0299999999999794	0.004413780107766227
-3.0199999999999796	0.004544216430595294
-3.00999999999998	0.004678078162452779
-2.99999999999998	0.004815441156570373
-2.9899999999999802	0.0049563825083554225
-2.9799999999999804	0.0051009805626023854
-2.9699999999999807	0.0052493149195476955
-2.959999999999981	0.00540146644183654
-2.949999999999981	0.005557517260668659
-2.9399999999999813	0.005717550780684487
-2.9299999999999815	0.005881651685332095
-2.9199999999999817	0.006049905941825129
-2.909999999999982	0.006222400804629479
-2.899999999999982	0.006399224819200556
-2.8899999999999824	0.006580467825541268
-2.8799999999999826	0.006766220960128231
-2.869999999999983	0.006956576657944632
-2.859999999999983	0.0071516286543945465
-2.849999999999983	0.007351471985659124
-2.8399999999999834	0.00755620298880975
-2.8299999999999836	0.007765919301633732
-2.819999999999984	0.007980719861712574
-2.809999999999984	0.00820070490409649
-2.7999999999999843	0.00842597595925604
-2.7899999999999845	0.008656635850174657
-2.7799999999999847	0.00889278868791254
-2.769999999999985	0.009134539867348175
-2.759999999999985	0.009381996062183177
-2.7499999999999853	0.009635265218198063
-2.7399999999999856	0.0098944565466048
-2.7299999999999858	0.010159680516575445
-2.719999999999986	0.010431048846444012
-2.709999999999986	0.010708674494164315
-2.6999999999999864	0.01099267164754036
-2.6899999999999866	0.011283155712770757
-2.679999999999987	0.011580243302520356
-2.669999999999987	0.011884052222887756
-2.6599999999999873	0.012194701459679186
-2.6499999999999875	0.012512311163589118
-2.6399999999999877	0.012837002634160858
-2.629999999999988	0.01316889830342633
-2.619999999999988	0.013508121717845687
-2.6099999999999883	0.013854797519371654
-2.5999999999999885	0.014209051426150018
-2.5899999999999888	0.014571010211140092
-2.579999999999989	0.014940801680439571
-2.569999999999989	0.015318554650190096
-2.5599999999999894	0.015704398922476416
-2.5499999999999896	0.016098465260104437
-2.53999999999999	0.01650088536025532
-2.52999999999999	0.016911791827001928
-2.5199999999999902	0.017331318142673892
-2.5099999999999905	0.017759598638058934
-2.4999999999999907	0.018196768461426455
-2.489999999999991	0.018642963546363727
-2.479999999999991	0.01909832057837159
-2.4699999999999913	0.019562976960538096
-2.4599999999999915	0.020037070777127967
-2.4499999999999917	0.02052074075724147
-2.439999999999992	0.02101412623634688
-2.429999999999992	0.021517367116349866
-2.4199999999999924	0.022030603825347612
-2.4099999999999926	0.02255397727548292
-2.399999999999993	0.023087628819295845
-2.389999999999993	0.02363170020534861
-2.3799999999999932	0.024186333532630708
-2.3699999999999934	0.024751671202864086
-2.3599999999999937	0.02532785587229212
-2.349999999999994	0.025915030402174136
-2.339999999999994	0.026513337807400148
-2.3299999999999943	0.027122921204089583
-2.3199999999999945	0.027743923756474814
-2.3099999999999947	0.028376488621373853
-2.299999999999995	0.029020758892093844
-2.289999999999995	0.029676877541239363
-2.2799999999999954	0.030344987361574743
-2.2699999999999956	0.031025230905824923
-2.259999999999996	0.03171775042564343
-2.249999999999996	0.03242268780875282
-2.239999999999996	0.033140184514834886
-2.2299999999999964	0.03387038151069621
-2.2199999999999966	0.03461341920352762
-2.209999999999997	0.035369437373358695
-2.199999999999997	0.036138575104152804
-2.1899999999999973	0.036920970713516015
-2.1799999999999975	0.03771676168164743
-2.1699999999999977	0.038526084578489043
-2.159999999999998	0.0393490749902096
-2.149999999999998	0.04018586744437576
-2.1399999999999983	0.04103659533393224
-2.1299999999999986	0.04190139083995458
-2.1199999999999988	0.042780384853667086
-2.109999999999999	0.043673706897068676
-2.099999999999999	0.04458148504240001
-2.0899999999999994	0.045503845831075376
-2.0799999999999996	0.04644091419139572
-2.07	0.047392813354652244
-2.06	0.048359664771381566
-2.0500000000000003	0.049341588026235235
-2.0400000000000005	0.05033870075125554
-2.0300000000000007	0.051351118539353244
-2.020000000000001	0.05237895485673152
-2.010000000000001	0.05342232095399939
-2.0000000000000013	0.05448132577665881
-1.9900000000000015	0.05555607587564929
-1.9800000000000015	0.056646675316409205
-1.9700000000000015	0.057753225587154636
-1.9600000000000015	0.05887582550744388
-1.9500000000000015	0.06001457113571659
-1.9400000000000015	0.06116955567556727
-1.9300000000000015	0.062340869382935114
-1.9200000000000015	0.0635285994723318
-1.9100000000000015	0.06473283002177603
-1.9000000000000015	0.0659536418788018
-1.8900000000000015	0.06719111256568093
-1.8800000000000014	0.06844531618393157
-1.8700000000000014	0.06971632331893042
-1.8600000000000014	0.07100420094514426
-1.8500000000000014	0.0723090123300398
-1.8400000000000014	0.07363081693862188
-1.8300000000000014	0.07496967033849149
-1.8200000000000014	0.07632562410413943
-1.8100000000000014	0.07769872572139011
-1.8000000000000014	0.07908901849311271
-1.7900000000000014	0.0804965414444761
-1.7800000000000014	0.08192132922777476
-1.7700000000000014	0.0833634120291945
-1.7600000000000013	0.08482281547545624
-1.7500000000000013	0.08629956053995577
-1.7400000000000013	0.08779366345119523
-1.7300000000000013	0.08930513560099168
-1.7200000000000013	0.09083398345290565
-1.7100000000000013	0.0923802084525978
-1.7000000000000013	0.09394380693823139
-1.6900000000000013	0.09552477005197017
-1.6800000000000013	0.0971230836526355
-1.6700000000000013	0.09873872822947503
-1.6600000000000013	0.10037167881654575
-1.6500000000000012	0.10202190490899372
-1.6400000000000012	0.10368937038022914
-1.6300000000000012	0.10537403340038357
-1.6200000000000012	0.10707584635637911
-1.6100000000000012	0.1087947557735105
-1.6000000000000012	0.11053070223823866
-1.5900000000000012	0.11228362032315616
-1.5800000000000012	0.11405343851324677
-1.5700000000000012	0.11584007913386712
-1.5600000000000012	0.11764345828109071
-1.5500000000000012	0.119463485753501
-1.5400000000000011	0.12130006498591868
-1.5300000000000011	0.12315309298556006
-1.5200000000000011	0.12502246027035396
-1.5100000000000011	0.1269080508089264
-1.500000000000001	0.12880974196348613
-1.490000000000001	0.13072740443436842
-1.480000000000001	0.13266090220809731
-1.470000000000001	0.1346100925066743
-1.460000000000001	0.1365748257400772
-1.450000000000001	0.1385549454618923
-1.440000000000001	0.1405502883262893
-1.430000000000001	0.14256068404879968
-1.420000000000001	0.1445859553693866
-1.410000000000001	0.14662591802027822
-1.400000000000001	0.14868038069239373
-1.390000000000001	0.15074914501007255
-1.380000000000001	0.1528320055039302
-1.370000000000001	0.1549287495928267
-1.360000000000001	0.15703915756145617
-1.350000000000001	0.15916300254728502
-1.340000000000001	0.16130005052935548
-1.330000000000001	0.16345006031896284
-1.320000000000001	0.16561278355295933
-1.310000000000001	0.16778796469636648
-1.300000000000001	0.16997534104243786
-1.290000000000001	0.17217464271022231
-1.280000000000001	0.17438559267264142
-1.270000000000001	0.17660790674540802
-1.260000000000001	0.1788412936433028
-1.2500000000000009	0.18108545492097494
-1.2400000000000009	0.18334008510286967
-1.2300000000000009	0.18560487164390413
-1.2200000000000009	0.18787949486044614
-1.2100000000000009	0.190163629586701
-1.2000000000000008	0.19245693860177632
-1.1900000000000008	0.1947590850491591
-1.1800000000000008	0.1970697204806247
-1.1700000000000008	0.19938849081613436
-1.1600000000000008	0.20171503522039788
-1.1500000000000008	0.20404898615961664
-1.1400000000000008	0.20638996948529265
-1.1300000000000008	0.20873760446768774
-1.1200000000000008	0.21109150392239448
-1.1100000000000008	0.21345127422188248
-1.1000000000000008	0.21581651541636357
-1.0900000000000007	0.21818682130890676
-1.0800000000000007	0.22056177954242528
-1.0700000000000007	0.22294097168862304
-1.0600000000000007	0.22532397334791418
-1.0500000000000007	0.2277103542491806
-1.0400000000000007	0.2300996783532734
-1.0300000000000007	0.23249150396251086
-1.0200000000000007	0.23488538383206192
-1.0100000000000007	0.23728086528798126
-1.0000000000000007	0.23967749034461452
-0.9900000000000007	0.24207479583288238
-0.9800000000000006	0.244472313525691
-0.9700000000000006	0.2468695702715693
-0.9600000000000006	0.2492660881296023
-0.9500000000000006	0.25166138451051717
-0.9400000000000006	0.2540549723193984
-0.9300000000000006	0.2564463601035414
-0.9200000000000006	0.25883505220331604
-0.9100000000000006	0.26122054890668067
-0.9000000000000006	0.26360234660764553
-0.8900000000000006	0.265979937968023
-0.8800000000000006	0.26835281208217493
-0.8700000000000006	0.2707204546461238
-0.8600000000000005	0.2730823481294079
-0.8500000000000005	0.27543797194967246
-0.8400000000000005	0.27778680265151257
-0.8300000000000005	0.2801283140880015
-0.8200000000000005	0.2824619776044458
-0.8100000000000005	0.2847872622263186
-0.8000000000000005	0.2871036348496114
-0.7900000000000005	0.28941056043337915
-0.7800000000000005	0.29170750219555086
-0.7700000000000005	0.2939939218117053
-0.7600000000000005	0.2962692796151093
-0.7500000000000004	0.2985330348001825
-0.7400000000000004	0.30078464562823254
-0.7300000000000004	0.30302356963468086
-0.7200000000000004	0.3052492638387482
-0.7100000000000004	0.30746118495577246
-0.7000000000000004	0.3096587896103484
-0.6900000000000004	0.3118415345512316
-0.6800000000000004	0.31400887686924317
-0.6700000000000004	0.31616027421544085
-0.6600000000000004	0.31829518502025067
-0.6500000000000004	0.32041306871568664
-0.6400000000000003	0.32251338595759993
-0.6300000000000003	0.3245955988483086
-0.6200000000000003	0.3266591711616351
-0.6100000000000003	0.328703568568033
-0.6000000000000003	0.3307282588597845
-0.5900000000000003	0.33273271217771905
-0.5800000000000003	0.33471640123799085
-0.5700000000000003	0.33667880155864366
-0.5600000000000003	0.33861939168701977
-0.5500000000000003	0.3405376534269453
-0.5400000000000003	0.3424330720652922
-0.5300000000000002	0.3443051365989059
-0.5200000000000002	0.346153339960921
-0.5100000000000002	0.34797717924654203
-0.5000000000000002	0.34977615593754624
-0.49000000000000027	0.3515497761271936
-0.48000000000000026	0.35329755074313696
-0.47000000000000025	0.35501899576936347
-0.46000000000000024	0.3567136324675761
-0.45000000000000023	0.35838098759626213
-0.4400000000000002	0.36002059362876954
-0.4300000000000002	0.36163198896988924
-0.4200000000000002	0.36321471817004675
-0.4100000000000002	0.364768332137883
-0.4000000000000002	0.3662923883513053
-0.3900000000000002	0.36778645106507557
-0.38000000000000017	0.36925009151699567
-0.37000000000000016	0.37068288813171507
-0.36000000000000015	0.3720844267212646
-0.35000000000000014	0.3734543006828032
-0.34000000000000014	0.37479211119470307
-0.3300000000000001	0.37609746740807687
-0.3200000000000001	0.3773699866358064
-0.3100000000000001	0.3786092945390402
-0.3000000000000001	0.37981502530888617
-0.2900000000000001	0.3809868218452201
-0.2800000000000001	0.38212433593271866
-0.2700000000000001	0.38322722841173157
-0.26000000000000006	0.38429516934560737
-0.25000000000000006	0.38532783818531124
-0.24000000000000007	0.3863249239281998
-0.23000000000000007	0.3872861252732189
-0.22000000000000006	0.3882111507724122
-0.21000000000000005	0.38909971897717555
-0.20000000000000004	0.3899515585801406
-0.19000000000000003	0.3907664085529242
-0.18000000000000002	0.39154401827850577
-0.17	0.39228414767918185
-0.16	0.39298656733947845
-0.15	0.39365105862407923
-0.13999999999999999	0.39427741379067377
-0.12999999999999998	0.3948654360976369
-0.11999999999999998	0.39541493990650023
-0.10999999999999999	0.3959257507789379
-0.09999999999999999	0.3963977055687007
-0.09	0.3968306525078101
-0.08	0.39722445128718115
-0.07	0.397578973132027
-0.060000000000000005	0.3978941008712688
-0.05	0.3981697290014278
-0.04	0.39840576374474823
-0.03	0.3986021231015446
-0.02	0.398758736896726
-0.01	0.39887554682044474
0	0.3989525064630139
0.01	0.39898958134345325
0.02	0.39898674893276675
0.03	0.39894399867079533
0.04	0.39886133197700724
0.05	0.3987387622557872
0.060000000000000005	0.3985763148953016
0.07	0.39837402726050036
0.08	0.39813194868003715
0.09	0.3978501404275766
0.09999999999999999	0.39752867569651035
0.10999999999999999	0.39716763956907447
0.11999999999999998	0.39676712897963357
0.12999999999999998	0.39632725267173924
0.13999999999999999	0.39584813114928813
0.15	0.3953298966220783
0.16	0.3947726929455967
0.17	0.3941766755540518
0.18000000000000002	0.39354201138912837
0.19000000000000003	0.3928688788219076
0.20000000000000004	0.39215746756939984
0.21000000000000005	0.39140797860587834
0.22000000000000006	0.39062062406820625
0.23000000000000007	0.3897956271555711
0.24000000000000007	0.3889332220244055
0.25000000000000006	0.3880336536774471
0.26000000000000006	0.3870971778475408
0.2700000000000001	0.38612406087652845
0.2800000000000001	0.3851145795887806
0.2900000000000001	0.3840690211597951
0.3000000000000001	0.3829876829798767
0.3100000000000001	0.38187087251263996
0.3200000000000001	0.38071890714924544
0.3300000000000001	0.3795321140578313
0.34000000000000014	0.3783108300278266
0.35000000000000014	0.37705540131074083
0.36000000000000015	0.37576618345588586
0.37000000000000016	0.3744435411418707
0.38000000000000017	0.37308784800453937
0.3900000000000002	0.3716994864603091
0.4000000000000002	0.3702788475257727
0.4100000000000002	0.36882633063360976
0.4200000000000002	0.3673423434446952
0.4300000000000002	0.3658273016568752
0.4400000000000002	0.36428162881009213
0.45000000000000023	0.36270575608819455
0.46000000000000024	0.36110012211811776
0.47000000000000025	0.3594651727653296
0.48000000000000026	0.3578013609266584
0.49000000000000027	0.3561091463206755
0.5000000000000002	0.3543889952751656
0.5100000000000002	0.35264138051173266
0.5200000000000002	0.3508667809290692
0.5300000000000002	0.3490656813833174
0.5400000000000003	0.3472385724659807
0.5500000000000003	0.3453859502811396
0.5600000000000003	0.343508316219861
0.5700000000000003	0.3416061767331996
0.5800000000000003	0.339680043103854
0.5900000000000003	0.33773043121688795
0.6000000000000003	0.3357578613282258
0.6100000000000003	0.3337628578329565
0.6200000000000003	0.3317459490326796
0.6300000000000003	0.3297076669015424
0.6400000000000003	0.3276485468519617
0.6500000000000004	0.3255691275003881
0.6600000000000004	0.32346995043182053
0.6700000000000004	0.32135155996454084
0.6800000000000004	0.319214502915383
0.6900000000000004	0.3170593283641795
0.7000000000000004	0.3148865874186535
0.7100000000000004	0.31269683298048156
0.7200000000000004	0.31049061951097356
0.7300000000000004	0.30826850279740803
0.7400000000000004	0.30603103972114
0.7500000000000004	0.3037787880256565
0.7600000000000005	0.3015123060860203
0.7700000000000005	0.2992321526794484
0.7800000000000005	0.29693888675782715
0.7900000000000005	0.29463306722065474
0.8000000000000005	0.2923152526900828
0.8100000000000005	0.28998600128823543
0.8200000000000005	0.28764587041530293
0.8300000000000005	0.285295416529999
0.8400000000000005	0.2829351949328828
0.8500000000000005	0.2805657595506237
0.8600000000000005	0.2781876627232034
0.8700000000000006	0.2758014549938994
0.8800000000000006	0.2734076849006708
0.8900000000000006	0.2710068987716159
0.9000000000000006	0.268599640522049
0.9100000000000006	0.26618645145479203
0.9200000000000006	0.2637678700636834
0.9300000000000006	0.2613444318396722
0.9400000000000006	0.2589166690801484
0.9500000000000006	0.2564851107018746
0.9600000000000006	0.2540502820566508
0.9700000000000006	0.25161270475064423
0.9800000000000006	0.24917289646752616
0.9900000000000007	0.24673137079441382
1.0000000000000007	0.2442886370518602
1.0100000000000007	0.24184520012773578
1.0200000000000007	0.23940156031455784
1.0300000000000007	0.2369582131504798
1.0400000000000007	0.23451564926474996
1.0500000000000007	0.23207435422654416
1.0600000000000007	0.22963480839808803
1.0700000000000007	0.22719748679174678
1.0800000000000007	0.22476285893122266
1.0900000000000007	0.22233138871689098
1.1000000000000008	0.2199035342953249
1.1100000000000008	0.21747974793298658
1.1200000000000008	0.2150604758944068
1.1300000000000008	0.2126461583240352
1.1400000000000008	0.2102372291333615
1.1500000000000008	0.20783411589160486
1.1600000000000008	0.20543723972078504
1.1700000000000008	0.20304701519583057
1.1800000000000008	0.20066385024831243
1.1900000000000008	0.1982881460748605
1.2000000000000008	0.19592029705043942
1.2100000000000009	0.19356069064525175
1.2200000000000009	0.19120970734639436
1.2300000000000009	0.1888677205844813
1.2400000000000009	0.1865350966636758
1.2500000000000009	0.18421219469669836
1.260000000000001	0.18189936654441793
1.270000000000001	0.17959695675939735
1.280000000000001	0.17730530253382648
1.290000000000001	0.1750247336522269
1.300000000000001	0.17275557244809256
1.310000000000001	0.17049813376473258
1.320000000000001	0.168252724920853
1.330000000000001	0.16601964567992744
1.340000000000001	0.16379918822399844
1.350000000000001	0.16159163713158625
1.360000000000001	0.15939726935973253
1.370000000000001	0.15721635423013497
1.380000000000001	0.15504915341935316
1.390000000000001	0.15289592095286825
1.400000000000001	0.15075690320340837
1.410000000000001	0.1486323388929877
1.420000000000001	0.14652245909840775
1.430000000000001	0.1444274872614186
1.440000000000001	0.14234763920214305
1.450000000000001	0.14028312313563276
1.460000000000001	0.1382341396930985
1.470000000000001	0.13620088194625576
1.480000000000001	0.1341835354346857
1.490000000000001	0.1321822781973221
1.500000000000001	0.1301972808072298
1.5100000000000011	0.12822870640909026
1.5200000000000011	0.12627671076044458
1.5300000000000011	0.12434144227628093
1.5400000000000011	0.12242304207585987
1.5500000000000012	0.12052164403340677
1.5600000000000012	0.11863737483158883
1.5700000000000012	0.11677035401715972
1.5800000000000012	0.11492069406038448
1.5900000000000012	0.1130885004166972
1.6000000000000012	0.11127387159042403
1.6100000000000012	0.10947689920242636
1.6200000000000012	0.10769766805898116
1.6300000000000012	0.10593625622337621
1.6400000000000012	0.10419273509045696
1.6500000000000012	0.10246716946243678
1.6600000000000013	0.10075961762734309
1.6700000000000013	0.09907013143977561
1.6800000000000013	0.09739875640323079
1.6900000000000013	0.09574553175432993
1.7000000000000013	0.09411049054930992
1.7100000000000013	0.09249365975192061
1.7200000000000013	0.09089506032275423
1.7300000000000013	0.08931470731075311
1.7400000000000013	0.08775260994609878
1.7500000000000013	0.08620877173335897
1.7600000000000013	0.08468319054809095
1.7700000000000014	0.08317585873317086
1.7800000000000014	0.08168676319605332
1.7900000000000014	0.08021588550860305
1.8000000000000014	0.07876320200694885
1.8100000000000014	0.07732868389171663
1.8200000000000014	0.07591229733039304
1.8300000000000014	0.07451400356024598
1.8400000000000014	0.07313375899076431
1.8500000000000014	0.07177151530794723
1.8600000000000014	0.0704272195792991
1.8700000000000014	0.06910081435801027
1.8800000000000014	0.06779223778849033
1.8900000000000015	0.06650142371267662
1.9000000000000015	0.06522830177535603
1.9100000000000015	0.06397279753025491
1.9200000000000015	0.06273483254716689
1.9300000000000015	0.06151432451770958
1.9400000000000015	0.060311187361455236
1.9500000000000015	0.059125331333042465
1.9600000000000015	0.057956663127960724
1.9700000000000015	0.05680508598804153
1.9800000000000015	0.05567049980783115
1.9900000000000015	0.05455280124014371
2.0000000000000013	0.053451883800182086
2.010000000000001	0.05236763797093213
2.020000000000001	0.05129995130747516
2.0300000000000007	0.05024870853966799
2.0400000000000005	0.04921379167573915
2.0500000000000003	0.04819508010492696
2.06	0.04719245069834283
2.07	0.046205777910186756
2.0799999999999996	0.045234933878434705
2.0899999999999994	0.04427978852334885
2.099999999999999	0.04334020964595173
2.109999999999999	0.04241606302635631
2.1199999999999988	0.04150721251925776
2.1299999999999986	0.04061352014976515
2.1399999999999983	0.03973484620831237
2.149999999999998	0.038871049343549464
2.159999999999998	0.03802198665455901
2.1699999999999977	0.037187513782682174
2.1799999999999975	0.0363674850008358
2.1899999999999973	0.03556175330234172
2.199999999999997	0.034770170488874465
2.209999999999997	0.033992587256333466
2.2199999999999966	0.033228853279606334
2.2299999999999964	0.03247881729687631
2.239999999999996	0.031742327191552164
2.249999999999996	0.03101923007297188
2.259999999999996	0.030309372356612022
2.2699999999999956	0.0296125998418502
2.2799999999999954	0.028928757788550596
2.289999999999995	0.028257690992938473
2.299999999999995	0.027599243861201828
2.3099999999999947	0.026953260481555663
2.3199999999999945	0.026319584695975125
2.3299999999999943	0.025698060169262613
2.339999999999994	0.025088530456723903
2.349999999999994	0.024490839071352855
2.3599999999999937	0.02390482954837643
2.3699999999999934	0.02333034550848987
2.3799999999999932	0.022767230720470853
2.389999999999993	0.022215329161315415
2.399999999999993	0.021674485074884692
2.4099999999999926	0.021144543029803238
2.4199999999999924	0.020625347975095253
2.429999999999992	0.020116745294377292
2.439999999999992	0.019618580859082184
2.4499999999999917	0.01913070107963486
2.4599999999999915	0.018652952955057884
2.4699999999999913	0.018185184121699973
2.479999999999991	0.01772724289993733
2.489999999999991	0.017278978339254368
2.4999999999999907	0.016840240262366014
2.5099999999999905	0.016410879307695185
2.5199999999999902	0.0159907469700408
2.52999999999999	0.015579695640105544
2.53999999999999	0.015177578642766655
2.5499999999999896	0.014784250273456048
2.5599999999999894	0.014399565833342553
2.569999999999989	0.014023381663374843
2.579999999999989	0.013655555176472139
2.5899999999999888	0.01329594488853601
2.5999999999999885	0.012944410448281823
2.6099999999999883	0.012600812665659095
2.619999999999988	0.012265013538486696
2.629999999999988	0.011936876278496288
2.6399999999999877	0.011616265335869349
2.6499999999999875	0.011303046421988518
2.6599999999999873	0.010997086531593784
2.669999999999987	0.010698253963609036
2.679999999999987	0.01040641834018326
2.6899999999999866	0.010121450625308575
2.6999999999999864	0.009843223141878755
2.709999999999986	0.009571609587415859
2.719999999999986	0.009306485049117418
2.7299999999999858	0.009047726017550736
2.7399999999999856	0.008795210399035537
2.7499999999999853	0.00854881752742517
2.759999999999985	0.008308428174581897
2.769999999999985	0.00807392455969109
2.7799999999999847	0.007845190357840745
2.7899999999999845	0.007622110707679275
2.7999999999999843	0.007404572217654548
2.809999999999984	0.0071924629717291955
2.819999999999984	0.006985672534209455
2.8299999999999836	0.006784091953454927
2.8399999999999834	0.006587613764483296
2.849999999999983	0.006396131991673856
2.859999999999983	0.006209542149637796
2.869999999999983	0.006027741243397466
2.8799999999999826	0.0058506277690256155
2.8899999999999824	0.00567810171151945
2.899999999999982	0.005510064543370371
2.909999999999982	0.005346419222404304
2.9199999999999817	0.005187070188007163
2.9299999999999815	0.005031923357435451
2.9399999999999813	0.004880886121669536
2.949999999999981	0.004733867339620481
2.959999999999981	0.00459077733272957
2.9699999999999807	0.0044515278787886385
2.9799999999999804	0.0043160322045074475
2.9899999999999802	0.004184204978474489
2.99999999999998	0.004055962303324483
3.00999999999998	0.003931221706795083
3.0199999999999796	0.00380990213309114
3.0299999999999794	0.0036919239335660953
3.039999999999979	0.0035772088565791003
3.049999999999979	0.003465680037359357
3.0599999999999787	0.003357261987519218
3.0699999999999785	0.0032518805837230724
3.0799999999999783	0.0031494630563193566
3.089999999999978	0.003049937977838603
3.099999999999978	0.002953235250544916
3.1099999999999777	0.002859286094223535
3.1199999999999775	0.002768023033434372
3.1299999999999772	0.0026793798845536447
3.139999999999977	0.002593291742502683
3.149999999999977	0.002509694967285673
3.1599999999999766	0.002428527170271923
3.1699999999999764	0.0023497272002571275
3.179999999999976	0.0022732351293622715
3.189999999999976	0.002198992238810277
3.1999999999999758	0.0021269410041650375
3.2099999999999755	0.0020570250810238843
3.2199999999999753	0.001989189290241522
3.229999999999975	0.0019233796025880836
3.239999999999975	0.0018595431243815983
3.2499999999999747	0.0017976280820282968
3.2599999999999745	0.0017375838067466213
3.2699999999999743	0.0016793607195081375
3.279999999999974	0.0016229103156834845
3.289999999999974	0.0015681851494767625
3.2999999999999736	0.0015151388186390657
3.3099999999999734	0.0014637259491303738
3.319999999999973	0.0014139021793317216
3.329999999999973	0.001365624144862459
3.3399999999999728	0.0013188494629259942
3.3499999999999726	0.001273536716884209
3.3599999999999723	0.0012296454408513113
3.369999999999972	0.0011871361041858137
3.379999999999972	0.0011459700961607797
3.3899999999999717	0.0011061097106078068
3.3999999999999715	0.0010675181306307848
3.4099999999999713	0.0010301594133770202
3.419999999999971	0.00099399847491908
3.429999999999971	0.000959001075024051
3.4399999999999706	0.0009251338023391703
3.4499999999999704	0.0008923640594645629
3.45999999999997	0.000860660048023003
3.46999999999997	0.000829990753920017
3.47999999999997	0.0008003259329834722
3.4899999999999696	0.0007716360961375797
3.4999999999999694	0.000743892495145669
3.509999999999969	0.0007170671086557485
3.519999999999969	0.0006911326275579502
3.5299999999999687	0.0006660624412420434
3.5399999999999685	0.0006418306238609715
3.5499999999999683	0.0006184119203336025
3.559999999999968	0.0005957817328355613
3.569999999999968	0.0005739161075636517
3.5799999999999677	0.0005527917211708836
3.5899999999999674	0.0005323858677164692
3.5999999999999672	0.0005126764458327866
3.609999999999967	0.0004936419457221863
3.619999999999967	0.0004752614364151459
3.6299999999999666	0.00045751455356121646
3.6399999999999664	0.00044038148675067416
3.649999999999966	0.000423842967612899
3.659999999999966	0.000407880257610822
3.6699999999999657	0.00039247513628188425
3.6799999999999655	0.0003776098895445741
3.6899999999999653	0.00036326729819224733
3.699999999999965	0.00034943062655756594
3.709999999999965	0.000336083611336197
3.7199999999999647	0.0003232104506851755
3.7299999999999645	0.0003107957931478327
3.7399999999999642	0.0002988247273909803
3.749999999999964	0.00028728277143631406
3.759999999999964	0.0002761558623994967
3.7699999999999636	0.0002654303465174771
3.7799999999999634	0.0002550929690745895
3.789999999999963	0.0002451308645276942
3.799999999999963	0.00023553154717453897
3.8099999999999627	0.00022628290144118
3.8199999999999625	0.0002173731727485028
3.8299999999999623	0.00020879095838705842
3.839999999999962	0.00020052519858773803
3.849999999999962	0.00019256516776057476
3.8599999999999617	0.00018490046590978864
3.8699999999999615	0.00017752101014458562
3.8799999999999613	0.00017041702657189867
3.889999999999961	0.0001635790420300078
3.899999999999961	0.00015699787611815163
3.9099999999999606	0.00015066463368246745
3.9199999999999604	0.00014457069698715024
3.92999999999996	0.0001387077181682996
3.93999999999996	0.00013306761222416384
3.9499999999999598	0.00012764254961157172
3.9599999999999596	0.0001224249492512435
3.9699999999999593	0.00011740747193126731
3.979999999999959	0.00011258301334119543
3.989999999999959	0.00010794469762880022
3.9999999999999587	0.00010348587100288106
4.009999999999959	0.00009920009554155672
4.019999999999959	0.00009508114280748386
4.0299999999999585	0.00009112298818957338
4.039999999999958	0.0000873198049419967
4.049999999999958	0.00008366595828476207
4.059999999999958	0.0000801560002406529
4.069999999999958	0.00007678466392138277
4.079999999999957	0.00007354685809060418
4.089999999999957	0.0000704376623523345
4.099999999999957	0.0000674523218785169
4.109999999999957	0.00006458624227918714
4.119999999999957	0.00006183498533856709
4.129999999999956	0.00005919426381986149
4.139999999999956	0.000056659937010046906
4.149999999999956	0.00005422800662237364
4.159999999999956	0.000051894611926568385
4.1699999999999555	0.000049656025503174856
4.179999999999955	0.000047508649911789106
4.189999999999955	0.000045449012896770625
4.199999999999955	0.00004347376343615313
4.209999999999955	0.00004157966871813958
4.2199999999999545	0.00003976360974133013
4.229999999999954	0.000038022577611524084
4.239999999999954	0.00003635367067398414
4.249999999999954	0.00003475409079286845
4.259999999999954	0.00003322113955608454
4.269999999999953	0.00003175221576549984
4.279999999999953	0.000030344812311772195
4.289999999999953	0.000028996512305229057
4.299999999999953	0.000027704986764022897
4.3099999999999525	0.000026467992019959277
4.319999999999952	0.000025283366001731423
4.329999999999952	0.00002414902601263686
4.339999999999952	0.00002306296650714095
4.349999999999952	0.000022023255816170604
4.3599999999999515	0.000021028033783381406
4.369999999999951	0.00002007551006450262
4.379999999999951	0.000019163960850186893
4.389999999999951	0.000018291726838778917
4.399999999999951	0.000017457211583839403
4.40999999999995	0.000016658878718270428
4.41999999999995	0.00001589524990191239
4.42999999999995	0.000015164903254831957
4.43999999999995	0.000014466471294628053
4.4499999999999496	0.000013798638434000674
4.459999999999949	0.000013160139970186808
4.469999999999949	0.000012549759994919126
4.479999999999949	0.00001196632937165105
4.489999999999949	0.000011408724376371233
4.4999999999999485	0.000010875865285018016
4.509999999999948	0.0000103667142415233
4.519999999999948	9.880274116812845e-6
4.529999999999948	9.415587292244108e-6
4.539999999999948	8.971733616196767e-6
4.549999999999947	8.54782933929355e-6
4.559999999999947	8.143026090730994e-6
4.569999999999947	7.756509021906716e-6
4.579999999999947	7.3874958641623045e-6
4.589999999999947	7.035235920509233e-6
4.599999999999946	6.6990085284789355e-6
4.609999999999946	6.378122058652552e-6
4.619999999999946	6.071913123524318e-6
4.629999999999946	5.779744927155917e-6
4.6399999999999455	5.501006883002736e-6
4.649999999999945	5.235113321213867e-6
4.659999999999945	4.981502330507933e-6
4.669999999999945	4.739635468465975e-6
4.679999999999945	4.508996415450028e-6
4.689999999999944	4.289089896984815e-6
4.699999999999944	4.079441537562665e-6
4.709999999999944	3.879596706503048e-6
4.719999999999944	3.6891194225198456e-6
4.729999999999944	3.507592263943569e-6
4.739999999999943	3.334615435692391e-6
4.749999999999943	3.1698056459311537e-6
4.759999999999943	3.012796018355428e-6
4.769999999999943	2.8632353481968215e-6
4.7799999999999425	2.720787028690801e-6
4.789999999999942	2.585128958020067e-6
4.799999999999942	2.455953046781365e-6
4.809999999999942	2.332964019637518e-6
4.819999999999942	2.215879519467341e-6
4.8299999999999415	2.10442948059758e-6
4.839999999999941	1.99835537657026e-6
4.849999999999941	1.89740984836069e-6
4.859999999999941	1.8013564051811352e-6
4.869999999999941	1.7099689143938413e-6
4.87999999999994	1.6230310898983822e-6
4.88999999999994	1.540336065045562e-6
4.89999999999994	1.4616861963331396e-6
4.90999999999994	1.386892566203408e-6
4.9199999999999395	1.3157745056407596e-6
4.929999999999939	1.2481595190399566e-6
4.939999999999939	1.183882735666928e-6
4.949999999999939	1.1227866016636821e-6
4.959999999999939	1.0647206735385174e-6
4.9699999999999385	1.0095412521265126e-6
4.979999999999938	9.571111048603796e-7
4.989999999999938	9.072992003459219e-7
4.999999999999938	8.599804414228473e-7
5.009999999999938	8.150353966894525e-7
5.019999999999937	7.723501345797233e-7
5.029999999999937	7.318158393244008e-7
5.039999999999937	6.933287331170679e-7
5.049999999999937	6.567897901534145e-7
5.0599999999999365	6.221045445807348e-7
5.069999999999936	5.891828902397173e-7
5.079999999999936	5.579389033503298e-7
5.089999999999936	5.282906274787724e-7
5.099999999999936	5.001599458963555e-7
5.1099999999999355	4.7347233140027966e-7
5.119999999999935	4.4815680930338786e-7
5.129999999999935	4.2414569945172125e-7
5.139999999999935	4.0137452538811844e-7
5.149999999999935	3.7978186887039007e-7
5.159999999999934	3.593091328270545e-7
5.169999999999934	3.399005962479468e-7
5.179999999999934	3.2150312667799087e-7
5.189999999999934	3.040661550504286e-7
5.199999999999934	2.875415101583544e-7
5.209999999999933	2.7188331796706666e-7
5.219999999999933	2.5704795074725984e-7
5.229999999999933	2.42993841172156e-7
5.239999999999933	2.2968144443715357e-7
5.2499999999999325	2.1707316574014355e-7
5.259999999999932	2.0513312053339594e-7
5.269999999999932	1.938272980180821e-7
5.279999999999932	1.831232740940378e-7
5.289999999999932	1.7299024036258443e-7
5.299999999999931	1.6339887574324602e-7
5.309999999999931	1.5432133352009812e-7
5.319999999999931	1.4573111622704326e-7
5.329999999999931	1.3760303880959533e-7
5.339999999999931	1.2991313943451322e-7
5.34999999999993	1.2263868994504596e-7
5.35999999999993	1.1575807618724821e-7
5.36999999999993	1.0925075134448573e-7
5.37999999999993	1.0309720374084186e-7
5.3899999999999295	9.72788973964263e-8