-5.649999999999924	9.789446622942107e-8
-5.639999999999924	1.0315079880125644e-7
-5.629999999999924	1.0868009273100138e-7
-5.619999999999925	1.1449600898886346e-7
-5.609999999999925	1.2061286461010193e-7
-5.599999999999925	1.2704566137503077e-7
-5.589999999999925	1.338101328779838e-7
-5.5799999999999255	1.4092277360117723e-7
-5.569999999999926	1.484007178600755e-7
-5.559999999999926	1.5626217276181544e-7
-5.549999999999926	1.6452603202178083e-7
-5.539999999999926	1.7321208998059785e-7
-5.5299999999999265	1.8234110970825851e-7
-5.519999999999927	1.9193489462617585e-7
-5.509999999999927	2.0201616369545924e-7
-5.499999999999927	2.1260872070280448e-7
-5.489999999999927	2.2373755734916498e-7
-5.479999999999928	2.3542877464725902e-7
-5.469999999999928	2.4770969402839174e-7
-5.459999999999928	2.60608928272139e-7
-5.449999999999928	2.741563714711044e-7
-5.4399999999999284	2.883833475392853e-7
-5.429999999999929	3.033226086876432e-7
-5.419999999999929	3.1900843282679614e-7
-5.409999999999929	3.3547665160552735e-7
-5.399999999999929	3.527647357784463e-7
-5.3899999999999295	3.7091188272556326e-7
-5.37999999999993	3.899590944607766e-7
-5.36999999999993	4.0994925119048233e-7
-5.35999999999993	4.3092713578659e-7
-5.34999999999993	4.529395753826181e-7
-5.339999999999931	4.760355381843988e-7
-5.329999999999931	5.002661850720581e-7
-5.319999999999931	5.256849961645927e-7
-5.309999999999931	5.52347854788354e-7
-5.299999999999931	5.803131354983083e-7
-5.289999999999932	6.096418318374819e-7
-5.279999999999932	6.403976597079581e-7
-5.269999999999932	6.726471720563156e-7
-5.259999999999932	7.064598786992264e-7
-5.2499999999999325	7.41908370328232e-7
-5.239999999999933	7.790684464699696e-7
-5.229999999999933	8.180192508360391e-7
-5.219999999999933	8.588434105302528e-7
-5.209999999999933	9.016271800514625e-7
-5.199999999999934	9.4646059172033e-7
-5.189999999999934	9.934376118632026e-7
-5.179999999999934	1.0426563026362853e-6
-5.169999999999934	1.094218985350993e-6
-5.159999999999934	1.148232430865748e-6
-5.149999999999935	1.2048080307934407e-6
-5.139999999999935	1.26406197430012e-6
-5.129999999999935	1.3261154599729772e-6
-5.119999999999935	1.3910948932399618e-6
-5.1099999999999355	1.4591320968665277e-6
-5.099999999999936	1.5303645287673901e-6
-5.089999999999936	1.604935511018781e-6
-5.079999999999936	1.6829944587040346e-6
-5.069999999999936	1.7646971266155733e-6
-5.0599999999999365	1.8502058666493035e-6
-5.049999999999937	1.939689833412152e-6
-5.039999999999937	2.0333254581651603e-6
-5.029999999999937	2.1312964299301073e-6
-5.019999999999937	2.2337941363850663e-6
-5.009999999999938	2.341018119081294e-6
-4.999999999999938	2.453176083549223e-6
-4.989999999999938	2.5704844235344898e-6
-4.979999999999938	2.6931685107707638e-6
-4.9699999999999385	2.8214630414282913e-6
-4.959999999999939	2.955612394556886e-6
-4.949999999999939	3.095871011867351e-6
-4.939999999999939	3.242503773924834e-6
-4.929999999999939	3.395786415186919e-6
-4.9199999999999395	3.5560059228805225e-6
-4.90999999999994	3.7234609796257727e-6
-4.89999999999994	3.898462400118437e-6
-4.88999999999994	4.0813335922717e-6
-4.87999999999994	4.27241102623699e-6
-4.869999999999941	4.472044753314784e-6
-4.859999999999941	4.680598874296814e-6
-4.849999999999941	4.898452092668333e-6
-4.839999999999941	5.125998244955663e-6
-4.8299999999999415	5.363646892185687e-6
-4.819999999999942	5.611823859073792e-6
-4.809999999999942	5.870971863860946e-6
-4.799999999999942	6.1415511325268375e-6
-4.789999999999942	6.424040034861067e-6
-4.7799999999999425	6.71893577688535e-6
-4.769999999999943	7.026755043106909e-6
-4.759999999999943	7.348034727428986e-6
-4.749999999999943	7.683332686591941e-6
-4.739999999999943	8.033228452911268e-6
-4.729999999999944	8.398324043690648e-6
-4.719999999999944	8.779244760229208e-6
-4.709999999999944	9.176640020321888e-6
-4.699999999999944	9.591184216676949e-6
-4.689999999999944	0.000010023577605215063
-4.679999999999945	0.000010474547214926694
-4.669999999999945	0.000010944847799764415
-4.659999999999945	0.000011435262807118876
-4.649999999999945	0.000011946605385424498
-4.6399999999999455	0.000012479719416002365
-4.629999999999946	0.00001303548058826579
-4.619999999999946	0.00001361479749726067
-4.609999999999946	0.000014218612801534999
-4.599999999999946	0.00001484790431306195
-4.589999999999947	0.000015503686325978435
-4.579999999999947	0.000016187010779709535
-4.569999999999947	0.000016898968581904755
-4.559999999999947	0.00001764069084678258
-4.549999999999947	0.000018413350378901194
-4.539999999999948	0.000019218162992512195
-4.529999999999948	0.00002005638897517125
-4.519999999999948	0.000020929334573832376
-4.509999999999948	0.0000218383535246782
-4.4999999999999485	0.000022784848621653547
-4.489999999999949	0.00002377027336381387
-4.479999999999949	0.000024796133583776972
-4.469999999999949	0.00002586398919068576
-4.459999999999949	0.000026975455929546397
-4.4499999999999496	0.00002813220719106279
-4.43999999999995	0.00002933597590742509
-4.42999999999995	0.000030588556432290014
-4.41999999999995	0.00003189180654386398
-4.40999999999995	0.00003324764947134145
-4.399999999999951	0.000034658075973243897
-4.389999999999951	0.00003612514649700116
-4.379999999999951	0.00003765099337412731
-4.369999999999951	0.000039237823090063856
-4.3599999999999515	0.000040887918603241694
-4.349999999999952	0.000042603641746970864
-4.339999999999952	0.00004438743567635143
-4.329999999999952	0.000046241827390921035
-4.319999999999952	0.00004816943032171903
-4.3099999999999525	0.000050172946987715926
-4.299999999999953	0.0000522551717224118
-4.289999999999953	0.000054418993470792245
-4.279999999999953	0.0000566673985813567
-4.269999999999953	0.00005900347398915173
-4.259999999999954	0.00006143041006968556
-4.249999999999954	0.00006395150358823158
-4.239999999999954	0.00006657016110786425
-4.229999999999954	0.00006928990216697465
-4.2199999999999545	0.00007211436261659613
-4.209999999999955	0.00007504729803946765
-4.199999999999955	0.00007809258725642766
-4.189999999999955	0.00008125423591598968
-4.179999999999955	0.0000845363801731644
-4.1699999999999555	0.00008794329045380452
-4.159999999999956	0.00009147937531605025
-4.149999999999956	0.00009514918539661243
-4.139999999999956	0.00009895741745466529
-4.129999999999956	0.00010290891851080826
-4.119999999999957	0.00010700869007609494
-4.109999999999957	0.00011126189249195295
-4.099999999999957	0.00011567384935602735
-4.089999999999957	0.00012025005205785424
-4.079999999999957	0.00012499616440940568
-4.069999999999958	0.00012991802738973295
-4.059999999999958	0.0001350216639853372
-4.049999999999958	0.00014031328414192997
-4.039999999999958	0.00014579928982374357
-4.0299999999999585	0.00015148628018240404
-4.019999999999959	0.00015738105683652125
-4.009999999999959	0.00016349062926394355
-3.9999999999999587	0.00016982222030829323
-3.989999999999959	0.00017638327179973138
-3.979999999999959	0.0001831814502927682
-3.9699999999999593	0.0001902246528935419
-3.9599999999999596	0.00019752101334722378
-3.9499999999999598	0.00020507890796285708
-3.93999999999996	0.00021290696191515892
-3.92999999999996	0.0002210140556660966
-3.9199999999999604	0.0002294093312600734
-3.9099999999999606	0.0002381021990231762
-3.899999999999961	0.00024710234424804757
-3.889999999999961	0.00025641973403421305
-3.8799999999999613	0.00026606462425571146
-3.8699999999999615	0.00027604756665809037
-3.8599999999999617	0.00028637941608444887
-3.849999999999962	0.00029707133783191244
-3.839999999999962	0.0003081348151399816
-3.8299999999999623	0.00031958165680961276
-3.8199999999999625	0.0003314240049555946
-3.8099999999999627	0.0003436743428916978
-3.799999999999963	0.00035634550314913823
-3.789999999999963	0.00036945067562918233
-3.7799999999999634	0.00038300341588993423
-3.7699999999999636	0.00039701765358234975
-3.759999999999964	0.0004115077009477839
-3.749999999999964	0.0004264882615961505
-3.7399999999999642	0.0004419744392733587
-3.7299999999999645	0.0004579817468365159
-3.7199999999999647	0.00047452611534846864
-3.709999999999965	0.0004916239033071582
-3.699999999999965	0.0005092919060088977
-3.6899999999999653	0.000527547365044522
-3.6799999999999655	0.0005464079779452502
-3.6699999999999657	0.0005658919078799069
-3.659999999999966	0.0005860177936438786
-3.649999999999966	0.0006068047596184756
-3.6399999999999664	0.0006282724259396392
-3.6299999999999666	0.0006504409187788193
-3.619999999999967	0.0006733308807505182
-3.609999999999967	0.0006969634814453951
-3.5999999999999672	0.0007213604280876076
-3.5899999999999674	0.0007465439763133746
-3.5799999999999677	0.0007725369411345173
-3.569999999999968	0.0007993627077007753
-3.559999999999968	0.0008270452428165601
-3.5499999999999683	0.0008556091059322802
-3.5399999999999685	0.0008850794605678339
-3.5299999999999687	0.0009154820857794095
-3.519999999999969	0.0009468433877324819
-3.509999999999969	0.0009791904114400376
-3.4999999999999694	0.001012550852289701
-3.4899999999999696	0.0010469530682884183
-3.47999999999997	0.001082426091778049
-3.46999999999997	0.001118999641551742
-3.45999999999997	0.0011567041349926103
-3.4499999999999704	0.0011955707002936087
-3.4399999999999706	0.0012356311887542367
-3.429999999999971	0.0012769181871493203
-3.419999999999971	0.0013194650301662245
-3.4099999999999713	0.0013633058129031098
-3.3999999999999715	0.0014084754034058287
-3.3899999999999717	0.0014550094553585262
-3.379999999999972	0.0015029444206163933
-3.369999999999972	0.0015523175619842529
-3.3599999999999723	0.0016031669659269398
-3.3499999999999726	0.0016555315553296683
-3.3399999999999728	0.0017094511022800452
-3.329999999999973	0.001764966240844993
-3.319999999999973	0.0018221184799596588
-3.3099999999999734	0.0018809502161110303
-3.2999999999999736	0.0019415047462222844
-3.289999999999974	0.0020038262804196356
-3.279999999999974	0.002067959954799067
-3.2699999999999743	0.00213395184416289
-3.2599999999999745	0.0022018489747178045
-3.2499999999999747	0.0022716993367275047
-3.239999999999975	0.0023435518971078825
-3.229999999999975	0.002417456611958778
-3.2199999999999753	0.0024934644390209038
-3.2099999999999755	0.0025716273500490596
-3.1999999999999758	0.002651998343090724
-3.189999999999976	0.0027346314546631335
-3.179999999999976	0.0028195817718122246
-3.1699999999999764	0.0029069054440488628
-3.1599999999999766	0.0029966596951489506
-3.149999999999977	0.003088902834804935
-3.139999999999977	0.003183694270119507
-3.1299999999999772	0.0032810945169280347
-3.1199999999999775	0.0033811652109372327
-3.1099999999999777	0.003483969118677359
-3.099999999999978	0.003589570148230147
-3.089999999999978	0.0036980333597527713
-3.0799999999999783	0.0038094249757616994
-3.0699999999999785	0.003923812391170347
-3.0599999999999787	0.004041264183067808
-3.049999999999979	0.00416185012022339
-3.039999999999979	0.004285641172304048
-3.0299999999999794	0.004412709518788732
-3.0199999999999796	0.004543128557568023
-3.00999999999998	0.004676972913211119
-2.99999999999998	0.004814318444887584
-2.9899999999999802	0.0049552422539280595
-2.9799999999999804	0.005099822691007562
-2.9699999999999807	0.0052481393629382495
-2.959999999999981	0.005400273139052127
-2.949999999999981	0.005556306157161803
-2.9399999999999813	0.0057163218290807866
-2.9299999999999815	0.005880404845685899
-2.9199999999999817	0.006048641181508783
-2.909999999999982	0.006221118098836323
-2.899999999999982	0.006397924151305565
-2.8899999999999824	0.006579149186973947
-2.8799999999999826	0.0067648843508428475
-2.869999999999983	0.006955222086856615
-2.859999999999983	0.00715025613925914
-2.849999999999983	0.007350081553423532
-2.8399999999999834	0.007554794676038342
-2.8299999999999836	0.007764493154671868
-2.819999999999984	0.007979275936690055
-2.809999999999984	0.008199243267510361
-2.7999999999999843	0.008424496688172725
-2.7899999999999845	0.00865513903221114
-2.7799999999999847	0.008891274421805916
-2.769999999999985	0.009133008263200426
-2.759999999999985	0.009380447241348159
-2.7499999999999853	0.009633699313858218
-2.7399999999999856	0.009892873704009464
-2.7299999999999858	0.010158080893095776
-2.719999999999986	0.010429432611478736
-2.709999999999986	0.010707041830780997
-2.6999999999999864	0.010991022751286715
-2.6899999999999866	0.011281490792360798
-2.679999999999987	0.011578562580107529
-2.669999999999987	0.011882355934324105
-2.6599999999999873	0.012192989854698303
-2.6499999999999875	0.012510584505947596
-2.6399999999999877	0.012835261202108341
-2.629999999999988	0.013167142389641007
-2.619999999999988	0.013506351629733127
-2.6099999999999883	0.013853013579485743
-2.5999999999999885	0.014207253972085863
-2.5899999999999888	0.014569199595929797
-2.579999999999989	0.014938978272680875
-2.569999999999989	0.015316718834246727
-2.5599999999999894	0.015702551098661442
-2.5499999999999896	0.016096605844857344
-2.53999999999999	0.016499014786313097
-2.52999999999999	0.016909910543563007
-2.5199999999999902	0.017329426615555057
-2.5099999999999905	0.017757697349845163
-2.4999999999999907	0.01819485791161306
-2.489999999999991	0.01864104425149004
-2.479999999999991	0.019096393072186465
-2.4699999999999913	0.019561041793906223
-2.4599999999999915	0.02003512851854093
-2.4499999999999917	0.02051879199263044
-2.439999999999992	0.021012171569083558
-2.429999999999992	0.021515407167647813
-2.4199999999999924	0.022028639234121485
-2.4099999999999926	0.022552008698300815
-2.399999999999993	0.02308565693065399
-2.389999999999993	0.023629725697718203
-2.3799999999999932	0.024184357116212342
-2.3699999999999934	0.024749693605862634
-2.3599999999999937	0.02532587784093602
-2.349999999999994	0.0259130527004789
-2.339999999999994	0.026511361217259458
-2.3299999999999943	0.027120946525411985
-2.3199999999999945	0.027741951806782034
-2.3099999999999947	0.028374520235969095
-2.299999999999995	0.029018794924097424
-2.289999999999995	0.029674918861240372
-2.2799999999999954	0.030343034857607323
-2.2699999999999956	0.031023285483414816
-2.259999999999996	0.03171581300748261
-2.249999999999996	0.032420759334552636
-2.239999999999996	0.03313826594133966
-2.2299999999999964	0.03386847381132154
-2.2199999999999966	0.034611523368277296
-2.209999999999997	0.03536755440858485
-2.199999999999997	0.036136706032289106
-2.1899999999999973	0.03691911657295216
-2.1799999999999975	0.03771492352630045
-2.1699999999999977	0.03852426347768429
-2.159999999999998	0.03934727202836099
-2.149999999999998	0.04018408372062742
-2.1399999999999983	0.04103483196181839
-2.1299999999999986	0.041899648947149974
-2.1199999999999988	0.04277866558154267
-2.109999999999999	0.04367201140029319
-2.099999999999999	0.04457981448872918
-2.0899999999999994	0.04550220140083211
-2.0799999999999996	0.046439297076853604
-2.07	0.047391224759959695
-2.06	0.04835810591192452
-2.0500000000000003	0.049340060127906836
-2.0400000000000005	0.050337205050340166
-2.0300000000000007	0.051349656281964036
-2.020000000000001	0.05237752729803535
-2.010000000000001	0.05342092935774914
-2.0000000000000013	0.05447997141490784
-1.9900000000000015	0.05555476002787488
-1.9800000000000015	0.056645399268849775
-1.9700000000000015	0.05775199063250462
-1.9600000000000015	0.05887463294402607
-1.9500000000000015	0.06001342226659851
-1.9400000000000015	0.061168451808376274
-1.9300000000000015	0.062339811828987124
-1.9200000000000015	0.06352758954561508
-1.9100000000000015	0.06473186903871178
-1.9000000000000015	0.06595273115736788
-1.8900000000000015	0.06719025342442274
-1.8800000000000014	0.0684445099413324
-1.8700000000000014	0.06971557129287943
-1.8600000000000014	0.07100350445173512
-1.8500000000000014	0.07230837268297748
-1.8400000000000014	0.07363023544858023
-1.8300000000000014	0.07496914831194469
-1.8200000000000014	0.07632516284255289
-1.8100000000000014	0.07769832652071522
-1.8000000000000014	0.07908868264263491
-1.7900000000000014	0.08049627022565452
-1.7800000000000014	0.08192112391390008
-1.7700000000000014	0.08336327388428807
-1.7600000000000013	0.08482274575302426
-1.7500000000000013	0.08629956048261227
-1.7400000000000013	0.0877937342894582
-1.7300000000000013	0.08930527855213358
-1.7200000000000013	0.09083419972036143
-1.7100000000000013	0.09238049922479266
-1.7000000000000013	0.0939441733876238
-1.6900000000000013	0.0955252133341763
-1.6800000000000013	0.09712360490544089
-1.6700000000000013	0.09873932857171827
-1.6600000000000013	0.10037235934728041
-1.6500000000000012	0.10202266670646393
-1.6400000000000012	0.10369021450078941
-1.6300000000000012	0.10537496087762657
-1.6200000000000012	0.10707685820005333
-1.6100000000000012	0.10879585296850755
-1.6000000000000012	0.11053188574374065
-1.5900000000000012	0.1122848910715063
-1.5800000000000012	0.1140547974088882
-1.5700000000000012	0.11584152705257887
-1.5600000000000012	0.1176449960688473
-1.5500000000000012	0.11946511422542866
-1.5400000000000011	0.12130178492546845
-1.5300000000000011	0.12315490514356053
-1.5200000000000011	0.12502436536385333
-1.5100000000000011	0.1269100495203731
-1.500000000000001	0.12881183493963197
-1.490000000000001	0.13072959228570297
-1.480000000000001	0.1326631855075096
-1.470000000000001	0.1346124717886609
-1.460000000000001	0.13657730149987324
-1.450000000000001	0.13855751815458223
-1.440000000000001	0.1405529583659699
-1.430000000000001	0.14256345180767188
-1.420000000000001	0.14458882117681096
-1.410000000000001	0.14662888216215123
-1.400000000000001	0.14868344341016052
-1.390000000000001	0.15075230649996885
-1.380000000000001	0.15283526591624547
-1.370000000000001	0.15493210903120397
-1.360000000000001	0.15704261608192552
-1.350000000000001	0.15916656015794825
-1.340000000000001	0.16130370718959455
-1.330000000000001	0.16345381593793346
-1.320000000000001	0.165616637990067
-1.310000000000001	0.16779191776049945
-1.300000000000001	0.16997939249117364
-1.290000000000001	0.1721787922481216
-1.280000000000001	0.17438983995333787
-1.270000000000001	0.17661225136865763
-1.260000000000001	0.17884573515749014
-1.2500000000000009	0.18108999282053365
-1.2400000000000009	0.18334471883198034
-1.2300000000000009	0.18560960061178375
-1.2200000000000009	0.1878843183936629
-1.2100000000000009	0.19016854551662804
-1.2000000000000008	0.19246194886928206
-1.1900000000000008	0.19476418753678948
-1.1800000000000008	0.19707491427885435
-1.1700000000000008	0.1993937749630194
-1.1600000000000008	0.20172040871084154
-1.1500000000000008	0.20405444792969177
-1.1400000000000008	0.2063955184153715
-1.1300000000000008	0.20874323938365502
-1.1200000000000008	0.21109722359173724
-1.1100000000000008	0.21345707735687017
-1.1000000000000008	0.21582240067289557
-1.0900000000000007	0.21819278728694325
-1.0800000000000007	0.22056782478510292
-1.0700000000000007	0.22294709468430846
-1.0600000000000007	0.2253301725288645
-1.0500000000000007	0.2277166279925975
-1.0400000000000007	0.23010602498142757
-1.0300000000000007	0.2324979217433411
-1.0200000000000007	0.23489187097944558
-1.0100000000000007	0.2372874199621616
-1.0000000000000007	0.23968411065291717
-0.9900000000000007	0.2420814798301084
-0.9800000000000006	0.2444790592146382
-0.9700000000000006	0.24687637560391976
-0.9600000000000006	0.24927295100649421
-0.9500000000000006	0.25166830278314456
-0.9400000000000006	0.25406194379003494
-0.9300000000000006	0.25645338252616556
-0.9200000000000006	0.2588421232843839
-0.9100000000000006	0.26122766630625366
-0.9000000000000006	0.2636095079402315
-0.8900000000000006	0.26598714080338975
-0.8800000000000006	0.2683600539466935
-0.8700000000000006	0.2707277330236325
-0.8600000000000005	0.27308966046212463
-0.8500000000000005	0.27544531563968694
-0.8400000000000005	0.27779417506181675
-0.8300000000000005	0.28013571254346653
-0.8200000000000005	0.2824693993934686
-0.8100000000000005	0.2847947046019919
-0.8000000000000005	0.28711109503079835
-0.7900000000000005	0.28941803560633833
-0.7800000000000005	0.2917149895153689
-0.7700000000000005	0.29400141840337385
-0.7600000000000005	0.2962767825752683
-0.7500000000000004	0.29854054119870704
-0.7400000000000004	0.3007921525094299
-0.7300000000000004	0.3030310740190486
-0.7200000000000004	0.3052567627247388
-0.7100000000000004	0.3074686753210318
-0.7000000000000004	0.30966626841337563
-0.6900000000000004	0.3118489987335088
-0.6800000000000004	0.31401632335647256
-0.6700000000000004	0.31616769991912486
-0.6600000000000004	0.3183025868400711
-0.6500000000000004	0.32042044354088695
-0.6400000000000003	0.3225207306685005
-0.6300000000000003	0.3246029103186103
-0.6200000000000003	0.3266664462600258
-0.6100000000000003	0.32871080415978754
-0.6000000000000003	0.3307354518089544
-0.5900000000000003	0.3327398593489067
-0.5800000000000003	0.3347234994978612
-0.5700000000000003	0.33668584777865673
-0.5600000000000003	0.3386263827446317
-0.5500000000000003	0.34054458620754086
-0.5400000000000003	0.34243994346431794
-0.5300000000000002	0.3443119435237586
-0.5200000000000002	0.34616007933279186
-0.5100000000000002	0.3479838480022043
-0.5000000000000002	0.3497827510316661
-0.49000000000000027	0.3515562945339451
-0.48000000000000026	0.3533039894581359
-0.47000000000000025	0.35502535181179434
-0.46000000000000024	0.3567199028818201
-0.45000000000000023	0.35838716945395815
-0.4400000000000002	0.3600266840307758
-0.4300000000000002	0.3616379850479712
-0.4200000000000002	0.3632206170888873
-0.4100000000000002	0.36477413109708307
-0.4000000000000002	0.36629808458682567
-0.3900000000000002	0.3677920418513715
-0.38000000000000017	0.36925557416889626
-0.37000000000000016	0.3706882600059384
-0.36000000000000015	0.37208968521822783
-0.35000000000000014	0.37345944324875646
-0.34000000000000014	0.3747971353229732
-0.3300000000000001	0.37610237064095725
-0.3200000000000001	0.37737476656645486
-0.3100000000000001	0.37861394881264565
-0.3000000000000001	0.3798195516245114
-0.2900000000000001	0.3809912179576911
-0.2800000000000001	0.3821285996536905
-0.2700000000000001	0.3832313576113373
-0.26000000000000006	0.3842991619543556
-0.25000000000000006	0.3853316921949507
-0.24000000000000007	0.3863286373932849
-0.23000000000000007	0.3872896963127421
-0.22000000000000006	0.3882145775708648
-0.21000000000000005	0.38910299978586455
-0.20000000000000004	0.38995469171859987
-0.19000000000000003	0.39076939240992065
-0.18000000000000002	0.39154685131328953
-0.17	0.39228682842257473
-0.16	0.3929890943949354
-0.15	0.39365343066870145
-0.13999999999999999	0.3942796295761736
-0.12999999999999998	0.3948674944512505
-0.11999999999999998	0.3954168397316453
-0.10999999999999999	0.39592749105665187
-0.09999999999999999	0.3963992853577747
-0.09	0.39683207094565615
-0.08	0.39722570759060416
-0.07	0.3975800665977187
-0.060000000000000005	0.39789503087638406
-0.05	0.3981704950040718
-0.04	0.3984063652844104
-0.03	0.39860255979947357
-0.02	0.3987590084562494
-0.01	0.398875653027255
0	0.39895244718525796
0.01	0.3989893565320869
0.02	0.3989863586214969
0.03	0.398943442976076
0.04	0.3988606110981743
0.05	0.3987378764748455
0.060000000000000005	0.3985752645767931
0.07	0.39837281285131615
0.08	0.39813057070925884
0.09	0.39784859950596574
0.09999999999999999	0.39752697251625513
0.10999999999999999	0.397165774903421
0.11999999999999998	0.3967651036822838
0.12999999999999998	0.39632506767631115
0.13999999999999999	0.3958457874688329
0.15	0.395327395348554
0.16	0.3947700352483806
0.17	0.3941738626801346
0.18000000000000002	0.39353904466182316
0.19000000000000003	0.39286575964003684
0.20000000000000004	0.39215419740651997
0.21000000000000005	0.391404559009133
0.22000000000000006	0.3906170566572658
0.23000000000000007	0.3897919136217664
0.24000000000000007	0.3889293641294448
0.25000000000000006	0.3880296532522326
0.26000000000000006	0.38709303679105883
0.2700000000000001	0.38611978115452833
0.2800000000000001	0.385110163232483
0.2900000000000001	0.38406447026452134
0.3000000000000001	0.3829829997035767
0.3100000000000001	0.3818660590746325
0.3200000000000001	0.3807139658286779
0.3300000000000001	0.3795270471919963
0.34000000000000014	0.3783056400108896
0.35000000000000014	0.37705009059193684
0.36000000000000015	0.3757607545379024
0.37000000000000016	0.3744379965793923
0.38000000000000017	0.37308219040237955
0.3900000000000002	0.3716937184717085
0.4000000000000002	0.3702729718506932
0.4100000000000002	0.36882035001693486
0.4200000000000002	0.3673362606744787
0.4300000000000002	0.36582111956242847
0.4400000000000002	0.3642753502601545
0.45000000000000023	0.36269938398921403
0.46000000000000024	0.361093659412122
0.47000000000000025	0.35945862242809823
0.48000000000000026	0.3577947259659283
0.49000000000000027	0.3561024297740713
0.5000000000000002	0.35438220020815303
0.5100000000000002	0.35263451001598034
0.5200000000000002	0.3508598381202185
0.5300000000000002	0.3490586693988686
0.5400000000000003	0.34723149446369256
0.5500000000000003	0.3453788094367178
0.5600000000000003	0.34350111572497755
0.5700000000000003	0.3415989197936178
0.5800000000000003	0.3396727329375242
0.5900000000000003	0.33772307105161203
0.6000000000000003	0.3357504544000825
0.6100000000000003	0.33375540738380644
0.6200000000000003	0.3317384583084632
0.6300000000000003	0.32970013915026064
0.6400000000000003	0.32764098532186914
0.6500000000000004	0.3255615354377254
0.6600000000000004	0.323462331079011
0.6700000000000004	0.32134391655844635
0.6800000000000004	0.3192068386850528
0.6900000000000004	0.3170516465290143
0.7000000000000004	0.3148788911867885
0.7100000000000004	0.3126891255466024
0.7200000000000004	0.3104829040544759
0.7300000000000004	0.30826078248090855
0.7400000000000004	0.30602331768836755
0.7500000000000004	0.3037710673997136
0.7600000000000005	0.3015045899676965
0.7700000000000005	0.2992244441456553
0.7800000000000005	0.29693118885955244
0.7900000000000005	0.29462538298147023
0.8000000000000005	0.2923075851047
0.8100000000000005	0.28997835332054467
0.8200000000000005	0.2876382449969615
0.8300000000000005	0.2852878165591646
0.8400000000000005	0.2829276232723054
0.8500000000000005	0.2805582190263488
0.8600000000000005	0.27818015612325897
0.8700000000000006	0.27579398506660496
0.8800000000000006	0.27340025435369697
0.8900000000000006	0.2709995102703598
0.9000000000000006	0.26859229668844437
0.9100000000000006	0.26617915486618465
0.9200000000000006	0.26376062325149024
0.9300000000000006	0.2613372372882777
0.9400000000000006	0.25890952922592775
0.9500000000000006	0.25647802793196084
0.9600000000000006	0.2540432587080174
0.9700000000000006	0.2516057431092246
0.9800000000000006	0.24916599876703385
0.9900000000000007	0.24672453921560067
1.0000000000000007	0.24428187372178725
1.0100000000000007	0.24183850711885485
1.0200000000000007	0.2393949396439144
1.0300000000000007	0.23695166677920113
1.0400000000000007	0.2345091790972338
1.0500000000000007	0.23206796210991348
1.0600000000000007	0.22962849612162398
1.0700000000000007	0.22719125608637586
1.0800000000000007	0.22475671146904955
1.0900000000000007	0.22232532611077765
1.1000000000000008	0.2198975580985103
1.1100000000000008	0.21747385963879837
1.1200000000000008	0.2150546769358325
1.1300000000000008	0.21264045007376825
1.1400000000000008	0.21023161290336245
1.1500000000000008	0.20782859293294786
1.1600000000000008	0.2054318112237678
1.1700000000000008	0.20304168228968625
1.1800000000000008	0.2006586140012897
1.1900000000000008	0.19828300749439223
1.2000000000000008	0.19591525708294935
1.2100000000000009	0.19355575017638915
1.2200000000000009	0.19120486720136096
1.2300000000000009	0.18886298152789638
1.2400000000000009	0.1865304593999867
1.2500000000000009	0.18420765987055843
1.260000000000001	0.18189493474084598
1.270000000000001	0.1795926285041401
1.280000000000001	0.17730107829390176
1.290000000000001	0.1750206138362154
1.300000000000001	0.17275155740656672
1.310000000000001	0.17049422379091256
1.320000000000001	0.16824892025102037
1.330000000000001	0.16601594649404275
1.340000000000001	0.1637955946462974
1.350000000000001	0.16158814923121254
1.360000000000001	0.15939388715140407
1.370000000000001	0.1572130776748394
1.380000000000001	0.15504598242504786
1.390000000000001	0.15289285537532943
1.400000000000001	0.1507539428469174
1.410000000000001	0.14862948351104122
1.420000000000001	0.1465197083948406
1.430000000000001	0.14442484089107432
1.440000000000001	0.14234509677156904
1.450000000000001	0.14028068420435003
1.460000000000001	0.1382318037743921
1.470000000000001	0.136198648507932
1.480000000000001	0.1341814039002758
1.490000000000001	0.13218024794705807
1.500000000000001	0.13019535117876813
1.5100000000000011	0.12822687669876978
1.5200000000000011	0.1262749802243503
1.5300000000000011	0.12433981013102481
1.5400000000000011	0.12242150749990759
1.5500000000000012	0.12052020616809227
1.5600000000000012	0.11863603278197095
1.5700000000000012	0.11676910685341428
1.5800000000000012	0.11491954081873818
1.5900000000000012	0.1130874401003754
1.6000000000000012	0.11127290317118803
1.6100000000000012	0.10947602162131902
1.6200000000000012	0.10769688022752322
1.6300000000000012	0.1059355570248916
1.6400000000000012	0.10419212338088674
1.6500000000000012	0.10246664407161063
1.6600000000000013	0.10075917736022355
1.6700000000000013	0.09906977507743236
1.6800000000000013	0.09739848270396585
1.6900000000000013	0.0957453394549579
1.7000000000000013	0.09411037836615313
1.7100000000000013	0.09249362638185626
1.7200000000000013	0.0908951044445427
1.7300000000000013	0.08931482758604664
1.7400000000000013	0.08775280502024357
1.7500000000000013	0.08620904023717496
1.7600000000000013	0.08468353109845551
1.7700000000000014	0.08317626993398963
1.7800000000000014	0.08168724363983637
1.7900000000000014	0.08021643377717454
1.8000000000000014	0.07876381667228693
1.8100000000000014	0.07732936351747985
1.8200000000000014	0.07591304047286672
1.8300000000000014	0.0745148087689326
1.8400000000000014	0.07313462480980812
1.8500000000000014	0.07177244027717503
1.8600000000000014	0.07042820223472834
1.8700000000000014	0.06910185323311899
1.8800000000000014	0.06779333141533113
1.8900000000000015	0.06650257062235031
1.9000000000000015	0.06522950049914923
1.9100000000000015	0.06397404660084871
1.9200000000000015	0.0627361304990137
1.9300000000000015	0.06151566988801266
1.9400000000000015	0.06031257869137466
1.9500000000000015	0.05912676716807788
1.9600000000000015	0.05795814201870835
1.9700000000000015	0.056806606491422426
1.9800000000000015	0.05567206048765557
1.9900000000000015	0.054554400667516906
2.0000000000000013	0.053453520554808676
2.010000000000001	0.052369310641617484
2.020000000000001	0.05130165849241735
2.0300000000000007	0.05025044884763379
2.0400000000000005	0.049215563726614515
2.0500000000000003	0.04819688252995479
2.06	0.047194282141129605
2.07	0.04620763702738069
2.0799999999999996	0.045236819339816506
2.0899999999999994	0.04428169901267371
2.099999999999999	0.043342143861700926
2.109999999999999	0.04241801968162062
2.1199999999999988	0.041509190342626345
2.1299999999999986	0.0406155178858798
2.1399999999999983	0.0397368626179659
2.149999999999998	0.038873083204264566
2.159999999999998	0.038024036761247305
2.1699999999999977	0.0371895789475538
2.1799999999999975	0.03636956405396754
2.1899999999999973	0.03556384509214632
2.199999999999997	0.034772273882122735
2.209999999999997	0.03399470113854226
2.2199999999999966	0.03323097655561134
2.2299999999999964	0.03248094889073105
2.239999999999996	0.03174446604679447
2.249999999999996	0.03102137515312512
2.259999999999996	0.030311522645036327
2.2699999999999956	0.029614754341994502
2.2799999999999954	0.028930915524365983
2.289999999999995	0.028259851008735213
2.299999999999995	0.027601405221781387
2.3099999999999947	0.02695542227267523
2.3199999999999945	0.026321746024048083
2.3299999999999943	0.025700220161439816
2.339999999999994	0.025090688261276733
2.349999999999994	0.024492993857347812
2.3599999999999937	0.023906980505776568
2.3699999999999934	0.023332491848483607
2.3799999999999932	0.0227693716751347
2.389999999999993	0.022217463983571613
2.399999999999993	0.02167661303872392
2.4099999999999926	0.02114666343000188
2.4199999999999924	0.0206274601271681
2.429999999999992	0.020118848534692837
2.439999999999992	0.019620674544592192
2.4499999999999917	0.019132784587755428
2.4599999999999915	0.018655025683763433
2.4699999999999913	0.01818724548920537
2.479999999999991	0.01772929234450065
2.489999999999991	0.017281015319229695
2.4999999999999907	0.016842264255987605
2.5099999999999905	0.01641288981276443
2.5199999999999902	0.015992743503864867
2.52999999999999	0.01558167773937723
2.53999999999999	0.01517954586320371
2.5499999999999896	0.014786202189663665
2.5599999999999894	0.014401502038682543
2.569999999999989	0.01402530176958122
2.579999999999989	0.013657458813479269
2.5899999999999888	0.01329783170432727
2.5999999999999885	0.012946280108583758
2.6099999999999883	0.012602664853552882
2.619999999999988	0.01226684795439991
2.629999999999988	0.011938692639861186
2.6399999999999877	0.01161806337666666
2.6499999999999875	0.011304825892692886
2.6599999999999873	0.010998847198886299
2.669999999999987	0.010699995609849796
2.679999999999987	0.010408140763428773
2.6899999999999866	0.01012315363889144
2.6999999999999864	0.009844906574044498
2.709999999999986	0.009573273281175307
2.719999999999986	0.009308128861880316
2.7299999999999858	0.009049349820694472
2.7399999999999856	0.008796814077812085
2.7499999999999853	0.008550400980558969
2.759999999999985	0.00830999131390958
2.769999999999985	0.00807546730996297
2.7799999999999847	0.007846712656415749
2.7899999999999845	0.007623612504056858
2.7999999999999843	0.00740605347330247
2.809999999999984	0.007193923659797408
2.819999999999984	0.006987112639106617
2.8299999999999836	0.006785511470506943
2.8399999999999834	0.006589012699919771
2.849999999999983	0.006397510361995301
2.859999999999983	0.006210899981371913
2.869999999999983	0.0060290785731363
2.8799999999999826	0.0058519446425042265
2.8899999999999824	0.00567939818374522
2.899999999999982	0.005511340678372994
2.909999999999982	0.005347675092622254
2.9199999999999817	0.005188305874242744
2.9299999999999815	0.005033138948610137
2.9399999999999813	0.004882081714204914
2.949999999999981	0.004735043037459057
2.959999999999981	0.004591933246999853
2.9699999999999807	0.004452664127311412
2.9799999999999804	0.004317148911834088
2.9899999999999802	0.004185302275524295
2.99999999999998	0.004057040326891125
3.00999999999998	0.003932280599536658
3.0199999999999796	0.0038109420432125883
3.0299999999999794	0.0036929450144193876
3.039999999999979	0.0035782112665631474
3.049999999999979	0.003466663939691822
3.0599999999999787	0.0033582275498295865
3.0699999999999785	0.0032528279779265724
3.0799999999999783	0.003150392458443977
3.089999999999978	0.003050849567592823
3.099999999999978	0.002954129211242855
3.1099999999999777	0.002860162612520055
3.1199999999999775	0.002768882299113015
3.1299999999999772	0.00268022209028751
3.139999999999977	0.002594117083669268
3.149999999999977	0.0025105036417521647
3.1599999999999766	0.002429319378194808
3.1699999999999764	0.0023505031438986338
3.179999999999976	0.0022739950128920997
3.189999999999976	0.0021997362680223516
3.1999999999999758	0.0021276693864973615
3.2099999999999755	0.002057738025255065
3.2199999999999753	0.001989887006203554
3.229999999999975	0.0019240623013315821
3.239999999999975	0.0018602110177067413
3.2499999999999747	0.0017982813823734817
3.2599999999999745	0.0017382227271637769
3.2699999999999743	0.0016799854734323365
3.279999999999974	0.0016235211167485461
3.289999999999974	0.0015687822114340262
3.2999999999999736	0.001515722355266166
3.3099999999999734	0.0014642961739443697
3.319999999999973	0.0014144593056414512
3.329999999999973	0.0013661683855242827
3.3399999999999728	0.0013193810302762428
3.3499999999999726	0.001274055822649872
3.3599999999999723	0.0012301522959374082
3.369999999999972	0.0011876309186736708
3.379999999999972	0.0011464530791726274
3.3899999999999717	0.0011065810702101603
3.3999999999999715	0.0010679780737413965
3.4099999999999713	0.001030608145677829
3.419999999999971	0.0009944362007333275
3.429999999999971	0.0009594279973456569
3.4399999999999706	0.0009255501226801894
3.4499999999999704	0.0008927699776613488
3.45999999999997	0.0008610557624020818
3.46999999999997	0.0008303764611292759
3.47999999999997	0.0008007018278198346
3.4899999999999696	0.0007720023716459958
3.4999999999999694	0.0007442493425374819
3.509999999999969	0.0007174147171728703
3.519999999999969	0.0006914711844804523
3.5299999999999687	0.0006663921318869851
3.5399999999999685	0.0006421516313924682
3.5499999999999683	0.0006187244258450608
3.559999999999968	0.000596085915358107
3.569999999999968	0.0005742121438733622
3.5799999999999677	0.00055307978585474
3.5899999999999674	0.0005326661332208022
3.5999999999999672	0.000512949082257517
3.609999999999967	0.0004939071208627431
3.619999999999967	0.00047551931586141454
3.6299999999999666	0.0004577653005002914
3.6399999999999664	0.0004406252620890475
3.649999999999966	0.000424079929889648
3.659999999999966	0.0004081105630049418
3.6699999999999657	0.0003926989386021699
3.6799999999999655	0.00037782734022223896
3.6899999999999653	0.00036347854627559554
3.699999999999965	0.0003496358187080501
3.709999999999965	0.00033628289184037377
3.7199999999999647	0.0003234039614162757
3.7299999999999645	0.00031098367362984757
3.7399999999999642	0.00029900711471569246
3.749999999999964	0.0002874598003215285
3.759999999999964	0.00027632766524842876
3.7699999999999636	0.00026559705332615275
3.7799999999999634	0.000255254707459952
3.789999999999963	0.00024528775988453416
3.799999999999963	0.00023568372241664973
3.8099999999999627	0.00022643047722754634
3.8199999999999625	0.00021751626743558503
3.8299999999999623	0.00020892968804377753
3.839999999999962	0.00020065967701255824
3.849999999999962	0.00019269550649907922
3.8599999999999617	0.00018502677426435405
3.8699999999999615	0.0001776433952456778
3.8799999999999613	0.00017053559331918624
3.889999999999961	0.0001636938930989359
3.899999999999961	0.00015710911215175636
3.9099999999999606	0.00015077235314479357
3.9199999999999604	0.00014467499614938918
3.92999999999996	0.00013880869133636923
3.93999999999996	0.00013316535156864153
3.9499999999999598	0.00012773714527701267
3.9599999999999596	0.00012251648946316445
3.9699999999999593	0.00011749604285424525
3.979999999999959	0.00011266869920489033
3.989999999999959	0.00010802758074873781
3.9999999999999587	0.00010356603179390119
4.009999999999959	0.000099277612463833
4.019999999999959	0.00009515609257773826
4.0299999999999585	0.00009119544567297144
4.039999999999958	0.00008738984316438322
4.049999999999958	0.00008373364863961497
4.059999999999958	0.0000802214122883817
4.069999999999958	0.00007684786546422682
4.079999999999957	0.00007360791537548653
4.089999999999957	0.00007049663990479793
4.099999999999957	0.00006750928255382507
4.109999999999957	0.00006464124751257208
4.119999999999957	0.00006188809484970044
4.129999999999956	0.00005924553582335397
4.139999999999956	0.00005670942830834753
4.149999999999956	0.00005427577234070397
4.159999999999956	0.00005194070577344575
4.1699999999999555	0.00004970050004838229
4.179999999999955	0.000047551556069497685
4.189999999999955	0.00004549040019140675
4.199999999999955	0.00004351368030871765
4.209999999999955	0.000041618162052617555
4.2199999999999545	0.00003980072508201433
4.229999999999954	0.00003805835948132265
4.239999999999954	0.00003638816225114737
4.249999999999954	0.00003478733390249945
4.259999999999954	0.000033253175110676164
4.269999999999953	0.00003178308352714268
4.279999999999953	0.000030374550620901637
4.289999999999953	0.000029025158608274064
4.299999999999953	0.000027732577526399735
4.3099999999999525	0.0000264945623252297
4.319999999999952	0.000025308950077771605
4.329999999999952	0.00002417365725524804
4.339999999999952	0.00002308667708921158
4.349999999999952	0.000022046077009484444
4.3599999999999515	0.000021049996148422906
4.369999999999951	0.000020096642928217848
4.379999999999951	0.000019184292714467538
4.389999999999951	0.0000183112855400861
4.399999999999951	0.000017476023897318762
4.40999999999995	0.00001667697059635668
4.41999999999995	0.000015912646687827592
4.42999999999995	0.0000151816294491746
4.43999999999995	0.000014482550431965237
4.4499999999999496	0.000013814093569443575
4.459999999999949	0.000013174993342291102
4.469999999999949	0.000012564032980412658
4.479999999999949	0.000011980042825684534
4.489999999999949	0.00001142189853735745
4.4999999999999485	0.000010888519561706602
4.509999999999948	0.000010378867525905472
4.519999999999948	9.89194480768402e-6
4.529999999999948	9.42679294403974e-6
4.539999999999948	8.982491297361622e-6
4.549999999999947	8.558155661624532e-6
4.559999999999947	8.152936932760821e-6
4.569999999999947	7.766019828298627e-6
4.579999999999947	7.396621641933689e-6
4.589999999999947	7.043991043739512e-6
4.599999999999946	6.707406917764067e-6
4.609999999999946	6.386177241255484e-6
4.619999999999946	6.0796379980890335e-6
4.629999999999946	5.78715213127837e-6
4.6399999999999455	5.508108536198689e-6
4.649999999999945	5.241921055088879e-6
4.659999999999945	4.988027572931916e-6
4.669999999999945	4.745889077419701e-6
4.679999999999945	4.514988791283254e-6
4.689999999999944	4.294831293779329e-6
4.699999999999944	4.084941741498696e-6
4.709999999999944	3.884865047884634e-6
4.719999999999944	3.6941651255298294e-6
4.729999999999944	3.512424156214782e-6
4.739999999999943	3.339241848513333e-6
4.749999999999943	3.174234797560257e-6
4.759999999999943	3.0170358004479173e-6
4.769999999999943	2.8672931949050083e-6
4.7799999999999425	2.724670290438895e-6
4.789999999999942	2.5888447445449067e-6
4.799999999999942	2.4595079977360157e-6
4.809999999999942	2.3363647302157502e-6
4.819999999999942	2.2191323202672787e-6
4.8299999999999415	2.1075403397754735e-6
4.839999999999941	2.0013300672663174e-6
4.849999999999941	1.9002540564116536e-6
4.859999999999941	1.8040754747256044e-6
4.869999999999941	1.71256803531517e-6
4.87999999999994	1.6255151489045927e-6
4.88999999999994	1.5427098893705128e-6
4.89999999999994	1.463954389374736e-6
4.90999999999994	1.3890595189857472e-6
4.9199999999999395	1.3178445214024941e-6
4.929999999999939	1.250136666194414e-6
4.939999999999939	1.18577091553535e-6
4.949999999999939	1.1245895999537318e-6
4.959999999999939	1.0664421065686422e-6
4.9699999999999385	1.0111845995831139e-6
4.979999999999938	9.586797018658788e-7
4.989999999999938	9.087962638426574e-7
4.999999999999938	8.614090493887746e-7
5.009999999999938	8.163985134455014e-7
5.019999999999937	7.736505654124798e-7
5.029999999999937	7.330563181688532e-7
5.039999999999937	6.945118695045512e-7
5.049999999999937	6.579180909722592e-7
5.0599999999999365	6.231804060278901e-7
5.069999999999936	5.902086143919468e-7
5.079999999999936	5.589166867951473e-7
5.089999999999936	5.292225863154962e-7
5.099999999999936	5.010480994422196e-7
5.1099999999999355	4.7431864972378976e-7
5.119999999999935	4.4896314884293723e-7
5.129999999999935	4.249138552122119e-7
5.139999999999935	4.021061861351213e-7
5.149999999999935	3.8047869002875565e-7
5.159999999999934	3.5997268827117884e-7
5.169999999999934	3.4053237435757827e-7
5.179999999999934	3.221045492855807e-7
5.189999999999934	3.0463862386722287e-7
5.199999999999934	2.880863219693718e-7
5.209999999999933	2.72401759571722e-7
5.219999999999933	2.575412138636387e-7
5.229999999999933	2.4346306699901516e-7
5.239999999999933	2.3012775073391472e-7
5.2499999999999325	2.174976065967417e-7
5.259999999999932	2.0553671553923766e-7
5.269999999999932	1.9421100027324387e-7
5.279999999999932	1.8348802438485235e-7
5.289999999999932	1.733369282629323e-7
5.299999999999931	1.63728343093702e-7
5.309999999999931	1.5463438608364713e-7
5.319999999999931	1.4602852256650273e-7
5.329999999999931	1.3788554820601448e-7
5.339999999999931	1.301813929783325e-7
5.34999999999993	1.2289342029910184e-7
5.35999999999993	1.1599991701733069e-7
5.36999999999993	1.094803267165046e-7
5.37999999999993	1.0331510141962848e-7
5.3899999999999295	9.748568077417244e-8