-6.429999999999907	9.674948804127556e-9
-6.419999999999908	1.016595381088994e-8
-6.409999999999908	1.0681266844848974e-8
-6.399999999999908	1.122205887138501e-8
-6.389999999999908	1.1789555854764348e-8
-6.379999999999908	1.2385041166125597e-8
-6.369999999999909	1.300985761220489e-8
-6.359999999999909	1.3665412426660145e-8
-6.349999999999909	1.4353173981617023e-8
-6.339999999999909	1.507468169925882e-8
-6.3299999999999095	1.583154548240848e-8
-6.31999999999991	1.6625453890963005e-8
-6.30999999999991	1.7458167104312266e-8
-6.29999999999991	1.833152655269776e-8
-6.28999999999991	1.924746853869896e-8
-6.2799999999999105	2.0208009451338155e-8
-6.269999999999911	2.121525978711194e-8
-6.259999999999911	2.2271423841926732e-8
-6.249999999999911	2.3378812047111797e-8
-6.239999999999911	2.4539839502472446e-8
-6.229999999999912	2.5757031157330385e-8
-6.219999999999912	2.7033024516028607e-8
-6.209999999999912	2.8370579409604435e-8
-6.199999999999912	2.9772581006463646e-8
-6.1899999999999125	3.1242048712563044e-8
-6.179999999999913	3.278213193301334e-8
-6.169999999999913	3.439612577326505e-8
-6.159999999999913	3.608747487122181e-8
-6.149999999999913	3.7859778077514954e-8
-6.1399999999999135	3.971680204574858e-8
-6.129999999999914	4.1662472498122174e-8
-6.119999999999914	4.370089617677966e-8
-6.109999999999914	4.5836367570461737e-8
-6.099999999999914	4.807336849043186e-8
-6.089999999999915	5.0416581930185056e-8
-6.079999999999915	5.2870901110702464e-8
-6.069999999999915	5.54414372971062e-8
-6.059999999999915	5.8133527047121046e-8
-6.0499999999999154	6.095274463070032e-8
-6.039999999999916	6.390491192563424e-8
-6.029999999999916	6.69961076720831e-8
-6.019999999999916	7.02326800434974e-8
-6.009999999999916	7.362125720677795e-8
-5.9999999999999165	7.716875837649752e-8
-5.989999999999917	8.088240718420529e-8
-5.979999999999917	8.476974459963721e-8
-5.969999999999917	8.883864179829603e-8
-5.959999999999917	9.309731446124728e-8
-5.949999999999918	9.755433704088711e-8
-5.939999999999918	1.0221865789694523e-7
-5.929999999999918	1.0709961426165736e-7
-5.919999999999918	1.122069509746679e-7
-5.909999999999918	1.1755083327261462e-7
-5.899999999999919	1.2314186912120563e-7
-5.889999999999919	1.289911233212002e-7
-5.879999999999919	1.3511013902049902e-7
-5.869999999999919	1.415109567577153e-7
-5.8599999999999195	1.4820613510237344e-7
-5.84999999999992	1.5520877224623684e-7
-5.83999999999992	1.6253252751042861e-7
-5.82999999999992	1.7019164528131426e-7
-5.81999999999992	1.7820097873545176e-7
-5.809999999999921	1.8657601416089554e-7
-5.799999999999921	1.9533289712388504e-7
-5.789999999999921	2.0448846142790543e-7
-5.779999999999921	2.140602532235069e-7
-5.769999999999921	2.2406656195465998e-7
-5.759999999999922	2.3452645270212535e-7
-5.749999999999922	2.4545979360911173e-7
-5.739999999999922	2.5688728967356513e-7
-5.729999999999922	2.6883051858938933e-7
-5.7199999999999225	2.8131196244707886e-7
-5.709999999999923	2.943550471989288e-7
-5.699999999999923	3.079841785350085e-7
-5.689999999999923	3.2222478162684267e-7
-5.679999999999923	3.371033418980769e-7
-5.6699999999999235	3.526474470402088e-7
-5.659999999999924	3.6888583112997597e-7
-5.649999999999924	3.8584841977287247e-7
-5.639999999999924	4.035663776101326e-7
-5.629999999999924	4.2207215692654875e-7
-5.619999999999925	4.413995488178544e-7
-5.609999999999925	4.615837354590802e-7
-5.599999999999925	4.826613451748442e-7
-5.589999999999925	5.046705087066635e-7
-5.5799999999999255	5.276509181752817e-7
-5.569999999999926	5.516438880826451e-7
-5.559999999999926	5.766924178755462e-7
-5.549999999999926	6.028412592062791e-7
-5.539999999999926	6.301369810201989e-7
-5.5299999999999265	6.586280430694531e-7
-5.519999999999927	6.883648661463068e-7
-5.509999999999927	7.193999093127012e-7
-5.499999999999927	7.517877477604431e-7
-5.489999999999927	7.855851541523308e-7
-5.479999999999928	8.208511825254534e-7
-5.469999999999928	8.576472557694028e-7
-5.459999999999928	8.960372564536112e-7
-5.449999999999928	9.360876173118373e-7
-5.4399999999999284	9.778674236041275e-7
-5.429999999999929	1.0214485072949447e-6
-5.419999999999929	1.0669055562240334e-6
-5.409999999999929	1.1143162187287592e-6
-5.399999999999929	1.1637612158549775e-6
-5.3899999999999295	1.2153244565758262e-6
-5.37999999999993	1.269093157249898e-6
-5.36999999999993	1.325157965233694e-6
-5.35999999999993	1.383613086784622e-6
-5.34999999999993	1.4445564194475134e-6
-5.339999999999931	1.5080896890583273e-6
-5.329999999999931	1.5743185915347077e-6
-5.319999999999931	1.6433529393672359e-6
-5.309999999999931	1.7153068137244242e-6
-5.299999999999931	1.7902987211238836e-6
-5.289999999999932	1.8684517561769228e-6
-5.279999999999932	1.9498937686004235e-6
-5.269999999999932	2.034757537595942e-6
-5.259999999999932	2.1231809518529015e-6
-5.2499999999999325	2.215307194495804e-6
-5.239999999999933	2.3112849352040616e-6
-5.229999999999933	2.4112685288318214e-6
-5.219999999999933	2.515418220556722e-6
-5.209999999999933	2.623900357735379e-6
-5.199999999999934	2.7368876092490826e-6
-5.189999999999934	2.854559191910596e-6
-5.179999999999934	2.97710110435041e-6
-5.169999999999934	3.104706369033687e-6
-5.159999999999934	3.2375752817849913e-6
-5.149999999999935	3.375915671379971e-6
-5.139999999999935	3.5199431603957095e-6
-5.129999999999935	3.6698814501948803e-6
-5.119999999999935	3.825962594197236e-6
-5.1099999999999355	3.9884272996546115e-6
-5.099999999999936	4.1575252305104126e-6
-5.089999999999936	4.333515312445726e-6
-5.079999999999936	4.516666066424537e-6
-5.069999999999936	4.707255932573582e-6
-5.0599999999999365	4.905573620561314e-6
-5.049999999999937	5.111918461758694e-6
-5.039999999999937	5.326600777404416e-6
-5.029999999999937	5.549942257695469e-6
-5.019999999999937	5.782276343947623e-6
-5.009999999999938	6.023948647106384e-6
-4.999999999999938	6.275317337271022e-6
-4.989999999999938	6.536753602325825e-6
-4.979999999999938	6.808642069417658e-6
-4.9699999999999385	7.091381258039837e-6
-4.959999999999939	7.385384069969518e-6
-4.949999999999939	7.691078254930723e-6
-4.939999999999939	8.008906905783512e-6
-4.929999999999939	8.339328990138786e-6
-4.9199999999999395	8.68281987683672e-6
-4.90999999999994	9.039871855309257e-6
-4.89999999999994	9.410994743433805e-6
-4.88999999999994	9.7967164325025e-6
-4.87999999999994	0.000010197583496204564
-4.869999999999941	0.00001061416180896258
-4.859999999999941	0.000011047037172268736
-4.849999999999941	0.000011496815974549435
-4.839999999999941	0.000011964125860379391
-4.8299999999999415	0.000012449616424883968
-4.819999999999942	0.00001295395991435463
-4.809999999999942	0.000013477851982617985
-4.799999999999942	0.00001402201242787973
-4.789999999999942	0.000014587185974339359
-4.7799999999999425	0.000015174143072795392
-4.769999999999943	0.00001578368073637368
-4.759999999999943	0.00001641662335762543
-4.749999999999943	0.000017073823600720542
-4.739999999999943	0.00001775616330880935
-4.729999999999944	0.00001846455439677754
-4.719999999999944	0.000019199939820670655
-4.709999999999944	0.000019963294553207476
-4.699999999999944	0.00002075562656506165
-4.689999999999944	0.0000215779778776218
-4.679999999999945	0.000022431425618719816
-4.669999999999945	0.000023317083104238362
-4.659999999999945	0.00002423610095364971
-4.649999999999945	0.000025189668264585896
-4.6399999999999455	0.00002617901377134774
-4.629999999999946	0.000027205407057623873
-4.619999999999946	0.000028270159822444218
-4.609999999999946	0.00002937462715639748
-4.599999999999946	0.00003052020883390816
-4.589999999999947	0.00003170835070555971
-4.579999999999947	0.0000329405460556635
-4.569999999999947	0.00003421833702806393
-4.559999999999947	0.00003554331611520567
-4.549999999999947	0.00003691712762592815
-4.539999999999948	0.00003834146924712954
-4.529999999999948	0.000039818093621670824
-4.519999999999948	0.0000413488099700578
-4.509999999999948	0.00004293548574434333
-4.4999999999999485	0.000044580048357550105
-4.489999999999949	0.000046284486922740185
-4.479999999999949	0.000048050854044805934
-4.469999999999949	0.00004988126767052633
-4.459999999999949	0.00005177791298618662
-4.4499999999999496	0.000053743044324952336
-4.43999999999995	0.00005577898717893839
-4.42999999999995	0.00005788814023250896
-4.41999999999995	0.00006007297743422807
-4.40999999999995	0.00006233605013270072
-4.399999999999951	0.00006467998929484711
-4.389999999999951	0.00006710750770226996
-4.379999999999951	0.00006962140228271402
-4.369999999999951	0.00007222455645652221
-4.3599999999999515	0.00007491994253878395
-4.349999999999952	0.00007771062419842286
-4.339999999999952	0.00008059975901645252
-4.329999999999952	0.00008359060103216115
-4.319999999999952	0.00008668650340765278
-4.3099999999999525	0.00008989092113611923
-4.299999999999953	0.00009320741381292413
-4.289999999999953	0.00009663964845643646
-4.279999999999953	0.00010019140242319998
-4.269999999999953	0.00010386656636989579
-4.259999999999954	0.00010766914726840044
-4.249999999999954	0.00011160327154145876
-4.239999999999954	0.00011567318820738913
-4.229999999999954	0.00011988327210647787
-4.2199999999999545	0.00012423802726170349
-4.209999999999955	0.0001287420902175814
-4.199999999999955	0.00013340023351139264
-4.189999999999955	0.00013821736921714118
-4.179999999999955	0.00014319855255780266
-4.1699999999999555	0.0001483489855664408
-4.159999999999956	0.00015367402087101037
-4.149999999999956	0.00015917916554341637
-4.139999999999956	0.00016487008499311312
-4.129999999999956	0.00017075260700385775
-4.119999999999957	0.000176832725815304
-4.109999999999957	0.0001831166062749079
-4.099999999999957	0.00018961058811073128
-4.089999999999957	0.0001963211902852726
-4.079999999999957	0.00020325511538102505
-4.069999999999958	0.0002104192541524689
-4.059999999999958	0.00021782069012427673
-4.049999999999958	0.000225466704268688
-4.039999999999958	0.0002333647797959808
-4.0299999999999585	0.00024152260705335735
-4.019999999999959	0.0002499480884509258
-4.009999999999959	0.0002586493435515668
-3.9999999999999587	0.0002676347142276139
-3.989999999999959	0.0002769127698904163
-3.979999999999959	0.00028649231285018506
-3.9699999999999593	0.0002963823837619884
-3.9599999999999596	0.0003065922671622203
-3.9499999999999598	0.00031713149709232006
-3.93999999999996	0.00032800986287155127
-3.92999999999996	0.00033923741490832687
-3.9199999999999604	0.0003508244706291684
-3.9099999999999606	0.0003627816205459718
-3.899999999999961	0.000375119734383247
-3.889999999999961	0.0003878499673023063
-3.8799999999999613	0.00040098376628029735
-3.8699999999999615	0.0004145328765423289
-3.8599999999999617	0.00042850934810050706
-3.849999999999962	0.00044292554242833076
-3.839999999999962	0.0004577941392237411
-3.8299999999999623	0.0004731281432408487
-3.8199999999999625	0.0004889408912939852
-3.8099999999999627	0.00050524605932754
-3.799999999999963	0.000522057669574335
-3.789999999999963	0.0005393900978459157
-3.7799999999999634	0.0005572580809516516
-3.7699999999999636	0.0005756767241400508
-3.759999999999964	0.0005946615087364115
-3.749999999999964	0.0006142282998407382
-3.7399999999999642	0.0006343933541162648
-3.7299999999999645	0.000655173327710036
-3.7199999999999647	0.000676585284288711
-3.709999999999965	0.0006986467031204552
-3.699999999999965	0.0007213754873078859
-3.6899999999999653	0.0007447899721339849
-3.6799999999999655	0.0007689089334460652
-3.6699999999999657	0.0007937515961853696
-3.659999999999966	0.0008193376430435064
-3.649999999999966	0.000845687223142108
-3.6399999999999664	0.0008728209608517766
-3.6299999999999666	0.0009007599647361283
-3.619999999999967	0.0009295258365289622
-3.609999999999967	0.0009591406802297539
-3.5999999999999672	0.000989627111313023
-3.5899999999999674	0.0010210082660108957
-3.5799999999999677	0.001053307810631319
-3.569999999999968	0.0010865499510891471
-3.559999999999968	0.0011207594423900096
-3.5499999999999683	0.0011559615982484847
-3.5399999999999685	0.001192182300817124
-3.5299999999999687	0.0012294480104543437
-3.519999999999969	0.0012677857755286777
-3.509999999999969	0.0013072232424110111
-3.4999999999999694	0.0013477886654282864
-3.4899999999999696	0.0013895109169123324
-3.47999999999997	0.0014324194973427946
-3.46999999999997	0.0014765445455318374
-3.45999999999997	0.0015219168488283608
-3.4499999999999704	0.001568567853436339
-3.4399999999999706	0.001616529674762269
-3.429999999999971	0.0016658351077712158
-3.419999999999971	0.0017165176374154087
-3.4099999999999713	0.0017686114491524162
-3.3999999999999715	0.0018221514393768872
-3.3899999999999717	0.0018771732259817522
-3.379999999999972	0.0019337131589143674
-3.369999999999972	0.0019918083307257184
-3.3599999999999723	0.002051496587173038
-3.3499999999999726	0.002112816537798224
-3.3399999999999728	0.0021758075665551995
-3.329999999999973	0.0022405098423720457
-3.319999999999973	0.0023069643297830363
-3.3099999999999734	0.002375212799473269
-3.2999999999999736	0.0024452978388379175
-3.289999999999974	0.002517262862539376
-3.279999999999974	0.00259115212300386
-3.2699999999999743	0.002667010720851708
-3.2599999999999745	0.0027448846153714634
-3.2499999999999747	0.0028248206348545873
-3.239999999999975	0.0029068664868983417
-3.229999999999975	0.002991070768673862
-3.2199999999999753	0.0030774829770866528
-3.2099999999999755	0.003166153518835781
-3.1999999999999758	0.0032571337204539037
-3.189999999999976	0.0033504758381856224
-3.179999999999976	0.003446233067771978
-3.1699999999999764	0.0035444595541512663
-3.1599999999999766	0.003645210401017469
-3.149999999999977	0.0037485416802080012
-3.139999999999977	0.003854510441021085
-3.1299999999999772	0.00396317471935247
-3.1199999999999775	0.0040745935466272795
-3.1099999999999777	0.004188826958631921
-3.099999999999978	0.0043059360041485225
-3.089999999999978	0.004425982753352557
-3.0799999999999783	0.004549030306061473
-3.0699999999999785	0.0046751427997677964
-3.0599999999999787	0.004804385417412608
-3.049999999999979	0.00493682439496016
-3.039999999999979	0.005072527028742093
-3.0299999999999794	0.005211561682500135
-3.0199999999999796	0.005353997794185028
-3.00999999999998	0.005499905882521988
-2.99999999999998	0.0056493575531901775
-2.9899999999999802	0.0058024255047845665
-2.9799999999999804	0.005959183534433507
-2.9699999999999807	0.006119706543095621
-2.959999999999981	0.006284070540472384
-2.949999999999981	0.0064523526496748414
-2.9399999999999813	0.00662463111140944
-2.9299999999999815	0.006800985287846164
-2.9199999999999817	0.006981495666109798
-2.909999999999982	0.007166243861329515
-2.899999999999982	0.007355312619262965
-2.8899999999999824	0.007548785818555499
-2.8799999999999826	0.007746748472496825
-2.869999999999983	0.007949286730286666
-2.859999999999983	0.00815648787795336
-2.849999999999983	0.008368440338673745
-2.8399999999999834	0.008585233672593881
-2.8299999999999836	0.0088069585762065
-2.819999999999984	0.00903370688116192
-2.809999999999984	0.009265571552491416
-2.7999999999999843	0.009502646686345945
-2.7899999999999845	0.009745027507136739
-2.7799999999999847	0.009992810364052534
-2.769999999999985	0.010246092727007109
-2.759999999999985	0.010504973182008898
-2.7499999999999853	0.010769551425765814
-2.7399999999999856	0.011039928259810802
-2.7299999999999858	0.011316205583876547
-2.719999999999986	0.011598486388568592
-2.709999999999986	0.011886874747397445
-2.6999999999999864	0.01218147580812898
-2.6899999999999866	0.012482395783317491
-2.679999999999987	0.012789741940199382
-2.669999999999987	0.013103622589786455
-2.6599999999999873	0.013424147075225462
-2.6499999999999875	0.013751425759317992
-2.6399999999999877	0.014085570011348266
-2.629999999999988	0.014426692193009624
-2.619999999999988	0.014774905643534822
-2.6099999999999883	0.015130324664043356
-2.5999999999999885	0.015493064500965933
-2.5899999999999888	0.01586324132862207
-2.579999999999989	0.01624097223097162
-2.569999999999989	0.016626375182421875
-2.5599999999999894	0.017019569027732537
-2.5499999999999896	0.01742067346104748
-2.53999999999999	0.01782980900397148
-2.52999999999999	0.018247096982664388
-2.5199999999999902	0.018672659504062026
-2.5099999999999905	0.019106619431090273
-2.4999999999999907	0.019549100356859965
-2.489999999999991	0.02000022657797287
-2.479999999999991	0.02046012306673533
-2.4699999999999913	0.02092891544241284
-2.4599999999999915	0.021406729941431852
-2.4499999999999917	0.021893693386622566
-2.439999999999992	0.022389933155288526
-2.429999999999992	0.022895577146366947
-2.4199999999999924	0.023410753746483305
-2.4099999999999926	0.023935591794887336
-2.399999999999993	0.024470220547378824
-2.389999999999993	0.025014769639172842
-2.3799999999999932	0.025569369046586445
-2.3699999999999934	0.02613414904771587
-2.3599999999999937	0.026709240182003324
-2.349999999999994	0.027294773208658172
-2.339999999999994	0.027890879063994848
-2.3299999999999943	0.028497688817708967
-2.3199999999999945	0.02911533362795103
-2.3099999999999947	0.029743944695320566
-2.299999999999995	0.030383653215793484
-2.289999999999995	0.031034590332447418
-2.2799999999999954	0.03169688708608531
-2.2699999999999956	0.032370674364796195
-2.259999999999996	0.03305608285234314
-2.249999999999996	0.033753242975410894
-2.239999999999996	0.03446228484982302
-2.2299999999999964	0.03518333822558024
-2.2199999999999966	0.03591653243077653
-2.209999999999997	0.036661996314479056
-2.199999999999997	0.037419858188472994
-2.1899999999999973	0.03819024576786935
-2.1799999999999975	0.03897328611071691
-2.1699999999999977	0.03976910555651912
-2.159999999999998	0.040577829663588576
-2.149999999999998	0.041399583145453875
-2.1399999999999983	0.042234489806220334
-2.1299999999999986	0.04308267247478914
-2.1199999999999988	0.0439442529381677
-2.109999999999999	0.04481935187373908
-2.099999999999999	0.04570808878049515
-2.0899999999999994	0.0466105819093424
-2.0799999999999996	0.04752694819246474
-2.07	0.048457303171653046
-2.06	0.049401760925796
-2.0500000000000003	0.050360433997475855
-2.0400000000000005	0.05133343331857338
-2.0300000000000007	0.052320868135105815
-2.020000000000001	0.05332284593124531
-2.010000000000001	0.05433947235243073
-2.0000000000000013	0.05537085112773009
-1.9900000000000015	0.056417083991499035
-1.9800000000000015	0.057478270604209764
-1.9700000000000015	0.058554508472597605
-1.9600000000000015	0.059645892869181226
-1.9500000000000015	0.060752516751084035
-1.9400000000000015	0.06187447067820959
-1.9300000000000015	0.0630118427309324
-1.9200000000000015	0.06416471842714778
-1.9100000000000015	0.06533318063880932
-1.9000000000000015	0.06651730950804695
-1.8900000000000015	0.06771718236280733
-1.8800000000000014	0.06893287363203077
-1.8700000000000014	0.07016445476057219
-1.8600000000000014	0.07141199412373982
-1.8500000000000014	0.07267555694149462
-1.8400000000000014	0.07395520519250522
-1.8300000000000014	0.07525099752796693
-1.8200000000000014	0.07656298918519949
-1.8100000000000014	0.07789123190123139
-1.8000000000000014	0.07923577382629007
-1.7900000000000014	0.08059665943721386
-1.7800000000000014	0.08197392945097753
-1.7700000000000014	0.08336762073829482
-1.7600000000000013	0.08477776623726085
-1.7500000000000013	0.08620439486726374
-1.7400000000000013	0.08764753144315057
-1.7300000000000013	0.08910719658955496
-1.7200000000000013	0.09058340665568494
-1.7100000000000013	0.0920761736305009
-1.7000000000000013	0.09358550505825797
-1.6900000000000013	0.09511140395461114
-1.6800000000000013	0.09665386872333213
-1.6700000000000013	0.09821289307354886
-1.6600000000000013	0.09978846593770788
-1.6500000000000012	0.10138057139032461
-1.6400000000000012	0.10298918856747576
-1.6300000000000012	0.10461429158711884
-1.6200000000000012	0.10625584947045971
-1.6100000000000012	0.10791382606418445
-1.6000000000000012	0.10958817996373987
-1.5900000000000012	0.11127886443781142
-1.5800000000000012	0.11298582735390857
-1.5700000000000012	0.11470901110512938
-1.5600000000000012	0.11644835253836476
-1.5500000000000012	0.11820378288373623
-1.5400000000000011	0.11997522768549883
-1.5300000000000011	0.12176260673446805
-1.5200000000000011	0.12356583400198295
-1.5100000000000011	0.1253848175754204
-1.500000000000001	0.12721945959551118
-1.490000000000001	0.12906965619535404
-1.480000000000001	0.13093529744118196
-1.470000000000001	0.13281626727510948
-1.460000000000001	0.1347124434598136
-1.450000000000001	0.13662369752511888
-1.440000000000001	0.13854989471676826
-1.430000000000001	0.14049089394732975
-1.420000000000001	0.14244654774920892
-1.410000000000001	0.14441670223000813
-1.400000000000001	0.14640119703024393
-1.390000000000001	0.14839986528335428
-1.380000000000001	0.15041253357822063
-1.370000000000001	0.15243902192426112
-1.360000000000001	0.154479143718976
-1.350000000000001	0.1565327057181943
-1.340000000000001	0.15859950800908695
-1.330000000000001	0.1606793439858102
-1.320000000000001	0.16277200032800287
-1.310000000000001	0.1648772569822468
-1.300000000000001	0.16699488714632346
-1.290000000000001	0.16912465725649797
-1.280000000000001	0.17126632697788982
-1.270000000000001	0.17341964919786987
-1.260000000000001	0.1755843700225707
-1.2500000000000009	0.1777602287766994
-1.2400000000000009	0.17994695800649005
-1.2300000000000009	0.1821442834859342
-1.2200000000000009	0.18435192422643185
-1.2100000000000009	0.18656959248975952
-1.2000000000000008	0.18879699380439174
-1.1900000000000008	0.19103382698541407
-1.1800000000000008	0.19327978415788055
-1.1700000000000008	0.19553455078361912
-1.1600000000000008	0.197797805691743
-1.1500000000000008	0.20006922111273395
-1.1400000000000008	0.20234846271606793
-1.1300000000000008	0.2046351896516135
-1.1200000000000008	0.2069290545947345
-1.1100000000000008	0.20922970379498967
-1.1000000000000008	0.21153677712869778
-1.0900000000000007	0.21384990815527918
-1.0800000000000007	0.21616872417725613
-1.0700000000000007	0.21849284630416194
-1.0600000000000007	0.22082188952030674
-1.0500000000000007	0.22315546275622652
-1.0400000000000007	0.22549316896407287
-1.0300000000000007	0.22783460519688595
-1.0200000000000007	0.2301793626916269
-1.0100000000000007	0.23252702695608327
-1.0000000000000007	0.2348771778597409
-0.9900000000000007	0.23722938972835722
-0.9800000000000006	0.23958323144244273
-0.9700000000000006	0.24193826653965034
-0.9600000000000006	0.2442940533208899
-0.9500000000000006	0.24665014496025997
-0.9400000000000006	0.24900608961891013
-0.9300000000000006	0.25136143056255583
-0.9200000000000006	0.25371570628273016
-0.9100000000000006	0.2560684506219221
-0.9000000000000006	0.2584191929023099
-0.8900000000000006	0.26076745805811075
-0.8800000000000006	0.2631127667717352
-0.8700000000000006	0.2654546356134668
-0.8600000000000005	0.26779257718462857
-0.8500000000000005	0.270126100264428
-0.8400000000000005	0.2724547099602258
-0.8300000000000005	0.27477790786114886
-0.8200000000000005	0.2770951921951988
-0.8100000000000005	0.279406057989711
-0.8000000000000005	0.2817099972349128
-0.7900000000000005	0.28400649905087244
-0.7800000000000005	0.2862950498575947
-0.7700000000000005	0.2885751335480405
-0.7600000000000005	0.2908462316643115
-0.7500000000000004	0.29310782357681686
-0.7400000000000004	0.29535938666626366
-0.7300000000000004	0.29760039650784587
-0.7200000000000004	0.2998303270598575
-0.7100000000000004	0.3020486508529261
-0.7000000000000004	0.3042548391829167
-0.6900000000000004	0.30644836230617384
-0.6800000000000004	0.3086286896369536
-0.6700000000000004	0.3107952899472111
-0.6600000000000004	0.31294763156870825
-0.6500000000000004	0.3150851825970157
-0.6400000000000003	0.31720741109754913
-0.6300000000000003	0.31931378531366733
-0.6200000000000003	0.32140377387637176
-0.6100000000000003	0.3234768460156722
-0.6000000000000003	0.3255324717737222
-0.5900000000000003	0.32757012221925136
-0.5800000000000003	0.3295892696632903
-0.5700000000000003	0.3315893878763402
-0.5600000000000003	0.333569952306516
-0.5500000000000003	0.33553044029860063
-0.5400000000000003	0.33747033131421217
-0.5300000000000002	0.3393891071525902
-0.5200000000000002	0.34128625217188563
-0.5100000000000002	0.3431612535112036
-0.5000000000000002	0.3450136013129426
-0.49000000000000027	0.3468427889441948
-0.48000000000000026	0.3486483132234703
-0.47000000000000025	0.35042967463751107
-0.46000000000000024	0.3521863775675904
-0.45000000000000023	0.3539179305108462
-0.4400000000000002	0.35562384630221855
-0.4300000000000002	0.3573036423355387
-0.4200000000000002	0.3589568407841802
-0.4100000000000002	0.3605829688210108
-0.4000000000000002	0.36218155883708064
-0.3900000000000002	0.36375214865935934
-0.38000000000000017	0.3652942817673539
-0.37000000000000016	0.3668075075083233
-0.36000000000000015	0.3682913813105986
-0.35000000000000014	0.3697454648961796
-0.34000000000000014	0.37116932649041706
-0.3300000000000001	0.37256254103061553
-0.3200000000000001	0.373924690372372
-0.3100000000000001	0.37525536349351873
-0.3000000000000001	0.3765541566960039
-0.2900000000000001	0.37782067380527173
-0.2800000000000001	0.3790545263668134
-0.2700000000000001	0.3802553338403026
-0.26000000000000006	0.38142272379078734
-0.25000000000000006	0.38255633207673684
-0.24000000000000007	0.3836558030351516
-0.23000000000000007	0.3847207896634766
-0.22000000000000006	0.38575095379788676
-0.21000000000000005	0.386745966288256
-0.20000000000000004	0.38770550716959107
-0.19000000000000003	0.3886292658294847
-0.18000000000000002	0.38951694117169233
-0.17	0.39036824177653273
-0.16	0.3911828860555953
-0.15	0.3919606024037157
-0.13999999999999999	0.3927011293460448
-0.12999999999999998	0.3934042156806428
-0.11999999999999998	0.39406962061658146
-0.10999999999999999	0.39469711390756446
-0.09999999999999999	0.3952864759806197
-0.09	0.3958374980599597
-0.08	0.39634998228608814
-0.07	0.39682374182972024
-0.060000000000000005	0.3972586010005468
-0.05	0.39765439535097935
-0.04	0.39801097177449396
-0.03	0.39832818859854513
-0.02	0.39860591567221393
-0.01	0.398844034448246
0	0.3990424380594539
0.01	0.3992010313895979
0.02	0.399319731138528
0.03	0.39939846588143524
0.04	0.3994371761224581
0.05	0.3994358143423877
0.060000000000000005	0.3993943450403256
0.07	0.3993127447695346
0.08	0.3991910021673076
0.09	0.3990291179786509
0.09999999999999999	0.3988271050740567
0.10999999999999999	0.3985849884611977
0.11999999999999998	0.3983028052904012
0.12999999999999998	0.3979806048540953
0.13999999999999999	0.3976184485801733
0.15	0.3972164100190897
0.16	0.3967745748248715
0.17	0.39629304073008237
0.18000000000000002	0.395771917514492
0.19000000000000003	0.3952113269676702
0.20000000000000004	0.39461140284557317
0.21000000000000005	0.3939722908209003
0.22000000000000006	0.3932941484273867
0.23000000000000007	0.3925771449981754
0.24000000000000007	0.3918214615980382
0.25000000000000006	0.3910272909496568
0.26000000000000006	0.39019483735399424
0.2700000000000001	0.38932431660476424
0.2800000000000001	0.3884159558969631
0.2900000000000001	0.3874699937297624
0.3000000000000001	0.38648667980354956
0.3100000000000001	0.3854662749112842
0.3200000000000001	0.38440905082431465
0.3300000000000001	0.38331529017263016
0.34000000000000014	0.3821852863195413
0.35000000000000014	0.38101934323109954
0.36000000000000015	0.3798177753401708
0.37000000000000016	0.37858090740518135
0.38000000000000017	0.377309074363837
0.3900000000000002	0.3760026211817832
0.4000000000000002	0.3746619026962103
0.4100000000000002	0.3732872834546939
0.4200000000000002	0.3718791375493065
0.4300000000000002	0.3704378484459579
0.4400000000000002	0.36896380880929613
0.45000000000000023	0.36745742032321504
0.46000000000000024	0.36591909350692925
0.47000000000000025	0.3643492475269265
0.48000000000000026	0.36274831000491364
0.49000000000000027	0.3611167168216889
0.5000000000000002	0.35945491191724677
0.5100000000000002	0.35776334708734375
0.5200000000000002	0.3560424817759757
0.5300000000000002	0.35429278286532306
0.5400000000000003	0.3525147244616161
0.5500000000000003	0.3507087876781856
0.5600000000000003	0.3488754604154476
0.5700000000000003	0.3470152371380616
0.5800000000000003	0.3451286186493475
0.5900000000000003	0.34321611186305956
0.6000000000000003	0.34127822957286064
0.6100000000000003	0.3393154902194429
0.6200000000000003	0.3373284176554696
0.6300000000000003	0.3353175409086601
0.6400000000000003	0.3332833939429926
0.6500000000000004	0.33122651541816683
0.6600000000000004	0.3291474484476788
0.6700000000000004	0.3270467403554706
0.6800000000000004	0.3249249424313249
0.6900000000000004	0.32278260968530065
0.7000000000000004	0.32062030060125646
0.7100000000000004	0.31843857688955457
0.7200000000000004	0.3162380032392672
0.7300000000000004	0.3140191470699761
0.7400000000000004	0.31178257828318856
0.7500000000000004	0.309528869013733
0.7600000000000005	0.3072585933812137
0.7700000000000005	0.3049723272415704
0.7800000000000005	0.3026706479390334
0.7900000000000005	0.30035413405863587
0.8000000000000005	0.29802336517927175
0.8100000000000005	0.2956789216276183
0.8200000000000005	0.29332138423302384
0.8300000000000005	0.29095133408348095
0.8400000000000005	0.2885693522827887
0.8500000000000005	0.2861760197092388
0.8600000000000005	0.2837719167757159
0.8700000000000006	0.2813576231914923
0.8800000000000006	0.27893371772592435
0.8900000000000006	0.27650077797401285
0.9000000000000006	0.27405938012404163
0.9100000000000006	0.27161009872754105
0.9200000000000006	0.2691535064715088
0.9300000000000006	0.26669017395311395
0.9400000000000006	0.2642206694570756
0.9500000000000006	0.2617455587357206
0.9600000000000006	0.25926540479185045
0.9700000000000006	0.256780767664663
0.9800000000000006	0.25429220421871834
0.9900000000000007	0.25180026793603033
1.0000000000000007	0.24930550871156512
1.0100000000000007	0.24680847265211112
1.0200000000000007	0.24430970187858495
1.0300000000000007	0.24180973433203415
1.0400000000000007	0.23930910358333757
1.0500000000000007	0.23680833864661222
1.0600000000000007	0.2343079637965989
1.0700000000000007	0.23180849838998416
1.0800000000000007	0.22931045669075723
1.0900000000000007	0.22681434769969544
1.1000000000000008	0.2243206749881124
1.1100000000000008	0.2218299365357815
1.1200000000000008	0.21934262457325734
1.1300000000000008	0.21685922542864058
1.1400000000000008	0.2143802193787186
1.1500000000000008	0.21190608050466161
1.1600000000000008	0.20943727655218997
1.1700000000000008	0.20697426879711614
1.1800000000000008	0.204517511913864
1.1900000000000008	0.20206745385047573
1.2000000000000008	0.19962453570743255
1.2100000000000009	0.19718919162141796
1.2200000000000009	0.19476184865396817
1.2300000000000009	0.19234292668487335
1.2400000000000009	0.18993283831044683
1.2500000000000009	0.1875319887467161
1.260000000000001	0.18514077573743695
1.270000000000001	0.18275958946702606
1.280000000000001	0.18038881247840602
1.290000000000001	0.17802881959576589
1.300000000000001	0.1756799778521581
1.310000000000001	0.17334264642208766
1.320000000000001	0.17101717655895965
1.330000000000001	0.16870391153735828
1.340000000000001	0.16640318660026623
1.350000000000001	0.16411532891103686
1.360000000000001	0.1618406575104913
1.370000000000001	0.1595794832781859
1.380000000000001	0.15733210889913798
1.390000000000001	0.1550988288349077
1.400000000000001	0.15287992929946959
1.410000000000001	0.15067568823980396
1.420000000000001	0.14848637532101608
1.430000000000001	0.14631225191610175
1.440000000000001	0.14415357110025911
1.450000000000001	0.1420105776496544
1.460000000000001	0.13988350804458904
1.470000000000001	0.13777259047715268
1.480000000000001	0.1356780448630714
1.490000000000001	0.13360008285787567
1.500000000000001	0.13153890787728964
1.5100000000000011	0.1294947151216904
1.5200000000000011	0.12746769160464072
1.5300000000000011	0.1254580161854779
1.5400000000000011	0.12346585960574394
1.5500000000000012	0.12149138452948763
1.5600000000000012	0.11953474558737615
1.5700000000000012	0.11759608942444628
1.5800000000000012	0.11567555475148607
1.5900000000000012	0.11377327239995624
1.6000000000000012	0.11188936538037694
1.6100000000000012	0.11002394894400894
1.6200000000000012	0.10817713064790266
1.6300000000000012	0.1063490104230962
1.6400000000000012	0.10453968064589644
1.6500000000000012	0.10274922621219607
1.6600000000000013	0.10097772461475009
1.6700000000000013	0.09922524602318171
1.6800000000000013	0.09749185336683601
1.6900000000000013	0.0957776024202382
1.7000000000000013	0.09408254189106183
1.7100000000000013	0.09240671351061014
1.7200000000000013	0.09075015212667215
1.7300000000000013	0.08911288579856315
1.7400000000000013	0.0874949358944175
1.7500000000000013	0.08589631719052748
1.7600000000000013	0.08431703797266331
1.7700000000000014	0.08275710013925924
1.7800000000000014	0.08121649930642287
1.7900000000000014	0.07969522491461355
1.8000000000000014	0.07819326033689579
1.8100000000000014	0.07671058298876292
1.8200000000000014	0.07524716443928228
1.8300000000000014	0.07380297052358079
1.8400000000000014	0.07237796145658695
1.8500000000000014	0.07097209194783917
1.8600000000000014	0.06958531131733661
1.8700000000000014	0.06821756361236136
1.8800000000000014	0.06686878772510363
1.8900000000000015	0.0655389175110523
1.9000000000000015	0.06422788190806823
1.9100000000000015	0.06293560505600845
1.9200000000000015	0.061662006416859885
1.9300000000000015	0.0604070008952621
1.9400000000000015	0.059170498959347395
1.9500000000000015	0.05795240676181789
1.9600000000000015	0.05675262626115214
1.9700000000000015	0.05557105534293789
1.9800000000000015	0.05440758794108248
1.9900000000000015	0.053262114159042064
2.0000000000000013	0.052134520390835694
2.010000000000001	0.05102468944178375
2.020000000000001	0.049932500648963346
2.0300000000000007	0.04885783000129483
2.0400000000000005	0.04780055025908377
2.0500000000000003	0.04676053107310004
2.06	0.045737639103040205
2.07	0.04473173813528521
2.0799999999999996	0.043742689199970666
2.0899999999999994	0.04277035068724419
2.099999999999999	0.041814578462659145
2.109999999999999	0.040875225981661184
2.1199999999999988	0.03995214440310194
2.1299999999999986	0.039045182701730304
2.1399999999999983	0.038154187779566466
2.149999999999998	0.03727900457621329
2.159999999999998	0.036419476177891506
2.1699999999999977	0.03557544392534006
2.1799999999999975	0.03474674752036271
2.1899999999999973	0.033933225131096936
2.199999999999997	0.033134713495887876
2.209999999999997	0.03235104802578535
2.2199999999999966	0.031582062905600596
2.2299999999999964	0.03082759119342655
2.239999999999996	0.03008746491872935
2.249999999999996	0.029361515178833703
2.259999999999996	0.028649572233838228
2.2699999999999956	0.027951465599943763
2.2799999999999954	0.02726702414112821
2.289999999999995	0.026596076159169306
2.299999999999995	0.025938449481985187
2.3099999999999947	0.025293971550255673
2.3199999999999945	0.024662469502339746
2.3299999999999943	0.024043770257437397
2.339999999999994	0.023437700596991382
2.349999999999994	0.022844087244306855
2.3599999999999937	0.022262756942399983
2.3699999999999934	0.02169353653003033
2.3799999999999932	0.02113625301594546
2.389999999999993	0.020590733651255872
2.399999999999993	0.02005680600007499
2.4099999999999926	0.019534298008236008
2.4199999999999924	0.01902303807023548
2.429999999999992	0.018522855094317312
2.439999999999992	0.018033578565744085
2.4499999999999917	0.017555038608187003
2.4599999999999915	0.017087066043344475
2.4699999999999913	0.016629492448693915
2.479999999999991	0.016182150213418758
2.489999999999991	0.015744872592539972
2.4999999999999907	0.015317493759230107
2.5099999999999905	0.014899848855299531
2.5199999999999902	0.014491774039945655
2.52999999999999	0.014093106536687904
2.53999999999999	0.013703684678508507
2.5499999999999896	0.013323347951311466
2.5599999999999894	0.012951937035587544
2.569999999999989	0.012589293846352824
2.579999999999989	0.012235261571430182
2.5899999999999888	0.011889684707977508
2.5999999999999885	0.01155240909738977
2.6099999999999883	0.011223281958522041
2.619999999999988	0.010902151919296351
2.629999999999988	0.010588869046685165
2.6399999999999877	0.010283284875108118
2.6499999999999875	0.00998525243324963
2.6599999999999873	0.009694626269377931
2.669999999999987	0.009411262475046098
2.679999999999987	0.009135018707389324
2.6899999999999866	0.008865754209900977
2.6999999999999864	0.008603329831768267
2.709999999999986	0.008347608045775737
2.719999999999986	0.008098452964855476
2.7299999999999858	0.007855730357179012
2.7399999999999856	0.007619307659986557
2.7499999999999853	0.0073890539920741325
2.759999999999985	0.007164840164961464
2.769999999999985	0.006946538692845395
2.7799999999999847	0.006734023801284174
2.7899999999999845	0.00652717143468932
2.7999999999999843	0.006325859262637144
2.809999999999984	0.006129966685040181
2.819999999999984	0.005939374836167979
2.8299999999999836	0.005753966587629036
2.8399999999999834	0.0055736265502360546
2.849999999999983	0.005398241074866941
2.859999999999983	0.0052276982523186055
2.869999999999983	0.0050618879121766954
2.8799999999999826	0.004900701620729673
2.8899999999999824	0.004744032678002945
2.899999999999982	0.0045917761138475465
2.909999999999982	0.004443828683209446
2.9199999999999817	0.004300088860546374
2.9299999999999815	0.00416045683344684
2.9399999999999813	0.004024834495469494
2.949999999999981	0.0038931254382320794
2.959999999999981	0.003765234942781791
2.9699999999999807	0.0036410699702716844
2.9799999999999804	0.003520539151962292
2.9899999999999802	0.0034035527786023057
2.99999999999998	0.003290022789171944
3.00999999999998	0.003179862759050448
3.0199999999999796	0.003072987887634332
3.0299999999999794	0.002969314985393762
3.039999999999979	0.002868762460440181
3.049999999999979	0.0027712503045998808
3.0599999999999787	0.002676700079028493
3.0699999999999785	0.002585034899382945
3.0799999999999783	0.0024961794205962708
3.089999999999978	0.002410059821244535
3.099999999999978	0.002326603787544057
3.1099999999999777	0.0022457404970456563
3.1199999999999775	0.0021674006019463945
3.1299999999999772	0.0020915162121374416
3.139999999999977	0.002018020877980513
3.149999999999977	0.0019468495727947318
3.1599999999999766	0.0018779386751273204
3.1699999999999764	0.0018112259508043112
3.179999999999976	0.0017466505347754643
3.189999999999976	0.001684152912782396
3.1999999999999758	0.0016236749028667695
3.2099999999999755	0.0015651596367334947
3.2199999999999753	0.00150855154098809
3.229999999999975	0.0014537963182649888
3.239999999999975	0.0014008409282594586
3.2499999999999747	0.0013496335687136628
3.2599999999999745	0.0013001236562661242
3.2699999999999743	0.0012522618073593495
3.279999999999974	0.0012059998190302574
3.289999999999974	0.0011612906497263191
3.2999999999999736	0.0011180884001187035
3.3099999999999734	0.0010763482939024338
3.319999999999973	0.0010360266586569762
3.329999999999973	0.0009970809067054052
3.3399999999999728	0.0009594695160315274
3.3499999999999726	0.0009231520112827975
3.3599999999999723	0.0008880889448092132
3.369999999999972	0.0008542418778022193
3.379999999999972	0.0008215733615176755
3.3899999999999717	0.0007900469186115229
3.3999999999999715	0.0007596270245591679
3.4099999999999713	0.0007302790892303712
3.419999999999971	0.0007019694385605145
3.429999999999971	0.0006746652963772203
3.4399999999999706	0.0006483347663715365
3.4499999999999704	0.0006229468141935657
3.45999999999997	0.0005984712497401804
3.46999999999997	0.0005748787095891204
3.47999999999997	0.0005521406396054583
3.4899999999999696	0.0005302292777295457
3.4999999999999694	0.0005091176369384246
3.509999999999969	0.0004887794884082709
3.519999999999969	0.0004691893448547464
3.5299999999999687	0.0004503224440721526
3.5399999999999685	0.0004321547326835708
3.5499999999999683	0.0004146628500832572
3.559999999999968	0.0003978241125951927
3.569999999999968	0.00038161649783736084
3.5799999999999677	0.0003660186293056878
3.5899999999999674	0.0003510097611669095
3.5999999999999672	0.000336569763275369
3.609999999999967	0.0003226791064158417
3.619999999999967	0.0003093188477611426
3.6299999999999666	0.0002964706165501345
3.6399999999999664	0.00028411660001996096
3.649999999999966	0.0002722395295172875
3.659999999999966	0.00026082266688420104
3.6699999999999657	0.00024984979104800673
3.6799999999999655	0.00023930518484315978
3.6899999999999653	0.0002291736220618801
3.699999999999965	0.00021944035475415094
3.709999999999965	0.00021009110071286245
3.7199999999999647	0.0002011120312384663
3.7299999999999645	0.00019248975909566624
3.7399999999999642	0.00018421132671821616
3.749999999999964	0.00017626419462654375
3.759999999999964	0.0001686362300828025
3.7699999999999636	0.00016131569596422457
3.7799999999999634	0.00015429123986233069
3.789999999999963	0.00014755188340361474
3.799999999999963	0.0001410870117916261
3.8099999999999627	0.00013488636356705894
3.8199999999999625	0.00012894002058464485
3.8299999999999623	0.00012323839821281712
3.839999999999962	0.00011777223573009198
3.849999999999962	0.0001125325869481508
3.8599999999999617	0.00010751081104983477
3.8699999999999615	0.00010269856360049545
3.8799999999999613	0.00009808778780655164
3.889999999999961	0.0000936707059550971
3.899999999999961	0.00008943981103804901
3.9099999999999606	0.00008538785861423933
3.9199999999999604	0.00008150785882720112
3.92999999999996	0.000077793068643409
3.93999999999996	0.00007423698424205346
3.9499999999999598	0.00007083333365170554
3.9599999999999596	0.00006757606950739866
3.9699999999999593	0.00006445936203294641
3.979999999999959	0.00006147759217958169
3.989999999999959	0.00005862534495138692
3.9999999999999587	0.000055897402889569285
4.009999999999959	0.00005328873975433124
4.019999999999959	0.000050794514327362
4.0299999999999585	0.00004841006443084203
4.039999999999958	0.00004613090106829196
4.049999999999958	0.00004395270274494965
4.059999999999958	0.00004187130992914347
4.069999999999958	0.00003988271967457836
4.079999999999957	0.00003798308040173378
4.089999999999957	0.00003616868678622175
4.099999999999957	0.00003443597484478295
4.109999999999957	0.00003278151712508877
4.119999999999957	0.000031202018037181344
4.129999999999956	0.00002969430933391129
4.139999999999956	0.00002825534571009719
4.149999999999956	0.000026882200536106053
4.159999999999956	0.00002557206171809317
4.1699999999999555	0.000024322227673088195
4.179999999999955	0.000023130103442148656
4.189999999999955	0.000021993196904399084
4.199999999999955	0.00002090911511250629
4.209999999999955	0.000019875560736752805
4.2199999999999545	0.000018890328636047907
4.229999999999954	0.000017951302506011995
4.239999999999954	0.000017056451660924096
4.249999999999954	0.00001620382789210839
4.259999999999954	0.00001539156244985144
4.269999999999953	0.00001461786310008054
4.279999999999953	0.000013881011296349225
4.289999999999953	0.000013179359422988132
4.299999999999953	0.000012511328146040754
4.3099999999999525	0.000011875403831659102
4.319999999999952	0.000011270136077005958
4.329999999999952	0.000010694135296040689
4.339999999999952	0.000010146070391538905
4.349999999999952	9.624666535405892e-6
4.3599999999999515	9.128702972183537e-6
4.369999999999951	8.657010939155921e-6
4.379999999999951	8.20847164450327e-6
4.389999999999951	7.782014307958783e-6
4.399999999999951	7.376614278399568e-6
4.40999999999995	6.991291216806505e-6
4.41999999999995	6.6251073378404855e-6
4.42999999999995	6.277165716298369e-6
4.43999999999995	5.946608652666789e-6
4.4499999999999496	5.632616106907978e-6
4.459999999999949	5.334404159246337e-6
4.469999999999949	5.051223570892075e-6
4.479999999999949	4.782358355192476e-6
4.489999999999949	4.5271244260673354e-6
4.4999999999999485	4.284868289989833e-6
4.509999999999948	4.054965780079945e-6
4.519999999999948	3.836820840273355e-6
4.529999999999948	3.6298643691324078e-6
4.539999999999948	3.433553075095198e-6
4.549999999999947	3.2473684194683096e-6
4.559999999999947	3.070815542158005e-6
4.569999999999947	2.903422293272807e-6
4.579999999999947	2.7447382423036446e-6
4.589999999999947	2.5943337664038502e-6
4.599999999999946	2.4517991560484447e-6
4.609999999999946	2.316743759139324e-6
4.619999999999946	2.1887951579280803e-6
4.629999999999946	2.067598379208073e-6
4.6399999999999455	1.9528151363518046e-6
4.649999999999945	1.8441230945530926e-6
4.659999999999945	1.7412151795478671e-6
4.669999999999945	1.643798901144424e-6
4.679999999999945	1.5515957046012034e-6
4.689999999999944	1.4643403585202057e-6
4.699999999999944	1.3817803606133596e-6
4.709999999999944	1.3036753623004221e-6
4.719999999999944	1.229796626685035e-6
4.729999999999944	1.159926507778652e-6
4.739999999999943	1.0938579420060469e-6
4.749999999999943	1.0313939719349186e-6
4.759999999999943	9.723472836774661e-7
4.769999999999943	9.165397657330967e-7
4.7799999999999425	8.638020858631136e-7
4.789999999999942	8.139732858946752e-7
4.799999999999942	7.669003941392857e-7
4.809999999999942	7.224380539009574e-7
4.819999999999942	6.804481682774099e-7
4.8299999999999415	6.407995599649524e-7
4.839999999999941	6.03367646233461e-7
4.849999999999941	5.68034127825529e-7
4.859999999999941	5.34686690831189e-7
4.869999999999941	5.032187225476653e-7
4.87999999999994	4.7352903920754217e-7
4.88999999999994	4.4552162830449983e-7
4.89999999999994	4.1910539552386687e-7
4.90999999999994	3.941939328128181e-7
4.9199999999999395	3.707052869723822e-7
4.929999999999939	3.485617462852925e-7
4.939999999999939	3.2768963268127657e-7
4.949999999999939	3.0801910436306183e-7
4.959999999999939	2.8948396773624523e-7
4.9699999999999385	2.7202149761726054e-7
4.979999999999938	2.555722658260134e-7
4.989999999999938	2.400799774916182e-7
4.999999999999938	2.254913151631036e-7
5.009999999999938	2.1175579005894133e-7
5.019999999999937	1.9882560018952065e-7
5.029999999999937	1.8665549538034587e-7
5.039999999999937	1.7520264890852368e-7
5.049999999999937	1.6442653310213112e-7
5.0599999999999365	1.542888034650137e-7
5.069999999999936	1.4475318893391605e-7
5.079999999999936	1.3578538356785614e-7
5.089999999999936	1.2735294646045638e-7
5.099999999999936	1.1942520588047124e-7
5.1099999999999355	1.1197316707474868e-7
5.119999999999935	1.0496942721269875e-7
5.129999999999935	9.838808944740027e-8
5.139999999999935	9.220468781696219e-8
5.149999999999935	8.639610925922763e-8
5.159999999999934	8.094052448381865e-8
5.169999999999934	7.58173191455697e-8
5.179999999999934	7.100703051652733e-8
5.189999999999934	6.649128587181551e-8
5.199999999999934	6.225274433990882e-8
5.209999999999933	5.8275042526743265e-8
5.219999999999933	5.4542740834779455e-8
5.229999999999933	5.1041274417303416e-8
5.239999999999933	4.775690712015711e-8
5.2499999999999325	4.467668535527482e-8
5.259999999999932	4.1788395953363984e-8
5.269999999999932	3.9080525221442055e-8
5.279999999999932	3.6542222550885614e-8
5.289999999999932	3.4163262195556274e-8
5.299999999999931	3.193400968547442e-8
5.309999999999931	2.984539135533866e-8
5.319999999999931	2.7888856256278867e-8
5.329999999999931	2.60563554170937e-8
5.339999999999931	2.4340311949245295e-8
5.34999999999993	2.2733588728889736e-8
5.35999999999993	2.1229476245059907e-8
5.36999999999993	1.982164753794223e-8
5.37999999999993	1.8504163076555464e-8
5.3899999999999295	1.7271435167736402e-8
5.399999999999929	1.6118195625470243e-8
5.409999999999929	1.5039503395939127e-8
5.419999999999929	1.403070491216341e-8
5.429999999999929	1.3087429766500866e-8
5.4399999999999284	1.2205570319584676e-8
5.449999999999928	1.1381265812596917e-8
5.459999999999928	1.0610888521329764e-8
5.469999999999928	9.89103132323988e-9