-5.649999999999924	9.6416123838209819280356491021943380887811999575672e-8
-5.639999999999924	1.0160159954249161575144180745245257953224971035694e-7
-5.629999999999924	1.0705680449501321931083430624543206597591916012865e-7
-5.619999999999925	1.1279526016459215775482586210574641984659518632816e-7
-5.609999999999925	1.188311383532371027306296236584961678079084006049e-7
-5.599999999999925	1.2517929103283022158774254293694252518869808319212e-7
-5.589999999999925	1.3185528147743521942859456388965914388272103996772e-7
-5.5799999999999255	1.3887541674389436988165489596939386723564596283584e-7
-5.569999999999926	1.4625678155534784669419416244102165856774243055277e-7
-5.559999999999926	1.540172736443445668950653535450112114794087479266e-7
-5.549999999999926	1.6217564061431739695600556577250298036694374924772e-7
-5.539999999999926	1.707515183803688502153014068233183064019792964482e-7
-5.5299999999999265	1.797654712525582481948734402123066728644325104567e-7
-5.519999999999927	1.8923903372719969897461795365420005038945821622456e-7
-5.509999999999927	1.9919475405407416835385032520701070629119193117909e-7
-5.499999999999927	2.0965623964993042716153504861523687910185697687146e-7
-5.489999999999927	2.2064820443120083085699567683296836788142614825988e-7
-5.479999999999928	2.3219651814149084245915569215754354714410879994416e-7
-5.469999999999928	2.443282577521181004941396260271182741074934920803e-7
-5.459999999999928	2.5707176101677985009965009665591587712692250812162e-7
-5.449999999999928	2.704566822643189237888616577255944725415804839212e-7
-5.4399999999999284	2.8451405051654044046948172985314388826720535657289e-7
-5.429999999999929	2.9927633002110628419667583135309157623234177847236e-7
-5.419999999999929	3.1477748329270455961242943329366038503601283223007e-7
-5.409999999999929	3.3105303675895896505166132838970131575579042330399e-7
-5.399999999999929	3.4814014911091077635547751634100803323564958408196e-7
-5.3899999999999295	3.660776824613763267982076271338027383545200174876e-7
-5.37999999999993	3.8490627641805796548032345009075088338154305562352e-7
-5.36999999999993	4.046684251819689734607281278350818180847874553584e-7
-5.35999999999993	4.2540855778552533936173416958440580487183829405629e-7
-5.34999999999993	4.4717312158856219886301836635890421628334387293832e-7
-5.339999999999931	4.7001066915455270808128839608325578661351021225589e-7
-5.329999999999931	4.9397194863344475874942943134327818018320052170977e-7
-5.319999999999931	5.1910999778178888824582778149727432222328765994032e-7
-5.309999999999931	5.4548024175521164878915499381186683918636862928247e-7
-5.299999999999931	5.7314059481279525891593461883888099105497846338285e-7
-5.289999999999932	6.0215156607755926898087414774004603019813822259454e-7
-5.279999999999932	6.3257636950200595228127078893951590899692249059398e-7
-5.269999999999932	6.6448103819259092320772069402780683306729246276769e-7
-5.259999999999932	6.9793454325201683757851684220615751842011941477049e-7
-5.2499999999999325	7.3300891730342371526277497355819470475881222360625e-7
-5.239999999999933	7.6977938286586721958460203959899811559976128256462e-7
-5.229999999999933	8.0832448575593891874025663375437442251939105493503e-7
-5.219999999999933	8.4872623369599293465505852314500201715378100793113e-7
-5.209999999999933	8.9107024031520425103797769471295634233585422718774e-7
-5.199999999999934	9.3544587473559810236723240825030645322649144523711e-7
-5.189999999999934	9.8194641694126009459876118075274380913793027405074e-7
-5.179999999999934	1.0306692191351658068576511795879881770466609181419e-6
-5.169999999999934	1.081715873294459373269572399361192641353794810611e-6
-5.159999999999934	1.1351923851415657157758593780947594767854631064311e-6
-5.149999999999935	1.1912093547552434474445790139609367329421542248842e-6
-5.139999999999935	1.2498821640525777277912228663108677229579362134686e-6
-5.129999999999935	1.3113311713799772406242572303478471435294646840776e-6
-5.119999999999935	1.3756819134584796679056285451811157095168942374556e-6
-5.1099999999999355	1.4430653149360882061559041023484287687044608487829e-6
-5.099999999999936	1.5136179058074604358824739791794188270958398881488e-6
-5.089999999999936	1.5874820469690527904167151327446418715370717283087e-6
-5.079999999999936	1.664806164185791514932957179117252203927198072323e-6
-5.069999999999936	1.7457449907534968463567544132507698684818472488766e-6
-5.0599999999999365	1.8304598191496336128512749711138620947820885922076e-6
-5.049999999999937	1.9191187619735009202145522211243744039909428569566e-6
-5.039999999999937	2.0118970224857083690462975108825712915650749218387e-6
-5.029999999999937	2.1089771750657185670567069599287077938399788368674e-6
-5.019999999999937	2.2105494559153677244597455115047030773741767155248e-6
-5.009999999999938	2.3168120643456099229178671955621604930591929592787e-6
-4.999999999999938	2.4279714749932682163659473446892934069215531378491e-6
-4.989999999999938	2.5442427613243189455439611565992370585658269851304e-6
-4.979999999999938	2.6658499307901863146587915391247050326824597496769e-6
-4.9699999999999385	2.7930262720136840658675325240986533276279109647113e-6
-4.959999999999939	2.9260147143916115557412242338918005210570691309177e-6
-4.949999999999939	3.0650682005115941235164939024847889360097585320898e-6
-4.939999999999939	3.2104500717915536475599857514948258974356941967075e-6
-4.929999999999939	3.3624344677612057777400661533713403049607489746185e-6
-4.9199999999999395	3.5213067394162065227685391222449316030118436894893e-6
-4.90999999999994	3.6873638770870135218867748862707903843865179179219e-6
-4.89999999999994	3.8609149532761871331714946619489493639958081347102e-6
-4.88999999999994	4.0422815809297339458415237435514892385220002159834e-6
-4.87999999999994	4.2317983876201908077799595776875698751478540496293e-6
-4.869999999999941	4.4298135061314610961754293171974493238566583413792e-6
-4.859999999999941	4.6366890819479466909350705372661597455095996566402e-6
-4.849999999999941	4.8528017981632686678426335757051524158528043839934e-6
-4.839999999999941	5.0785434183368366201491455999160606189661113778112e-6
-4.8299999999999415	5.3143213478397100202909366388494097743581411004952e-6
-4.819999999999942	5.5605592142445941822479450809272297981876926304261e-6
-4.809999999999942	5.8176974673284269611292304965756461898153428904554e-6
-4.799999999999942	6.086193999269838847359348257024484950607831749804e-6
-4.789999999999942	6.36652478563780682066750039374209908539574943583e-6
-4.7799999999999425	6.6591845477820691797916604129112962607538605374054e-6
-4.769999999999943	6.9646874372503222151768896828328566534022020451124e-6
-4.759999999999943	7.2835677428718773918891389174581646224990999981136e-6
-4.749999999999943	7.6163806211623166845455381907860273660268141297697e-6
-4.739999999999943	7.9637028507187405472832141905135159072429852459298e-6
-4.729999999999944	8.326133611290454055194338756944805400390747305179e-6
-4.719999999999944	8.7042952882253780057344424810780679917708294182953e-6
-4.709999999999944	9.0988343030080988340190334262008466607462249390969e-6
-4.699999999999944	9.5104219706212793045226911744563302501276743332625e-6
-4.689999999999944	9.9397553844781359254252643728491160386432305642324e-6
-4.679999999999945	0.000010387558329689843311436982490136096197843232059328
-4.669999999999945	0.000010854582225448044292442201024118462852502609365589
-4.659999999999945	0.000011341607097319120986541617176398223449433029034528
-4.649999999999945	0.000011849442580263509432878560649498938812806446886575
-4.6399999999999455	0.000012378928953210111352012646773462612388785417096901
-4.629999999999946	0.000012930938206032763329771493678839818481784606133165
-4.619999999999946	0.000013506375139792757870836468773692066011657406054431
-4.609999999999946	0.000014106178501128563499171594308853584386988709913927
-4.599999999999946	0.000014731322151691153029935903169317808169769898006757
-4.589999999999947	0.00001538281627354071040137773980219175016513901501567
-4.579999999999947	0.000016061708611437936584217517410512828762873913078544
-4.569999999999947	0.000016769085752980703063826243770883822133340079544967
-4.559999999999947	0.000017506074447554395621198680966163281515184993414341
-4.549999999999947	0.00001827384296508193943249577268888248872426495463427
-4.539999999999948	0.000019073602495577186065744328690006739707167432533176
-4.529999999999948	0.000019906608590523060356553507206001721061007486076886
-4.519999999999948	0.000020774162647113596335095297306842110783390365491721
-4.509999999999948	0.000021677613436416721645848667944255536833843541248228
-4.4999999999999485	0.000022618358676532363876522162692239421918232865368408
-4.489999999999949	0.000023597846651838133841080082669366580486509697836045
-4.479999999999949	0.000024617577879432473399206424772153567405149716766443
-4.469999999999949	0.000025679106823902721389933178501203326991240062221415
-4.459999999999949	0.00002678404366156303254001146352740649816936043945128
-4.4499999999999496	0.000027934056095324461874617753460239340750066664859994
-4.43999999999995	0.000029130871221376781560178903179161633276482830258062
-4.42999999999995	0.000030376277448878707839164421180855015761080660290827
-4.41999999999995	0.000031672126473870161596681763246745460126295473334202
-4.40999999999995	0.000033020335308636945168034658630748682535914626765459
-4.399999999999951	0.000034422888367774767500223098575242598297664989104441
-4.389999999999951	0.000035881839612215866158353697977119867895216111799007
-4.379999999999951	0.000037399314752497533543493740382912252714739528320283
-4.369999999999951	0.000038977513512567630858439423874133524142366459708004
-4.3599999999999515	0.000040618711955437640782537026707048344486677644265698
-4.349999999999952	0.000042325264872008941610709417223313933579314677838646
-4.339999999999952	0.000044099608234412754035331747180408044090593144979909
-4.329999999999952	0.0000459442617152185882000824778671908080455174735552
-4.319999999999952	0.000047861831273879973659765030347207180434432162983956
-4.3099999999999525	0.000049855011811799758089807786610899113902987802954894
-4.299999999999953	0.000051926589897410280771114943963516203485981730528209
-4.289999999999953	0.000054079446562676231909164814599649304306666329485259
-4.279999999999953	0.000056316560172439965716778792170796297608352312344461
-4.269999999999953	0.000058641009368040409987164535955563193182510532624517
-4.259999999999954	0.000061055976086647472797476096064841416385191350782696
-4.249999999999954	0.000063564748657763952301552910338848937710315812016166
-4.239999999999954	0.000066170724978356371679556357382378367561451794262213
-4.229999999999954	0.000068877415768084850695331935793864497481655866143346
-4.2199999999999545	0.000071688447906110049551525305841387641901231190499984
-4.209999999999955	0.000074607567850962340510586049182187312785945836375371
-4.199999999999955	0.000077638645144964637853680855448166453420345785973247
-4.189999999999955	0.000080785676004705706074609061342399247902752595033292
-4.179999999999955	0.000084052786999065227761677286503954676048692683397344
-4.1699999999999555	0.000087444238816295403537914097335809625323652252574137
-4.159999999999956	0.000090964430121666332969178928131134564647807127840252
-4.149999999999956	0.000094617901507183842909871631525605991935189256617566
-4.139999999999956	0.000098409339534888742886373971262509905559096196995813
-4.129999999999956	0.00010234358087524564953088242925305871186795405613892
-4.119999999999957	0.00010642561654212748666125630970596276948051017240448
-4.109999999999957	0.00011066059622589848643624978981465206259898426681594
-4.099999999999957	0.00011505383272609394138946748498195027152907841827744
-4.089999999999957	0.00011961080648518903757685267550702353916288546246433
-4.079999999999957	0.00012433717022494178532698356149749774105953361434271
-4.069999999999958	0.00012923875368678630519675908638943863792335876025484
-4.059999999999958	0.00013432156847774247103727491404095616963897265800669
-4.049999999999958	0.00013959181302329610721581693634461773743928652235584
-4.039999999999958	0.00014505587762869053001739445031022422550774326630463
-4.0299999999999585	0.00015072034965005516043746010088015548397216215315095
-4.019999999999959	0.00015659201877678016275905442751562976206270307586074
-4.009999999999959	0.00016267788242652752570682493751628105559301196245097
-3.9999999999999587	0.00016898515125424893041278183905482446627941389631913
-3.989999999999959	0.00017552125477655653034139470204851002180345850174812
-3.979999999999959	0.00018229384711277452865094348297374103392618399701382
-3.9699999999999593	0.00018931081284396345798579813313262215352136873339876
-3.9599999999999596	0.00019658027299119064374260781841084680102075441837614
-3.9499999999999598	0.00020411059111428419267471180926953771159780293215105
-3.93999999999996	0.00021191037953227732051906035556524380777135908871126
-3.92999999999996	0.00021998850566671487504369956343755037641765014278449
-3.9199999999999604	0.00022835409850895695239389697869301762266325385028852
-3.9099999999999606	0.00023701655521257521166838415620577361617012995026034
-3.899999999999961	0.00024598554781189580716893465409381242036128116944428
-3.889999999999961	0.00025527103006769872163049030126069259564472704242437
-3.8799999999999613	0.00026488324444103663892027036196888817762638178243056
-3.8699999999999615	0.0002748327291960872832933002377923434241394347482916
-3.8599999999999617	0.00028513032563290131661162673687819744584265785624399
-3.849999999999962	0.0002957871854508533675500234247520291318323403723924
-3.839999999999962	0.00030681477824354651064069949675617038042088646988285
-3.8299999999999623	0.00031822489912586046138965761020004023494966030017408
-3.8199999999999625	0.00033002967649377085045855625038175086348423783616677
-3.8099999999999627	0.00034224157991750112945234431060939633342184078474652
-3.799999999999963	0.00035487342816849988824363212653721073135554200371367
-3.789999999999963	0.00036793839738066457479769974220677931269893574176253
-3.7799999999999634	0.00038145002934615774976037552796869150560977930579118
-3.7699999999999636	0.00039542223994608402717182840157530038517359426053179
-3.759999999999964	0.00040986932771621469811471927562927378286465238351019
-3.749999999999964	0.00042480598254786265553576362993933393728634069726352
-3.7399999999999642	0.00044024729452392258673047322535406644454820702256343
-3.7299999999999645	0.00045620876289000042717897027039847719839466468617185
-3.7199999999999647	0.00047270630516046172908636115557972027674263093437304
-3.709999999999965	0.00048975626635913084512963362215121846525023510456949
-3.699999999999965	0.00050737542839427161915995059233808982138078137080965
-3.6899999999999653	0.00052558101956737556927715771239970099543015134437204
-3.6799999999999655	0.00054439072421517530492095495227919787989481511596828
-3.6699999999999657	0.00056382269248418910047624070757772485411358511020726
-3.659999999999966	0.00058389555023698711747442617493900048232853548551578
-3.649999999999966	0.00060462840908925069204880233880945515295015305000351
-3.6399999999999664	0.00062604087657657335240275277395345369967786249623514
-3.6299999999999666	0.00064815306644982577359729493700841682672445913309825
-3.619999999999967	0.00067098560909777668739188975677653578730424261847518
-3.609999999999967	0.00069455966209552781924439793021693204119968279294011
-3.5999999999999672	0.00071889692087718320171228598299083060075050911712367
-3.5899999999999674	0.00074401962953103169509713553829237815577401980467186
-3.5799999999999677	0.00076995059171537621694307710691712290363707704687891
-3.569999999999968	0.00079671318169299402977427740229931003074298326160042
-3.559999999999968	0.00082433135548205945233483275474503059157231904433075
-3.5499999999999683	0.00085282966212120353806353551663832050944815043873047
-3.5399999999999685	0.00088223325504622460360229766065133833000801206606435
-3.5299999999999687	0.00091256790357579899145638344530901378564324042149082
-3.519999999999969	0.00094386000450337311993332031337164620441645692139716
-3.509999999999969	0.00097613659379224571953346500025447100384920949800695
-3.4999999999999694	0.0010094253583706731914399935664804586939292129601265
-3.4899999999999696	0.0010437546480236512682256798340511621472031014869211
-3.47999999999997	0.0010791534873778426312306472311427553961404499980808
-3.46999999999997	0.0011156515879759328695792499030629902151903719014959
-3.45999999999997	0.0011532793604365061833735498134382946873369905976712
-3.4499999999999704	0.0011920679266953375738020945809389462318765412185933
-3.4399999999999706	0.0012320491323237999661401713169821046967988300998506
-3.429999999999971	0.0012732555589198828232517541203552406007206304630458
-3.419999999999971	0.0013157205365671133776774635953016383599653479433454
-3.4099999999999713	0.0013594781563564626953593562611006944022628686916381
-3.3999999999999715	0.0014045632829661064444975466443883099768479925787324
-3.3899999999999717	0.0014510115672936945453960313637370843178566727494726
-3.379999999999972	0.001498859459135564893451553886450697250319276098826
-3.369999999999972	0.0015481442199071141553792108199458083925625297338825
-3.3599999999999723	0.0015989039353983133218698570249042001342052303365818
-3.3499999999999726	0.001651177528558127347576838707069602012084904222993
-3.3399999999999728	0.0017050047723013669171040476416071972354021058276356
-3.329999999999973	0.0017604263023312662451223986333970869659030779010895
-3.319999999999973	0.0018174836299708439577270742283597403343121599017585
-3.3099999999999734	0.0018762191549958646248529256973330233334764629728098
-3.2999999999999736	0.0019366761784619765406155003384813925220014821179356
-3.289999999999974	0.001998898915518357006992234696051545315665138774562
-3.279999999999974	0.0020629325081999498000677556023493578573354646738133
-3.2699999999999743	0.0021288230381901308275996257394847423734778893815262
-3.2599999999999745	0.0021966175395453873691491419848588802743381058055659
-3.2499999999999747	0.0022663640113733438795426777438184724251360715264628
-3.239999999999975	0.0023381114304552132939692113567072068832099296775506
-3.229999999999975	0.0024119097638034972665359253029130327542310304596712
-3.2199999999999753	0.0024878099811455019785772314474365845214338396610299
-3.2099999999999755	0.0025658640673229782504964946389124134923458859746306
-3.1999999999999758	0.0026461250345979358705805116436757550129480312363951
-3.189999999999976	0.0027286469348544225123782721568484399170462452631544
-3.179999999999976	0.002813484871685797552365889885546167798094062955771
-3.1699999999999764	0.0029006950123567707324109559834610786005536435762519
-3.1599999999999766	0.0029903345996292151548897168622626665605272409273388
-3.149999999999977	0.0030824619634405037772966097450213816967125951999358
-3.139999999999977	0.0031771365324228586201198611429643530702157170185943
-3.1299999999999772	0.0032744188452519425561328741995491854217965951012532
-3.1199999999999775	0.0033743705618126650577326175304923092289046869298725
-3.1099999999999777	0.0034770544741699158953455748160993367489424957954916
-3.099999999999978	0.0035825345173316847651198114794828687590769291369012
-3.089999999999978	0.0036908757797917704460775651545677356900655269019883
-3.0799999999999783	0.0038021445138390306205542480160939978755999085699877
-3.0699999999999785	0.0039164081456198732189532787024746983856366027543662
-3.0599999999999787	0.0040337352849404423592965246465170220971045031742343
-3.049999999999979	0.0041541957347947069391896445656182643109814529458026
-3.039999999999979	0.0042778605006044180047384805600529567423849142057644
-3.0299999999999794	0.0044048017991566624762683100261898961122274304967162
-3.0199999999999796	0.0045350930672245059694430557165609660752007664176905
-3.00999999999998	0.004668808969855986633861376931000165036594628171639
-2.99999999999998	0.0048060254083164954668530087737808125067272668729057
-2.9899999999999802	0.0049468195276693567814123280784783708440168382199491
-2.9799999999999804	0.0050912697239792057531852390203240953859591697877793
-2.9699999999999807	0.0052394556511225485869833986828344380593419978386852
-2.959999999999981	0.0053914582271896851786697338846499148109600211031077
-2.949999999999981	0.0055473596404619745588866925038076725444203543863957
-2.9399999999999813	0.0057072433549482302514215878578894096538150774672406
-2.9299999999999815	0.0058711941154638463262191823673741285220343843084386
-2.9199999999999817	0.0060392979522360757448718765891584283834496677276661
-2.909999999999982	0.0062116421850187109588098761823483357225978177241001
-2.899999999999982	0.0063883154266992530053294252580867501749243502928398
-2.8899999999999824	0.0065694075863814999356889212402098829113658015329018
-2.8799999999999826	0.0067550098719263386878259527213852025784443161041339
-2.869999999999983	0.0069452147919333868719514909236799145725810886656808
-2.859999999999983	0.0071401161571460027612788149836965479854990895971873
-2.849999999999983	0.0073398090812620634657959417383033242565037999454306
-2.8399999999999834	0.0075443899811328032097272924863137504418438675574333
-2.8299999999999836	0.0077539565763319062303110806483118421526094316858117
-2.819999999999984	0.0079686078880769624652485291347478054326402154735588
-2.809999999999984	0.0081884442374853192981238810898977469913701676791225
-2.7999999999999843	0.0084135672431462995852734282660747107818231013835822
-2.7899999999999845	0.0086440798179917053941664586235970548395302580225359
-2.7799999999999847	0.0088800861654464887422406020216483046245479042630502
-2.769999999999985	0.0091216917748414455354809158694777503760277278139613
-2.759999999999985	0.0093690034160697772658519084397649537462624157903792
-2.7499999999999853	0.0096221291334693672323621981791727283722927365678584
-2.7399999999999856	0.0098811782389126344963393174647239427717087344253759
-2.7299999999999858	0.010146261304085859859108740447044448670194440033911
-2.719999999999986	0.010417490151939924248317551298267022891448965692415
-2.709999999999986	0.01069497784729446140264389481888226981181385676815
-2.6999999999999864	0.01097883868657750403451040747535728831159097191004
-2.6899999999999866	0.011269188186682796102966160980672458321015587290117
-2.679999999999987	0.011566143072927053815245272832963397221607231880312
-2.669999999999987	0.011869821266089584861069152477689023862068747388269
-2.6599999999999873	0.012180341868516819527687187534165638835261995106884
-2.6499999999999875	0.012497825149274469098274974925570700264263075203394
-2.6399999999999877	0.012822392528330206646560843445774133697751223276192
-2.629999999999988	0.013154166559749963343387161750325798935612803358184
-2.619999999999988	0.013493270913891150014731045669662436201247495054347
-2.6099999999999883	0.013839830358576349254758665040223961258152975423697
-2.5999999999999885	0.014193970739231278211271934126156828275735405821136
-2.5899999999999888	0.014555818957971096523582413130753550918044976308152
-2.579999999999989	0.014925502951619428092618143261389671899927720309604
-2.569999999999989	0.015303151668644779676575357066597331787957538220893
-2.5599999999999894	0.015688895044999373997133074103325697058844191542513
-2.5499999999999896	0.016082863978845770362827570013881796843872027801967
-2.53999999999999	0.016485190304157022005899901929972013197752199839681
-2.52999999999999	0.016896006763176516611020312761932514952916579206374
-2.5199999999999902	0.017315446977724065098349966365798478742282094894227
-2.5099999999999905	0.017743645419335243803750844185766126775926398702371
-2.4999999999999907	0.018180737378221456954045934071382361976222204454601
-2.489999999999991	0.018626858931038669927015968506553615071456227127602
-2.479999999999991	0.019082146907453269359140839982776721895121126132589
-2.4699999999999913	0.019546738855494033846083463881345192187288496485041
-2.4599999999999915	0.020020773005679748880383204646915612519353027706863
-2.4499999999999917	0.020504388233912571877671240557720380154286608045147
-2.439999999999992	0.020997724023127847727330781442796601895018142308346
-2.429999999999992	0.021500920423691692316199684526565274347591084851234
-2.4199999999999924	0.022014118012538300944284645799901455088230614037616
-2.4099999999999926	0.022537457851039600487925744858207273319385036804124
-2.399999999999993	0.023071081441600548555030947780364031195812349525133
-2.389999999999993	0.023615130682974089683173256186260608125382714199879
-2.3799999999999932	0.024169747824290507795925051229515127895284735465466
-2.3699999999999934	0.02473507541779666557382777268590795310203625671762
-2.3599999999999937	0.025311256270301395008004956992892977618792435211368
-2.349999999999994	0.025898433393324099056389415493544594979826720589909
-2.339999999999994	0.026496749951944441859766229795103778886970758584288
-2.3299999999999943	0.027106349212351844216940153939981027917213485873308
-2.3199999999999945	0.02772737448809436175918165441144082624567173202366
-2.3099999999999947	0.02835996908502740527138925800701765196915851981865
-2.299999999999995	0.029004276244963665622264392716774568338102728141169
-2.289999999999995	0.029660439088026529502427180575515820167033578651992
-2.2799999999999954	0.030328600553710216314713312759332344250572761888468
-2.2699999999999956	0.031008903340650830774164717761586841121703375616424
-2.259999999999996	0.031701489845113509687810891425751626458726642273862
-2.249999999999996	0.032406502098201844599371959654629415363901886169075
-2.239999999999996	0.033124081701796784076170039869962530065306475738345
-2.2299999999999964	0.033854369763233259930788583087455451334413889626732
-2.2199999999999966	0.034597506828723840125452085089283093531537907481335
-2.209999999999997	0.035353632815539786990728241055820065210915263199057
-2.199999999999997	0.036122886942960992160793999688029671616738644441572
-2.1899999999999973	0.03690540766200736871465504502618561529585045441361
-2.1799999999999975	0.037701332583965405816473144651746875041220681518619
-2.1699999999999977	0.038510798407724731039210514450002649097709347783435
-2.159999999999998	0.039333940845940679875371926685419668367592732705023
-2.149999999999998	0.04017089455004003999851861793881229861794443380817
-2.1399999999999983	0.041021793034088318921884791158043642776337606123261
-2.1299999999999986	0.04188676859753807705902098889899709276805488522812
-2.1199999999999988	0.042765952246879073049955474117544076993037583882455
-2.109999999999999	0.043659473616212183769973911865614150474866100524907
-2.099999999999999	0.044567460886770286853077344454121251102450411762319
-2.0899999999999994	0.045490040705410527976281949021766963609083190906205
-2.0799999999999996	0.046427338102103637673734543838719359692634739770129
-2.07	0.047379476406447212162793067400524650806972534435438
-2.06	0.048346577163231128621878656439221804556431728024864
-2.0500000000000003	0.049328760047084526589028086405274376211992921671865
-2.0400000000000005	0.050326142776235052650956808936243708781770044499906
-2.0300000000000007	0.051338841025412334339178486087715549212301041360209
-2.020000000000001	0.052366968337928920090741943060800938059015961275701
-2.010000000000001	0.053410636036973194189768384433170633902295435137227
-2.0000000000000013	0.054469953136150047681044798192251849341352472666001
-1.9900000000000015	0.055545026249306357213471399402089036315562797193325
-1.9800000000000015	0.056635959499679616881485683349458016764825832141647
-1.9700000000000015	0.057742854428409187723865573441761015501427279052683
-1.9600000000000015	0.058865809902451252660413610446443694764311879701746
-1.9500000000000015	0.060004922021939338554315842448132827934390433436282
-1.9400000000000015	0.061160284027033873790015968329835147598878322162279
-1.9300000000000015	0.062331986204305346332375057921360367325776976300156
-1.9200000000000015	0.063520115792696880792422690620245138595989353649904
-1.9100000000000015	0.064724756889113272015116543159012664667051322874335
-1.9000000000000015	0.065945990353684719518445519800779915154265949270515
-1.8900000000000015	0.067183893714754700433131303703746069815211431875159
-1.8800000000000014	0.06843854107364259708648131961536746624612114237282
-1.8700000000000014	0.069710003009232857698337028896693715956484038687861
-1.8600000000000014	0.070998346482443613455792688844057082893037364880218
-1.8500000000000014	0.072303634740628801140444926828638502284970024056385
-1.8400000000000014	0.073625927221968946122423436552717123851895084211399
-1.8300000000000014	0.074965279459906844526742852244203678864010858258246
-1.8200000000000014	0.076321742987685444330687754470256459736966160997949
-1.8100000000000014	0.077695365243046261672144122808491585001881164769472
-1.8000000000000014	0.079086189473147679340644913079426592843667653289835
-1.7900000000000014	0.080494254639763457885948313610380996251985323329055
-1.7800000000000014	0.081919595324822744613153162410335964685741745054327
-1.7700000000000014	0.083362241636353790539515623482183532349762892978553
-1.7600000000000013	0.084822219114894478769537049256649017521174019415084
-1.7500000000000013	0.086299548640433628308812499131126265678343700673238
-1.7400000000000013	0.087794246339947863696412064880906858153517579756952
-1.7300000000000013	0.089306323495599631610255586631140364321241166147157
-1.7200000000000013	0.090835786453662699418905339976832995712053248711819
-1.7100000000000013	0.092382636534242186155792938553186484524176842086829
-1.7000000000000013	0.093946869941856852229624888869726758164372344493996
-1.6900000000000013	0.095528477676952009022933647160426019866962905486844
-1.6800000000000013	0.097127445448412002050372024599971936126580590658287
-1.6700000000000013	0.098743753587141770247581127709112923321529993680634
-1.6600000000000013	0.10037737696078748795750052773962339348637240196208
-1.6500000000000012	0.1020282848896667540117945197876714449055306293835
-1.6400000000000012	0.10369644106397920273110782658190738867524493603587
-1.6300000000000012	0.10538180346236877347387006335418167733136355034947
-1.6200000000000012	0.10708432427190918736009827118563166125963083226093
-1.6100000000000012	0.10880394980958444082264624023315854739525704842223
-1.6000000000000012	0.11054062044533633456171304093211621346649306519652
-1.5900000000000012	0.11229427052675121219855407329886391805740459580952
-1.5800000000000012	0.11406482830545818437370022472036621452550506807176
-1.5700000000000012	0.11585221586531116018085538934587430389000919217958
-1.5600000000000012	0.11765634905242699767382287928142178305500759288207
-1.5500000000000012	0.11947713740715201777238556259588613351202291089122
-1.5400000000000011	0.12131448409802900030608450788865375970469589700813
-1.5300000000000011	0.1231682858578365962960219449484336589803978635572
-1.5200000000000011	0.12503843292177284605120651790043522770930130109663
-1.5100000000000011	0.12692480896785418745959519111929854832674318576994
-1.500000000000001	0.12882729105960097224350643850311613253536184024329
-1.490000000000001	0.13074574959108007923132594895374273666111923675865
-1.480000000000001	0.13268004823437472222901052639137803594380885795955
-1.470000000000001	0.13463004388955099526373259720798182483785743894748
-1.460000000000001	0.13659558663719007927881306708307325638436868522033
-1.450000000000001	0.13857651969355435129884382072370819157540899376931
-1.440000000000001	0.14057267936845488922726737624032685452556415376923
-1.430000000000001	0.1425838950258870524133883764771260588272785788514
-1.420000000000001	0.14460998904749993961796593105558705597937525726348
-1.410000000000001	0.14665077679896458176198812162286418394687824185312
-1.400000000000001	0.14870606659930471666869249017239613389012891537657
-1.390000000000001	0.15077565969325291677320731505596120706196089192185
-1.380000000000001	0.15285935022669369840942221298121131695983872887584
-1.370000000000001	0.15495692522525403278623638462230150868339655632331
-1.360000000000001	0.15706816457610040419688474256216475915650136587859
-1.350000000000001	0.15919284101300022049358739432810062965507892075312
-1.340000000000001	0.1613307201047039746004513226041532502425519630369
-1.330000000000001	0.1634815602467030840935058108800349560081753277451
-1.320000000000001	0.16564511265641679897984757571039222678834316115757
-1.310000000000001	0.16782112137185996615940604455107442934663305718688
-1.300000000000001	0.17000932325384177312415099307916791800241355863659
-1.290000000000001	0.17220944799174386378256899022178136776199125692211
-1.280000000000001	0.17442121811292442650488828777073271402583427194869
-1.270000000000001	0.17664434899579299925121776553683797480180860910525
-1.260000000000001	0.17887854888659881972660240803950652718307032860665
-1.2500000000000009	0.18112351891997357073206421645961988634601911081216
-1.2400000000000009	0.1833789531432673331491768394640134774486659593328
-1.2300000000000009	0.18564453854471446227996325493482878270731265398788
-1.2200000000000009	0.1879199550854639486083983545484308454582490351261
-1.2100000000000009	0.19020487573550661257106286505430838103955048606238
-1.2000000000000008	0.19249896651352921581088559705450795401617430151166
-1.1900000000000008	0.19480188653072324989932914582143297214323242193577
-1.1800000000000008	0.19711328803857378897989447189927159888983445148673
-1.1700000000000008	0.19943281648065136661122529941164998439097387052396
-1.1600000000000008	0.2017601105484273607433204038767698480519035979136
-1.1500000000000008	0.20409480224113084578685427474663849461291335193563
-1.1400000000000008	0.20643651692966229874357757452082885132230495092456
-1.1300000000000008	0.20878487342457692903337162951869905229476842153164
-1.1200000000000008	0.21113948404814774072593784251319605005688067524202
-1.1100000000000008	0.21349995471051573317349040643773299546511118500615
-1.1000000000000008	0.21586588498993190342126542652345151146878459645815
-1.0900000000000007	0.2182368682170929331849398898688817072063085247472
-1.0800000000000007	0.22061249156356962663036120290040738543793725895419
-1.0700000000000007	0.22299233613432431473454652545308973410621480698767
-1.0600000000000007	0.22537597706431055977050752896068562745045361305508
-1.0500000000000007	0.22776298361914558162287922371994199334999083823171
-1.0400000000000007	0.2301529192998428884437226776628846580773837028913
-1.0300000000000007	0.23254534195158962988998794320021468343305083509997
-1.0200000000000007	0.23493980387655020419051406585323189249852581810319
-1.0100000000000007	0.23733585195067464296653840393791587768513830928068
-1.0000000000000007	0.23973302774448727251980657905910381462845038836471
-0.9900000000000007	0.24213086764782810969764788779425282386561203044878
-0.9800000000000006	0.24452890299851639698059390848691240673438294204375
-0.9700000000000006	0.24692666021490261769347291395717863177345512345415
-0.9600000000000006	0.24932366093227226083371576194106703938616862839503
-0.9500000000000006	0.25171942214306152859688079931184070338237996294372
-0.9400000000000006	0.25411345634084210095041872651229573139779369894855
-0.9300000000000006	0.25650527166802899328644515466277474611430216420808
-0.9200000000000006	0.25889437206726246802687831187772654064734722922381
-0.9100000000000006	0.26128025743641189184129220205864862268789159368837
-0.9000000000000006	0.26366242378714636967551210968683114185393972473381
-0.8900000000000006	0.26604036340701393790555027381049619285074615283779
-0.8800000000000006	0.26841356502496806447423757465894038839621060045788
-0.8700000000000006	0.2707815139802771867003249448740990209115153386689
-0.8600000000000005	0.2731436923947500204486053608034861552950285507761
-0.8500000000000005	0.2754995793482064004016685024774615069553887477433
-0.8400000000000005	0.27784865105712046317334982281807866236000508887152
-0.8300000000000005	0.28019038105636006584897066137412741897074614018091
-0.8200000000000005	0.2825242403839434451272508739053444899270216189034
-0.8100000000000005	0.28484969776873126947028421145340910659053022234258
-0.8000000000000005	0.28716621982096942143279380853897616606851808427534
-0.7900000000000005	0.28947327122559507252303024181200592848993583663031
-0.7800000000000005	0.29177031493821588141630464273700736005869183453482
-0.7700000000000005	0.29405681238366946095434211464667204966511186272501
-0.7600000000000005	0.29633222365706762295711387155321290958682587310997
-0.7500000000000004	0.29859600772722732526463601105360492545981250871813
-0.7400000000000004	0.30084762264238771540555491950037719335381238189949
-0.7300000000000004	0.30308652573811019262010045736245555722368826184693
-0.7200000000000004	0.30531217384725599737859688720044308930735345960022
-0.7100000000000004	0.30752402351193348772980694666322464664587632050624
-0.7000000000000004	0.30972153119730497744451470569266715849186875331566
-0.6900000000000004	0.31190415350714079460617906301730591470934011255057
-0.6800000000000004	0.31407134740100607361490922744566256065871781800662
-0.6700000000000004	0.31622257041296372103835647312721989333881958574396
-0.6600000000000004	0.31835728087167499883736072948482762875220142887285
-0.6500000000000004	0.32047493812177724963520896783570724481220259015603
-0.6400000000000003	0.32257500274641645024980662803045619398630669375957
-0.6300000000000003	0.32465693679081052397028935886295819264205688372883
-0.6200000000000003	0.32672020398671767127264077523475170776365570543302
-0.6100000000000003	0.32876426997768239500545866308276318232822507323537
-0.6000000000000003	0.33078860254493040164062280339256927509300432547982
-0.5900000000000003	0.33279267183378215700566077034421312079593975365699
-0.5800000000000003	0.33477595058045356495158028220527515207784875980203
-0.5700000000000003	0.33673791433911102254069485117328315028351143998123
-0.5600000000000003	0.33867804170904698736206373223083963607901660417843
-0.5500000000000003	0.34059581456184117321324863821437519395574381208488
-0.5400000000000003	0.34249071826837157125639700066736888779643927478247
-0.5300000000000002	0.34436224192553867640659002374180653238927465932181
-0.5200000000000002	0.34620987858256558459315101105605653194159599236609
-0.5100000000000002	0.34803312546673601700996112650643518721808604794048
-0.5000000000000002	0.34983148420843182380393917206151828873493668445259
-0.49000000000000027	0.35160446106533111323956400704325634478143422877547
-0.48000000000000026	0.3533515671456279323722672067325114563062209427412
-0.47000000000000025	0.35507231863013403973393732131810230940385552261748
-0.46000000000000024	0.3567662369931235851209298032616165778366112918869
-0.45000000000000023	0.3584328492217812078796904584338528871715150160013
-0.4400000000000002	0.36007168803411442491944322215400755221551213420218
-0.4300000000000002	0.36168229209519137483876405320762243948696075542256
-0.4200000000000002	0.36326420623156537122165284294334626893792025391157
-0.4100000000000002	0.36481698164374820759597168431459630167393276072697
-0.4000000000000002	0.36634017611659475888903976675889160892228489956277
-0.3900000000000002	0.36783335422746213957379736784530431626219276321026
-0.38000000000000017	0.36929608755200750707424935367284807098065412494797
-0.37000000000000016	0.37072795486748954027812044468597553373720291157096
-0.36000000000000015	0.37212854235343967696178412301431642126047365120787
-0.35000000000000014	0.37349744378957036022787942825642514363496468576079
-0.34000000000000014	0.3748342607507888222359802338601237720507023690451
-0.3300000000000001	0.37613860279918632300352941145122223497439585174347
-0.3200000000000001	0.3774100876728742621862192194253282542371302179961
-0.3100000000000001	0.37864834147154019171837359278157173122865648012313
-0.3000000000000001	0.37985299883859847609528644568313594483713515554297
-0.2900000000000001	0.38102370313981217388825705279749941933258751501977
-0.2800000000000001	0.38216010663826464766389842561993897388556037426226
-0.2700000000000001	0.38326187066556144858481874512188943556457811841344
-0.26000000000000006	0.38432866578914516524043755081148756983059456261066
-0.25000000000000006	0.38536017197560817222571463050662094877919582943116
-0.24000000000000007	0.38635607874989055835951338574436676858820767564813
-0.23000000000000007	0.38731608535025298005803829176768764504762573394568
-0.22000000000000006	0.38823990087891667193789166781781328231009113900136
-0.21000000000000005	0.38912724444826558313528181739520116551919819132033
-0.20000000000000004	0.3899778453225082444774885484953976087997895041402
-0.19000000000000003	0.39079144305469985543138698726976523715020976089913
-0.18000000000000002	0.39156778761902797488601121350520280736893103514998
-0.17	0.39230663953826820450880299812299727538661743590725
-0.16	0.39300777000631934002770562073942269325783781387144
-0.15	0.39367096100573063465876080282463193913246189393784
-0.13999999999999999	0.39429600542013706744185790678855530566700712196768
-0.12999999999999998	0.39488270714152183479790954500507757732891188597215
-0.11999999999999998	0.39543088117222868269145690834529551426166265235724
-0.10999999999999999	0.39594035372165017251601573933485626861317954492183
-0.09999999999999999	0.39641096229752150199571033738728782029186439539425
-0.09	0.39684255579175312337860056302409696797305474028824
-0.08	0.39723499456073905678387547258392389529274352385921
-0.07	0.39758815050008152847170282107392338881525857395389
-0.060000000000000005	0.39790190711367634622796855806887886294122303821218
-0.05	0.39817615957710725865889107747774836274605509586121
-0.04	0.39841081479530143389604792054585268219650889974701
-0.03	0.39860579145440212005446218234301494453501436548082
-0.02	0.39876102006781852747411925998529824497089411714301
-0.01	0.39887644301641698489250151095872408710997792280982
0	0.39895201458282146990988313584673062092764744323994
0.01	0.39898770097979569659243189510819394457950557058371
0.02	0.39898348037268305097606049003468470618763543445247
0.03	0.39893934289588480018028174056226646935629721128168
0.04	0.39885529066336115571142703380866635342210354350869
0.05	0.39873133777314394441218952359736558338662153288035
0.060000000000000005	0.3985675103058538262099562541192821289364394780335
0.07	0.39836384631721919433679995572567716493363595173996
0.08	0.39812039582459809575646179605630588955676490777162
0.09	0.39783722078750871302193191933398659719656797103065
0.09999999999999999	0.39751439508217815422299185112690187441977262191265
0.10999999999999999	0.39715200447012349229367062881801281637935013463725
0.11999999999999998	0.39675014656078318579844277301539784603364951899829
0.12999999999999998	0.39630893076822118831961375970456810260174557129422
0.13999999999999999	0.39582847826193021221813535589633488200376006743118
0.15	0.39530892191176475544636077122673715292339820410077
0.16	0.39475040622703860497167499039229299905906531776707
0.17	0.39415308728982563008951687908340663089481692924487
0.18000000000000002	0.39351713268250672499978436337283923472471903403199
0.19000000000000003	0.39284272140960978388978803220454845415136010131566
0.20000000000000004	0.39213004381399357264027864304712265487288092314821
0.21000000000000005	0.39137930148743030035376978338053275609972409289378
0.22000000000000006	0.39059070717564558706983665529780019692379835594793
0.23000000000000007	0.38976448467787836778557132246231771198371236742682
0.24000000000000007	0.3889008687410270637968598876240071056197203434469
0.25000000000000006	0.38800010494845208957946292230670515052288466821137
0.26000000000000006	0.38706244960350842074568122128709393783970044011295
0.2700000000000001	0.38608816960788561380794822718750720360813300412754
0.2800000000000001	0.38507754233483612689194029872814163300127157888
0.2900000000000001	0.38403085549737635478559911935377847841468267020354
0.3000000000000001	0.38294840701154814441044917810791292872676506379973
0.3100000000000001	0.38183050485483190355192708976924942693151828483459
0.3200000000000001	0.38067746691980566459805747294570894916729604549632
0.3300000000000001	0.37948962086314763542586124707546811389487139295474
0.34000000000000014	0.37826730395008285625223591885439816003385185320404
0.35000000000000014	0.37701086289437758157720103252065605915415373916877
0.36000000000000015	0.37572065369398791772960911130262336569440119510104
0.37000000000000016	0.37439704146247206650939345469124614691971636238832
0.38000000000000017	0.37304040025627825163291018318974354636055993266745
0.3900000000000002	0.3716511128980230348541894097984602196102309761013
0.4000000000000002	0.37022957079587726058104324990794023347553833611591
0.4100000000000002	0.36877617375917929946015447459938525956899858021228
0.4200000000000002	0.36729132981039759080380940498085189353583037889598
0.4300000000000002	0.36577545499356670901427294455276804491364667817063
0.4400000000000002	0.36422897317932329858029850468695502390081232903099
0.45000000000000023	0.36265231586667023413491205934443972742047364459954
0.46000000000000024	0.36104592198159926494757646275646207782367538180907
0.47000000000000025	0.35941023767270419566388992136853929786643780717582
0.48000000000000026	0.35774571610391833580372679844609803442678309641513
0.49000000000000027	0.35605281724451151830181252760470683590751967925671
0.5000000000000002	0.35433200765648345078675400162020048857647488976487
0.5100000000000002	0.3525837602794914348878792783533439251140147665902
0.5200000000000002	0.35080855421345191323856149049166081507718354551615
0.5300000000000002	0.34900687449895607570973554600873262395188190027291
0.5400000000000003	0.34717921189564107991136625388744038614809857128525
0.5500000000000003	0.34532606265865911307924710798411580139826126707147
0.5600000000000003	0.34344792831338734305732149907396473399719429189441
0.5700000000000003	0.34154531542852243259982096314135382866283433768892
0.5800000000000003	0.33961873538770380897630353584974478894048897707601
0.5900000000000003	0.3376687041598102803988911736361540340969796972541
0.6000000000000003	0.33569574206807487223168459488591182395885086153223
0.6100000000000003	0.33370037355816291953282906136737799571642194341769
0.6200000000000003	0.33168312696535849858294426202003787057726986019741
0.6300000000000003	0.32964453428100420914924179179254590988496544573763
0.6400000000000003	0.32758513091833913191794206973342901021143762065763
0.6500000000000004	0.32550545547787948250840535918447942206673919883294
0.6600000000000004	0.32340604951248606558378883069705054516758067116781
0.6700000000000004	0.32128745729226210072993997915624894638648420481312
0.6800000000000004	0.31915022556942434703182361168958836605837814865927
0.6900000000000004	0.31699490334328969678885112099462350663213043393852
0.7000000000000004	0.31482204162551854183764572554192695412775329571907
0.7100000000000004	0.31263219320575523985854098127307801471667699226298
0.7200000000000004	0.31042591241780492429883950200206442700674573582102
0.7300000000000004	0.30820375490648471172063541495167299008070599263419
0.7400000000000004	0.3059662773952860661413625310704719975563989600723
0.7500000000000004	0.30371403745498368304479220130075428205718327086625
0.7600000000000005	0.30144759327332475805620768701876065941604036264332
0.7700000000000005	0.29916750342593090874620730772200596068279893406409
0.7800000000000005	0.29687432664854332468969520702630754885277252966893
0.7900000000000005	0.29456862161073993288238192695782244387428187271588
0.8000000000000005	0.29225094669125148511158185642958109424239055345911
0.8100000000000005	0.28992185975500150317614304662515435054024760917536
0.8200000000000005	0.2875819179319929593136846823257619500769442948306
0.8300000000000005	0.28523167739816242525739559270941829776590819878007
0.8400000000000005	0.28287169315832019651549220432041498193790156284301
0.8500000000000005	0.2805025188312925913174330243397493435059930956865
0.8600000000000005	0.27812470643738023883959882202391600944931658286854
0.8700000000000006	0.27573880618824371150756387417907233650422362307902
0.8800000000000006	0.27334536627932532412783156034393283739441189051386
0.8900000000000006	0.27094493268491332113841025673434474571614856124478
0.9000000000000006	0.26853804895595200524469733643862981846137260988993
0.9100000000000006	0.26612525602069862903154434989733859924378912038994
0.9200000000000006	0.26370709198832507876415463077089919979226682900558
0.9300000000000006	0.26128409195555952949942802357693036778620559316234
0.9400000000000006	0.25885678781646034585147597716603747242616641757656
0.9500000000000006	0.2564257080754115463487675663930714605176933100522
0.9600000000000006	0.25399137766342614437310378221359776688184101232129
0.9700000000000006	0.25155431775784062829496613577230077724065203805635
0.9800000000000006	0.24911504560548075074995171863060404910713541083953
0.9900000000000007	0.24667407434937566518914129470510732900485589202893
1.0000000000000007	0.24423191285909428004880473137264851477053368706415
1.0100000000000007	0.24178906556477450029895740335807419115840776003961
1.0200000000000007	0.23934603229491279593012854086027938467556709794362
1.0300000000000007	0.23690330811797828031093726645409715897212802076912
1.0400000000000007	0.23446138318791220148323624927942043858657640923188
1.0500000000000007	0.23202074259357044954056972882059111169370690858611
1.0600000000000007	0.22958186621216336643623888023320467031399910393441
1.0700000000000007	0.22714522856674381405548357310318657789926964676306
1.0800000000000007	0.22471129868779111531423202335938740931447828703786
1.0900000000000007	0.22228053997893513454915984504977674633975755796701
1.1000000000000008	0.21985341008686141065429244769421273474451273838586
1.1100000000000008	0.2174303607754349023878914530037404141913950651369
1.1200000000000008	0.21501183780407655308243710699777276957931403983249
1.1300000000000008	0.21259828081042353467228655967743650494992775061689
1.1400000000000008	0.21019012319730069150667489983143665278346392537716
1.1500000000000008	0.20778779202402737580222271127365198157913752888079
1.1600000000000008	0.20539170790208055173162962520487172341715528002487
1.1700000000000008	0.20300228489513174692402058126779882879262102755289
1.1800000000000008	0.20061993042347215140257080934059538390009574768999
1.1900000000000008	0.19824504517283690749380089705508879685504849437211
1.2000000000000008	0.19587802300763640274704212014544674324285970438632
1.2100000000000009	0.19351925088859917408572223670310352276108025872833
1.2200000000000009	0.19116910879482785790251769795772544905580164354996
1.2300000000000009	0.18882796965026648017840923837196676090197178945993
1.2400000000000009	0.1864961992545742754614909117242721882863534514259
1.2500000000000009	0.18417415621839815613295034722751830528030814489093
1.260000000000001	0.18186219190303292619852483663646411299162239004847
1.270000000000001	0.17956065036445534919116641595217694608534335433628
1.280000000000001	0.17726986830171523990362733883768250684535838426087
1.290000000000001	0.17499017500966385676722860362874669324896487947666
1.300000000000001	0.17272189233599702786257117450196054550624208838215
1.310000000000001	0.17046533464258765082355322460205607900015785619568
1.320000000000001	0.16822080877107946723726137597470800133779511917285
1.330000000000001	0.16598861401271132743258870701707548434326532990519
1.340000000000001	0.16376904208233853359602039957190735403884608052994
1.350000000000001	0.16156237709661527968175326114211282912751739220503
1.360000000000001	0.15936889555629969724359766842549144281840473553283
1.370000000000001	0.157188866332640568676038316547038174107343605075
1.380000000000001	0.15502255065780238489835238425549821476425499689148
1.390000000000001	0.15287020211928310465390891515203056205715200380088
1.400000000000001	0.15073206665827671864937682581580414698587369906339
1.410000000000001	0.14860838257193053496530774526987909560540539856714
1.420000000000001	0.1464993805194449836868929986786213378806676396422
1.430000000000001	0.14440528353196168960450991997098362953348635664106
1.440000000000001	0.14232630702618358310712100206616321690215644781773
1.450000000000001	0.14026265882166891194301695948693564970544031905619
1.460000000000001	0.13821453916173918117338409894724719064094088701506
1.470000000000001	0.13618214073793928613268577849961114141900685297494
1.480000000000001	0.13416564871798641419045138255126006635703762636861
1.490000000000001	0.13216524077714267615329278138173051495923772343128
1.500000000000001	0.13018108713294488774273607043713831270710187804644
1.5100000000000011	0.12821335058322345614060394525305164328093887714444
1.5200000000000011	0.1262621865473409364345932365399210355181857505253
1.5300000000000011	0.1243277431105795081670026237484372162663167171405
1.5400000000000011	0.12241016107160538325397826940746200365641213717585
1.5500000000000012	0.1205095739929369933868122164750145701384172928323
1.5600000000000012	0.11862610825434271765832769815859004283886402815696
1.5700000000000012	0.11675988310909289950677697323148831213539752619488
1.5800000000000012	0.11491101074298996599163891677304175524770456543983
1.5900000000000012	0.11307959633609960169024426969655889424533039295688
1.6000000000000012	0.11126573812710514383790313184377419595661991496074
1.6100000000000012	0.10946952748020665436176568366691841385989174157923
1.6200000000000012	0.10769104895448548774402121174601787262352660674626
1.6300000000000012	0.1059303803756546106881379765247946930057759665309
1.6400000000000012	0.10418759291011443978002719957925799540246122032759
1.6500000000000012	0.10246275114123354609570920692850323130788466262482
1.6600000000000013	0.10075591314777323030544387785436827626610267989969
1.6700000000000013	0.099067130584374697496008784450555872183819837686496
1.6800000000000013	0.097396448764027356851765855093910518219408300179053
1.6900000000000013	0.095743906742436636616328298649438830213738065487235
1.7000000000000013	0.09410953740420963845795095203969394059118756195463
1.7100000000000013	0.092493367550776956486009424214903168132798232475106
1.7200000000000013	0.090895417989969053662711793585323791747748681750181
1.7300000000000013	0.089315703627165721121909024140657077717692185794128
1.7400000000000013	0.087754233557937342794766590926042745485274732664251
1.7500000000000013	0.086211011162096947552230654960016784519832179555817
1.7600000000000013	0.084686034199082352563713431510684853800730247244576
1.7700000000000014	0.083179294904588083454322817811988246555033942001481
1.7800000000000014	0.081690780088367197792519369022444576291192991680135
1.7900000000000014	0.080220471233123637090841290432359943067835835116511
1.8000000000000014	0.078768344594416287452277825046710074921931427407195
1.8100000000000014	0.077334371301496538807574038299616761419095604161241
1.8200000000000014	0.075918517459001795895559524366765234098443142954142
1.8300000000000014	0.074520744249428109240786622193212042305883291175519
1.8400000000000014	0.07314100803630585985372056809078544384696970328075
1.8500000000000014	0.071779260468003245666097995723282751486716942217529
1.8600000000000014	0.070435448582083179241953126547482990209732868794442
1.8700000000000014	0.069109514910140113475891365983634980650452787129774
1.8800000000000014	0.067801397583044263187901487561304303058269633883196
1.8900000000000015	0.066511030436521684114654979183994977858778973121997
1.9000000000000015	0.065238343116999705132161378634220715452104021166652
1.9100000000000015	0.063983261187648282962253876411994316997084899295488
1.9200000000000015	0.062745706234548959443281022913093563703359978224261
1.9300000000000015	0.06152559597292424800243816041551640915002035597638
1.9400000000000015	0.060322844353361456565531283329239873768560853543977
1.9500000000000015	0.059137361667966167087065047858830157395347503946365
1.9600000000000015	0.057969054656381835484097061496539510128588927335986
1.9700000000000015	0.056817826611613248315234472287811992549742592110659
1.9800000000000015	0.055683577485592872366533297276450449057819309900919
1.9900000000000015	0.054566203994430458696976791337206890052501530319304
2.0000000000000013	0.053465599723287636223545708028223824644198666838429
2.010000000000001	0.052381655230820455148253018705279040351789066702298
2.020000000000001	0.051314258153134600026756227746200462705296430073179
2.0300000000000007	0.050263293307198910693090845317138452970283678822403
2.0400000000000005	0.049228642793664648564733726983774965623400211826768
2.0500000000000003	0.048210186099039240297645132818508789456030738570937
2.06	0.047207800197164713399199070609390136250836084585398
2.07	0.046221359649952508403588198085561803312197622349978
2.0799999999999996	0.045250736707327832980085051874685103790036567469067
2.0899999999999994	0.044295801406338213312001921283284605429309453899137
2.099999999999999	0.043356421669382395706737384256193863894361591292273
2.109999999999999	0.042432463401517255150556068960161080688018681254252
2.1199999999999988	0.041523790586801875904835997424241545989815218354004
2.1299999999999986	0.040630265383639480777267714970356271392912752334457
2.1399999999999983	0.039751748219079398941624234392354100485613430538886
2.149999999999998	0.038888097882042775699972861980750985084337293626203
2.159999999999998	0.038039171615437239986375021877015354299942516253974
2.1699999999999977	0.037204825207127255335106583536972589633171618330464
2.1799999999999975	0.036384913079728386143153204145269554311208837466168
2.1899999999999973	0.035579288379195212041050762708987841578050882415614
2.199999999999997	0.034787803062174117774683584915217589641757315107502
2.209999999999997	0.034010307982093672952617985458275889267849805225689
2.2199999999999966	0.033246652973966794121422828812209243473800751576041
2.2299999999999964	0.032496686937880349721666218628535782660310248862448
2.239999999999996	0.031760257921149325410918092890574129893847324804432
2.249999999999996	0.031037213199114111913322907000629093639459894868515
2.259999999999996	0.030327399354560908899985300094687868435592132237958
2.2699999999999956	0.029630662355746655388500706210890454351765298173902
2.2799999999999954	0.028946847633011298777945463578920587704207776235972
2.289999999999995	0.02827580015396159994886588854177880002176985336593
2.299999999999995	0.027617364497212039934783421913152974341164775924116
2.3099999999999947	0.026971384924669743628379521220094095286190470917019
2.3199999999999945	0.026337705452351666975354586410993441752536701978594
2.3299999999999943	0.025716169919723605323226838887385417547783274695913
2.339999999999994	0.025106622057551871260142112902270455924748366482639
2.349999999999994	0.024508905554259759667076929890084110165371450284201
2.3599999999999937	0.023922864120782165120486271621587123460113641812493
2.3699999999999934	0.023348341553912941564155010626448686365376736877317
2.3799999999999932	0.022785181798140795699174423156526967631784620955961
2.389999999999993	0.022233229005970683237596320345659955398725692747177
2.399999999999993	0.021692327596728830483846744433360140268908663147439
2.4099999999999926	0.021162322313850632141031234253267513604705665379387
2.4199999999999924	0.020643058280651779316385476215064010400137523693786
2.429999999999992	0.020134381054584048987495248541274749147962819528823
2.439999999999992	0.019636136679978237290988390514661977742574621782562
2.4499999999999917	0.019148171739277743546555144369590465441675359141698
2.4599999999999915	0.018670333402767309605239466921325547000824633679094
2.4699999999999913	0.018202469476802389620864440491106135704580172402749
2.479999999999991	0.017744428450545568430674431013156590035209688502312
2.489999999999991	0.017296059541217362173310754337032043499607765068861
2.4999999999999907	0.016857212737869622380110694354889662703297859730124
2.5099999999999905	0.016427738843690624393394187048772376546612208371257
2.5199999999999902	0.016007489516851752469180920855917426778091434510764
2.52999999999999	0.015596317309906497219682123567494553506469790881189
2.53999999999999	0.015194075707753256082023640815988368739681006981097
2.5499999999999896	0.014800619164174174233465606237784134522619893797651
2.5599999999999894	0.014415803136962981809080173969517975423018217338233
2.569999999999989	0.014039484121655473443616857195010491496043467077274
2.579999999999989	0.013671519683876938111571880148864349654685984528016
2.5899999999999888	0.013311768490321481062244928732337532889503582413535
2.5999999999999885	0.012960090338378785450525741281474523493052372359534
2.6099999999999883	0.012616346184424439185988555741970810065100837726963
2.619999999999988	0.012280398170790502724450282955780650228878040036591
2.629999999999988	0.011952109651433516193712715112529675374657457662444
2.6399999999999877	0.011631345216317639588569916509632046243251031296006
2.6499999999999875	0.011317970714531088021872525271437170487395675328252
2.6599999999999873	0.011011853276154465432968304081486841213348200224247
2.669999999999987	0.010712861332900015007728222762328808819123389519337
2.679999999999987	0.010420864637541193151401995213289440948241092992926
2.6899999999999866	0.010135734282152336491900960768441942597494121840191
2.6999999999999864	0.0098573427151785284104990367889285633049844820871929
2.709999999999986	0.0095855637573560833507898676553856912695479074549887
2.719999999999986	0.0093202726165043540133031158517595459087471850309955
2.7299999999999858	0.0090613459012098288867270412976533668059931511637739
2.7399999999999856	0.0088086616334237257966230989424012040430159900902095
2.7499999999999853	0.0085620992599945016825763455905349333351961295661117
2.759999999999985	0.0083215396631568900720993544087111932693338757552623
2.769999999999985	0.0080868651699992461441310732030443222561661624287431
2.7799999999999847	0.0078579595609311253182896985599205100998217670404699
2.7899999999999845	0.0076347080771731454307838721304527947849425274303305
2.7999999999999843	0.0074169974272912852368702030811291699594847494558286
2.809999999999984	0.0072047157927978536951517089370447713333632980845555
2.819999999999984	0.0069977528328414257316053317576268712018512019549295
2.8299999999999836	0.0067959996880080814495675759228954355562844978954291
2.8399999999999834	0.0065993489832563075515800136727259847335052643966342
2.849999999999983	0.006407694830007922581849418173221595626346068806606
2.859999999999983	0.006220932827417372001475709675252743890829445716717
2.869999999999983	0.0060389600628417055946923656083259986177388436514533
2.8799999999999826	0.0058616751115334987993585171981366726441347378147076
2.8899999999999824	0.0056889780355789117884066119146485188857634973396705
2.899999999999982	0.0055207703821029960331177333874669314401600080736513
2.909999999999982	0.0053569551807642581881936015342637916359999074769171
2.9199999999999817	0.0051974369405603759881780761648397568866247001094369
2.9299999999999815	0.0050421216459668309711006234774960593847969572822279
2.9399999999999813	0.0048909167524300787845842227408420240195703715918432
2.949999999999981	0.004743731181236720117852783858726573874726943091886
2.959999999999981	0.0046004753137799644747278609326207647812664219919892
2.9699999999999807	0.0044610609852444955907558174962356184581018163487594
2.9799999999999804	0.004325401477730651832729986411081622928171555434125
2.9899999999999802	0.0041934115128386279289482215706314129910476356627904
2.99999999999998	0.0040650072437331863881429886697997782020177758915056
3.00999999999998	0.0039401062467091384948968765413553303717733298207714
3.0199999999999796	0.0038186275122776163359794801234828627606163650257744
3.0299999999999794	0.0037004914357929094271302552460181411879676091758804
3.039999999999979	0.0035856198076393826798930396318635972158738410802177
3.049999999999979	0.0034739358029977271740948294453081792870652536740174
3.0599999999999787	0.0033653639712095219783509652637697356592853199522781
3.0699999999999785	0.0032598302247588045770676607549183183649865873525737
3.0799999999999783	0.0031572618278890597995322848977816196453849857855435
3.089999999999978	0.0030575873848737429794526980809845335794158820848583
3.099999999999978	0.0029607368279581528689124181575779582903871604355043
3.1099999999999777	0.0028666414049901640485861392010340128423375310273793
3.1199999999999775	0.0027752336667570176676130664793389964942749696621465
3.1299999999999772	0.002686447454045053754851070044776397356170720668484
3.139999999999977	0.0026002178844389485028722514886764473110190862236896
3.149999999999977	0.0025164813388766962627573615802389538386465587166558
3.1599999999999766	0.002435175447976248918241126557977855682448895612111
3.1699999999999764	0.0023562390781493952395840253760309462009901343597765
3.179999999999976	0.0022796123175181301488406761958580476249541477103271
3.189999999999976	0.002205236461648428947549904553366548885494296876973
3.1999999999999758	0.0021330539991160048441753699848300152572089580474764
3.2099999999999755	0.0020630085969182899409353580917401800075522950955391
3.2199999999999753	0.0019950450857465405570866639907448923490307641911362
3.229999999999975	0.001929109445131627727335699896862271447432005943643
3.239999999999975	0.0018651487884767332587764705351214896697677962433655
3.2499999999999747	0.0018031113479898311863389976930088303826585133585512
3.2599999999999745	0.0017429464595284941536612901110922290933372812281097
3.2699999999999743	0.0016846045473692244717708957723911401989775543382111
3.279999999999974	0.0016280371089131706698606120337600472862023188299446
3.289999999999974	0.0015731966993397525383217372724835556985311067767048
3.2999999999999736	0.0015200369162193812512858216005016049401396711608465
3.3099999999999734	0.0014685123840961264111385857040573842671750951850136
3.319999999999973	0.0014185787390508490374381367630706826148606214918019
3.329999999999973	0.0013701926132549888737769161098436396605419055673704
3.3399999999999728	0.0013233116195248661445582535632027768522153025453699
3.3499999999999726	0.0012778943358860322854621884438348915008410029014921
3.3599999999999723	0.001233900290156881412533800734207888458665705468906
3.369999999999972	0.0011912899445604145913388532688708226195415260423608
3.379999999999972	0.0011500246803727325156011742309725092929833213270052
3.3899999999999717	0.0011100667826165191904764113762777021362351332090562
3.3999999999999715	0.0010713794248074698157568078495878627532455384544529
3.4099999999999713	0.0010339266537613104459052160472509213407587559214999
3.419999999999971	0.00099767337446875532450763486200700255219982901379709
3.429999999999971	0.00096258533504545019882959009768370820483079052401772
3.4399999999999706	0.00092862911176365655481406438592750726079992307447066
3.4499999999999704	0.00089577209417214270419984989677200681257287117584675
3.45999999999997	0.00086398247031046312473601891148732823916580549228848
3.46999999999997	0.00083322921202352751428128043570373626929051115837178
3.47999999999997	0.00080348206038208577392537308503697462567392460656663
3.4899999999999696	0.00077471151121448467980065296121671764797070616387753
3.4999999999999694	0.00074688880075478642541570902693757428570365139412345
3.509999999999969	0.00071998589141207859557067151865043654714563437023765
3.519999999999969	0.00069397545766554954080144237516560092591811416641618
3.5299999999999687	0.00066883087208965262179315313711234906777692208283239
3.5399999999999685	0.00064452619151343744278701685301644016292599066895892
3.5499999999999683	0.00062103614331788604089620649876010087554208793076209
3.559999999999968	0.0005983361118748570865883216757105354059280519744978
3.569999999999968	0.00057640212513101151464986915297191183874745016608385
3.5799999999999677	0.00055521084133986867330838985150058074507543968252755
3.5899999999999674	0.00053473953594492307395750908948490241865181766168645
3.5999999999999672	0.00051496608861653816093790118674746362755273216800724
3.609999999999967	0.00049586897044512520982476697931936776858499190941859
3.619999999999967	0.00047742723129291250753708719750428039306790072299741
3.6299999999999666	0.00045962048730641236652050089179803335193459605180842
3.6399999999999664	0.00044242890859150127099902335165657432446751204307513
3.649999999999966	0.00042583320705284153330776429723036323636028362621294
3.659999999999966	0.00040981462439919123500943570790034836365666842464563
3.6699999999999657	0.00039435492031597291839565624836569607681015286434007
3.6799999999999655	0.00037943636080630045194699727301482988882258606839309
3.6899999999999653	0.00036504170670149768677183197556969379111874482049576
3.699999999999965	0.00035115420234198191408969486791930950698633837065541
3.709999999999965	0.00033775756442922968651909577263590734190014216029872
3.7199999999999647	0.00032483597104939223443720915043409790776491574451685
3.7299999999999645	0.00031237405086898244547054886680725651229342537856711
3.7399999999999642	0.00030035687250291512921736218686728392412507128186247
3.749999999999964	0.00028876993405504700624044458276532903671802278960191
3.759999999999964	0.00027759915283123248271378074055422822765113358237885
3.7699999999999636	0.00026683085522478573941272973509812380168234577590922
3.7799999999999634	0.00025645176677411891278230942228524855425437313991079
3.789999999999963	0.00024644900239221011077494911280966673102122126480184
3.799999999999963	0.00023681005676744361875916271455697704891754563040911
3.8099999999999627	0.00022752279493525784054107760546757927575080648708934
3.8199999999999625	0.0002185754430199342137891974854229363326481923309199
3.8299999999999623	0.00020995657914576246334825576521330351431922585011953
3.839999999999962	0.00020165512451672403372861575746706311789843919339053
3.849999999999962	0.00019366033466374629549431727449718874652211720093669
3.8599999999999617	0.00018596179085849506989940003754556787810738608810097
3.8699999999999615	0.00017854939169259208116160102204852079917509144557349
3.8799999999999613	0.00017141334482106704424960478509143514481999031972446
3.889999999999961	0.00016454415886878114497955552490941268203874074615867
3.899999999999961	0.00015793263549848958463808234046033367393129146887984
3.9099999999999606	0.00015156986163914555855754677766051472086783949180696
3.9199999999999604	0.00014544720187298643169143622191795901166376030371247
3.92999999999996	0.00013955629097988487836516439548697414642140573418002
3.93999999999996	0.00013388902663739328168444527028434690745557992881536
3.9499999999999598	0.00012843756227485865394191768360789746095156406860016
3.9599999999999596	0.00012319430007993765595292833224163866423522544216693
3.9699999999999593	0.00011815188415579687366796955118290857444450749372772
3.979999999999959	0.00011330319382724226776381220680235771645935293712303
3.989999999999959	0.00010864133709398355943485959842943050682006482899937
3.9999999999999587	0.00010415964422920416672750480114280453458803707669571
4.009999999999959	0.000099851661521574886671562084841772016410408081563804
4.019999999999959	0.000095711145158821438529888926319036349914585106645702
4.0299999999999585	0.000091732055250925346867974040604212334572450173080047
4.039999999999958	0.000087908549991020325384859093496120873499367647789308
4.049999999999958	0.000084234979952018193677814010635417872999185627445946
4.059999999999958	0.000080705882516983487421164817374838669709078280264326
4.069999999999958	0.000077315976441258052652201117565664534474735318398971
4.079999999999957	0.000074060156544322926895842834064076139292313128018725
4.089999999999957	0.000070933488529372874409917158649594648111051564113231
4.099999999999957	0.000067931203928569174897610019682103637010211026405318
4.109999999999957	0.000065048695171928585490130460219668508256374383899443
4.119999999999957	0.000062281510777800726575216472679345544958256229936874
4.129999999999956	0.00005962535066288240615400466680238702468569492288739
4.139999999999956	0.00005707606156971551900544699372206257192829314984655
4.149999999999956	0.000054629632609615061356888675061841188525204469331116
4.159999999999956	0.000052282190918975415549324175693809144679275900670346
4.1699999999999555	0.00005002999742690631014275247655395771052040049565479
4.179999999999955	0.000047869442732154678107494934418088224600601457091264
4.189999999999955	0.000045797043087274949576164443771926506408443833383176
4.199999999999955	0.000043809436488018057806848800597066363869215000346462
4.209999999999955	0.000041903378865918540606274585153080798187419668909904
4.2199999999999545	0.000040075740382069518934308380723614051710429481432011
4.229999999999954	0.000038323501820086965604575276778655675090632590385995
4.239999999999954	0.000036643751076277477166203729627779801531652430666043
4.249999999999954	0.00003503367974503766987699399063213857694021533892697
4.259999999999954	0.000033490579797528276269632743181677285130191419841234
4.269999999999953	0.000032011840351681963721864206189688496567284754128994
4.279999999999953	0.000030594944531620773667728164071147863170546224893652
4.289999999999953	0.00002923746641457683408008205054155304634107765625562
4.299999999999953	0.000027937068063428574517712856557896480862810619592647
4.3099999999999525	0.00002669149664298401971971131996371103802987423360004
4.319999999999952	0.000025498581618162803253261888357321480839474823053915
4.329999999999952	0.000024356232032249277334553540971070709306225290294947
4.339999999999952	0.000023262433863410450345132953765409669273599217391033
4.349999999999952	0.000022215247457694412893069068352564090186805400372793
4.3599999999999515	0.000021212805036747371083342018741511505131346765201213
4.369999999999951	0.000020253308278510347947068147500246494854081535288856
4.379999999999951	0.00001933502596917999812431554953320556721427781161691
4.389999999999951	0.000018456291724741765685523330361109365958301023788623
4.399999999999951	0.000017615501780407760579007760567094232510214470579693
4.40999999999995	0.000016811112846316197141136064970258299785574274178779
4.41999999999995	0.000016041640027873991287536341738699508287003367176726
4.42999999999995	0.000015305654809149115639219184538362195199584247705723
4.43999999999995	0.000014601783097744529465089994398868068317838239175029
4.4499999999999496	0.000013928703329610899779263064944684461672797491907985
4.459999999999949	0.000013285144632280879334633695610824432309902560936706
4.469999999999949	0.000012669885045033375979606906224061298103576379294392
4.479999999999949	0.000012081749794522006507763176522567511360177941266611
4.489999999999949	0.000011519609624427748562991749604219683442870595443918
4.4999999999999485	0.000010982379177721659393109735162108115707788913384941
4.509999999999948	0.000010469015430149394474055962746453333933927870456253
4.519999999999948	9.9785161735751076052941006994758158713393988459566e-6
4.529999999999948	9.5099185478481234826749691119092693926136146817001e-6
4.539999999999948	9.0622976198815215682847007242547733268450930004983e-6
4.549999999999947	8.6347650086574349573095813174416876502110354146349e-6
4.559999999999947	8.2264675548994296039306047643418632452166057138933e-6
4.569999999999947	7.8365860341777684561422988428673644998670805012643e-6
4.579999999999947	7.4643339122386635130693038174224982582949794293116e-6
4.589999999999947	7.1089561413737592883728699099896546354710891297513e-6
4.599999999999946	6.7697279966710573259532827917331248693635951280035e-6
4.609999999999946	6.4459539510132678863400350612289683688344174140204e-6
4.619999999999946	6.1369665877141472266021058512130883576085083170089e-6
4.629999999999946	5.8421255497077334366904703170665133159208324853858e-6
4.6399999999999455	5.5608165242295178299704525878526969651570622324425e-6
4.649999999999945	5.2924502619524705052980170296403540237490291086395e-6
4.659999999999945	5.0364616295644667984088775382312633876368042338366e-6
4.669999999999945	4.7923086947970255991303879980382989264009456092162e-6
4.679999999999945	4.5594718429383613624633457414685560965670651457356e-6
4.689999999999944	4.3374529238865602530549621031480706497148831724804e-6
4.699999999999944	4.1257744288212091097289802288669642680419477417467e-6
4.709999999999944	3.9239786955940263600375945726072917224228571032598e-6
4.719999999999944	3.7316271419609598758990124563113278458456682550279e-6
4.729999999999944	3.5482995257998218997841476663009960753384901337848e-6
4.739999999999943	3.3735932314788200609548988514960290847154554021727e-6
4.749999999999943	3.207122581562311209410728018110771158793243427811e-6
4.759999999999943	3.0485181730607469577100305388126231220262644669261e-6
4.769999999999943	2.8974262374520926216733440112304656367026275354148e-6
4.7799999999999425	2.7535080237219814001853393290627546350379565869902e-6
4.789999999999942	2.6164392036895103466918014556294989859949387830031e-6
4.799999999999942	2.4859092989048916591774239376985024027694160128211e-6
4.809999999999942	2.3616211284241402133632417485899756977298520659987e-6
4.819999999999942	2.2432902767846046907159102192054008495658255571508e-6
4.8299999999999415	2.1306445815234341372167196892324314336213780871628e-6
4.839999999999941	2.0234236395990137634602435389218255566149094520903e-6
4.849999999999941	1.9213783320930030795866871306639295970395923875938e-6
4.859999999999941	1.8242703665878662346735225373254920396787923957777e-6
4.869999999999941	1.7318718366316992332052406073851835419296218155386e-6
4.87999999999994	1.6439647977187323960143695367764718233906017565321e-6
4.88999999999994	1.5603408592301201986310807911518893031028379782752e-6
4.89999999999994	1.4808007917955259326561769599922015178932358913823e-6
4.90999999999994	1.4051541495515672530583905560215358077546255830908e-6
4.9199999999999395	1.3332189067884126189588266885122060664047003749159e-6
4.929999999999939	1.2648211084907101801842441333805688034062617923182e-6
4.939999999999939	1.1997945342935923143060283809831387564741831290816e-6
4.949999999999939	1.1379803753887335071751162381251031262919598995435e-6
4.959999999999939	1.0792269239293495286822523163769607084984712842076e-6
4.9699999999999385	1.0233892744966150119896562294673843133513227227204e-6
4.979999999999938	9.7032903720324790578255984942340253039806545155502e-7
4.989999999999938	9.199140620229663090228126161225059220006786512646e-7
4.999999999999938	8.7201817394716954462197025047815655397400527392841e-7
5.009999999999938	8.2652091858253475337058818572383248056715834622161e-7
5.019999999999937	7.8330731781525669446338127234438353511134942447353e-7
5.029999999999937	7.422676351793958461786721266486902107210609103964e-7
5.039999999999937	7.0329715057824244119143248361539024618561046190591e-7
5.049999999999937	6.6629594401875597618407245839575552730891665048538e-7
5.0599999999999365	6.3116868803000532462063173818796599397617606688872e-7
5.069999999999936	5.9782444844711825421444994840887393788659232332948e-7
5.079999999999936	5.6617649325255537677022783467805001612747319482802e-7
5.089999999999936	5.3614210917655686957695582285257655246050014792191e-7
5.099999999999936	5.0764242576837528968620802188829249177579253351622e-7
5.1099999999999355	4.8060224665940908599220642465254993450025700173271e-7
5.119999999999935	4.5494988774859366757760727791774222364911052360007e-7
5.129999999999935	4.3061702204939480930564987313685581741607087102659e-7
5.139999999999935	4.0753853094648748960893976225959609177546646664767e-7
5.149999999999935	3.8565236161869670015975290449680085676653184049296e-7
5.159999999999934	3.6489939039303009241608780076655949252187408040427e-7
5.169999999999934	3.4522329180265028621229016475436306857346465585178e-7
5.179999999999934	3.2657041312942201366297827145280084663946796009205e-7
5.189999999999934	3.0888965421923075409014441910358344651254308304451e-7
5.199999999999934	2.9213235236560986711350333285874175561945978834578e-7
5.209999999999933	2.7625217206433716950061830036757941043011444946034e-7
5.219999999999933	2.6120499944857412371376317974408408252901157546324e-7
5.229999999999933	2.4694884122082598368964335178372694196444830566946e-7
5.239999999999933	2.3344372790450401809193186719921108591459182927377e-7
5.2499999999999325	2.2065162124417591160581877236897823794381990434234e-7
5.259999999999932	2.0853632558970220243927023995618036152742658703256e-7
5.269999999999932	1.9706340310537968049750597496128173203278562039198e-7
5.279999999999932	1.862000926509515338497145446535464235907005737759e-7
5.289999999999932	1.7591523218690313308239421692675764082114226140193e-7
5.299999999999931	1.6617918456184607706600387927873131194532049721406e-7
5.309999999999931	1.5696376654500583138414266596546696773577051375782e-7
5.319999999999931	1.4824218097187426045286460156735565045924506868681e-7
5.329999999999931	1.3998895187597181881140641095924184980569999240382e-7
5.339999999999931	1.3217986248438930127053774974835019467730590043565e-7
5.34999999999993	1.2479189595934997137031870666147597048895802264889e-7
5.35999999999993	1.1780317877245364791209747100493666344729947890628e-7
5.36999999999993	1.111929266025389229587305658327454922524699900083e-7
5.37999999999993	1.0494139265223204095066265911909184050432426545468e-7
5.3899999999999295	9.9029818282244952216853389724795114331090784556364e-8