-5.649999999999924	9.6079371566897824849909973728198751946150366739825e-8
-5.639999999999924	1.0124869669634894927956284818338942908607361218524e-7
-5.629999999999924	1.0668701242827194957231926822881025866668132084161e-7
-5.619999999999925	1.1240780827044889580215466427396046735977242063268e-7
-5.609999999999925	1.1842522277010596181823033704415005510564120772752e-7
-5.599999999999925	1.2475407330244424858216817295276701252511662187272e-7
-5.589999999999925	1.3140988715319670224188304798365498994355899398099e-7
-5.5799999999999255	1.3840893394782980935795773483288216188652782638744e-7
-5.569999999999926	1.4576825948197789289915013164366085502492427235513e-7
-5.559999999999926	1.5350572100973285879138732594641002213633464567898e-7
-5.549999999999926	1.6164002404851501187581436897988773112603919656428e-7
-5.539999999999926	1.7019076076142296728210209434013922348096594430578e-7
-5.5299999999999265	1.7917844998020466092653309581983209895527324166039e-7
-5.519999999999927	1.8862457893430898088904722954233068104366857096945e-7
-5.509999999999927	1.9855164675387060688999698288937646535560312168886e-7
-5.499999999999927	2.0898320981695130228084718183885269803327854492361e-7
-5.489999999999927	2.1994392901391123329922626406196224090106537702889e-7
-5.479999999999928	2.314596190044160121818167692590504192954798674597e-7
-5.469999999999928	2.4355729954530122917781197760279509786412895163404e-7
-5.459999999999928	2.5626524897031844512831465167405532755898814383569e-7
-5.449999999999928	2.6961305990567718878512010547060248773219207230093e-7
-5.4399999999999284	2.8363169730827870491046157431488040980460037197144e-7
-5.429999999999929	2.9835355891661132922109297844175696666272705432319e-7
-5.419999999999929	3.1381253820744675801998538215646871576924059812332e-7
-5.409999999999929	3.3004408995474350173688361053079084743797992835498e-7
-5.399999999999929	3.4708529849053086400500571086241399635620831742876e-7
-5.3899999999999295	3.6497494877101630563666270966849910689717329236692e-7
-5.37999999999993	3.837536003547335023034837920798960527888668834931e-7
-5.36999999999993	4.0346366440323028345762649392204548982776906795409e-7
-5.35999999999993	4.2414948381858747587500063194429250502767969083957e-7
-5.34999999999993	4.4585741663596402518975711133928502282896223367331e-7
-5.339999999999931	4.6863592279338321802280278849014473625676606203982e-7
-5.329999999999931	4.9253565440511198773599207944016418984689791270456e-7
-5.319999999999931	5.176095496692427959468953277057147132968969563691e-7
-5.309999999999931	5.4391293054446810130580051098348974222730563516285e-7
-5.299999999999931	5.715036043355436408447158078110234791723829000987e-7
-5.289999999999932	6.0044196933157136259637590652296644883227792603526e-7
-5.279999999999932	6.3079112464599858551161077959006679603241533609312e-7
-5.269999999999932	6.6261698441212956570986165723557178602810597192755e-7
-5.259999999999932	6.9598839649298187391748337342823497939357380789112e-7
-5.2499999999999325	7.3097726586949560803296828829932747832809666204841e-7
-5.239999999999933	7.6765868287642125865809906801640265966195793846328e-7
-5.229999999999933	8.0611105646067480445662465257386423946083180602517e-7
-5.219999999999933	8.4641625264255913493596774876789946559809870215588e-7
-5.209999999999933	8.8865973836601198095099666560432464632871282952539e-7
-5.199999999999934	9.3293073092995497907823727430152957713245962800612e-7
-5.189999999999934	9.7932235319888910420241153397144924840357826761362e-7
-5.179999999999934	1.0279317947971112693716368720897346857575425314727e-6
-5.169999999999934	1.0788604794973181991726300999099185080080812919398e-6
-5.159999999999934	1.1322142390209195069439925994630622016647363653377e-6
-5.149999999999935	1.1881034934741050063958395762223561395306404020364e-6
-5.139999999999935	1.246643438650604405195457173637999245601873261698e-6
-5.129999999999935	1.3079542404391433797732298857546728188866939188877e-6
-5.119999999999935	1.3721612365808413083536019434177276919295752335465e-6
-5.1099999999999355	1.4393951460292153035777835367754703013129891482239e-6
-5.099999999999936	1.509792286173055262449237200003518464521384025917e-6
-5.089999999999936	1.5834947981902180253763676869465234672118178936927e-6
-5.079999999999936	1.6606508808083579490356723140833773926915034889284e-6
-5.069999999999936	1.7414150327567687414830181221386540305272767252249e-6
-5.0599999999999365	1.825948304201859719755165015669588560511154947242e-6
-5.049999999999937	1.9144185574673311076706066930410712282081252828069e-6
-5.039999999999937	2.0070007373488499068720218388457815742289651186953e-6
-5.029999999999937	2.1038771513419624885168980456136612333235192792164e-6
-5.019999999999937	2.2052377601111145306068964657010951883319681445625e-6
-5.009999999999938	2.3112804785369853478258667111915121692075578148818e-6
-4.999999999999938	2.42221148768888401854379380978627125917392020702e-6
-4.989999999999938	2.5382455580787009029236914910356242800629069621079e-6
-4.979999999999938	2.6596063845628619596127498392957775119310807240352e-6
-4.9699999999999385	2.78652693326889638926340239054897045539208320348e-6
-4.959999999999939	2.9192498009336021270254874308656382408067154774438e-6
-4.949999999999939	3.0580275870503800145910085539835279857664933443769e-6
-4.939999999999939	3.2031232792341074145941346467636974340020123317779e-6
-4.929999999999939	3.3548106522229367553200522097449050085047221479097e-6
-4.9199999999999395	3.5133746809476350326793701059310260044943053704992e-6
-4.90999999999994	3.6791119681105275135838586785593061333158565722614e-6
-4.89999999999994	3.8523311867277734793353360887477318289521792187788e-6
-4.88999999999994	4.0333535381005843444923130136794708699842861501757e-6
-4.87999999999994	4.2225132256930952278748451535404396595579725060183e-6
-4.869999999999941	4.4201579454069201874528096493520411294410224707666e-6
-4.859999999999941	4.6266493927549588074208263237814743717025933944865e-6
-4.849999999999941	4.8423637874497773796418606279499195869374911430445e-6
-4.839999999999941	5.0676924159348610669436108205878304240160884397892e-6
-4.8299999999999415	5.3030421924002234545938373542943520307668158098223e-6
-4.819999999999942	5.5488362388372658283225866964385155737225493891156e-6
-4.809999999999942	5.8055144847013991490033483520278592668327749986766e-6
-4.799999999999942	6.0735342867647755479700177803644109898319702414512e-6
-4.789999999999942	6.3533710697555214901154997772163265839456300895869e-6
-4.7799999999999425	6.6455189883941195049671869606604415671954467670594e-6
-4.769999999999943	6.9504916114520472312441091199996566957688241702686e-6
-4.759999999999943	7.2688226284724488103503285368759975524797935651758e-6
-4.749999999999943	7.6010665798074814292173438327548381350814257420764e-6
-4.739999999999943	7.9477996106420457490147910213353276239638009175038e-6
-4.729999999999944	8.3096202496888694130001288280856844432912963373756e-6
-4.719999999999944	8.6871502132553637944194922564841892699054665025745e-6
-4.709999999999944	9.081035235398311242103248475335359327304249423502e-6
-4.699999999999944	9.4919459248982585404019378058124866891246128255486e-6
-4.689999999999944	9.9205786498014869563985150326203540150573482929613e-6
-4.679999999999945	0.000010367656450293594524456638096698373520473944104012
-4.669999999999945	0.000010833929980685056114733428964816158341849229003978
-4.659999999999945	0.00001132017848130561490836823869940700201234300228998
-4.649999999999945	0.000011827210781120998265442259342343161820612002288496
-4.6399999999999455	0.000012355866331902234264123205683788354527466512697503
-4.629999999999946	0.000012907016274794764572172129707691854370964036251018
-4.619999999999946	0.000013481564540151596452495770902125413339520980665536
-4.609999999999946	0.000014080448981511902761604086388588389732723682187431
-4.599999999999946	0.000014704642544623754409991387695898110324217259234241
-4.589999999999947	0.000015355154472427045016000117851529717933318528001514
-4.579999999999947	0.000016033031546930131947790654909900462936505508310707
-4.569999999999947	0.000016739359368931260594140639598032954784487208128791
-4.559999999999947	0.000017475263676553447936430833142831081072011079376484
-4.549999999999947	0.0000182419117035791651194457074999242856358672214715
-4.539999999999948	0.000019040513578588863936881541264925078379928703611598
-4.529999999999948	0.000019872323765925125535007309346344999694400997331284
-4.519999999999948	0.000020738642549521957133747642041605208700493447851217
-4.509999999999948	0.000021640817560656509456058431744053042187439907486868
-4.4999999999999485	0.000022580245350698218465810587503654022315202314617235
-4.489999999999949	0.000023558373009948073883978059041057855747268497700942
-4.479999999999949	0.000024576699833678367031976129072357535013356489980484
-4.469999999999949	0.000025636779036500854381880310152308726082012083666804
-4.459999999999949	0.000026740219516208772598061420416947781608575726195606
-4.4499999999999496	0.000027888687668255536922121050757281591138879113328887
-4.43999999999995	0.000029083909252050227825128972680292013152272080738878
-4.42999999999995	0.000030327671310267100511224387252156134346408835638358
-4.41999999999995	0.000031621824142383316916423737957988741948908444582747
-4.40999999999995	0.000032968283333675878334351031056388834714369549553455
-4.399999999999951	0.000034369031840925305949897323949508210826567350675395
-4.389999999999951	0.000035826122136089952799559625732517562742451539615705
-4.379999999999951	0.000037341678409230909613338936375381963250317316104019
-4.369999999999951	0.000038917898831983263410073636894357279246891841437924
-4.3599999999999515	0.000040557057882884955561124120690959577562729386823544
-4.349999999999952	0.000042261508735889638404956712141979518892374465406087
-4.339999999999952	0.000044033685713404718630566177779998187137886838173403
-4.329999999999952	0.000045876106805210172930456955280915912071602133427386
-4.319999999999952	0.000047791376254627697362653451105201774906220340120134
-4.3099999999999525	0.000049782187213323276086620820103903573112628175815787
-4.299999999999953	0.000051851324466139296396729724156507865232530549818821
-4.289999999999953	0.000054001667227364863126291799205558058096453587458097
-4.279999999999953	0.000056236192009864943498571976153795442467354632575688
-4.269999999999953	0.000058557975568500369424198513729843908929915529034098
-4.259999999999954	0.000060970197919281503252129248847985794696406838358634
-4.249999999999954	0.000063476145435708499336370731705352868862094016748873
-4.239999999999954	0.000066079214023760530842063763915913810190419421519747
-4.229999999999954	0.000068782912377005061437935878213434306571267504914381
-4.2199999999999545	0.000071590865313306186460641360941766193470904586922025
-4.209999999999955	0.000074506817194618208443044049951667737441031851840337
-4.199999999999955	0.000077534635431356907328928166069551696865103714757314
-4.189999999999955	0.000080678314072846375114286607779695390580482517219448
-4.179999999999955	0.000083941977485343766036712667360524272126354784922334
-4.1699999999999555	0.00008732988411914782387607732662568775643041185260953
-4.159999999999956	0.000090846430366299543656529764055567927255045730416322
-4.149999999999956	0.000094496154510384761414807671545373548137625306724712
-4.139999999999956	0.000098283740769948797234782458994443986337175410799274
-4.129999999999956	0.00010221402343703245711646804628481691395270047414232
-4.119999999999957	0.00010629199111233668129822011543342424964560038462991
-4.109999999999957	0.00011052279103851986242334483021088035318250941286917
-4.099999999999957	0.00011491173353312729768469531024203837671992404230613
-4.089999999999957	0.00011946429652264633526774416323103156761752970475524
-4.079999999999957	0.00012418613017917347676598962275500289681544680090655
-4.069999999999958	0.00012908306166117095275365167277542359335349943979547
-4.059999999999958	0.00013416109995978004665397882584050397928511531910009
-4.049999999999958	0.00013942644085214665004063123343732447577478182675363
-4.039999999999958	0.00014488547196320113750459343307992775239062128809724
-4.0299999999999585	0.00015054477793731959753597157316823033960680532493509
-4.019999999999959	0.00015641114572127669324232597540490158880646920011652
-4.009999999999959	0.00016249156995988189832714778583572051310090563872569
-3.9999999999999587	0.00016879325850567078910751504317083922198709752257917
-3.989999999999959	0.00017532363804399886308684851754907107874887975125936
-3.979999999999959	0.00018209035983486711562699686672479914131249029983371
-3.9699999999999593	0.00018910130557277263920563271997915437099740066758221
-3.9599999999999596	0.00019636459336585908062288138712778616709361340702882
-3.9499999999999598	0.00020388858383560565970080931971385444806405583679726
-3.93999999999996	0.00021168188633826292394556527084024477347500720138901
-3.92999999999996	0.00021975336530920845601213487603795419045674271195162
-3.9199999999999604	0.00022811214673135879023445437662030461788946206104757
-3.9099999999999606	0.00023676762472873449795476769223207624910039986622013
-3.899999999999961	0.00024572946828623371073420046109655269391364243299579
-3.889999999999961	0.00025500762809662520758885080278827671645773293966373
-3.8799999999999613	0.00026461234353572553908042148145634211591808852878432
-3.8699999999999615	0.00027455414976667543944116185522165832610494687113092
-3.8599999999999617	0.00028484388497417893017571821421750727461271338163279
-3.849999999999962	0.00029549269772951398727533286406814928729087148595923
-3.839999999999962	0.00030651205448706637216430615960265923943366314538761
-3.8299999999999623	0.000317913747213078157054330508517474923650938606728
-3.8199999999999625	0.0003297099011472395522834885530190370102883694538813
-3.8099999999999627	0.0003419129826976868108114725535206906764619847718814
-3.799999999999963	0.00035453580746990018833442831552924416057250562551132
-3.789999999999963	0.00036759154842992412221466845695453830863914029433741
-3.7799999999999634	0.00038109374420225690516108668366344207059077201952903
-3.7699999999999636	0.00039505630750267911782884820014618661076008919840752
-3.759999999999964	0.00040949353370620889672111099767066950457791098481406
-3.749999999999964	0.00042442010955028769955986513357191685919591884565995
-3.7399999999999642	0.00043985112197321254043151949834020597949427842747067
-3.7299999999999645	0.00045580206708773965358322415283050472743615106993455
-3.7199999999999647	0.00047228885928969016121972452733111844658789694424345
-3.709999999999965	0.00048932784050129052199617151782463818265266925207788
-3.699999999999965	0.00050693578954887927968976182983115044450236036677126
-3.6899999999999653	0.00052512993167450687404102775739327840084573349581528
-3.6799999999999655	0.00054392794818084697808049776070626305789340687344171
-3.6699999999999657	0.00056334798620872595042371267980767719139986642824609
-3.659999999999966	0.00058340866864646150109466809146315430749947365388837
-3.649999999999966	0.00060412910417008253164919246890644144386021893936641
-3.6399999999999664	0.00062552889741337929321400319945377218454614316473315
-3.6299999999999666	0.00064762815926660648042514083639087386742889879520415
-3.619999999999967	0.00067044751730253161854483903224578240406884444060635
-3.609999999999967	0.00069400812632838708129687735588140553520279547350641
-3.5999999999999672	0.00071833167906214627698318190913998419762776559672874
-3.5899999999999674	0.00074344041693140294190752036339284496678709132685857
-3.5799999999999677	0.00076935714099298706772271346254597382902839533615556
-3.569999999999968	0.00079610522297130175085859270574361705039759012276745
-3.559999999999968	0.00082370861641321217876548129364933482732096811105235
-3.5499999999999683	0.00085219186795716105380162125960220645710664167664602
-3.5399999999999685	0.00088158012871402399920479995106561339629300166217465
-3.5299999999999687	0.00091189916575705389437379167904906116600131399531614
-3.519999999999969	0.00094317537371809465408378899066316470184512114923468
-3.509999999999969	0.00097543578648707270762715768848047749284498766493436
-3.4999999999999694	0.0010087080890115983626094030783006702245581344247461
-3.4899999999999696	0.0010430206291933293718220706387876449807196997189359
-3.47999999999997	0.0010784024298775653821520138269564424905967779413126
-3.46999999999997	0.001114883200932354558204674788128477715653333739531
-3.45999999999997	0.0011524933514132025711252970067569221323444129496827
-3.4499999999999704	0.0011912640018092793606070666817355779148682759850873
-3.4399999999999706	0.0012312269963668206557224393217174842534782393331071
-3.429999999999971	0.0012724149154852192234077984769769413442235103786059
-3.419999999999971	0.0013148610881810952526648669570921245871300915757976
-3.4099999999999713	0.001358599604615426233521826125946135392015488535389
-3.3999999999999715	0.0014036653286786042135681057912487431537726450879482
-3.3899999999999717	0.0014500939106280724779451987368348498359436704079872
-3.379999999999972	0.001497921799772974573128566023631567453027565803257
-3.369999999999972	0.0015471862572000262584587343505632289686045197563137
-3.3599999999999723	0.0015979253685345955057736521081965543648053010945168
-3.3499999999999726	0.0016501780567307471661872762934608687848505787455471
-3.3399999999999728	0.0017039840948837774796164415008902242376091254666376
-3.329999999999973	0.0017593841190585293187883709668176275469232316675738
-3.319999999999973	0.0018164196411265420431207391057192716013353939918412
-3.3099999999999734	0.0018751330616048502033573643237853609441826684245269
-3.2999999999999736	0.001935567682489003205909587922486620019092374495787
-3.289999999999974	0.0019977677200726335437733855406326792001882619355442
-3.279999999999974	0.002061778317745654462562203364211660101389526568619
-3.2699999999999743	0.0021276455587629190962140508375194304715264757228921
-3.2599999999999745	0.0021954164789749223246757891794299379250251990303261
-3.2499999999999747	0.0022651390795118740295653877821690849635089007186673
-3.239999999999975	0.0023368623394122182146081028107931178627167396615291
-3.229999999999975	0.0024106362281864167836556043594882590667705841221652
-3.2199999999999753	0.0024865117183065598054793362452645028323902543069316
-3.2099999999999755	0.0025645407976121060235106423800878396514161641663492
-3.1999999999999758	0.0026447764816217983796298474933282382809701221126545
-3.189999999999976	0.0027272728257415396104877137132958465337841801331249
-3.179999999999976	0.0028120849373577527463593950146733400842075849943974
-3.1699999999999764	0.0028992689878054908070672362520011799044054221375537
-3.1599999999999766	0.0029888822242002993651604387534174463180725182790773
-3.149999999999977	0.0030809829811225751586181994389860838011102362461955
-3.139999999999977	0.003175630692142903816370775928355774985415703695994
-3.1299999999999772	0.0032728859011766002496300631748082443510437831383581
-3.1199999999999775	0.0033728102736554166072833359302658028170504241448269
-3.1099999999999777	0.0034754666075041251484709271554578601287201001827466
-3.099999999999978	0.0035809188439094272110848305318216149144230624197819
-3.089999999999978	0.0036892320778683849194883989398210573035755831096621
-3.0799999999999783	0.0038004725685033196534591300776673095517477046214286
-3.0699999999999785	0.0039147077491298708753123492312228047060975731822219
-3.0599999999999787	0.0040320062370646609723320133854031901134034748026392
-3.049999999999979	0.0041524378431587666127266539365045385220606320190713
-3.039999999999979	0.0042760735810429550377047667246108334142550134016893
-3.0299999999999794	0.0044029856760704050288233259025717942430687219507646
-3.0199999999999796	0.0045332475739423973138174653506905809561582500283741
-3.00999999999998	0.0046669339490022282272584554244777754482267252452983
-2.99999999999998	0.0048041207121823738523312353237405256556347036838955
-2.9899999999999802	0.0049448850185897099704638951475175622764264023419369
-2.9799999999999804	0.0050893052747133762759722335086638932376278495391693
-2.9699999999999807	0.0052374611452396618184129635500264324438297234059926
-2.959999999999981	0.005389433559458082866501520182195058914529336633859
-2.949999999999981	0.0055453047172426246999911992509595585150262998327589
-2.9399999999999813	0.005705158094591925590569834087853975272384133464197
-2.9299999999999815	0.0058690784487119947951094350884387387478649860468402
-2.9199999999999817	0.0060371518226248771245191277433558614834022247549747
-2.909999999999982	0.0062094655492865049432744559356196265807245025184869
-2.899999999999982	0.0063861082551968146766833599765423978263110284442877
-2.8899999999999824	0.0065671698634850494370575338498096465336841155352448
-2.8799999999999826	0.00675274159645302261154638631617143164130550617783
-2.869999999999983	0.0069429159775589795719101267586355291989460697292586
-2.859999999999983	0.0071377868328245664611772062872808250694088458358986
-2.849999999999983	0.0073374492916472966775993764264390270297932546569555
-2.8399999999999834	0.0075419997870007976083164554039838296958749449583781
-2.8299999999999836	0.0077515360550050227611229077340583843115993912627896
-2.819999999999984	0.0079661571338485281014833403257902692614900409258498
-2.809999999999984	0.0081859633620448365232228970308236860638692409907181
-2.7999999999999843	0.0084110563760048513654243318571760713762441317235375
-2.7899999999999845	0.0086415391069072291354399317079393863274020589126702
-2.7799999999999847	0.0088775157768485835087318572637710600925325475009415
-2.769999999999985	0.0091190918942553676499239267311655649897711703593641
-2.759999999999985	0.0093663742485392703342429450261718143078125040320098
-2.7499999999999853	0.0096194709039779636410745308704943977822440119439841
-2.7399999999999856	0.0098784911928030565361742671101398997757295856886319
-2.7299999999999858	0.010143545707477139848083462155235366960237582580173
-2.719999999999986	0.010414746292141854366333948790207240941749481672676
-2.709999999999986	0.010692206033218975429326266382499038487585684555538
-2.6999999999999864	0.010976039249146584809455529933439323214395411745697
-2.6899999999999866	0.011266361479232494318624809504968641897782294566569
-2.679999999999987	0.01156328947160719572003620693605671826871691695082
-2.669999999999987	0.011866941170258738607672320069203273293910668168981
-2.6599999999999873	0.012177435701132082262486204270517392722045446168449
-2.6499999999999875	0.012494893357275629466477653668381287746790440171048
-2.6399999999999877	0.012819435583017830197608863790272142696244245037377
-2.629999999999988	0.013151184957156941376976287733138317659775415223789
-2.619999999999988	0.013490265175147245723307554818700228104043076093948
-2.6099999999999883	0.013836801030265268608028065621821874677022113135093
-2.5999999999999885	0.01419091839373978690641534672438162320622493187079
-2.5899999999999888	0.01455274419382969850594109315000734783898680935708
-2.579999999999989	0.014922406393834115650031785364582948637015395865772
-2.569999999999989	0.015300033969019359940819304788198687239422195303908
-2.5599999999999894	0.015685756882447871862469743202780139230286084023813
-2.5499999999999896	0.016079706059694403369028448603784582947149173086322
-2.53999999999999	0.016482013362435238645631532476492682894456392179645
-2.52999999999999	0.016892811560896585823591470168802376117224975087328
-2.5199999999999902	0.017312234305148701417784524220310730143373905115642
-2.5099999999999905	0.017740416095232749753184022533935740865025647356059
-2.4999999999999907	0.018177492250107861834628372598554087416034679008302
-2.489999999999991	0.018623598875406342151802190370095205888041111923312
-2.479999999999991	0.019078872829985477944630832748788342737230536225752
-2.4699999999999913	0.019543451691264933609794120998671304628406406264381
-2.4599999999999915	0.020017473719339263315465176823712421511223188021585
-2.4499999999999917	0.020501077819855647598348056200164070357685613737911
-2.439999999999992	0.020994403505647554814766789077164800404095027275902
-2.429999999999992	0.021497590857115645855978621372689508440640818094384
-2.4199999999999924	0.022010780481347880546386812204494807303005511687216
-2.4099999999999926	0.022534113469971446629999123728358534303274500716715
-2.399999999999993	0.023067731355729817201591831995911581311099352506722
-2.389999999999993	0.023611776067778949818514523446539875168304728992675
-2.3799999999999932	0.024166389885697370277938727365432887574622173874282
-2.3699999999999934	0.024731715392205636080236806081016405365777473635678
-2.3599999999999937	0.025307895424591448815787478786780163082567335775734
-2.349999999999994	0.02589507302483748097915005008160642318608322477839
-2.339999999999994	0.026493391388449800875664857169939865956508534663695
-2.3299999999999943	0.027102993811985619160225485014192809967954387797783
-2.3199999999999945	0.027724023639279941929562923489625590155100976936656
-2.3099999999999947	0.028356624206371597945029861636281255256567841445594
-2.299999999999995	0.029000938785130011233136370500485914129966487738876
-2.289999999999995	0.029657110525585014709566193391460852026130594546881
-2.2799999999999954	0.030325282396962945285379653278694044819054662257265
-2.2699999999999956	0.031005597127433225800221956703712307605223824693696
-2.259999999999996	0.031698197142570623717288431961443505587185020718959
-2.249999999999996	0.032403224502539380411000863413868274430161573196705
-2.239999999999996	0.033120820838006427654782712683974021337080315327451
-2.2299999999999964	0.033851127284791949118230801074691291185109533941963
-2.2199999999999966	0.034594284417266603826697186479186532581620429186496
-2.209999999999997	0.035350432180505805109063106110662157102815386561524
-2.199999999999997	0.036119709821212542019328450362503574981925597749277
-2.1899999999999973	0.036902255817421339993244205278061104011520269106691
-2.1799999999999975	0.037698207806997082991861559188634883419754215602589
-2.1699999999999977	0.038507702514943559959387175776909915994063495923064
-2.159999999999998	0.039330875679537753423484145560717461534163657858381
-2.149999999999998	0.040167861977307056803068902033365845226776810684044
-2.1399999999999983	0.041018794946867788743274173215334843487589386461802
-2.1299999999999986	0.041883806911644566821842556859477158042936143207891
-2.1199999999999988	0.042763028901491308488900287262647679777269890632293
-2.109999999999999	0.043656590573235843306971894214462903114969935832306
-2.099999999999999	0.044564620130171346615597424894106239895197729336012
-2.0899999999999994	0.045487244240519039791843112968330554699813239238281
-2.0799999999999996	0.046424587954887845422952958624977535971312031453704
-2.07	0.047376774622757936031058272296949210358382762709403
-2.06	0.048343925808016371545383100772933452424242264366227
-2.0500000000000003	0.049326161203574282530753341337617075500481965887033
-2.0400000000000005	0.050323598545096322251741484421276126889229820739928
-2.0300000000000007	0.051336353523874379952559533289748685893885940682131
-2.020000000000001	0.052364539698878819211280286708805985552513088601636
-2.010000000000001	0.053408268408021777805454129917458152885670797702453
-2.0000000000000013	0.054467648678668338102544473226401012648286309612266
-1.9900000000000015	0.055542787137432648436855250600000769936495719127027
-1.9800000000000015	0.056633787919297369507617293179851395010530370402644
-1.9700000000000015	0.057740752576095939854732306629937073900507248233892
-1.9600000000000015	0.058863779984398778029214373164695328075449619060959
-1.9500000000000015	0.060002966252845313346736224753717205933219247811168
-1.9400000000000015	0.061158404628965344205740722506093192396398342276311
-1.9300000000000015	0.06233018540553431986256861936390741411042812706311
-1.9200000000000015	0.063518395826508395434392394565915167655156418872057
-1.9100000000000015	0.064723119992586329180969214404854269229786538893643
-1.9000000000000015	0.065944438766446498192084544392848154437124952614594
-1.8900000000000015	0.06718242967770850216035628503661966038771854458779
-1.8800000000000014	0.0684371668276700036163126954687923577331333362126
-1.8700000000000014	0.069708720793870615499209198176636708037167433296942
-1.8600000000000014	0.070997158534535791876327710351761076486536848043197
-1.8500000000000014	0.072302543292954803638715497813352827270802160028118
-1.8400000000000014	0.073624934501847986716738888796487321466416430953208
-1.8300000000000014	0.074964387687779534391091736195648817453250377555609
-1.8200000000000014	0.076320954375673166234366086458975360685310732068006
-1.8100000000000014	0.077694681993489042710414723905037386460607581654933
-1.8000000000000014	0.079085613777121305085471373991832738045167553489752
-1.7900000000000014	0.080493788675576603666256570378549233767734411300869
-1.7800000000000014	0.081919241256494932075427234440063220778994020576056
-1.7700000000000014	0.083362001612075009904003698050720106147928400347583
-1.7600000000000013	0.084822095265467349246578403991201287744311511713186
-1.7500000000000013	0.086299543077699000934958944835599714392379779677896
-1.7400000000000013	0.087794361155194802351829843492412071103280449002662
-1.7300000000000013	0.089306560757960739147672887657810020629039549690714
-1.7200000000000013	0.090836148208495786630075585352027526539655135671168
-1.7100000000000013	0.092383124801499311683718836170604635543733455546407
-1.7000000000000013	0.093947486714441791463008141384171681193674705192748
-1.6900000000000013	0.095529224919067239442633349410350635249212828187659
-1.6800000000000013	0.097128325093896321395050649999507653910306237174472
-1.6700000000000013	0.098744767537799692186045618279149069870297919036938
-1.6600000000000013	0.10037852708471158765728838833006126428267104098048
-1.6500000000000012	0.1020295730195541630360694694638110731510958347147
-1.6400000000000012	0.10369786899544347903770490573760424489252894494818
-1.6300000000000012	0.10538337295224839789023788114775838494046390796481
-1.6200000000000012	0.10708603703657396272493562759844156825589895920759
-1.6100000000000012	0.10880580752324109397842362693922304527743130521587
-1.6000000000000012	0.11054262473833464451145689765491170943258837708161
-1.5900000000000012	0.11229642298389200996500841848193343926268543024068
-1.5800000000000012	0.11406713046430459137938359628466209600749262979166
-1.5700000000000012	0.11585466921450445226413764063065472420687212117197
-1.5600000000000012	0.11765895503000850112997052646758730077117405577202
-1.5500000000000012	0.11947989739889246202111624102022458254094390062825
-1.5400000000000011	0.12131739943576676890067542605611425513290328049166
-1.5300000000000011	0.12317135781782633396623225869512932880074881609433
-1.5200000000000011	0.12504166272304589427670998762006764196447762562423
-1.5100000000000011	0.12692819777059233466655954699688722366916491029515
-1.500000000000001	0.12883083996352501706951227455375009957471107908538
-1.490000000000001	0.13074945963385471637899275485758468751630812458661
-1.480000000000001	0.13268392039003127019344067209169741488888777825834
-1.470000000000001	0.13463407906692949364115200314681305876540304469183
-1.460000000000001	0.13659978567840229041260037672937949871310833522142
-1.450000000000001	0.13858088337246920666464014306854965905821601781212
-1.440000000000001	0.14057720838920792517236642365113827997086205408297
-1.430000000000001	0.14258859002141538261967686479869495993916849551259
-1.420000000000001	0.14461485057810431292616096255930753296772691821016
-1.410000000000001	0.14665580535090007375299065009524436700325055952547
-1.400000000000001	0.14871126258340160162213022516404452064837777913472
-1.390000000000001	0.15078102344356926329171294027781131100009111281417
-1.380000000000001	0.15286488199920122708942119993043170427291653054083
-1.370000000000001	0.15496262519655876781309180987910613289378398451319
-1.360000000000001	0.15707403284219964262685300736776091416302061521577
-1.350000000000001	0.15919887758807733324151420210478450475033693741453
-1.340000000000001	0.16133692491996254176650987273689083964734027889878
-1.330000000000001	0.1634879331492418542223136469204854642875852340965
-1.320000000000001	0.16565165340814694714053842105161073863511568908958
-1.310000000000001	0.16782782964846610935704105185677607533115326107867
-1.300000000000001	0.17001619864378818349445069089678766698653053137765
-1.290000000000001	0.17221648999532730027844772715702312907033507759326
-1.280000000000001	0.17442842614137498435172085231143110589479963174197
-1.270000000000001	0.17665172237042435332716792289134157547190890553612
-1.260000000000001	0.17888608683800921321569137522594516568860565597189
-1.2500000000000009	0.18113122058729887390396859842665133162719683543773
-1.2400000000000009	0.18338681757348746894607962901838949331253859411496
-1.2300000000000009	0.18565256469201446554426478064078555318342636289245
-1.2200000000000009	0.18792814181065089427494081377975319254421207171322
-1.2100000000000009	0.19021322180548361498505200211610964310331830519319
-1.2000000000000008	0.19250747060082766653134642067783304629441620831037
-1.1900000000000008	0.19481054721309442492328250273281437601892497748081
-1.1800000000000008	0.19712210379864091829220352226902722600997494537141
-1.1700000000000008	0.19944178570562321934910050824859592176006853330675
-1.1600000000000008	0.20176923152987435808480680107038345846835953015053
-1.1500000000000008	0.20410407317482467095342782777840284012002695155339
-1.1400000000000008	0.2064459359154799292745730729012761943198549218916
-1.1300000000000008	0.20879443846646997077282410330221218136863353092872
-1.1200000000000008	0.21114919305417789579115384511579953126150216337325
-1.1100000000000008	0.21350980549295718558201295480280384263910919462546
-1.1000000000000008	0.21587587526544135607370907524856897758548859032163
-1.0900000000000007	0.21824699560694797857239860158695473222820720355962
-1.0800000000000007	0.22062275359397608099575534512177842012734399344441
-1.0700000000000007	0.22300273023679309150845248846159840677584074997175
-1.0600000000000007	0.22538650057610460296680535002880936968856070005065
-1.0500000000000007	0.2277736337837973235630566916719748838680662158986
-1.0400000000000007	0.2301636932677426387279472677039411222906580729817
-1.0300000000000007	0.23255623678064524399708503415896667668089209027305
-1.0200000000000007	0.23495081653291832051864211464049614306648791724157
-1.0100000000000007	0.23734697930956371657434393961332849322772312733417
-1.0000000000000007	0.23974426659103257234868723713660340203939748678841
-0.9900000000000007	0.24214221467803878370571315673128953025458009138549
-0.9800000000000006	0.24454035482029464645595177884512752009875593909704
-0.9700000000000006	0.24693821334913495809819058686019754024569270162934
-0.9600000000000006	0.24933531181399278192139419293917558039967723242259
-0.9500000000000006	0.25173116712268700130896169200355982965114627104177
-0.9400000000000006	0.25412529168547871279328627732692984477547531173005
-0.9300000000000006	0.25651719356285042758866701726000207883618115165418
-0.9200000000000006	0.25890637661695897574045176284551321907657188317081
-0.9100000000000006	0.26129234066670993745067905237559659162677088636418
-0.9000000000000006	0.26367458164639836538289810591423609887380749000201
-0.8900000000000006	0.2660525917678575126405956119365414004851899754045
-0.8800000000000006	0.26842585968605424650306538914050596974271773736431
-0.8700000000000006	0.2707938706680668107540404398812308370631416995758
-0.8600000000000005	0.27315610676537760242952802846973471217034440422252
-0.8500000000000005	0.27551204698941065492974881498773669843770545683512
-0.8400000000000005	0.27786116749024057158067444372665343497790173858137
-0.8300000000000005	0.28020294173839673479218119893810755699256376842235
-0.8200000000000005	0.28253684070968372884196405868631328726747660614991
-0.8100000000000005	0.28486233307293606191447589632120398976253928570533
-0.8000000000000005	0.28717888538062245823418705703978197580907066585591
-0.7900000000000005	0.28948596226221221683562690188288304824398745353774
-0.7800000000000005	0.29178302662021340258026733089225660857476991185903
-0.7700000000000005	0.29406953982878995031844766850266463716065584305617
-0.7600000000000005	0.29634496193486212744087017627346511941086258928789
-0.7500000000000004	0.29860875186159221628462362674935033107560002243739
-0.7400000000000004	0.30086036761415474874409614101113757473149022417243
-0.7300000000000004	0.30309926648768815375007398642207319664457592939768
-0.7200000000000004	0.3053249052773222667517366496891179298597515686714
-0.7100000000000004	0.30753674049017380166220484219308969087230030268885
-0.7000000000000004	0.3097342285591996025666686499032311062273425806094
-0.6900000000000004	0.31191682605879527745938998477575417458845605945613
-0.6800000000000004	0.31408398992202467194385293737412292216675800060389
-0.6700000000000004	0.31623517765936356972297468377069217219727287894323
-0.6600000000000004	0.31836984757883901129648164621528395515339176495279
-0.6500000000000004	0.32048745900744370498898814091351003348843537741143
-0.6400000000000003	0.32258747251370316761635416065302825907043065051826
-0.6300000000000003	0.32466935013127147806051661957224003302644436067089
-0.6200000000000003	0.32673255558342985800173244817904447360774432622149
-0.6100000000000003	0.32877655450836071222318892010355613211350789775395
-0.6000000000000003	0.33080081468506826835804745693191995743050446316832
-0.5900000000000003	0.3328048062598155547228216679725563512451116480159
-0.5800000000000003	0.33478800197294614692818429165850122319268489220183
-0.5700000000000003	0.33674987738595790115575673858552101175864612978435
-0.5600000000000003	0.33868991110869477613366971621377799501533668211682
-0.5500000000000003	0.34060758502652182864821935777778648392583768089173
-0.5400000000000003	0.34250238452734755052180940391177160334313301508554
-0.5300000000000002	0.34437379872835689990867053021236283797254346423989
-0.5200000000000002	0.34622132070231766795942052516393744240525658140661
-0.5100000000000002	0.34804444770332221474069324941588962084010631205407
-0.5000000000000002	0.34984268139182610702946398330129751932751703163912
-0.49000000000000027	0.35161552805884478662933586054323133899895059068133
-0.48000000000000026	0.3533624988491691803192800586592591113646722769856
-0.47000000000000025	0.35508310998346077953696026193419226488552267249628
-0.46000000000000024	0.35677688297908699499620461614109475186530746735129
-0.45000000000000023	0.35844334486955729033066320141171541678070169515854
-0.4400000000000002	0.36008202842242096126151542058172122810376128931969
-0.4300000000000002	0.36169247235548762455703771776166167734483196260981
-0.4200000000000002	0.36327422155123187034557636816634915790551768720933
-0.4100000000000002	0.3648268272692440234214139018620104721948258100612
-0.4000000000000002	0.366349847356589564177592441166175105655323187886
-0.3900000000000002	0.36784284645594047781989411106404760354309139721491
-0.38000000000000017	0.36930539621134263155871946529158701356046697834965
-0.37000000000000016	0.37073707547148422342463803940812201921227139510058
-0.36000000000000015	0.3721374704903314029797131636098851020103936604637
-0.35000000000000014	0.37350617512499833315744221279454351862553757666007
-0.34000000000000014	0.37484279103072024330246692172423472189129448594956
-0.3300000000000001	0.37614692785279941562617528183909618781604112907951
-0.3200000000000001	0.37741820341539555006093587373123417359540374690146
-0.3100000000000001	0.3786562439070335650850372522991035130991095698459
-0.3000000000000001	0.37986068406270361358984837100625852862299925635813
-0.2900000000000001	0.38103116734242992224442527737770223444739102700828
-0.2800000000000001	0.38216734610618699894222753368548264287002957659205
-0.2700000000000001	0.38326888178504379453923855784631516513995074448723
-0.26000000000000006	0.38433544504841855085090063658347145256144999375314
-0.25000000000000006	0.38536671596732931529496742383468545438872308783174
-0.24000000000000007	0.38636238417352744935378848178097449994945578673718
-0.23000000000000007	0.38732214901440392601846824792396996003593208855004
-0.22000000000000006	0.38824571970356070027531046087581215045872306457724
-0.21000000000000005	0.38913281546694217536073747958387882852141676351266
-0.20000000000000004	0.38998316568442442640974746377021312123349987616943
-0.19000000000000003	0.39079651002676272907022936326897341044348811247869
-0.18000000000000002	0.39157259858780083790814942003805049776358003944978
-0.17	0.39231119201184846616725351294445184743887799500698
-0.16	0.39301206161613650705411093888848442362477913659953
-0.15	0.39367498950826270751692039554806915140541774387811
-0.13999999999999999	0.39429976869854375589248061891936779183938123543204
-0.12999999999999998	0.39488620320719307213977831624878562302164278159924
-0.11999999999999998	0.39543410816624699017123279434086352971346658998584
-0.10999999999999999	0.39594330991616549917095050490594401243437009628992
-0.09999999999999999	0.39641364609703724054198894748469885845601160178589
-0.09	0.39684496573432207959131081711707345523390830682877
-0.08	0.39723712931906822806515712386179876615495298614218
-0.07	0.39759000888254462688119549414847216834618838288248
-0.060000000000000005	0.39790348806523308207236802759291426556567359289224
-0.05	0.39817746218012848272021973065215327231449609670358
-0.04	0.39841183827029931942950740251389506522019689942153
-0.03	0.39860653516066464972410541080361503834133879685077
-0.02	0.39876148350394763532096112715984310736588275623606
-0.01	0.39887662582076978915664904725042685962348024042959
0	0.39895191653385411896396709022619664438269255503254
0.01	0.39898732199630943728991851424201817264788204051791
0.02	0.39898282051397221628519796316091576935641407803362
0.03	0.39893840236178650096318846160832965348193713894145
0.04	0.39885406979420654982314741495713057513586562099968
0.05	0.39872983704961104484087927875188486765410995008834
0.060000000000000005	0.39856573034872189865578319430487727322046847834313
0.07	0.39836178788702488334125030336267150134010952293344
0.08	0.39811805982119350714360390779800309171577595057797
0.09	0.39783460824952176890212865871941010755546859521585
0.09999999999999999	0.39751150718637562504325707288959062400158082656769
0.10999999999999999	0.39714884253067719829327079652617323808010790456124
0.11999999999999998	0.39674671202843994765314374413097754856596585986022
0.12999999999999998	0.39630522522937719363251476326999335097908913833584
0.13999999999999999	0.39582450343761055074430378487565285251873501515519
0.15	0.39530467965650896142963086132935142262652478431677
0.16	0.39474589852769312962272544198610237149524266078465
0.17	0.39414831626424425096435954423612905574669525323156
0.18000000000000002	0.39351210057815998174158483572949961553360796709075
0.19000000000000003	0.39283743060210461139125359869513859516346084650394
0.20000000000000004	0.39212449680550438307624533937714104451441934302137
0.21000000000000005	0.39137350090504284463611868974440528610598085424504
0.22000000000000006	0.3905846557696150040026795943297059053534135514401
0.23000000000000007	0.3897581853198029054626566333963843590015489996943
0.24000000000000007	0.3888943244219390325020388207019248853699836016725
0.25000000000000006	0.38799331877682767854407032600051000511945581426065
0.26000000000000006	0.38705542480319808249905733136295744689820118022923
0.2700000000000001	0.38608090951596678947048383482196557876081213744068
0.2800000000000001	0.38507005039939015349132503456256652119150421595077
0.2900000000000001	0.38402313527519146150058112689051998876589466832229
0.3000000000000001	0.3829404621657505084543086109391502425992900721058
0.3100000000000001	0.38182233915244679815096024471936739758724240905382
0.3200000000000001	0.38066908422925079112791398505471564743756743161793
0.3300000000000001	0.37948102515166078917855100908690629667660013588442
0.34000000000000014	0.37825849928108613045905972885968185906979679036902
0.35000000000000014	0.37700185342478036715060140721446916430431903024107
0.36000000000000015	0.37571144367143100665570545832843587781697624297879
0.37000000000000016	0.37438763522251521487142394214377361714830572952042
0.38000000000000017	0.37303080221953360382562344394000221178326307749928
0.3900000000000002	0.37164132756723685361515018127781509336424239322859
0.4000000000000002	0.37021960275296244797469356565106555946688168100384
0.4100000000000002	0.36876602766220123186533052455848442327016189211256
0.4200000000000002	0.36728101039051582623949076097062245339317409172433
0.4300000000000002	0.36576496705193515775912527479386634162622441387421
0.4400000000000002	0.364218321583951477969840982374772339528745732853
0.45000000000000023	0.36264150554924825562999290463740260140650673811291
0.46000000000000024	0.36103495793428922603671556377506997761238246690814
0.47000000000000025	0.3593991249449006708707531512924346693845754577609
0.48000000000000026	0.35773445979898068000372152170425968199899006074078
0.49000000000000027	0.35604142251647071169612062260193273475504261858909
0.5000000000000002	0.35432047970672622822975576178237664819013659488145
0.5100000000000002	0.35257210435342445280342514702616315982085375267965
0.5200000000000002	0.35079677559714871511020868729825730092755318055014
0.5300000000000002	0.34899497851578962204984738771291563618582465116679
0.5400000000000003	0.34716720390290461076020072729000846185448769005769
0.5500000000000003	0.34531394804417811042413821986778336612448111465684
0.5600000000000003	0.34343571249212535712595300305139935767127724976334
0.5700000000000003	0.34153300383918352977897843921240423048256903808635
0.5800000000000003	0.33960633348933439015697937541512409554884119926174
0.5900000000000003	0.33765621742840300687131357468709080630289779028273
0.6000000000000003	0.33568317599317742187405991213819196030873902539839
0.6100000000000003	0.33368773363949427898280412172723129450523843607836
0.6200000000000003	0.33167041870943547738160390578520038604233261127256
0.6300000000000003	0.32963176319778083953751151223793566789114718930284
0.6400000000000003	0.32757230251786159308122608929403775602116645274976
0.6500000000000004	0.32549257526695916064676109652656954158083291997457
0.6600000000000004	0.32339312299139333127440338243411249369663715679991
0.6700000000000004	0.32127448995144335269142789156884631479164050105451
0.6800000000000004	0.31913722288624483664394156659616965351908552871274
0.6900000000000004	0.31698187077880461061732093284292145388026433623845
0.7000000000000004	0.31480898462127478001517280362593517659693018685706
0.7100000000000004	0.31261911718062628653559309564843258086463101288686
0.7200000000000004	0.31041282276486116255950805366256997936746784531038
0.7300000000000004	0.30819065698990148942046344088754109607795889450109
0.7400000000000004	0.30595317654729177112815120318615150260403114592927
0.7500000000000004	0.30370093897285003623499318747346538667377437260343
0.7600000000000005	0.30143450241640148092552015126674564584761578335201
0.7700000000000005	0.29915442541272686802231940163777988636598132858279
0.7800000000000005	0.29686126665385620147847946656778868680675689878987
0.7900000000000005	0.29455558476283640618875257162065108986904506125147
0.8000000000000005	0.29223793806909986080676672444541354104966291965638
0.8100000000000005	0.28990888438555865898996069875044246973396657535793
0.8200000000000005	0.28756898078754741447061639415108333985455237623895
0.8300000000000005	0.28521878339373528000718255345084407819238823470816
0.8400000000000005	0.28285884714912562211225105642039013349017809476531
0.8500000000000005	0.28048972561025948505653758110364361962293016078815
0.8600000000000005	0.27811197073273659165046815493493905060881348256851
0.8700000000000006	0.27572613266116516740553540245489040963886041496781
0.8800000000000006	0.27333275952164934163273949366471317078536102765697
0.8900000000000006	0.27093239721692027665522645896187107787672931181408
0.9000000000000006	0.2685255892242145074570352820703417684824941843465
0.9100000000000006	0.26611287639600024166679506631080774959083193819175
0.9200000000000006	0.26369479676364957673462581454148015722588650725099
0.9300000000000006	0.26127188534415174049238133658848286719077579529355
0.9400000000000006	0.25884467394995955601775512436857800151662245729125
0.9500000000000006	0.25641369100205837491008573136992587262403620473932
0.9600000000000006	0.25397946134634371781715871006859868162597898099348
0.9700000000000006	0.25154250607339081044025019212221537854631475312976
0.9800000000000006	0.24910334234169611042291910227862204535011022144113
0.9900000000000007	0.24666248320446778864929465359608467568808873388839
1.0000000000000007	0.24422043744003896070568462007349732368825689417688
1.0100000000000007	0.24177770938597426377167791404089957854947448335291
1.0200000000000007	0.23933479877693714418691734943288205211502075924241
1.0300000000000007	0.23689220058638196457412227534972424446316246682024
1.0400000000000007	0.23445040487213175987428676869651266745724490408331
1.0500000000000007	0.23200989662589917214906258225009944027107399628488
1.0600000000000007	0.22957115562680477770370153488698741071056666035518
1.0700000000000007	0.22713465629894369014640581938861186373140583533432
1.0800000000000007	0.22470086757304798257719987212041106279610472567679
1.0900000000000007	0.2222702527522891243246551959566019005920226951837
1.1000000000000008	0.21984326938226127563428098274086153299778595848172
1.1100000000000008	0.21742036912518293054632582851719683716450688790313
1.1200000000000008	0.21500199763835104694396717376606458172096870634835
1.1300000000000008	0.2125885944568784564357502633522099600517266882689
1.1400000000000008	0.21018059288074200835545133524618852167848504310089
1.1500000000000008	0.20777841986616557467845432592486334401461108595816
1.1600000000000008	0.20538249592135872898687387218791489425643914020179
1.1700000000000008	0.2029932350066286156442393050162542532371167736223
1.1800000000000008	0.20061104443887924789757402057988508304174687011818
1.1900000000000008	0.19823632480050921849524042434370813272970183715579
1.2000000000000008	0.19586946985271557632750345787415918130828919050095
1.2100000000000009	0.19351086645320842024483950680492914718296492794356
1.2200000000000009	0.19116089447833758921248939253429005735139819363378
1.2300000000000009	0.18881992674962968888663642047003772853936181911054
1.2400000000000009	0.18648832896473059105573645923492942140765939978598
1.2500000000000009	0.18416645963274547662546334092950591154148922102612
1.260000000000001	0.18185467001396546731858938817460350829307325380013
1.270000000000001	0.17955330406396690832666057140632934134102151282255
1.280000000000001	0.1772626983820664260350758254800524243556677707777
1.290000000000001	0.17498318216411199382366546531671793245950686898969
1.300000000000001	0.17271507715958739692594508054371444055125364445179
1.310000000000001	0.1704586976330046964435376801883844211709140591385
1.320000000000001	0.16821435032955655481477402862755285289938012056942
1.330000000000001	0.16598233444499760220914713434380128104211962929845
1.340000000000001	0.16376294159972139726580468680569028445774057858246
1.350000000000001	0.16155645581699696803992114892541765706506226147352
1.360000000000001	0.15936315350532641161150123011039143599830311310711
1.370000000000001	0.15718330344488258511251102173602108658959057746304
1.380000000000001	0.15501716677798353842466982108871705926856948551198
1.390000000000001	0.15286499700355802089440025988273622801663044962862
1.400000000000001	0.15072703997555414242355091645811450229759080441304
1.410000000000001	0.14860353390524108446190436861471751208733613687185
1.420000000000001	0.14649470936735163990422520564072497173656153985634
1.430000000000001	0.14440078931001131375120777226178466590426201378184
1.440000000000001	0.14232198906839773961696851951704976063025699219146
1.450000000000001	0.14025851638207226165874294620404466169202847809438
1.460000000000001	0.13821057141592369808651781575902184968175434244162
1.470000000000001	0.13617834678466254181719942477637124440753369407831
1.480000000000001	0.13416202758080216672199289163536164015163022659949
1.490000000000001	0.13216179140606199484635240815962394870169503547994
1.500000000000001	0.13017780840612604144600453400860439312529146993118
1.5100000000000011	0.12821024130868879108496459102739652559279376516206
1.5200000000000011	0.12625924546471896970557656796010526400361645804061
1.5300000000000011	0.12432496889287046474914056279829668143778604616502
1.5400000000000011	0.12240755232696840824149922340637946539185883250381
1.5500000000000012	0.12050712926649727634489801873491921112597824718411
1.5600000000000012	0.11862382603001677322136335381907746380039416997481
1.5700000000000012	0.116757761811430257082653201924171413276605808377
1.5800000000000012	0.11490904873902953187060596504078073669156877628089
1.5900000000000012	0.11307779193723896889792105410759314644889124132299
1.6000000000000012	0.11126408959098113868821143523377383647243784281114
1.6100000000000012	0.1094680330125854238187820679573282091315858115303
1.6200000000000012	0.10768970671116044835269095315432216879990002086897
1.6300000000000012	0.10592918846435059794189218414528316887912200414814
1.6400000000000012	0.10418654939239641631681959795157202830391438705303
1.6500000000000012	0.10246185403441824800996514652117157697860418623003
1.6600000000000013	0.10075516042684215308797517550190280799293897160009
1.6700000000000013	0.099066520183886846622213334619944911484381029269064
1.6800000000000013	0.097395978580030212784628656748863501161728839950837
1.6900000000000013	0.095743574634373809928281142034903579181414249838401
1.7000000000000013	0.094109341196823717857198318836569622529395377632215
1.7100000000000013	0.092493305036006080710485043073545562041299471932212
1.7200000000000013	0.090895486928835767429794303288945956386586765315086
1.7300000000000013	0.089315901751656705545273893576015334037105055395246
1.7400000000000013	0.087754558572872641851712392818199993566139700845211
1.7500000000000013	0.086211460746987344255541049176901350778378271643375
1.7600000000000013	0.084686606009973581411346254016710091473132203777018
1.7700000000000014	0.083179986575890599447464604120374345769283727305631
1.7800000000000014	0.081691589234670256777153667041373038789511291917416
1.7900000000000014	0.080221395450992477339204099508448413866884695988178
1.8000000000000014	0.078769381464171238207639563001903412355114481789836
1.8100000000000014	0.077335518388972917917962522358227339320920151657324
1.8200000000000014	0.075919772317289495608698699166805974884195549239972
1.8300000000000014	0.074522104420589806673220702055384337237956846226563
1.8400000000000014	0.07314247105307282653160964795457619799134294867202
1.8500000000000014	0.071780823855447768813595515071645770970560024380175
1.8600000000000014	0.070437109859266646115855078486542107836429928639566
1.8700000000000014	0.069111271591735848963249307482698051307260060200532
1.8800000000000014	0.067803247180934250047861852840925012552453868778389
1.8900000000000015	0.066512970461366334608805952224626334790307821264462
1.9000000000000015	0.065240371079779892301604608022566886627732802666903
1.9100000000000015	0.063985374601178879427582294152128505357928314304687
1.9200000000000015	0.062747902614963171279439305048260327955350390677603
1.9300000000000015	0.061527872841128070928614048739141359395730737997139
1.9400000000000015	0.06032519923645762134610812715897912651941411863755
1.9500000000000015	0.05913979210064698061942676000711555334455088975723
1.9600000000000015	0.057971558182290363509761891294615796094281723769614
1.9700000000000015	0.056820400784672324990367943238305479920755036201117
1.9800000000000015	0.05568621987130146102527558678392650122495902451331
1.9900000000000015	0.05456891217112692699613301834809299434252128897747
2.0000000000000013	0.053468371283379547429595615969201527566108681960296
2.010000000000001	0.052384487781980515589121084556305930609939804659836
2.020000000000001	0.051317149319462440614815816202775596647952688661926
2.0300000000000007	0.050266240730348417946604442372521920441931253149137
2.0400000000000005	0.049231644133936597627275767830647839626315167239745
2.0500000000000003	0.048213239036439019076159352402304631636599264920988
2.06	0.047210902432424963068648211154718801031177205912501
2.07	0.04622450890552054113010969265343670037347647644027
2.0799999999999996	0.045253930728317722765367900667440475657498861104598
2.0899999999999994	0.044299037961447490330693545175894171370563127934777
2.099999999999999	0.043359698551773308368785055741519506055244202236742
2.109999999999999	0.042435778429662597345471810743721211674970312793366
2.1199999999999988	0.041527141605295409450218557534786354528827345743778
2.1299999999999986	0.04063365026397101497608581142366466598068384687872
2.1399999999999983	0.039755164860374620329626389238541015801426692869712
2.149999999999998	0.038891544211767951515308520870741474227919966402943
2.159999999999998	0.038042645590068948598561872136804429799697504787681
2.1699999999999977	0.037208324812787325811637470209095735255634365696989
2.1799999999999975	0.036388436332784257292383157429821523908545838744686
2.1899999999999973	0.035582833326825948633919945722643438319695533413138
2.199999999999997	0.034791367782902348200988683516525689444420449439164
2.209999999999997	0.034013890586283738296902357713346820361142433887693
2.2199999999999966	0.033250251604289423537351762180491630419003196381014
2.2299999999999964	0.032500299769744201031491958011245042646472320308358
2.239999999999996	0.031763883163099753049078667966293655005784874674029
2.249999999999996	0.031040849093199546662358958321498799465029822279216
2.259999999999996	0.030331044176667255326025608850778177262831523988583
2.2699999999999956	0.029634314415900133466994620283509273779711598999904
2.2799999999999954	0.028950505275650175903734614072577024560495980184543
2.289999999999995	0.028279461758177278344885960586873345799005819741892
2.299999999999995	0.02762102847695998240861782868217749078938924726963
2.3099999999999947	0.026975049728950737674628432400212701627221755251266
2.3199999999999945	0.026341369565363943384518947228719261998217988760429
2.3299999999999943	0.025719831860986342735804030677861960321534861991103
2.339999999999994	0.025110280382000632500211067719375177072589004575159
2.349999999999994	0.024512558852314419206170121623490329125420096851504
2.3599999999999937	0.023926511018387899664362357984620921955085950480859
2.3699999999999934	0.023351980712554867527533436682676498375652119128647
2.3799999999999932	0.022788811914832848242853978886786043867981434132989
2.389999999999993	0.022236848813219341595853594801879943008137664413748
2.399999999999993	0.021695935862472303515685898654997291552423392996254
2.4099999999999926	0.021165917841374126405679296456095630417758073692191
2.4199999999999924	0.020646639908479479511169555992714619355397140572381
2.429999999999992	0.02013794765634844730546646273212043192613047856742
2.439999999999992	0.0196396871642674541677012804570000757887244507631
2.4499999999999917	0.019151705049461487382330479106332624222537463148744
2.4599999999999915	0.018673848516802127383789496098436349313659496622619
2.4699999999999913	0.018205965407016863910764191246124143415010825781896
2.479999999999991	0.017747904243406119066873018043519517933469954820485
2.489999999999991	0.017299514277075312986343206430882944157057290812202
2.4999999999999907	0.016860645530690194686108211464076797745214112109822
2.5099999999999905	0.016431148840764519594144688499374834015729165071192
2.5199999999999902	0.016010875898489986054605387127893652322218722939013
2.52999999999999	0.015599679289119145731872861588350119447859784158052
2.53999999999999	0.015197412529912777207576387850632222988515694790988
2.5499999999999896	0.014803930106663958156764303489907448380592554070178
2.5599999999999894	0.01441908750881178930136219799301805641703992028491
2.569999999999989	0.014042741263158412899290738535233266905577405477739
2.579999999999989	0.013674748966203629892912342534546765240269194460172
2.5899999999999888	0.013314969315112053095052810538185730686968039585555
2.5999999999999885	0.012963262137328339045650896355932847750773975221021
2.6099999999999883	0.012619488418856618564015440173840702132011052929748
2.619999999999988	0.012283510331220795712756598525337599212817011729262
2.629999999999988	0.011955191257122907066093722451888896764462717543276
2.6399999999999877	0.011634395814817228047352281701161635467680916857643
2.6499999999999875	0.011320989881218280900685091198639714573354158142529
2.6599999999999873	0.011014840613761339844913618025560979780927768496556
2.669999999999987	0.010715816471034443398458163462801250813350919484197
2.679999999999987	0.01042378723220131205939591818200974002593657804633
2.6899999999999866	0.010138624015234931788903735431055940739821768152564
2.6999999999999864	0.00986019929398190041337751455692273795986506376495
2.709999999999986	0.0095883869140779454817129624665210004625163496466546
2.719999999999986	0.0093230621077353086577466629600603897464687578182361
2.7299999999999858	0.0090641015074229537778308180719132044135535733102485
2.7399999999999856	0.0088113831584607936592189713558068807562641377481586
2.7499999999999853	0.008564786530549345019930815795131359286997523886941
2.759999999999985	0.0083241925282564118920492545956021845144483594855773
2.769999999999985	0.0080894835004825661176068976950517664530666604283158
2.7799999999999847	0.0078605432489273393607573685308457196690572177297359
2.7899999999999845	0.0076372570355781650141853313469568781192511698187041
2.7999999999999843	0.0074195115892442108942335153812869763617445044701402
2.809999999999984	0.0072071951111573251899172622302451714796824405745824
2.819999999999984	0.0070001972796623792463228307378647809214056609290527
2.8299999999999836	0.006798409254019331921091415600358927312666406754204
2.8399999999999834	0.0066017236773393619590328431888476059883495132767795
2.849999999999983	0.0064100346786774175958979261844134387412367218595257
2.859999999999983	0.0062232378743035169449771003234015270444577752000432
2.869999999999983	0.0060412303681750991612665186907469843901649642277184
2.8799999999999826	0.005863910751632675443283961093217097482358782936306
2.8899999999999824	0.0056911791023409611514051942010223830893603667877929
2.899999999999982	0.0055229369824975862256634205026429188902088435302627
2.909999999999982	0.0053590874363313812091299977055854894031019467548235
2.9199999999999817	0.005199534986912121060418812863445789450123933962001
2.9299999999999815	0.0050441856322934791063586103714989565224386582553896
2.9399999999999813	0.0048929468410107994793457475576899091841681606390411
2.949999999999981	0.0047457275469551387386651777999216194732561067942277
2.959999999999981	0.0046024381436448566253536477922485213685492197659766
2.9699999999999807	0.0044629904779158525784710607661040970317980845113661
2.9799999999999804	0.0043272978430513492771764030418808120376177397796076
2.9899999999999802	0.0041952749713719175952090298923437733823308227643246
2.99999999999998	0.0040668380263062194863762973472330954650250457910215
3.00999999999998	0.0039419045939627169817550832591830704805444723736755
3.0199999999999796	0.0038203936742223571875482470457033065631601921317506
3.0299999999999794	0.0037022256713719954381684075363700909014078034369055
3.039999999999979	0.0035873223842980620882310986525555092050157058272942
3.049999999999979	0.0034756069962597133201960529973856692118892242502175
3.0599999999999787	0.0033670040642604332958534726667917256624760837353834
3.0699999999999785	0.0032614395080367744777685676696130724861151430121835
3.0799999999999783	0.0031588405986826354724675650377098210420366106342283
3.089999999999978	0.003059135946927181774760124828256419815740746663359
3.099999999999978	0.0029622554910842147889018089353418078238168659447279
3.1099999999999777	0.0028681304846904889263204948622625846544534694558998
3.1199999999999775	0.0027766934838501658823475559267308621781888980544002
3.1299999999999772	0.0026878783343022798184936600021980370448982195656366
3.139999999999977	0.0026016201582277675564238517206020785838029799396515
3.149999999999977	0.0025178553408122944502652115772758838807181560464994
3.1599999999999766	0.0024365215165807797615691776707459684259643464786493
3.1699999999999764	0.0023575575555191955232958225292047972290331778547896
3.179999999999976	0.002280903548998880443354101822845710432854463949484
3.189999999999976	0.0022065007955182757527403203267162160460547919135537
3.1999999999999758	0.0021342917862766534266944776403115240528723366041518
3.2099999999999755	0.0020642201905940692682454293998493910571180255845887
3.2199999999999753	0.001996230841191434300808009274235201937541360229589
3.229999999999975	0.0019302697193442581188591294670049957920826176579021
3.239999999999975	0.0018662839399232776317664706386934785923175571245002
3.2499999999999747	0.0018042217363348443339958477061503489390661608340363
3.2599999999999745	0.0017440324453736031633634462184074101471988179378167
3.2699999999999743	0.0016856664919996564756280174683034556692262199691658
3.279999999999974	0.0016290753740520679661311024720770594381670270488528
3.289999999999974	0.0015742116469102237946681623058172573684404417650556
3.2999999999999736	0.001521028908114231995271704354881320931468978555018
3.3099999999999734	0.0014694817819552067447686532887898871367437349664403
3.319999999999973	0.0014195259040459514792222405165727184494646434279605
3.329999999999973	0.0013711179058822244318301518729163971940534490542187
3.3399999999999728	0.0013242153994044421554845334748461261025869556164998
3.3499999999999726	0.0012787769615693512138377710443289880865348717676366
3.3599999999999723	0.0012347621189408756921372034203896016814707914276283
3.369999999999972	0.0011921313323090286990944429000732265730029867156971
3.379999999999972	0.0011508459813454597995601050989410364667869397990838
3.3899999999999717	0.001110868349303897520919290590652436275505692131265
3.3999999999999715	0.0010721616077734368903706013155993484332414520220221
3.4099999999999713	0.0010346898014923165525096716303484373472491664064615
3.419999999999971	0.00099841783322952854438499931223437457717193203544489
3.429999999999971	0.00096331144874130641661030167705141020644836617854553
3.4399999999999706	0.00092933722180924422322818747506635663293577316977761
3.4499999999999704	0.0008964625393665100898395687556764526131456564528098
3.45999999999997	0.00086465558671833373020059311177486328342808150220948
3.46999999999997	0.00083388533286266752850544601247287094727696460255007
3.47999999999997	0.00080412151591664574184805868820954360860999463833878
3.4899999999999696	0.00077533462865419610045450425402177177284951074668752
3.4999999999999694	0.00074749590415989267957794353802953135303431094314242
3.509999999999969	0.00072057730160387846581653587955556285172788545930231
3.519999999999969	0.00069455149214243061359120577080415206712773549887246
3.5299999999999687	0.00066939184494849104850223956922700687128220413115721
3.5399999999999685	0.00064507241337623987971637599632261658595050717129004
3.5499999999999683	0.00062156792126354908260351107893420810574280579389858
3.559999999999968	0.00059885374937591914766196223155183300560840000935918
3.569999999999968	0.00057690592199527189759082193052187459988557720298918
3.5799999999999677	0.00055570109365674847976257127307256416324933469707636
3.5899999999999674	0.00053521653603644266842153071196109577182455447119865
3.5999999999999672	0.00051543012499278607551465922036422940795948797409885
3.609999999999967	0.00049632032776409368091090217774477207995970292645724
3.619999999999967	0.00047786619032457525577534764844841251422267832623182
3.6299999999999666	0.00046004732490092076526001050337095174845077211220896
3.6399999999999664	0.00044284389765137569121482634862578566656696463570805
3.649999999999966	0.00042623661650903539980839545479594213778846437317053
3.659999999999966	0.00041020671919090617521457451887105952020458198177572
3.6699999999999657	0.00039473596137410432644325812463601410365740722250573
3.6799999999999655	0.00037980660504039382288457836336294589822686519941412
3.6899999999999653	0.00036540140699009719364397557720055440280845628238403
3.699999999999965	0.00035150360752625390045192502203772548157147128920844
3.709999999999965	0.00033809691930974502394397757408684821671676923972313
3.7199999999999647	0.00032516551638595284465093346703588874013670631180171
3.7299999999999645	0.00031269402338337870565198873763113380253202928158152
3.7399999999999642	0.0003006675048845023625601752753089932264449103067321
3.749999999999964	0.00028907145496903080404770651965876648938006965979834
3.759999999999964	0.00027789178692955420506411854840452312506746303097122
3.7699999999999636	0.00026711482315950119488465077557777390248771264006474
3.7799999999999634	0.00025672728521316492000689899675360890122619977792921
3.789999999999963	0.00024671628403745539194590936261925091862172883236171
3.799999999999963	0.00023706931037492226398693665343133530305666051921162
3.8099999999999627	0.00022777422533748540850409638397686710736056422615087
3.8199999999999625	0.00021881925115020839500718940492509213896896512975351
3.8299999999999623	0.00021019296206435212416611944948903652711500555516417
3.839999999999962	0.0002018842754388523784308786764615934821869050096621
3.849999999999962	0.00019388244298927582763728193866698714231373995141998
3.8599999999999617	0.00018617704220322399881055606912955577531658342996962
3.8699999999999615	0.00017875796792107380256655043244925227766769851728178
3.8799999999999613	0.00017161542408086632219195297364487668799158140175337
3.889999999999961	0.00016473991562608263273926973568684623105356181465318
3.899999999999961	0.0001581222405749763424632542401376534549217648710654
3.9099999999999606	0.00015175348225006725303221348146212198861934633958839
3.9199999999999604	0.0001456250016663389328913470539597588427204123768838
3.92999999999996	0.00013972843007662500412154108394881185084549048531995
3.93999999999996	0.00013405566167261447089417633504415643182416900668098
3.9499999999999598	0.00012859884643985538063603991561876593824215259524126
3.9599999999999596	0.0001233503831650884205614156515087686718995242594768
3.9699999999999593	0.00011830291259419762548781219127297479450467715733916
3.979999999999959	0.00011344931073902412103071624372951533226949144463015
3.989999999999959	0.00010878268233125066268890828985694832241537892185454
3.9999999999999587	0.00010429635442152956951181339478204902215598262114987
4.009999999999959	0.000099983870121994217064032070956127411735755883994457
4.019999999999959	0.000095838982490266159501545279798306089602487960239717
4.0299999999999585	0.000091855648553039291855625084042561288232017221969327
4.039999999999958	0.000088028023467305133423141337469453579130360411796999
4.049999999999958	0.000084350454817255156557556786741384977384858889957972
4.059999999999958	0.000080817477044881195537493835614458719654748258057676
4.069999999999958	0.000077423806012277075595139311585993137576459334487006
4.079999999999957	0.000074164333693630589870572986196740666188000655161077
4.089999999999957	0.000071034122994882990963460346212963784071451628960023
4.099999999999957	0.000068028402699023369162321861982675965037229297355272
4.109999999999957	0.00006514256253497758229520549869299785680151652572697
4.119999999999957	0.000062372148368045704460868933593055036338140903929105
4.129999999999956	0.000059712857509838195755402655131005429653155647114396
4.139999999999956	0.000057160534145659086729944542110412241310978713987984
4.149999999999956	0.000054711164877284345100807517481657979348424618099083
4.159999999999956	0.000052360874379085174796864508568353808781987676132772
4.1699999999999555	0.000050105921165449216630263129238815877067939045332017
4.179999999999955	0.000047942693467457404853446285314677595422599526345144
4.189999999999955	0.000045867705216780515062412718914611417572075108998953
4.199999999999955	0.000043877592134767148099451506846219553364512595857272
4.209999999999955	0.000041969107924703964929215145034969193958447262166146
4.2199999999999545	0.000040139120565239353415806242595779358579031681751629
4.229999999999954	0.000038384608702973305413864476305589747725358596607408
4.239999999999954	0.000036702658142229048909391383932466475003315045584311
4.249999999999954	0.000035090458430035853832554309682714369351768715927961
4.259999999999954	0.000033545299534367351772111579527681049932487290601209
4.269999999999953	0.000032064568613695620745607283670758211908104415729721
4.279999999999953	0.000030645746875938129462462208862360877423567287705224
4.289999999999953	0.000029286406524892355649096563046763794367262382101718
4.299999999999953	0.000027984207792271435928069241848470758327905566498305
4.3099999999999525	0.000026736896053473517850126671515211276001902853196606
4.319999999999952	0.000025542299025237516811993766032381437216321513955909
4.329999999999952	0.000024398324043358682043039748551371564406178047413632
4.339999999999952	0.00002330295541865869834124416759618627228748662218083
4.349999999999952	0.000022254251869426946948469484619168914510071350129677
4.3599999999999515	0.000021250344028571974468732927849608419081895620464616
4.369999999999951	0.000020289432023745129059725060636008799187499207547159
4.379999999999951	0.000019369783128721675682024493960560743141712221071605
4.389999999999951	0.000018489729484348455780887756940916434194342266830201
4.399999999999951	0.000017647665887391271591106893618082821907496959010036
4.40999999999995	0.000016842047645639612850990579188459728583656952584728
4.41999999999995	0.000016071388497651066991973833521199070348404281498506
4.42999999999995	0.00001533425859554272707416087641624991919556627717222
4.43999999999995	0.00001462928254926210041966610275793700298167532379985
4.4499999999999496	0.000013955137530795391906842516113336829274899868630809
4.459999999999949	0.00001331055143679655735950562394372321197972605152375
4.469999999999949	0.00001269430110814616378441811401839716634769199637089
4.479999999999949	0.000012105210604974825003452752832288698173568714080903
4.489999999999949	0.000011542149535711775336033298636178383972155340015044
4.4999999999999485	0.000011004031438744973448974305198332209571321890609647
4.509999999999948	0.000010489812215304967512857262516507860684129139350742
4.519999999999948	9.9984886122105767437075064080344035280651831394884e-6
4.529999999999948	9.5290967531402297487431769189180036028451894860631e-6
4.539999999999948	9.0807107171185244201109373922325127394783289619448e-6
4.549999999999947	8.6524411629332160935646455539323119225317900606369e-6
4.559999999999947	8.2434339982233800264976804038048363444113514009268e-6
4.569999999999947	7.8528690920049116974006828204113426446048932106111e-6
4.579999999999947	7.4799590294248057371005442678799876677932587730266e-6
4.589999999999947	7.1239479075607742012884696737228493264349157943615e-6
4.599999999999946	6.7841101711077110690444618390706606169594150232955e-6
4.609999999999946	6.4597494868172669184723617304385051603690351463035e-6
4.619999999999946	6.1501976555813512083345611805570284070665112020746e-6
4.629999999999946	5.8548135610747158839125052293878646512149050369503e-6
4.6399999999999455	5.5729821538958803815205189604865683239300144212259e-6
4.649999999999945	5.3041134701695226147287315097403676123500447291428e-6
4.659999999999945	5.0476416835970720774857204243392616061735490710671e-6
4.669999999999945	4.8030241899655894669621512079991279873229301392565e-6
4.679999999999945	4.5697407231480926405155089375249348340246342403838e-6
4.689999999999944	4.3472925016512824373597938160824130974990954906065e-6
4.699999999999944	4.1352014047891257851268688647354534475861054432597e-6
4.709999999999944	3.9330091775829601276867364093517638776788458700112e-6
4.719999999999944	3.7402766635106857672989197526007390928109841697977e-6
4.729999999999944	3.5565830642492050628496994343701161258851645574396e-6
4.739999999999943	3.381525225575544032563931381610546987685355620313e-6
4.749999999999943	3.2147169486130478319851190860546873606680287218828e-6
4.759999999999943	3.0557883256296724435122043200944394306483121777096e-6
4.769999999999943	2.9043850996156968971807737292087867793919077117822e-6
4.7799999999999425	2.7601680468881501443433349484147364577278203052406e-6
4.789999999999942	2.6228123819888815316720435473715134572695096312944e-6
4.799999999999942	2.492007184162501361385128383253941994140540305707e-6
4.809999999999942	2.3674548447193764268592770444221891596585385806238e-6
4.819999999999942	2.2488705346074832759683757311080259660860816539665e-6
4.8299999999999415	2.1359816915351982960797036239375051648656608645131e-6
4.839999999999941	2.0285275260050379572158415670621662519186191653156e-6
4.849999999999941	1.92625854563595450124510551541628850631237399077e-6
4.859999999999941	1.8289360971690421996689141284137984887538606386311e-6
4.869999999999941	1.736331925568417543984694218957124110239152864912e-6
4.87999999999994	1.6482277496456042352834494491928015730054774639625e-6
4.88999999999994	1.5644148536519817723401164705363199462978217509517e-6
4.89999999999994	1.4846936942997462660130817564410883937377079197337e-6
4.90999999999994	1.40887352268738557947159911919191342516289129918e-6
4.9199999999999395	1.3367720206208900211386149861805764523246927263697e-6
4.929999999999939	1.2682149508368068627664541172749736344813180211323e-6
4.939999999999939	1.2030358206478044162973235760047785740866882943001e-6
4.949999999999939	1.1410755585456419982074333576880622518476242151759e-6
4.959999999999939	1.0821822033103487635184359454558591060073541550327e-6
4.9699999999999385	1.0262106051880002211153891495724437647072486952847e-6
4.979999999999938	9.7302213871274954469705996057800721730792226336755e-7
4.989999999999938	9.2248442676172503384062135528351836706604321602398e-7
4.999999999999938	8.7447107544404887618009563989681080487804230444618e-7
5.009999999999938	8.2886141943756947621616051217737857340231478783417e-7
5.019999999999937	7.855402773989339416938241497378531407865848858355e-7
5.029999999999937	7.4439771708436286788544969634705598021927558522648e-7
5.039999999999937	7.0532882982993045609014934792321019439483811691977e-7
5.049999999999937	6.6823351405130346703284326089510936722581391668541e-7
5.0599999999999365	6.3301626743375685379914704922120639802889057974686e-7
5.069999999999936	5.9958598749386653352024287539448125384090848685118e-7
5.079999999999936	5.6785578020458510401955972165393297247858577801524e-7
5.089999999999936	5.3774277638543891485592320237652244508013232403976e-7
5.099999999999936	5.091679555693493390896588981059793918973621119486e-7
5.1099999999999355	4.8205597706708198572781793487428905871582972890271e-7
5.119999999999935	4.5633501795956960420478784846374530984707875135679e-7
5.129999999999935	4.319366177573422531043128405741486784892427260628e-7
5.139999999999935	4.0879552947503665097413893555702276470713369241621e-7
5.149999999999935	3.8684957687745022988621116291869707696242953183251e-7
5.159999999999934	3.6603951766185901540001057709689607265216488767723e-7
5.169999999999934	3.4630891234933680750930272085003606666580890863892e-7
5.179999999999934	3.2760399866560098266564191894568124742623117960215e-7
5.189999999999934	3.0987357119947231729109070297905117056509045390126e-7
5.199999999999934	2.9306886613437727695203964288631965698150601370522e-7
5.209999999999933	2.7714345085544593477527027471377362324503302120829e-7
5.219999999999933	2.620531182416717689611843673482561172871474800062e-7
5.229999999999933	2.4775578545930570830248597639275806817953860368337e-7
5.239999999999933	2.3421139707916058301746864667254455602965968859792e-7
5.2499999999999325	2.2138183234680819937805624609841341496818266931232e-7
5.259999999999932	2.0923081644076415727451501527862795351777836405285e-7
5.269999999999932	1.9772383555967979670688873161967818687180050142026e-7
5.279999999999932	1.8682805568530077580104402366084971515655081111258e-7
5.289999999999932	1.7651224487351218688679143239158019505762794553187e-7
5.299999999999931	1.667466989311751973491473395745982711534889099067e-7
5.309999999999931	1.5750317034167429613851393996677982578906315648097e-7
5.319999999999931	1.4875480030714161936350083954871214711159055630369e-7
5.329999999999931	1.4047605378020974816698953684330473972333002397946e-7
5.339999999999931	1.326426573628709905907995604927226443063401123063e-7
5.34999999999993	1.25231539954593588742880768467927966304575502538e-7
5.35999999999993	1.1822077603626758499705996985311691996394628368373e-7
5.36999999999993	1.1158953148082922581162561655673256629120916900627e-7
5.37999999999993	1.0531801178554670536558292472797949220398503093045e-7
5.3899999999999295	9.9387412624945615481556493067940171600308427124834e-8