-5.649999999999924	9.5898249082209965179048211224798089940771138367166e-8
-5.639999999999924	1.0105888487783467961645879990966058772070163411043e-7
-5.629999999999924	1.0648811374320140645406788032276283680831653068369e-7
-5.619999999999925	1.1219940797935644176936105373153533471549183274604e-7
-5.609999999999925	1.1820688823004655256803133994463522354779005363568e-7
-5.599999999999925	1.2452535324430866188890235008347564719291095679549e-7
-5.589999999999925	1.311703109322235171573964428612575269859090866325e-7
-5.5799999999999255	1.3815801076642796582337711396093165579095587252e-7
-5.569999999999926	1.4550547758394913267009287328728076587270208901394e-7
-5.559999999999926	1.5323054684495834841760501559359299223720239352401e-7
-5.549999999999926	1.6135190140714497783639426750632813794492875219105e-7
-5.539999999999926	1.698891098765822332731424962236832056282291543839e-7
-5.5299999999999265	1.7886266659820056933616450957840012456826840460601e-7
-5.519999999999927	1.8829403335130130690363656013678894740774773336664e-7
-5.509999999999927	1.9820568281793573733778747253395029543885911514526e-7
-5.499999999999927	2.0862114389444515580327824441542412742545717760873e-7
-5.489999999999927	2.1956504891900714803248234483488539067847970282215e-7
-5.479999999999928	2.3106318289066512687088899139803976270238145635134e-7
-5.469999999999928	2.4314253475803373935861619788348310577348845550894e-7
-5.459999999999928	2.5583135085867453434870285223056592070914453618121e-7
-5.449999999999928	2.6915919059302642330012895204426645297434811640241e-7
-5.4399999999999284	2.8315698441975624728379328795526642576381626888461e-7
-5.429999999999929	2.9785709426246848113019043873316536325969687977593e-7
-5.419999999999929	3.1329337642088209560504706310921036457561795316645e-7
-5.409999999999929	3.2950124708284922937547521233616530722520904239499e-7
-5.399999999999929	3.465177505369569968063376016983496477749279938395e-7
-5.3899999999999295	3.6438163018892291069896415716720143527333781153471e-7
-5.37999999999993	3.8313340248856849846489388560731193850717739692971e-7
-5.36999999999993	4.0281543387783723467361871935313815976274762839479e-7
-5.35999999999993	4.2347202087411443147202195757215726468427440667581e-7
-5.34999999999993	4.4514947340701077933827828036080690013725108749632e-7
-5.339999999999931	4.6789620153079040041495274304960728217718882970699e-7
-5.329999999999931	4.9176280563876117856893387681499942861555902083045e-7
-5.319999999999931	5.1680217031020240322828421787661895351609843731951e-7
-5.309999999999931	5.4306956192478507098313735366192516919934313453762e-7
-5.299999999999931	5.7062273018394621557993398759789707958289600622731e-7
-5.289999999999932	5.9952201368331308996426375120404330407017998434403e-7
-5.279999999999932	6.2983044968503862938696837072692260820605894134864e-7
-5.269999999999932	6.616138882438091256505965992869690245428434689483e-7
-5.259999999999932	6.9494111084532119816023652668257061455223507168379e-7
-5.2499999999999325	7.2988395372120072973819991418252540545916383595149e-7
-5.239999999999933	7.6651743600965422749846973427076202933930619428602e-7
-5.229999999999933	8.0491989293660586359244028969226109036528585524079e-7
-5.219999999999933	8.4517311419768404580097839411547039935638658726775e-7
-5.209999999999933	8.8736248772718256594686845369906695830082280147783e-7
-5.199999999999934	9.3157714904603597809111986915931320225256869083559e-7
-5.189999999999934	9.7791013638691966968257842461893439026902422376938e-7
-5.179999999999934	1.0264585518008149035063973127839877772137500100861e-6
-5.169999999999934	1.0773237284557707145084207838400401682472461945444e-6
-5.159999999999934	1.1306114043451507199246350727867789870458764776188e-6
-5.149999999999935	1.1864319026293764051513756972281830218717515333476e-6
-5.139999999999935	1.244900318842072024280368311217315824336682613464e-6
-5.129999999999935	1.3061367151985826234714091330603199180591609898312e-6
-5.119999999999935	1.3702663222520785510602230200551184291732212678137e-6
-5.1099999999999355	1.4374197481498798234635323185724042491164709672285e-6
-5.099999999999936	1.507733195750234498391434164298667682432979842879e-6
-5.089999999999936	1.5813486878675693547819079181679655775367225610214e-6
-5.079999999999936	1.6584143009222012359988679629711956717172991882779e-6
-5.069999999999936	1.7390844072786558736137799114181097781794233198102e-6
-5.0599999999999365	1.8235199265650903134957645752210553127894077648583e-6
-5.049999999999937	1.9118885862748575941669320706707730181809124032204e-6
-5.039999999999937	2.0043651919599903943470414140875986867287485074177e-6
-5.029999999999937	2.1011319073353162162090515057143556150943455189246e-6
-5.019999999999937	2.202378544621052470046255216193089303152381512544e-6
-5.009999999999938	2.3083028654610676586819323669532893233862424361839e-6
-4.999999999999938	2.4191108927635367204692016873666348887989801248949e-6
-4.989999999999938	2.5350172338204663765654997278532742849087234558173e-6
-4.979999999999938	2.6562454150725218369682349488108945069515117951205e-6
-4.9699999999999385	2.7830282288957511364156684334290611159047947519959e-6
-4.959999999999939	2.9156080927971792645140820165973302578699407259518e-6
-4.949999999999939	3.0542374214168325686910537907987110398715826743794e-6
-4.939999999999939	3.1991790117445559559721176756845415970797289077831e-6
-4.929999999999939	3.3507064419710023722332933231950973734593751295354e-6
-4.9199999999999395	3.5091044844034069193727861447017019324626502155564e-6
-4.90999999999994	3.6746695328882076490528919183531495035889372939463e-6
-4.89999999999994	3.8477100451942422483641762509704266107080066929699e-6
-4.88999999999994	4.0285470008221350359875059836296451582042913576878e-6
-4.87999999999994	4.2175143747175922620807834196758203208159619706902e-6
-4.869999999999941	4.4149596273786458036664098722982254459095341604282e-6
-4.859999999999941	4.6212442118594259202317161562462795564881729812261e-6
-4.849999999999941	4.8367440981858025203059728544137165832532223526983e-6
-4.839999999999941	5.061850315711210905897810402949520612446825443633e-6
-4.8299999999999415	5.2969695139541714927993494573495105255200282729098e-6
-4.819999999999942	5.5425245424724225933244588363924643520870159954326e-6
-4.809999999999942	5.7989550503422097832818259170162774763817084848966e-6
-4.799999999999942	6.0667181058251131819867792832487341566816724746966e-6
-4.789999999999942	6.3462888368188434026941518825401851511411675272266e-6
-4.7799999999999425	6.6381610927026959441219967162763158081912098510938e-6
-4.769999999999943	6.94284812820282005659969639528993978407930117322e-6
-4.759999999999943	7.2608833099171289836041204230006718788249784198182e-6
-4.749999999999943	7.5928208461545509837381685094712944948345845231784e-6
-4.739999999999943	7.9392365407583913779319554658360513446969151552696e-6
-4.729999999999944	8.3007285715988413934406807584234842878523723486881e-6
-4.719999999999944	8.6779182944351257823500195000851440691029646213914e-6
-4.709999999999944	9.0714510728634236978953652120870542411258179447168e-6
-4.699999999999944	9.4819971350825213519303793106594366851397690441243e-6
-4.689999999999944	9.9102524582251553880241888632266672107311809873342e-6
-4.679999999999945	0.000010356939681019177111996056233578872121680293899325
-4.669999999999945	0.000010822809045559003725200872511471924545910422163254
-4.659999999999945	0.000011308639368984317066850295401923350491388579950378
-4.649999999999945	0.000011815239045879616198935983055591917107790750180861
-4.6399999999999455	0.000012343447082225020103432464708066921804828136748054
-4.629999999999946	0.000012894134161745642968605204656077957703136880266796
-4.619999999999946	0.000013468203745523918687241618110091566459474936913732
-4.609999999999946	0.000014066593205756424433690269383188774962226051496507
-4.599999999999946	0.000014690274994554036165141180077715186972324819916281
-4.589999999999947	0.000015340257848701631704877334614268944470656935295744
-4.579999999999947	0.000016017588031311029259053478755889495497644282749602
-4.569999999999947	0.000016723350611318399775819882849421035419435366079857
-4.559999999999947	0.000017458670781795008877945075567515554479366046298381
-4.549999999999947	0.000018224715218057815994484826180658360360972413816393
-4.539999999999948	0.000019022693476584171981454161533881034706319369552428
-4.529999999999948	0.000019853859435752598530498139578341955848543114345965
-4.519999999999948	0.000020719512779449388955231837835528980736713699824335
-4.509999999999948	0.000021621000524598525802452601124690367152691290459465
-4.4999999999999485	0.000022559718593690150779182986279374796158144747815421
-4.489999999999949	0.000023537113433400530656043267688095745875248673516531
-4.479999999999949	0.000024554683680414122348742038141974627412458543139451
-4.469999999999949	0.000025613981875575933831257732322638422595996961343603
-4.459999999999949	0.000026716616227519886714667961897457982900159431964979
-4.4499999999999496	0.000027864252426936292318836156652356114712850130797634
-4.43999999999995	0.00002905861551265883620777437885482648885861203316533
-4.42999999999995	0.00003030149179076860603151034672554173105710838656622
-4.41999999999995	0.00003159473080792967292393684343400722268162967542733
-4.40999999999995	0.000032940247380187525669832770678194252414874738822181
-4.399999999999951	0.000034340023678478236601964034512835930364578605612728
-4.389999999999951	0.000035796111372112585141119745547514562488319846526975
-4.379999999999951	0.000037310633831515454650786146088959093574007766928169
-4.369999999999951	0.000038885788391516625618669608439459360179962063522922
-4.3599999999999515	0.000040523848676504587036441596855841514138459312610474
-4.349999999999952	0.00004222716698877015131677991220255461353077972171365
-4.339999999999952	0.000043998176761381458397040634998186435135306184828493
-4.329999999999952	0.000045839395076946363201701695204889921178203101787824
-4.319999999999952	0.000047753425253632187869505426577209149284916346460684
-4.3099999999999525	0.000049742959499826355716026850626526854086564334593453
-4.299999999999953	0.000051810781638834476533708485752669805084652790622061
-4.289999999999953	0.000053959769905024990374825105865286905597187462857531
-4.279999999999953	0.000056192899812841466369476953160635739926682328520307
-4.269999999999953	0.000058513247100115060453423684012945140100756351041161
-4.259999999999954	0.000060923990747120426271120584299650810425389714749618
-4.249999999999954	0.000063428416072828511226396331444619915412964093837175
-4.239999999999954	0.000066029917909819118021452470930353226226163195417423
-4.229999999999954	0.000068732003859324833494853237992874895085033660508786
-4.2199999999999545	0.000071538297627885882678498657042899527733733797757198
-4.209999999999955	0.000074452542447102617378970006991057754328256641973574
-4.199999999999955	0.000077478604577978654989266486605265132438747191435575
-4.189999999999955	0.000080620476901353103498859377074137356049459798989827
-4.179999999999955	0.000083882282595924800751782019164805154790910151988828
-4.1699999999999555	0.000087268278905375016982269269143451271723820493691915
-4.159999999999956	0.000090782860996097575741153044028006700235815321084847
-4.149999999999956	0.000094430565907046794857104458004152468374360288717066
-4.139999999999956	0.000098216076593213990546609615842648463295313131171672
-4.129999999999956	0.00010214422606424247784790632702248406721278562156645
-4.119999999999957	0.00010622000161968899203451120553944559340079045198403
-4.109999999999957	0.00011044854918243620058135780682268690446536413663882
-4.099999999999957	0.00011483517773175642483639200492867625768213124504279
-4.089999999999957	0.00011938536383752079524443820867262119159343021984487
-4.079999999999957	0.00012410475629704077347665147889690093847315303260503
-4.069999999999958	0.00012899918087602023810512936462569340466958591318813
-4.059999999999958	0.0001340746451550860957882416098975729601308296949646
-4.049999999999958	0.0001393373434833535948763846804443072785947667159143
-4.039999999999958	0.0001447936620404691298346708512094134290107281255951
-4.0299999999999585	0.00015045018400855827920853544517074083251773452075324
-4.019999999999959	0.00015631369485549006273735056143360314344185897968328
-4.009999999999959	0.0001623911877308498797971661214042194311607160076772
-3.9999999999999587	0.0001686898689759935309878041067011305224565194701195
-3.989999999999959	0.00017521716374953051918574728911642388637840845944404
-3.979999999999959	0.0001819807217695665878027258387944631686415546122265
-3.9699999999999593	0.00018898842317399949417907177869565796963236601600351
-3.9599999999999596	0.00019624838450014358414500323521227292245704645423148
-3.9499999999999598	0.00020376896478492260594027387490427557550301931755101
-3.93999999999996	0.00021155877178683967213858591700554926336925851785202
-3.92999999999996	0.00021962666833089832041906178801965170521216852218136
-3.9199999999999604	0.00022798177877761166235145558674493817867300214707634
-3.9099999999999606	0.00023663349561719731091200705730319717990232674707789
-3.899999999999961	0.00024559148619001408402107880806728473881338128597252
-3.889999999999961	0.00025486569953425233479870326442128937824146874761677
-3.8799999999999613	0.00026446637336184310134740436407623678073255068169349
-3.8699999999999615	0.00027440404116350204170604831221187458169291538552477
-3.8599999999999617	0.0002846895394437722653893375822426066077370601875441
-3.849999999999962	0.00029533401508687563412208448017754797462090415512113
-3.839999999999962	0.00030634893285412482382652903280352233743390259119008
-3.8299999999999623	0.00031774608301358836087371366748439195072141306739
-3.8199999999999625	0.00032953758910263791181013156401013228021609219706709
-3.8099999999999627	0.00034173591582394126153638285103397209701469731315498
-3.799999999999963	0.00035435387707539560521890717224449413401399919146114
-3.789999999999963	0.00036740464411442394977222194688334107363412238288951
-3.7799999999999634	0.00038090175385698251809687194835573418780626167769148
-3.7699999999999636	0.00039485911731154902085193370817561763803098538422401
-3.759999999999964	0.00040929102814828045484118292968931850162918194075062
-3.749999999999964	0.00042421217140344465365963360216387004152826362373903
-3.7399999999999642	0.00043963763231914210583870782831215838532564934969578
-3.7299999999999645	0.00045558290531824352039458163958806859642653488928176
-3.7199999999999647	0.00047206390311437421287077109785256043884819018911674
-3.709999999999965	0.00048909696595667856161575315221158136706669777218489
-3.699999999999965	0.00050669887100899650069477649495754542981330641525805
-3.6899999999999653	0.00052488684186297923075696947594596641488811490746369
-3.6799999999999655	0.00054367855818456300243808365040444777622549663802241
-3.6699999999999657	0.00056309216549310792047935633393488300009933248847569
-3.659999999999966	0.0005831462850723931947307954097988483934100488320737
-3.649999999999966	0.00060386002401254109278765651378312219661909609514892
-3.6399999999999664	0.00062525298538181899666208620173240509377804526718429
-3.6299999999999666	0.00064734527852714240349170676474632999785243556916611
-3.619999999999967	0.00067015752950197141122127165510509107167261379418091
-3.609999999999967	0.00069371089162015917048636110494966069006596894769508
-3.5999999999999672	0.00071802705613417294236270758851764422241818966720701
-3.5899999999999674	0.00074312826303596675988854082054993165333577924759019
-3.5799999999999677	0.00076903731197863923399785721673976923167575240726859
-3.569999999999968	0.00079577757331686075953460787629768548405701462510558
-3.559999999999968	0.00082337299926390125543187848104072047437783207889961
-3.5499999999999683	0.00085184813516293260941133435902018509821747301365329
-3.5399999999999685	0.00088122813087011918968631864844894484999213549240694
-3.5299999999999687	0.00091153875224684513579208822121822136467043838141371
-3.519999999999969	0.00094280639275825865326021818401689100664243881837702
-3.509999999999969	0.00097505808517514122176056832419655550840954266695194
-3.4999999999999694	0.0010083215133759334969623694686296319091181249470435
-3.4899999999999696	0.0010426250242455697603063395568240902573422232363586
-3.47999999999997	0.001077997639667589070035741473042910623233432949841
-3.46999999999997	0.0011144690686058038175538948303222449968736240173532
-3.45999999999997	0.0011520697192716152263822422799945960611314381742756
-3.4499999999999704	0.0011908307113728704823158100185380469884563193740194
-3.4399999999999706	0.0012307838884399576932762396486838110384633114688251
-3.429999999999971	0.0012719618302246327912747412682518210050673333061455
-3.419999999999971	0.0013143978651668668573376482779238655529756300946162
-3.4099999999999713	0.0013581260829247932289520369440821378380579359451991
-3.3999999999999715	0.0014031813469626211996356388654299135437261893661577
-3.3899999999999717	0.0014495993071911672081652199965228567379233224238769
-3.379999999999972	0.0014974164126554352129359671098194590932172344395548
-3.369999999999972	0.0015466699242634555326985938923958575246364010498742
-3.3599999999999723	0.0015973979275503658921759669732088259035914795984019
-3.3499999999999726	0.0016496393454714898293727470883798181766872899466388
-3.3399999999999728	0.0017034339512179360963759757237149971883103308734573
-3.329999999999973	0.0017588223810480083188649318863600483104027814012205
-3.319999999999973	0.0018158461471274770794184128785050464951641408559006
-3.3099999999999734	0.0018745476503715268703900388423678250510105371296419
-3.2999999999999736	0.0019349701932809481444256038891208861747789102191656
-3.289999999999974	0.0019971579927649001019656739433210011221121815555548
-3.279999999999974	0.0020611561929423230292794987627462863217904326684871
-3.2699999999999743	0.0021270108779138300783859390163785398229980314524642
-3.2599999999999745	0.0021947690844956575090886799689801136684631560528784
-3.2499999999999747	0.0022644788149069997475954359613632397406625735883508
-3.239999999999975	0.0023361890494018013170329139588562098163689771114096
-3.229999999999975	0.0024099497588358219308198650868819326862703426981207
-3.2199999999999753	0.0024858119171595339855627075178441935962819595988265
-3.2099999999999755	0.0025638275138271535282170284639554006409035058553519
-3.1999999999999758	0.0026440495661118466921619037052514597791481486711992
-3.189999999999976	0.0027265321313168937951677462502054854691123096108993
-3.179999999999976	0.002811330318872332972791769595215120649360156270785
-3.1699999999999764	0.0028985003023063445945011350095925336983451309219552
-3.1599999999999766	0.0029880993310803769950106687271548732585560033583219
-3.149999999999977	0.0030801857422767534753567407512990542051552375362367
-3.139999999999977	0.0031748189721272403197526934732854959202169105736965
-3.1299999999999772	0.0032720595673707959751261707617127171699669777205039
-3.1199999999999775	0.0033719691964284627974456590709922086086166302299231
-3.1099999999999777	0.003474610660383105136670875022247461592741277562508
-3.099999999999978	0.0035800479037514412716846192282605002238934376901815
-3.089999999999978	0.0036883460250355620862143837298134248884471442342055
-3.0799999999999783	0.0037995712870408766718589992207096229231513078896134
-3.0699999999999785	0.0039137911269471745371540081022811289593860919054946
-3.0599999999999787	0.0040310741661192460812401762281941282297186675065901
-3.049999999999979	0.0041514902196432577529982378993133422775739180414206
-3.039999999999979	0.004275110305574836163987966314655365592331561724401
-3.0299999999999794	0.0044020066538845766652290676282775641464970787494503
-3.0199999999999796	0.0045322527150864568492487896449413687275001657827871
-3.00999999999998	0.0046659231685344044216398912809858386783975072173521
-2.99999999999998	0.0048030939303720422284985814072574930536427228581406
-2.9899999999999802	0.0049438421611204112613943742664439266743781448876406
-2.9799999999999804	0.0050882462728882555296138770702702418935873634359841
-2.9699999999999807	0.0052363859361892411355885705572733413899863213348794
-2.959999999999981	0.0053883420863502760643562100310200940869318248828494
-2.949999999999981	0.0055441969294948974575253687998102877520145517968916
-2.9399999999999813	0.0057040339480854998474163322943681713124576053973526
-2.9299999999999815	0.0058679379060079913435038703073976882429180094936468
-2.9199999999999817	0.0060359948531822854611685258508432280264624675129497
-2.909999999999982	0.0062082921296818645365095204710393395719822567279215
-2.899999999999982	0.0063849183693454868590052969828165448422397036041987
-2.8899999999999824	0.0065659635028639541582479310811711003856462028767259
-2.8799999999999826	0.0067515187603247092873478419806221741527796644729404
-2.869999999999983	0.0069416766731968962425190957179458739977793418823147
-2.859999999999983	0.0071365310757393864371938420319842426297959157151227
-2.849999999999983	0.00733617710581415680358785316969788185644065283256
-2.8399999999999834	0.0075407112050872972208386521558100729632081580306085
-2.8299999999999836	0.0077502311185998273642714478813353084148193286502714
-2.819999999999984	0.0079648358936904167339655777519972995247654170576024
-2.809999999999984	0.0081846258782520267524977943649524650793370541810779
-2.7999999999999843	0.0084097027183044308219825325948067595675715903466455
-2.7899999999999845	0.0086401693548645174999050962784037562261070645976806
-2.7799999999999847	0.0088761300200962438920549975102543401120060021178765
-2.769999999999985	0.0091176902327220813686902088642463513698666488898384
-2.759999999999985	0.0093649567926777841852984293347691323627817843508688
-2.7499999999999853	0.0096180377749923139287288139347509069791503414088591
-2.7399999999999856	0.0098770425228747693076940006157911923908403222897248
-2.7299999999999858	0.01014208163999020205573645673740265568528466404509
-2.719999999999986	0.0104132669819062460036695749214877706501057846244
-2.709999999999986	0.010690711646692548092595828182671639391422781843421
-2.6999999999999864	0.010974529964655067619106563686997434375157932333417
-2.6899999999999866	0.011264837487187403707770064871004999920176434306517
-2.679999999999987	0.011561750974721421263923388108035653416012086784803
-2.669999999999987	0.011865388383759572837777834367705694126146414515917
-2.6599999999999873	0.01217586885297145828832316344300777713846712740821
-2.6499999999999875	0.012493312688337326225020791718991988914352090571894
-2.6399999999999877	0.012817841347321401271942757908575989992504337004223
-2.629999999999988	0.013149577422058119579976841150321476541011509151782
-2.619999999999988	0.013488644621534572036533401656606003073029017349221
-2.6099999999999883	0.013835167752752690608238177756014205791619450824668
-2.5999999999999885	0.014189272700854968509989445135996375473389327259531
-2.5899999999999888	0.014551086408197779722737464741256434433578998155089
-2.579999999999989	0.014920736852356658070669856686719334793119904437929
-2.569999999999989	0.015298353023048210892829639862504348289880155066455
-2.5599999999999894	0.015684064897953677569020927667827379332097314542561
-2.5499999999999896	0.016078003417429499036818710175635320723151088811257
-2.53999999999999	0.016480300458090641203804081780609809658137750075197
-2.52999999999999	0.016891088805252813040948211427358061388260582694005
-2.5199999999999902	0.017310502124220139348844748420344813547296114822978
-2.5099999999999905	0.017738674930405288912423821993068700693252664975512
-2.4999999999999907	0.018175742558269521180141665050392671641716021937747
-2.489999999999991	0.018621841129070598882170950008007279258391856573887
-2.479999999999991	0.019077107517407020283421091583238606165429407589069
-2.4699999999999913	0.019541679316547553178149674332420321221719468103624
-2.4599999999999915	0.0200156948025356033819884155904671494383267705485
-2.4499999999999917	0.020499292897058523453952186089219572845600744930375
-2.439999999999992	0.02099261312907256275543842557755719925683289750814
-2.429999999999992	0.021495795595174777775241889685594399054939762832385
-2.4199999999999924	0.022008980918713861948389662413368172223262692290319
-2.4099999999999926	0.022532310207632516980059567888544071749349919216253
-2.399999999999993	0.023065925011034672940073473745002919019907468004011
-2.389999999999993	0.023609967274471572082178876178944236927890260308665
-2.3799999999999932	0.024164579293941461406369940841772191912926305699906
-2.3699999999999934	0.024729903668598391339254983493709514934461164085241
-2.3599999999999937	0.025306083252166392450428245537901669585627444273978
-2.349999999999994	0.025893261103056098721012079246685603706902383854452
-2.339999999999994	0.026491580433181704378175623497713336689738195964606
-2.3299999999999943	0.027101184555476981525338053995307910528759791308393
-2.3199999999999945	0.0277222168301099475249772415603694180510509348086
-2.3099999999999947	0.028354820609396654096336965650417726876612396522496
-2.299999999999995	0.028999139181415474114108748081174235400122354995164
-2.289999999999995	0.02965531571232418684963467446054970418163401004237
-2.2799999999999954	0.030323493187383107569283713760970332873394990461744
-2.2699999999999956	0.031003814350688472653685521939772222271175531478359
-2.259999999999996	0.031696421643621276356786842285084758406057193009171
-2.249999999999996	0.032401457142017759587304750454971674264094052753547
-2.239999999999996	0.033119062492068774240666148918709784632246820996568
-2.2299999999999964	0.033849378844956288181794755768220162044482109688265
-2.2199999999999966	0.034592546790236355494059994960222769856959364923316
-2.209999999999997	0.035348706287978953554165896188894895536252890196003
-2.199999999999997	0.036117996599676182324326951696498656931490901046026
-2.1899999999999973	0.036900556217931431400003743582831254194068240044149
-2.1799999999999975	0.037696522794943246212587127020526280157947811240352
-2.1699999999999977	0.038506033069798765731096851500051512549925395261836
-2.159999999999998	0.039329222794592759375098125639974974829203856770628
-2.149999999999998	0.040166226659389459953090508759877354403014108557102
-2.1399999999999983	0.041017178216045571557653925458316984734131554279908
-2.1299999999999986	0.041882209800914025732422648334449011890620275089717
-2.1199999999999988	0.042761452456449265099118723686424584062197443342815
-2.109999999999999	0.043655035851736050189043787362887586139187822702831
-2.099999999999999	0.044563088201965011627456683891991197688533707277067
-2.0899999999999994	0.04548573618687940520747708892140877927034939085472
-2.0799999999999996	0.046423104868218770870631525361246552488420421171925
-2.07	0.04737531760618644726405900084601809041223474825936
-2.06	0.048342495974969150422329108590289049966532624940158
-2.0500000000000003	0.049324759677338087250262337974878277357566900478871
-2.0400000000000005	0.05032222645836234086085209766145758045270303774655
-2.0300000000000007	0.05133501201826653442193737056686360827543731009582
-2.020000000000001	0.052363229924466051933558080222468019341062830828679
-2.010000000000001	0.053406991522814367216737631896468169605924444610511
-2.0000000000000013	0.054466405848098305241091990612997190300359306376542
-1.9900000000000015	0.055541579533818331626652033338000303472822021890974
-1.9800000000000015	0.056632616721292259977742728120099472409074342220493
-1.9700000000000015	0.057739618968121886960734371266166280941459753550934
-1.9600000000000015	0.058862685156063688834944373838175500777216912590321
-1.9500000000000015	0.060001911398345487613618092392306022004420592053194
-1.9400000000000015	0.061157390946472602335760528756434400888213883624217
-1.9300000000000015	0.062329214096568098021201273423979727242022805164273
-1.9200000000000015	0.06351746809529299893145840638575406970590023261987
-1.9100000000000015	0.064722237045393552195556823204486353350752729218747
-1.9000000000000015	0.065943601810923835076983140271270585381136390317851
-1.8900000000000015	0.06718163992219319283624759996082405444401919897862
-1.8800000000000014	0.068436425480489172950108508471506234517799672050679
-1.8700000000000014	0.069708029062627784037801162374001810649125688932619
-1.8600000000000014	0.07099651762538405285957215196333660704640550158197
-1.8500000000000014	0.072301954409856978826225054183527494555239528348092
-1.8400000000000014	0.073624398845824091214084203618446030533283710355423
-1.8300000000000014	0.074963906456141898334014255182808937964420404695956
-1.8200000000000014	0.076320528761249578865860281137853341501173833436702
-1.8100000000000014	0.077694313183834302045972761410654829859285661092317
-1.8000000000000014	0.079085302953717573986955210139566603613371206175304
-1.7900000000000014	0.080493537013022990714991241807404219721870871615204
-1.7800000000000014	0.081919049921686733130092653099039087052393022859716
-1.7700000000000014	0.083361871763373063628336143606279719729329614592942
-1.7600000000000013	0.084822028051857977175090775244779431846428871335229
-1.7500000000000013	0.086299539637945019790903263545617898159285569784583
-1.7400000000000013	0.087794422616978113319269865322406016408874289736407
-1.7300000000000013	0.089306688237017015607405633239438494830496774453923
-1.7200000000000013	0.090836342807741798475641405354347390054871316926106
-1.7100000000000013	0.092383387610153440717104078268978796785059247511447
-1.7000000000000013	0.093947818807138308507961649606846774395224355192944
-1.6900000000000013	0.0955296273549649296847575483605848669810673202392
-1.6800000000000013	0.097128798915782060039866089910606757401344603346313
-1.6700000000000013	0.098745313771187587796874029972462667598914104567198
-1.6600000000000013	0.10037914673693832547182338102940120920902921290832
-1.6500000000000012	0.10203026707887119514166404233099668730664121238504
-1.6400000000000012	0.10369863843010672248847546257036608164966627258729
-1.6300000000000012	0.10538421870960611565188524823526166774735649830537
-1.6200000000000012	0.10708696004215351571360904125653905193228677937681
-1.6100000000000012	0.10880680867983526539600239644918827288278123199936
-1.6000000000000012	0.11054370492508825014942942662854432422284010371798
-1.5900000000000012	0.11229758305538952013098725190553034358348069264215
-1.5800000000000012	0.11406837124965950157270149869585343971433797095231
-1.5700000000000012	0.11585599151645115066864338343556514541960594297777
-1.5600000000000012	0.11766035962399739138206197754960260117590322499469
-1.5500000000000012	0.11948138503218910952847983547154437437735419516299
-1.5400000000000011	0.12131897082655584821173354678235516244313054064117
-1.5300000000000011	0.12317301365432116330187468537033867054275250142419
-1.5200000000000011	0.12504340366260435131482824050420557716261984135133
-1.5100000000000011	0.1269300244388399549969559999204513889770836205347
-1.500000000000001	0.12883275295348608339310997545995588843458393028543
-1.490000000000001	0.13075145950509215249259764092402103765334245050684
-1.480000000000001	0.13268600766779615906178761240708641634003023602308
-1.470000000000001	0.1346362542413210433943252425102203077452466697242
-1.460000000000001	0.1366020492035390759024571889155301919817966624924
-1.450000000000001	0.13858323566567251725248877797946246916758389822885
-1.440000000000001	0.14057964983019805168639656737221915169390838022152
-1.430000000000001	0.14259112095152167789971976096659703298243444478298
-1.420000000000001	0.14461747129948986105116994724401554647129179136608
-1.410000000000001	0.14665851612580180290980930197320806337311483513764
-1.400000000000001	0.14871406363338667461003691244160827264552766423651
-1.390000000000001	0.15078391494880857785406189553222852039813932965138
-1.380000000000001	0.1528678640977608556104159820694829856642272171501
-1.370000000000001	0.15496569798371016240413862730127403669331661617253
-1.360000000000001	0.1570771963697494272437234868928456299733391149151
-1.350000000000001	0.15920213186371749921226292100322132118807886628226
-1.340000000000001	0.16134026990664185696321755599481587167670682650996
-1.330000000000001	0.16349136876455928907067540481208371156175594349124
-1.320000000000001	0.1656551795237679127244603776954956792742870954596
-1.310000000000001	0.16783144608956229403610217962681275835702690111645
-1.300000000000001	0.17001990518850176470668574179040314988941835596142
-1.290000000000001	0.17222028637426029754678979431282597568209700279685
-1.280000000000001	0.17443231203710450794802666090118425123146018114751
-1.270000000000001	0.17665569741704449057251161239259163780519534923126
-1.260000000000001	0.1788901506207002810101034857464690049010656530823
-1.2500000000000009	0.1811353726419247517846553764444053302538104107321
-1.2400000000000009	0.18339105738622171177312542474169091914607873972252
-1.2300000000000009	0.18565689169899587881075399620609155281403642278481
-1.2200000000000009	0.18793255539766923803931829768323605475947103415847
-1.2100000000000009	0.19021772130769608453349019859399501226599902154755
-1.2000000000000008	0.19251205530250677910416583859488378337272156416949
-1.1900000000000008	0.19481521634740792219049132782673408629274036410614
-1.1800000000000008	0.19712685654746427374855007270961710195034162793657
-1.1700000000000008	0.19944662119938531842939541903324960961307585165383
-1.1600000000000008	0.20177414884743689658755815939110141945517549352222
-1.1500000000000008	0.20410907134339579431809144753328144770919206145699
-1.1400000000000008	0.20645101391056261139916169033398240822228772656042
-1.1300000000000008	0.20879959521184560639961127379831055542105579504578
-1.1200000000000008	0.2111544274219255550452718929485475907392540599867
-1.1100000000000008	0.21351511630350895303854799147512135768979196380204
-1.1000000000000008	0.2158812612876741497722480087115463424041560956229
-1.0900000000000007	0.21825245555831221671382159110038551390610026766953
-1.0800000000000007	0.22062828614066153566544983861241458701745846713957
-1.0700000000000007	0.22300833399393223969521568606693197443865643773591
-1.0600000000000007	0.22539217410801375541075640549638913650445718593287
-1.0500000000000007	0.22777937560425578159322959861201357681904236950543
-1.0400000000000007	0.23016950184031009826626936562557961365064206247246
-1.0300000000000007	0.23256211051901763433659178897633580714872322970686
-1.0200000000000007	0.23495675380132223335748058121392476200518857161085
-1.0100000000000007	0.23735297842318954813181337501102912005912737552944
-1.0000000000000007	0.23975032581650646823466334012169186541091698744316
-0.9900000000000007	0.24214833223393344259065310259551136040373839487821
-0.9800000000000006	0.24454652887767900452654655672920669683796973309392
-0.9700000000000006	0.24694444203216274181577080929206822501119446758983
-0.9600000000000006	0.24934159320052988175941186090462474575146578506265
-0.9500000000000006	0.25173749924497758396609170465999815326583444806751
-0.9400000000000006	0.25413167253084995389453397297382902160061189516977
-0.9300000000000006	0.25652362107445571113370013037321517501357493895055
-0.9200000000000006	0.25891284869455937057228039389803576413544279619342
-0.9100000000000006	0.26129885516749372483554566610195918548912515971716
-0.9000000000000006	0.26368113638583835545120797210696760615228640343399
-0.8900000000000006	0.26605918452060585097690869774709620393932204491248
-0.8800000000000006	0.26843248818687437562912864262999448808161951041754
-0.8700000000000006	0.27080053261280221466161897273943698279778376400622
-0.8600000000000005	0.27316279981195692572891342758122401250520514173788
-0.8500000000000005	0.27551876875888875162521933821770106538538932854815
-0.8400000000000005	0.27786791556787500200616281207589297933713958615009
-0.8300000000000005	0.28020971367475919287960151344225942072064277598969
-0.8200000000000005	0.28254363402180584569196414274466449903301578521427
-0.8100000000000005	0.284869145245488995635942830183203014373779322687
-0.8000000000000005	0.28718571386712964425594235319585459644604923547643
-0.7900000000000005	0.2894928044862946174128253565220507249582555939244
-0.7800000000000005	0.29178987997686655906055062066720055011977503698769
-0.7700000000000005	0.29407640168569210694040670834078002491229644204491
-0.7600000000000005	0.29635182963371266105130801640066297197776442208709
-0.7500000000000004	0.29861562271947957242286062983049850881363528576947
-0.7400000000000004	0.30086723892495305109235285132586621064978312138423
-0.7300000000000004	0.3031061355234816210298354343240736763351366510852
-0.7200000000000004	0.30533176928985653879772029900828567245753639520646
-0.7100000000000004	0.30754359671233324466858789166581037217500625010506
-0.7000000000000004	0.30974107420650963241467811008928788708836519216941
-0.6900000000000004	0.31192365833094870964089912594186173622904214687425
-0.6800000000000004	0.31409080600443107693146259398609916618304264175537
-0.6700000000000004	0.31624197472472058374185882606592465018208495172004
-0.6600000000000004	0.31837662278872452436512929033650614236711712610907
-0.6500000000000004	0.32049420951392782085232379829034150043972414355969
-0.6400000000000003	0.32259419546097880383231844943366239737893101876199
-0.6300000000000003	0.32467604265730244905604185442049150908305173247232
-0.6200000000000003	0.32673921482161525942135926603958978695797952287955
-0.6100000000000003	0.32878317758921440138769117401694910461748020987822
-0.6000000000000003	0.33080739873791221316481177393480270789335267795247
-0.5900000000000003	0.33281134841448580188685884339350379938820488836036
-0.5800000000000003	0.33479449936151014011402158225058473870847437177709
-0.5700000000000003	0.33675632714444186031650981150839795147562639483394
-0.5600000000000003	0.3386963103788198312836567790242009904852545457858
-0.5500000000000003	0.34061393095744758437774723246646163785359055012385
-0.5400000000000003	0.34250867427742174184422932492923921804041953532452
-0.5300000000000002	0.34438002946686978553623156583659260448066991426035
-0.5200000000000002	0.34622748961125979386032357297218467076224445271316
-0.5100000000000002	0.34805055197914416885823183235736207566549982066623
-0.5000000000000002	0.34984871824719887536703382233222051451979518258145
-0.49000000000000027	0.35162149472441931154320801414673356029218392809914
-0.48000000000000026	0.35336839257533371383017339160955970218753194840705
-0.47000000000000025	0.3550889280420946178001419881252681727741223572726
-0.46000000000000024	0.35678262266530917475217108036031620387275117448644
-0.45000000000000023	0.35844900350346882423615777083292572275903330636111
-0.4400000000000002	0.36008760335083918646492819789700594565966869293385
-0.4300000000000002	0.36169796095367123775523380456839401042601081854621
-0.4200000000000002	0.36327962122459522284756095126112416985922287713944
-0.4100000000000002	0.36483213545505925145642744854493941286083881560692
-0.4000000000000002	0.36635506152567513282766462645199390990934713385791
-0.3900000000000002	0.36784796411433472153432404159795224815472723694895
-0.38000000000000017	0.36931041490196088022345579753000420114247082917111
-0.37000000000000016	0.37074199277575811041446544014019216347012123552196
-0.36000000000000015	0.37214228402982896051515553025737634316234026110527
-0.35000000000000014	0.37351088256302349061928769484196126769700855677456
-0.34000000000000014	0.37484739007389035592099284910272724937701754822702
-0.3300000000000001	0.3761514162525994641539540427183706001013112850561
-0.3200000000000001	0.37742257896970766665024846574063062354826569760335
-0.3100000000000001	0.37866050446164055661438418448931813954632270348276
-0.3000000000000001	0.37986482751276517110806664296114765268628135790521
-0.2900000000000001	0.38103519163393022401300351130984574838336253319637
-0.2800000000000001	0.38217124923735243474234409859007721023720744121263
-0.2700000000000001	0.38327266180772956045390169991750127880395811761599
-0.26000000000000006	0.38433910006946288661671652022394923507766796890428
-0.25000000000000006	0.3853702441498741805231870600117994641269526248392
-0.24000000000000007	0.38636578373830446042576409555937478216718108951396
-0.23000000000000007	0.3873254182409844022409812719522475676029435620961
-0.22000000000000006	0.38824885693156869592218857927161024750063296397332
-0.21000000000000005	0.38913581909722940348286912639113758121987349099364
-0.20000000000000004	0.3899860341802060107635838417818263672182729586365
-0.19000000000000003	0.39079924191471275214619479505436692320931146421105
-0.18000000000000002	0.39157519245910668581452529045925443898126166327869
-0.17	0.39231364652322300500723905851520084890117408916402
-0.16	0.39301437549078716039082612616085876102586705926467
-0.15	0.39367716153681654051827073659687363233242999043743
-0.13999999999999999	0.39430179773992770874885251701044089709243878759361
-0.12999999999999998	0.39488808818946852331495305514734586182069387322356
-0.11999999999999998	0.3954358480873978689420955396067150729584028253031
-0.10999999999999999	0.39594490384483920669307784389031426912863301293488
-0.09999999999999999	0.39641509317323767930902592727787351027850164984429
-0.09	0.3968462651700541325868043703304637161895571276855
-0.08	0.39723828039893307109976734014083762907582513718876
-0.07	0.39759101096428530051728030200090117680744698556705
-0.060000000000000005	0.3979043405802297931176694489468430805253956812561
-0.05	0.39817816463384314947692415893692196693908154796585
-0.04	0.39841239024266891966489206726533317241742672583976
-0.03	0.39860693630644297563990669220607343950047993843761
-0.02	0.39876173355299510558815314270065749909939371183686
-0.01	0.39887672457829101430281844548618332103168856918228
0	0.39895186388058296300239260117979909235863412392988
0.01	0.39898711788864136540989414678067495061184456294855
0.02	0.39898246498404376563370377734565289640038146911731
0.03	0.39893789551750175898517324263745783513690458919009
0.04	0.39885341181921057224021831973376051532609292984457
0.05	0.39872902820321019308458111672554377855954589125712
0.060000000000000005	0.39856477096575112437748094325624348553628022820449
0.07	0.39836067837766203544608443332418889199488320325703
0.08	0.39811680067072078458612294116592468943654848640667
0.09	0.39783320001803449018389785016289525822188737929052
0.09999999999999999	0.39750995050843853291715451916324470619190369407699
0.10999999999999999	0.39714713811492856554921541860026111654827127518686
0.11999999999999998	0.39674486065714379698697303022431231391722153065683
0.12999999999999998	0.39630322775792399142938890968322280366786724551595
0.13999999999999999	0.39582236079396678108914202034694572644680208310083
0.15	0.39530239284061603273963682079801986731537571026008
0.16	0.39474346861081611192590383481243701515914506066809
0.17	0.39414574438827098697976622322539524953376160438867
0.18000000000000002	0.39350938795485115949502633014591869371915090268156
0.19000000000000003	0.39283457851229543007939465093682869312818833328592
0.20000000000000004	0.39212150659825848722277049541151260657660061131608
0.21000000000000005	0.39137037399675924421831097483479840319121296618287
0.22000000000000006	0.39058139364308874011875219673025614403679013475449
0.23000000000000007	0.38975478952324026221353503673014898241573282882717
0.24000000000000007	0.38889079656792813603113960604316081553807676003012
0.25000000000000006	0.38798966054126536357144123664127874976566630508355
0.26000000000000006	0.38705163792417394515635411995069064690158135246812
0.2700000000000001	0.38607699579260538275910320775321446397282079554052
0.2800000000000001	0.38506601169065231818688586793659450014680748615799
0.2900000000000001	0.38401897349863582079895434102048115812533937029597
0.3000000000000001	0.38293617929625618903930364254135709592485905874646
0.3100000000000001	0.38181793722089847363515427229700294790170856337058
0.3200000000000001	0.38066456532118717593784140564070730664952671294357
0.3300000000000001	0.37947639140588774189014255006191142530512847219359
0.34000000000000014	0.37825375288825555530652996224569162413867078495458
0.35000000000000014	0.37699699662593613090114131066520576581665114354912
0.36000000000000015	0.37570647875652311523410616024463471218649996429307
0.37000000000000016	0.37438256452888352000549000653483217628389076340608
0.38000000000000017	0.37302562813036233453890166219389277222530708785724
0.3900000000000002	0.37163605250998129059372831513300297953610374647635
0.4000000000000002	0.37021422919774908065691997456178243306440773476387
0.4100000000000002	0.36876055812020275852628538746416905334551457304042
0.4200000000000002	0.36727544741230237634665007943765466357300149861112
0.4300000000000002	0.36575931322580313344440109398736244174411893631185
0.4400000000000002	0.36421257953423142758032903512877132170743439849915
0.45000000000000023	0.36263567793459320697137507365924420726375859279358
0.46000000000000024	0.3610290474459449200972151511772359036734534051148
0.47000000000000025	0.35939313430495914849950636627228311631964980658378
0.48000000000000026	0.35772839175861868420691248633169513145216373727856
0.49000000000000027	0.35603527985417437690056259885873115783718830359814
0.5000000000000002	0.35431426522650353504234511406120151644276355564907
0.5100000000000002	0.35256582088300693245990434210339225516652007461877
0.5200000000000002	0.35079042598618389196783668327355235881718163465013
0.5300000000000002	0.34898856563402568511433346431423780351062476679461
0.5400000000000003	0.34716073063836880637800226564237652943333732555399
0.5500000000000003	0.34530741730135034789881252404691966736280859633902
0.5600000000000003	0.34342912719010851714905587645817625560822681462595
0.5700000000000003	0.34152636690987196220666307378092746227858099420458
0.5800000000000003	0.33959964787558208282302567080841432319200445582933
0.5900000000000003	0.33764948608219290081721163980538275722763807090026
0.6000000000000003	0.33567640187379334061011234912023034030496693860343
0.6100000000000003	0.33368091971169693018583473709423568017017411586653
0.6200000000000003	0.33166356794164397480127932752746393294020010477391
0.6300000000000003	0.3296248785602611808426605171494697444035300201069
0.6400000000000003	0.32756538698092351594966236077989712484888959028218
0.6500000000000004	0.32548563179916278460834826903641011688318840665436
0.6600000000000004	0.32338615455776697668036778060431029062969283865491
0.6700000000000004	0.32126749951171391072766010250708510618093183217496
0.6800000000000004	0.3191302133930820455581442501015305539669979089008
0.6900000000000004	0.31697484517608057331670315430510815425671705134387
0.7000000000000004	0.31480194584234003694169875661778773232568677913507
0.7100000000000004	0.31261206814660373526965099599208216738187548571652
0.7200000000000004	0.31040576638295909197166025045820552057246069971077
0.7300000000000004	0.30818359615174697141731204244423370701354538794535
0.7400000000000004	0.30594611412728562715614972944569995673827120579817
0.7500000000000004	0.30369387782654456875025250407224538044964965007817
0.7600000000000005	0.30142744537890213204439628062154605144978462942381
0.7700000000000005	0.29914737529711893857397993409826966009860191585777
0.7800000000000005	0.29685422624965773372486596169115383395399417966643
0.7900000000000005	0.29454855683447830259846819667185556891086499943249
0.8000000000000005	0.2922309253544342795073823016698080193850112580654
0.8100000000000005	0.2899018895943966939188328385097749141888755738606
0.8200000000000005	0.28756200660022703483909821138061983590404674334628
0.8300000000000005	0.28521183245972046952933640460257157074341714516067
0.8400000000000005	0.28285192208563762356974588007293992357999772154526
0.8500000000000005	0.28048282900094102021981881393468688061540571770566
0.8600000000000005	0.27810510512634989039653902765190089694352246430052
0.8700000000000006	0.27571930057032460310926192605194694828471710703739
0.8800000000000006	0.27332596342158943260636748018626373980740290815036
0.8900000000000006	0.27092563954429977561499839847907098127619021217832
0.9000000000000006	0.26851887237595726275191815681581973695096079834213
0.9100000000000006	0.26610620272817347535809536776308857629051461602639
0.9200000000000006	0.26368816859038018561254958794813290541273212847324
0.9300000000000006	0.26126530493658118680236446820401649334029321339447
0.9400000000000006	0.25883814353523787509164578200882903894938806527801
0.9500000000000006	0.25640721276237778710098374846103596478692218879256
0.9600000000000006	0.25397303741801229216779592507682182402906256653815
0.9700000000000006	0.2515361385459465874189751915269415180448772129753
0.9800000000000006	0.24909703325706205088416814104129693673847480283439
0.9900000000000007	0.24665623455614787596216304378017001321266777076064
1.0000000000000007	0.24421425117235574278981415627738122196094740441979
1.0100000000000007	0.24177158739334808162872332482495087099742796614266
1.0200000000000007	0.23932874290320725346249303870105480348333256509985
1.0300000000000007	0.23688621262416971677301736303962216915625531307678
1.0400000000000007	0.23444448656224597012398887966401159065551294626948
1.0500000000000007	0.23200404965678376090577369940632031360146803056562
1.0600000000000007	0.22956538163402873456294394322409766980050016908362
1.0700000000000007	0.22712895686473336899819132795859517584475973546088
1.0800000000000007	0.22469524422586169877401881688263066677588287542106
1.0900000000000007	0.22226470696643398634889337204737633709091483060176
1.1000000000000008	0.21983780257755214599892016241135520835206351356051
1.1100000000000008	0.21741498266664337337687824482799098088711955407364
1.1200000000000008	0.21499669283595608290756955704973751980852879600093
1.1300000000000008	0.21258337256533890944127365456947007058226588954533
1.1400000000000008	0.21017545509933019278144708470267220574649011643093
1.1500000000000008	0.20777336733858203682779895939115896986920422128988
1.1600000000000008	0.20537752973563972205107189624440868631968390345661
1.1700000000000008	0.20298835619509395371836794267286171081758301691198
1.1800000000000008	0.20060625397812015154954889211400084018439105058731
1.1900000000000008	0.19823162361141573209002573383790984309916542463323
1.2000000000000008	0.19586485880054310576647418212236504388658635588186
1.2100000000000009	0.19350634634768290902990129483114150920663675053834
1.2200000000000009	0.19115646607379882080971080817663551799774034517009
1.2300000000000009	0.18881559074521217426972431312735852311534687108592
1.2400000000000009	0.18648408600458147207908575149302313759872271331842
1.2500000000000009	0.18416231030627884853183764543539054373016106534417
1.260000000000001	0.18185061485615249724852658288841629018545341972895
1.270000000000001	0.17954934355566110118491002735740255565623246566128
1.280000000000001	0.17725883295036336450188652959637453727257354373328
1.290000000000001	0.1749794121827428556923354423547031090255356750046
1.300000000000001	0.17271140294934553031813704005801593800491332647528
1.310000000000001	0.17045511946220451181452918472429117234979723319631
1.320000000000001	0.16821086841452397202474553450244471603385930789808
1.330000000000001	0.16597894895059127131515675950395209915781466025821
1.340000000000001	0.16375965263988389309222972826554131280048988702576
1.350000000000001	0.16155326345533514102147733132396722988088722903556
1.360000000000001	0.15936005775572006087973880971784323716095411764579
1.370000000000001	0.15718030427212060431983908806236437337774652597719
1.380000000000001	0.15501426409842667037404089618729799507306221107048
1.390000000000001	0.15286219068582734367102851796705652429536628199444
1.400000000000001	0.15072432984124439740935007705534868056227259613374
1.410000000000001	0.14860091972965794535431911311977696290778712101756
1.420000000000001	0.14649219088027201165810399259663502561728525901414
1.430000000000001	0.14439836619646574121336069084684288200424450664636
1.440000000000001	0.14231966096947399752484952941503965791908185385389
1.450000000000001	0.14025628289573919062283231531879675710448509709601
1.460000000000001	0.13820843209787434516478261763755362217510174983669
1.470000000000001	0.13617630114917565931260932734812857777183385221378
1.480000000000001	0.13416007510162111888242807315056404043635762858794
1.490000000000001	0.13215993151729011921118000801572804012427482041018
1.500000000000001	0.13017604050313750965482306667508111560298417654713
1.5100000000000011	0.12820856474905401303013761838780113609038076482164
1.5200000000000011	0.12625765956914358495875430156348934606025697465108
1.5300000000000011	0.1243234729461469662095293472864889900111835128923
1.5400000000000011	0.12240614557893944492571568842741891603076647964743
1.5500000000000012	0.12050581093302968514940451259148382766115560961111
1.5600000000000012	0.11862259529398539332236075943001596469106573230377
1.5700000000000012	0.11675661782371058537764662139665619517750610408687
1.5800000000000012	0.11490799061949828349253698017524565126192453474995
1.5900000000000012	0.11307681877578161332783084010941131857286430861505
1.6000000000000012	0.11126320044850548933612656854276896035341394094849
1.6100000000000012	0.10946722692204036711441236942530251670501508151584
1.6200000000000012	0.1076889826785589073663951007364663254814025999713
1.6300000000000012	0.10592854546979583532032528092252167638123800316399
1.6400000000000012	0.10418598639111079184421338272927961140373123348183
1.6500000000000012	0.10246136995777355737199386912325796316709685949173
1.6600000000000013	0.10075475418339068639695715956934446070322443655403
1.6700000000000013	0.099066190660392317935799278905476408331484028757245
1.6800000000000013	0.097395724642497725190462314258338868425136404066697
1.6900000000000013	0.095743395129078034749275608641929043128016347012704
1.7000000000000013	0.094109234951334481130540890378993354824180423295662
1.7100000000000013	0.092493270860210565282394032631049926438938423580831
1.7200000000000013	0.090895523615956554761210024074799262940038469626066
1.7300000000000013	0.089316008079264897614599511189186478340367688612317
1.7400000000000013	0.087754733303895320342712784771532606193696472568045
1.7500000000000013	0.086211702630708641504640439384346033403805202741638
1.7600000000000013	0.084686913783028655331755229396415449705251436149835
1.7700000000000014	0.083180358963251822820605314959464203665205955721829
1.7800000000000014	0.081692024950624949877441793724454397090491795370413
1.7900000000000014	0.080221893200111531809040334963617955971795254327839
1.8000000000000014	0.078769939942267999398101238737325721300081892618997
1.8100000000000014	0.077336136284051712529829836538041013708594328321022
1.8200000000000014	0.075920448310483211380820712547287791342376919582735
1.8300000000000014	0.074522837187085951043638568853596288305790417932524
1.8400000000000014	0.073143259263027511614251356008913991235118686412706
1.8500000000000014	0.071781666174887090662842486698439667850372053097364
1.8600000000000014	0.070438004950974947066155816570746757326610757581438
1.8700000000000014	0.069112218116130372804745117814608211012694670870938
1.8800000000000014	0.067804243796925720905478751926139411780213300950461
1.8900000000000015	0.066514015827205011605527658091749662028868924017564
1.9000000000000015	0.065241463853886673381064124196907041232310285680008
1.9100000000000015	0.063986513442961049061430207985961118262260277066524
1.9200000000000015	0.062749086185614408166275209205860972263254955310968
1.9300000000000015	0.06152909980441235317911308093961378107538408771846
1.9400000000000015	0.06032646825947668801927248617646843588815313588743
1.9500000000000015	0.059141101854591029804026892011640417226548093119954
1.9600000000000015	0.057972907343171688409861560107059512366361976843572
1.9700000000000015	0.056821788034041610651704534775812691858622502972386
1.9800000000000015	0.055687643896946485408061019375330030289862568208846
1.9900000000000015	0.054570371667753431037957135253326186578979430531962
2.0000000000000013	0.053469864953274059527769276631655925919727305015341
2.010000000000001	0.052386014335654936549792327771389285455683683660893
2.020000000000001	0.05131870747628021553067621878113562930850647615322
2.0300000000000007	0.050267829219132141683617327445185688384847558577905
2.0400000000000005	0.049233261693556920577747719843832297918692584176954
2.0500000000000003	0.048214884416384739569117021835602568587369572722916
2.06	0.047212574393354212295941823365885435287668383751124
2.07	0.046226206219792985632025073539708018811305738417833
2.0799999999999996	0.045255652180507728406735287526440097069342824524599
2.0899999999999994	0.044300782348838210272152763618834178741407256758413
2.099999999999999	0.04336146468483167578330279728413319692084304319675
2.109999999999999	0.042437565132495221533395271735021457624357646996103
2.1199999999999988	0.041528947716085391553770933489644064736467741422877
2.1299999999999986	0.040635474635395716673640388049510368325313541462521
2.1399999999999983	0.039757006360004435689414601489705620857935499307996
2.149999999999998	0.038893401722446148596202827060477997806786469502828
2.159999999999998	0.038044518010272663391709156959834441061342504526519
2.1699999999999977	0.037210211056969806711188541740364026800113118956894
2.1799999999999975	0.036390335331698473457256341451600271327202637155338
2.1899999999999973	0.035584744027829690347039397676062385082809784253807
2.199999999999997	0.034793289150244961640035434349897270717972858430553
2.209999999999997	0.034015821601374650994285978055959557781602069552608
2.2199999999999966	0.033252191265948630220518828339548406916585973054994
2.2299999999999964	0.032502247094434892492182744966193854741244075137229
2.239999999999996	0.031765837185143283186750172082907133460328426547558
2.249999999999996	0.031042808864972944878403538127964574962028130933824
2.259999999999996	0.03033300876878350300798367150473562320251751410604
2.2699999999999956	0.029636282917371434392691713917844629237082178250556
2.2799999999999954	0.028952476794034461011814522163715959554678715584841
2.289999999999995	0.028281435419708195458839677229032868151794377402319
2.299999999999995	0.027623003426660631165021479678980960900634704779628
2.3099999999999947	0.026977025130731419092407494346845777098900124321775
2.3199999999999945	0.026343344602104202220753653196292783518284421639019
2.3299999999999943	0.025721805734601589005566755567171212058108839610333
2.339999999999994	0.02511225231349363629443531420100999541612059006779
2.349999999999994	0.024514528081811980224402413734675736825597865403584
2.3599999999999937	0.023928476805162999690793661479772490552278512575397
2.3699999999999934	0.02335394233503462042182225950091513157441447289981
2.3799999999999932	0.022790768670592567895326058831706854895688500047707
2.389999999999993	0.022238800018963053713574633700307965864726263162423
2.399999999999993	0.021697880854000032066014136131123937352256707915615
2.4099999999999926	0.021167855973536290052035716452073234598905019242672
2.4199999999999924	0.020648570555118737437182174620055605493672420609567
2.429999999999992	0.020139870210229337444046494060033748882713084540284
2.439999999999992	0.019641601036994170037098816308220565551604288996471
2.4499999999999917	0.019153609671384142488294727233215040833997115526232
2.4599999999999915	0.01867574333691185848249830496077816454472760390147
2.4699999999999913	0.01820784989283012634842210069428939182369524609466
2.479999999999991	0.017749777880838528926378921090673675888240076707133
2.489999999999991	0.017301376570305391887092387399652600932408990447745
2.4999999999999907	0.016862496002013373808017521748908378753482272056413
2.5099999999999905	0.016432987030437759839858370257170818139305354292209
2.5199999999999902	0.016012701364567371233304934832204049122287639625952
2.52999999999999	0.015601491607278805253179662243215820621777267676396
2.53999999999999	0.015199211293275494023935095000289710070215682410568
2.5499999999999896	0.014805714925603816596876601279530843448359683355976
2.5599999999999894	0.014420858010759216005349949710767555501122856727328
2.569999999999989	0.014044497092395962308128603319122629130953157815639
2.579999999999989	0.013676489783654863670268463265744774649174059919629
2.5899999999999888	0.013316694798123860479142157865441845340833764457058
2.5999999999999885	0.012964971979447042452296682021390164601273708779506
2.6099999999999883	0.012621182329598205800197650291806055733569122282546
2.619999999999988	0.012285188035835616922965164899661439605188635772397
2.629999999999988	0.011956852496355171032336974141141441112242875355951
2.6399999999999877	0.01163604034465962870830076910197826241771064757142
2.6499999999999875	0.011322617472662080956804504792792326867959294573468
2.6599999999999873	0.01101645105254223408523703643215106620649070888427
2.669999999999987	0.010717409557374519931561814384937095004836734682125
2.679999999999987	0.010425362780547424966869780648908166546556591158988
2.6899999999999866	0.010140181853993793854831338146516417879946505580901
2.6999999999999864	0.0098617392652521995287139049489393268000566561531466
2.709999999999986	0.0095899088733797830885912625426561055062986106910387
2.719999999999986	0.0093245659237372531962135285008087304564358601364917
2.7299999999999858	0.0090655870616669965368048270335846852142248351049404
2.7399999999999856	0.0088128503450854887250002731109201680547320102660114
2.7499999999999853	0.0085662352560114091696916536111857656217923214453757
2.759999999999985	0.008325622711051054306627788906387211090372067931005
2.769999999999985	0.0080908950708628116977228794562725449406340903404838
2.7799999999999847	0.0078619361486226032334561052241278458120937428856118
2.7899999999999845	0.0076386312175123295217511429900608291687295448712265
2.7999999999999843	0.0074208670172534499757075976061713013951341788591799
2.809999999999984	0.0072085317597079146052675221822639918904547020386054
2.819999999999984	0.0070015151335687245646439722248276813128100091655537
2.8299999999999836	0.0067997083081624396061923948733783884784447821545373
2.8399999999999834	0.0066030039363859722474490405093027236549681201089936
2.849999999999983	0.0064112961568000111826160928791169116457604005302562
2.859999999999983	0.0062244805949014007796604820071832606337536303172707
2.869999999999983	0.0060424543635967699209962976633917396704974441331714
2.8799999999999826	0.0058651160628996524950687911046849198506202771866879
2.8899999999999824	0.005692365778873274057021842774741699469534068645209
2.899999999999982	0.0055241050818410950806333247126695650336789967603214
2.909999999999982	0.005360237023887101354445449230493196254811374117265
2.9199999999999817	0.0052006661356677169674225820947737937124694393129165
2.9299999999999815	0.0050452984225570855191399514520648223976174200543557
2.9399999999999813	0.0048940413601473212121022629648145619535135783775395
2.949999999999981	0.0047468038891251738744199857061592141212872308909262
2.959999999999981	0.0046034964095463812537019262299678741359908756378072
2.9699999999999807	0.0044640307745287986499137574811786657481660460693523
2.9799999999999804	0.0043283202833852006460976588262392681977727532845944
2.9899999999999802	0.0041962796742164428784439200290120088782266025767629
2.99999999999998	0.0040678251159854539851325304845514867125732065365867
3.00999999999998	0.0039428742000922996066909184010088994195190317900608
3.0199999999999796	0.003821345931470322095122499223837307790098099071602
3.0299999999999794	0.003703160719223111935779420944268677485400939003812
3.039999999999979	0.0035882403668218103007219460467714204119646652835922
3.049999999999979	0.0034765080618819771353553947981838991299943896192405
3.0599999999999787	0.0033678883655389862256795552550073355942523794917182
3.0699999999999785	0.0032623072014406282893450015682876307795279546386513
3.0799999999999783	0.0031596918443753157609460200424823949340842426552634
3.089999999999978	0.0030599709085539890745462019819688381124251590873149
3.099999999999978	0.002963074335563524350854829592221981922043948865889
3.1099999999999777	0.0028689333820091369315365864314579160489024269327941
3.1199999999999775	0.0027774806068629646196039650066224752592707866227466
3.1299999999999772	0.0026886498585356992251745099241194176627680457599093
3.139999999999977	0.0026023762616878155139888229048528616063087594140011
3.149999999999977	0.0025185962037966233371130764285689724558480504157509
3.1599999999999766	0.0024372473214950420003267240488597963014026477418762
3.1699999999999764	0.0023582684866976662177611023942563150390202156643397
3.179999999999976	0.0022815997925293606839696230030618168810130328461725
3.189999999999976	0.002207182539071285779796365514345638752210450375547
3.1999999999999758	0.0021349592189389205785003749392656975483006252685741
3.2099999999999755	0.0020648735027063115081026851232550836277029630624503
3.2199999999999753	0.0019968702241904361124340331761876016942234628255176
3.229999999999975	0.001930895365609231685423890047850570082162975831819
3.239999999999975	0.0018668960426264984692215992078262151171168502838711
3.2499999999999747	0.0018048204892965469350310425295493957025482925985274
3.2599999999999745	0.0017446180429211187240880322314465377912263801749743
3.2699999999999743	0.0016862391288307714227558812304605405938709237903482
3.279999999999974	0.0016296352451025787777000968753367302676198765622346
3.289999999999974	0.001574758947225660511656423582803031847967678325142
3.2999999999999736	0.0015215638327257198542453160092795280198947362284864
3.3099999999999734	0.0014700045257594325221315397532402806031813854314725
3.319999999999973	0.0014200366616891984248309909175250156139331734942832
3.329999999999973	0.0013716168716484370826471535225056065867334689321739
3.3399999999999728	0.0013247027671072798574138933794059912679684340425136
3.3499999999999726	0.0012792529244481868406451315388405826935444951095599
3.3599999999999723	0.0012352268695606938330108546451438039589569489633532
3.369999999999972	0.001192585062464175489469731030675660199705100744177
3.379999999999972	0.001151288881967194591710589616007049931464381856162
3.3899999999999717	0.0011113006103716947298303072118373560483676284310359
3.3999999999999715	0.0010725834182299846047784273278386123615885819604474
3.4099999999999713	0.0010351013491621568688529703976640683878506109225953
3.419999999999971	0.00099881930474128306083652418176424498077776266875057
3.429999999999971	0.00096370302945342891332433554143672432528884049154599
3.4399999999999706	0.00092971909573924125137287732133640810200433301766501
3.4499999999999704	0.00089683488912356899373987238254523064635733352055658
3.45999999999997	0.00086501859343929653179535985899535048135702555576884
3.46999999999997	0.00083423917615128810906616992305608811755231539431592
3.47999999999997	0.0008044663737860668602134509183036055218764634452324
3.4899999999999696	0.0007756706774725819875567565474272138332428124742478
3.4999999999999694	0.00074782331859915224338670008570372032103711770167953
3.509999999999969	0.00072089625459141352658377425765079785886259718182562
3.519999999999969	0.00069486215481584306399281061642253458480701884975808
3.5299999999999687	0.0006696943866131823944624653066128596940963870573458
3.5399999999999685	0.00064536700146583626287034982109716953908776616370233
3.5499999999999683	0.00062185472130308461198352091873203415311170853315959
3.559999999999968	0.00059913292494771017375497285704277344420278464272812
3.569999999999968	0.00057717763470741474386717074663860548258167227933381
3.5799999999999677	0.00055596550311417310257280640681739047061579222637603
3.5899999999999674	0.00053547379981445474325117666489872763136284698885322
3.5999999999999672	0.00051568039861303010342775997954095695892660384058207
3.609999999999967	0.00049656376467286987105943208678605727456756122338933
3.619999999999967	0.00047810294187344316556769087918470567093323201776289
3.6299999999999666	0.0004602775403295229666432772779595916297415912169348
3.6399999999999664	0.0004430677240724150770222829702401540631867252553584
3.649999999999966	0.00042645419889534014576099851747222724137107275196221
3.659999999999966	0.00041041820036451682847031182796675830790794852603928
3.6699999999999657	0.0003949414819973179981076636592073467186977994539259
3.6799999999999655	0.00038000630360870101720302132892389392825759912193336
3.6899999999999653	0.00036559541982694740829077814819890750448277747479204
3.699999999999965	0.00035169206877958677804198523598878523184430025687352
3.709999999999965	0.00033827996095022452227972969182658003281274564529489
3.7199999999999647	0.00032534326820684261997496330041492108741917250080481
3.7299999999999645	0.00031286661300199766703254654626549853819376268198412
3.7399999999999642	0.00030083505774520015425938676154861465959475918305163
3.749999999999964	0.00028923409434762380411539766152493944009561956395242
3.759999999999964	0.00027804963393916349030903153006763463511695425696364
3.7699999999999636	0.00026726799675773481268630839441655334201194767282363
3.7799999999999634	0.00025687590221058772407533552577176186929854906736555
3.789999999999963	0.00024686045910729064008697443706297213414741643451433
3.799999999999963	0.0002372091560639301392072164108138290770610522240117
3.8099999999999627	0.00022790985207796460845725959568459321092302972724447
3.8199999999999625	0.00021895076727306793695546686644465966818234583383173
3.8299999999999623	0.00021032047381320153146728573207576086020561199822834
3.839999999999962	0.00020200788698505944827174117773659312573730007411534
3.849999999999962	0.00019400225644794222657768256319153044646871001028085
3.8599999999999617	0.00018629315765002999098531055691047875909651937839812
3.8699999999999615	0.00017887048340994448347470911649460106164359551329988
3.8799999999999613	0.00017172443566241280729176163266793888300197905743458
3.889999999999961	0.00016484551736677273302234189127746123749370596946114
3.899999999999961	0.00015822452457699034731258840768119682455229017275845
3.9099999999999606	0.00015185253867179553253646845302272602175899539030007
3.9199999999999604	0.00014572091874347916600369948734221313803673861927312
3.92999999999996	0.00013982129414383793427768972823674190333576579824692
3.93999999999996	0.00013414555718569818565339274036049023716571692518714
3.9499999999999598	0.00012868585599839920534471133322904735741369444482274
3.9599999999999596	0.00012343458753556860677345958655956632317719952487818
3.9699999999999593	0.00011838439073347810177355677361365826353143042924013
3.979999999999959	0.00011352813981822665577753892158200447918904333137979
3.989999999999959	0.00010885893775995986450415803773980226068394419366164
3.9999999999999587	0.00010437010987229921989069289264095809626163251053514
4.009999999999959	0.0001000551975551224910330865076996423689167076886429
4.019999999999959	0.000095907952178808342949610702630767751091882134716511
4.0299999999999585	0.000091922329108027645372603894915052848592431892092253
4.039999999999958	0.00008809248186314658689476902256995310782742496207993
4.049999999999958	0.000084412756417278538206350509850922913998861373933883
4.059999999999958	0.000080877685627006708901870926195172072984198715360696
4.069999999999958	0.000077481983794781734388777664112742436554498714583615
4.079999999999957	0.000074220541360984304006622504697278549270518826289397
4.089999999999957	0.000071088419723630966567690658643780934940883837496869
4.099999999999957	0.000068080846183691440590495288033071613093871178386631
4.109999999999957	0.000065193209013978034507660820801356284251371379603727
4.119999999999957	0.000062421052649562069125295780186559423648974366363163
4.129999999999956	0.000059760072997668413718967313912150921651167199205386
4.139999999999956	0.000057206112864997322633296800266605977365807754679004
4.149999999999956	0.000054755157500422616544181008511788105168861382826533
4.159999999999956	0.000052403330251016818292732704248195901969833563378573
4.1699999999999555	0.000050146888329357055302199320358663713688996830184327
4.179999999999955	0.000047982218690070308214427997301227399578334472276801
4.189999999999955	0.000045905834013582849007354069313409669273424503550308
4.199999999999955	0.000043914368795046403286833432342678471655432501775064
4.209999999999955	0.000042004575536422623845921866673418855951438612774231
4.2199999999999545	0.000040173321039717810487259643137304543422131975631342
4.229999999999954	0.000038417582799371390435821840493969474601307666539884
4.239999999999954	0.000036734445491814421762805386010096707709319515374395
4.249999999999954	0.000035121097560228237849054546787704539410504377999232
4.259999999999954	0.000033574827892548254220199556520767362874362365684332
4.269999999999953	0.000032093022590773851705670965558789262566624084004271
4.279999999999953	0.000030673161829662074874179860449113898388475454002158
4.289999999999953	0.000029312816802900586591542043626678817587534689547296
4.299999999999953	0.000028009646754873844295556891781807395480689122970805
4.3099999999999525	0.000026761396096155758600148261002154968409296466952513
4.319999999999952	0.00002556589160088210898904504995160813169294453241198
4.329999999999952	0.000024421039684176674945240653180341010330903786586263
4.339999999999952	0.000023324823757826345634008554898381649115008180365532
4.349999999999952	0.000022275301662422350395795413503101796772219225008449
4.3599999999999515	0.000021270603174207160417909731536483586891412530399783
4.369999999999951	0.000020308927584889505063679355441750143942616319746374
4.379999999999951	0.000019388541352713281872916179223804865644125496123514
4.389999999999951	0.0000185077758230898760293028273181310463996393079339
4.399999999999951	0.000017665025017127503319447692602688324693964115034945
4.40999999999995	0.000016858743486415611850580417384596819260608758760239
4.41999999999995	0.000016087444232447084964294436701715054676878797320456
4.42999999999995	0.0000153496966890859451302539536140919514371124892796
4.43999999999995	0.000014644124766513431689428902298260547967964558530373
4.4499999999999496	0.000013969404955110681001020116078394883952897774571398
4.459999999999949	0.000013324264487761743968118902192579806982322465492878
4.469999999999949	0.000012707479559086302469162689306997208024976906140579
4.479999999999949	0.000012117873600137163537093764708664236481486189695425
4.489999999999949	0.00001155431560712339005302270696235743771674567537886
4.4999999999999485	0.000011015718522745742297007347779287105153742462788738
4.509999999999948	0.000010501037668756930137387935585069449364831301973637
4.519999999999948	0.000010009269228384986302447428851130545441635263084311
4.529999999999948	9.5394487772838435495598130152024331043933962516183e-6
4.539999999999948	9.0906498617009102144597897915829838940449130233522e-6
4.549999999999947	8.6619826225770682513070044796270623596990434797027e-6
4.559999999999947	8.2525924643200451805719104999974147806562500910135e-6
4.569999999999947	7.8616587670175170929809090222037074226833072451639e-6
4.579999999999947	7.4883936408815657645308759572559379439565767113556e-6
4.589999999999947	7.1320407217412217500116593608615029111062274867882e-6
4.599999999999946	6.7918740064247607251689057609748547009125712961811e-6
4.609999999999946	6.467196726898166954788557482407919996039952320862e-6
4.619999999999946	6.1573402620507210943997893009003407634254426241185e-6
4.629999999999946	5.861663086042995985458649670102791798130904653298e-6
4.6399999999999455	5.5795497521566409310409822914495014049989953101531e-6
4.649999999999945	5.310409911109190224428317841432695671154937550273e-6
4.659999999999945	5.0536773628207343349153124259395034605466179145304e-6
4.669999999999945	4.8088091406426318027259036489301995005575480373961e-6
4.679999999999945	4.5752846270815069833159403845315120686183563416842e-6
4.689999999999944	4.3526047000745644677336875067717832005065493928062e-6
4.699999999999944	4.1402909088947471551998602400340859352428445589092e-6
4.709999999999944	3.9378846787864641158754560264302839718785155070398e-6
4.719999999999944	3.7449465434545097657137120371209642316387861084625e-6
4.729999999999944	3.5610554045503813284669986707400356197177307020281e-6
4.739999999999943	3.3858078173214715438138764678567882812516077374209e-6
4.749999999999943	3.2188173016095631483480714259438849380585965204369e-6
4.759999999999943	3.0597136774056764303483088139962466965663185335688e-6
4.769999999999943	2.9081424241886173097108750897026954347971906240437e-6
4.7799999999999425	2.763764063294537616793381984368434912906077329144e-6
4.789999999999942	2.6262535625844487382742121482443888063863387253322e-6
4.799999999999942	2.4952997626959222481460349626774873095327573879657e-6
4.809999999999942	2.3706048241841646943901750149403382026916633554132e-6
4.819999999999942	2.2518836948762669564710027454095483179761623367258e-6
4.8299999999999415	2.1388635967807005386009398172960853802392089473755e-6
4.839999999999941	2.0312835319120632358452925166575405551691166165866e-6
4.849999999999941	1.9288938064086646068320565497365197428190834064689e-6
4.859999999999941	1.8314555723377877771325686768632379559992205042153e-6
4.869999999999941	1.7387403866003687990757927392602806928653718147808e-6
4.87999999999994	1.6505297863633989558485877801159176930526917897475e-6
4.88999999999994	1.5666148804645801832967941240511467679638353556909e-6
4.89999999999994	1.4867959562496506523597620124255847857125481112228e-6
4.90999999999994	1.4108821013183482501876402317683607421562087910224e-6
4.9199999999999395	1.3386908396701962257117613723559463888537700302684e-6
4.929999999999939	1.2700477817561798827730008219955779686886231016038e-6
4.939999999999939	1.2047862879569384029566112364284180599215059084064e-6
4.949999999999939	1.1427471450223243737385765101226487720267220933823e-6
4.959999999999939	1.083778255021088304689391392642518361899858804139e-6
4.9699999999999385	1.0277343363630294475395614233210458927510876294166e-6
4.979999999999938	9.7447663646922088690824315432704253698172688841125e-7
4.989999999999938	9.2387265567886959649622453659190157280537155820958e-7
4.999999999999938	8.7579588199401457433279715123427317149560209355567e-7
5.009999999999938	8.3012553627560203685044899427713791173395959169829e-7
5.019999999999937	7.8674632751650985308573563774093723218090479218119e-7
5.029999999999937	7.4554821782882794537519156854875335882946964999187e-7
5.039999999999937	7.0642619679414138933008587590221257160883276061125e-7
5.049999999999937	6.692800648367126307533962813043493560758217288516e-7
5.0599999999999365	6.3401422529032290707113422837207468637146171407817e-7
5.069999999999936	6.0053748484011500230629526597664759407937593339534e-7
5.079999999999936	5.6876286203108433498843659963837506122191194424795e-7
5.089999999999936	5.386074035448975971320831454295294353187383971933e-7
5.099999999999936	5.0999200795648230273434794081633003260877329189132e-7
5.1099999999999355	4.8284125669133128506047547881601581531330467974207e-7
5.119999999999935	4.570832519137080602919838558701021125354997774393e-7
5.129999999999935	4.3264946108492673863846038907200463548442331673304e-7
5.139999999999935	4.0947456793961852426035398831050299735013215699809e-7
5.149999999999935	3.8749632963639053093183757214461308376686004732294e-7
5.159999999999934	3.6665543984753639069186116207056011821651360999184e-7
5.169999999999934	3.4689539756047669195953229451983589333635759901857e-7
5.179999999999934	3.2816238137139539495697776003887929144937142436665e-7
5.189999999999934	3.1040512905910077266307162544826948190134983426258e-7
5.199999999999934	2.9357482223448084030823362971204164270497147427476e-7
5.209999999999933	2.7762497586804837468259640260078890881875387388392e-7
5.219999999999933	2.6251133250498417444051124024339762600423814034318e-7
5.229999999999933	2.4819176098379383711598154169302356614267559202883e-7
5.239999999999933	2.3462615948119766143925572185769236232317799283711e-7
5.2499999999999325	2.2177636271217992543913676581192413238286241291993e-7
5.259999999999932	2.0960605312023730579705622307500381912043374733141e-7
5.269999999999932	1.9808067589879111612569356755749006471352776556799e-7
5.279999999999932	1.8716735769046883238611264620610703500692283253753e-7
5.289999999999932	1.7683482881652147773302080679289347978023206564634e-7
5.299999999999931	1.6705334889402924330871109508576265409972506986505e-7
5.309999999999931	1.577946357037625614673992937459623429210313453333e-7
5.319999999999931	1.4903179717661400586056942659763303996346828340485e-7
5.329999999999931	1.4073926637140209560777877201385929055990954127096e-7
5.339999999999931	1.3289273932157549797099691348855598302138414436867e-7
5.34999999999993	1.2546911563291936606851955938910571758537818081708e-7
5.35999999999993	1.1844644171878866514016394697093784221624375861284e-7
5.36999999999993	1.1180385656367032065029728699760568052448969434059e-7
5.37999999999993	1.0552153991001078879172398985702641299065677552326e-7
5.3899999999999295	9.9580662767242065094802486014589570630101744841789e-8