-6.399999999999908	9.76110897399072e-9
-6.389999999999908	1.0261195822868624e-8
-6.379999999999908	1.0786267246546115e-8
-6.369999999999909	1.1337537685576662e-8
-6.359999999999909	1.1916278825804472e-8
-6.349999999999909	1.2523822231571115e-8
-6.339999999999909	1.3161562083007998e-8
-6.3299999999999095	1.3830959191624707e-8
-6.31999999999991	1.4533538668074784e-8
-6.30999999999991	1.5270901190589073e-8
-6.29999999999991	1.604472288382166e-8
-6.28999999999991	1.6856754682353306e-8
-6.2799999999999105	1.770883207056596e-8
-6.269999999999911	1.8602872462710233e-8
-6.259999999999911	1.954088637588706e-8
-6.249999999999911	2.0524972277678974e-8
-6.239999999999911	2.1557332478984273e-8
-6.229999999999912	2.2640267589029152e-8
-6.219999999999912	2.3776183794544734e-8
-6.209999999999912	2.4967600354134593e-8
-6.199999999999912	2.6217147464517517e-8
-6.1899999999999125	2.7527580724352744e-8
-6.179999999999913	2.8901782991010158e-8
-6.169999999999913	3.034276738709167e-8
-6.159999999999913	3.1853685569095746e-8
-6.149999999999913	3.3437827503613146e-8
-6.1399999999999135	3.5098643968508944e-8
-6.129999999999914	3.683973645300482e-8
-6.119999999999914	3.866486630867607e-8
-6.109999999999914	4.057797174857762e-8
-6.099999999999914	4.2583168323222894e-8
-6.089999999999915	4.4684755990139664e-8
-6.079999999999915	4.688722985210733e-8
-6.069999999999915	4.919528660330193e-8
-6.059999999999915	5.161384113499429e-8
-6.0499999999999154	5.414801517942344e-8
-6.039999999999916	5.680316878845395e-8
-6.029999999999916	5.9584903889611374e-8
-6.019999999999916	6.249907062179235e-8
-6.009999999999916	6.555178029381606e-8
-5.9999999999999165	6.874941679135091e-8
-5.989999999999917	7.209864764618356e-8
-5.979999999999917	7.560643653894629e-8
-5.969999999999917	7.928005651622668e-8
-5.959999999999917	8.312710232336168e-8
-5.949999999999918	8.715550441378706e-8
-5.939999999999918	9.137354374579498e-8
-5.929999999999918	9.578986505375736e-8
-5.919999999999918	1.0041349333220632e-7
-5.909999999999918	1.0525385257570667e-7
-5.899999999999919	1.1032077379043006e-7
-5.889999999999919	1.1562452576684986e-7
-5.879999999999919	1.2117581810568552e-7
-5.869999999999919	1.269858334903173e-7
-5.8599999999999195	1.3306623918703141e-7
-5.84999999999992	1.3942920954744445e-7
-5.83999999999992	1.460874472632778e-7
-5.82999999999992	1.5305420518739253e-7
-5.81999999999992	1.6034330892111111e-7
-5.809999999999921	1.679691810515904e-7
-5.799999999999921	1.7594686550142486e-7
-5.789999999999921	1.8429205306005225e-7
-5.779999999999921	1.9302110837388004e-7
-5.769999999999921	2.0215109790728142e-7
-5.759999999999922	2.116998167919158e-7
-5.749999999999922	2.2168582218721356e-7
-5.739999999999922	2.3212846034601275e-7
-5.729999999999922	2.4304790335107013e-7
-5.7199999999999225	2.544651767847826e-7
-5.709999999999923	2.6640220168110353e-7
-5.699999999999923	2.788818231906373e-7
-5.689999999999923	2.9192785457534394e-7
-5.679999999999923	3.055651126100874e-7
-5.6699999999999235	3.1981945861282564e-7
-5.659999999999924	3.3471784096886145e-7
-5.649999999999924	3.502883383302725e-7
-5.639999999999924	3.665602051346296e-7
-5.629999999999924	3.835639183962166e-7
-5.619999999999925	4.013312266980314e-7
-5.609999999999925	4.1989520053931594e-7
-5.599999999999925	4.392902850127354e-7
-5.589999999999925	4.5955235420383766e-7
-5.5799999999999255	4.807187677911226e-7
-5.569999999999926	5.028284295435725e-7
-5.559999999999926	5.259218482645108e-7
-5.549999999999926	5.500412004911514e-7
-5.539999999999926	5.752303971185215e-7
-5.5299999999999265	6.015351491504382e-7
-5.519999999999927	6.290030404909634e-7
-5.509999999999927	6.576835986440124e-7
-5.499999999999927	6.876283716460675e-7
-5.489999999999927	7.188910061052402e-7
-5.479999999999928	7.515273283537632e-7
-5.469999999999928	7.855954287928713e-7
-5.459999999999928	8.211557490447412e-7
-5.449999999999928	8.582711734618049e-7
-5.4399999999999284	8.97007118787176e-7
-5.429999999999929	9.374316381539182e-7
-5.419999999999929	9.79615513793339e-7
-5.409999999999929	1.0236323680857753e-6
-5.399999999999929	1.0695587676537317e-6
-5.3899999999999295	1.1174743358056123e-6
-5.37999999999993	1.1674618685871103e-6
-5.36999999999993	1.2196074545045452e-6
-5.35999999999993	1.2740005985134418e-6
-5.34999999999993	1.330734350707964e-6
-5.339999999999931	1.3899054390789566e-6
-5.329999999999931	1.451614407371779e-6
-5.319999999999931	1.515965757453028e-6
-5.309999999999931	1.583068096857935e-6
-5.299999999999931	1.6530342913174039e-6
-5.289999999999932	1.7259816216991294e-6
-5.279999999999932	1.802031951592947e-6
-5.269999999999932	1.8813118887590362e-6
-5.259999999999932	1.9639529686700287e-6
-5.2499999999999325	2.050091827705573e-6
-5.239999999999933	2.1398703947372503e-6
-5.229999999999933	2.2334360831355687e-6
-5.219999999999933	2.33094199107184e-6
-5.209999999999933	2.4325471081540548e-6
-5.199999999999934	2.538416529302652e-6
-5.189999999999934	2.6487216757203436e-6
-5.179999999999934	2.763640523406384e-6
-5.169999999999934	2.8833578392060732e-6
-5.159999999999934	3.0080654248966005e-6
-5.149999999999935	3.137962362945104e-6
-5.139999999999935	3.2732553025723193e-6
-5.129999999999935	3.414158690680962e-6
-5.119999999999935	3.560895068990216e-6
-5.1099999999999355	3.7136953806610816e-6
-5.099999999999936	3.87279922710408e-6
-5.089999999999936	4.038455205005407e-6
-5.079999999999936	4.210921207879953e-6
-5.069999999999936	4.390464762228334e-6
-5.0599999999999365	4.577363357267639e-6
-5.049999999999937	4.77190479517345e-6
-5.039999999999937	4.974387553887182e-6
-5.029999999999937	5.185121156635712e-6
-5.019999999999937	5.4044265482842935e-6
-5.009999999999938	5.632636495741118e-6
-4.999999999999938	5.870096000931433e-6
-4.989999999999938	6.117162714013272e-6
-4.979999999999938	6.374207368784846e-6
-4.9699999999999385	6.641614231053848e-6
-4.959999999999939	6.919781559634559e-6
-4.949999999999939	7.209122076699979e-6
-4.939999999999939	7.510063480576698e-6
-4.929999999999939	7.823048919677358e-6
-4.9199999999999395	8.14853753031368e-6
-4.90999999999994	8.487004987843512e-6
-4.89999999999994	8.838944037823472e-6
-4.88999999999994	9.204865072494965e-6
-4.87999999999994	9.585296738233686e-6
-4.869999999999941	9.980786517865018e-6
-4.859999999999941	0.00001039190136796214
-4.849999999999941	0.000010819228369510213
-4.839999999999941	0.000011263375370229348
-4.8299999999999415	0.000011724971687315938
-4.819999999999942	0.000012204668804354107
-4.809999999999942	0.000012703141098216016
-4.799999999999942	0.000013221086573259776
-4.789999999999942	0.000013759227651388075
-4.7799999999999425	0.000014318311949221125
-4.769999999999943	0.000014899113082220402
-4.759999999999943	0.00001550243152278684
-4.749999999999943	0.000016129095454675418
-4.739999999999943	0.000016779961650020723
-4.729999999999944	0.000017455916395396264
-4.719999999999944	0.000018157876429399513
-4.709999999999944	0.00001888678989584506
-4.699999999999944	0.000019643637348639497
-4.689999999999944	0.000020429432780613664
-4.679999999999945	0.000021245224642551272
-4.669999999999945	0.000022092096960861616
-4.659999999999945	0.000022971170426618755
-4.649999999999945	0.000023883603538417504
-4.6399999999999455	0.000024830593772705603
-4.629999999999946	0.00002581337881246884
-4.619999999999946	0.000026833237745248827
-4.609999999999946	0.00002789149236905224
-4.599999999999946	0.000028989508490123146
-4.589999999999947	0.00003012869726045018
-4.579999999999947	0.000031310516552954467
-4.569999999999947	0.000032536472403961714
-4.559999999999947	0.00003380812043367549
-4.549999999999947	0.000035127067357704894
-4.539999999999948	0.00003649497252706157
-4.529999999999948	0.00003791354947990036
-4.519999999999948	0.000039384567571944055
-4.509999999999948	0.00004090985363190847
-4.4999999999999485	0.000042491293660748886
-4.489999999999949	0.000044130834573759994
-4.479999999999949	0.00004583048599367711
-4.469999999999949	0.00004759232209075515
-4.459999999999949	0.00004941848344765155
-4.4499999999999496	0.000051311179011271684
-4.43999999999995	0.000053272688066199626
-4.42999999999995	0.00005530536224559734
-4.41999999999995	0.00005741162764522136
-4.40999999999995	0.00005959398693104345
-4.399999999999951	0.00006185502152322265
-4.389999999999951	0.00006419739384777022
-4.379999999999951	0.00006662384963161012
-4.369999999999951	0.00006913722022487254
-4.3599999999999515	0.00007174042504466852
-4.349999999999952	0.00007443647401945408
-4.339999999999952	0.00007722847010765354
-4.329999999999952	0.00008011961189398489
-4.319999999999952	0.00008311319624031693
-4.3099999999999525	0.00008621262096775856
-4.299999999999953	0.00008942138764915237
-4.289999999999953	0.00009274310444058283
-4.279999999999953	0.00009618148897683735
-4.269999999999953	0.0000997403713391102
-4.259999999999954	0.00010342369710591682
-4.249999999999954	0.00010723553043815716
-4.239999999999954	0.00011118005725534393
-4.229999999999954	0.00011526158850846846
-4.2199999999999545	0.00011948456345346513
-4.209999999999955	0.0001238535530788421
-4.199999999999955	0.00012837326356123925
-4.189999999999955	0.00013304853980371557
-4.179999999999955	0.00013788436906041698
-4.1699999999999555	0.00014288588462237802
-4.159999999999956	0.00014805836961313858
-4.149999999999956	0.0001534072608177924
-4.139999999999956	0.00015893815264526797
-4.129999999999956	0.00016465680114019694
-4.119999999999957	0.00017056912806503622
-4.109999999999957	0.00017668122512354604
-4.099999999999957	0.00018299935821582198
-4.089999999999957	0.00018952997178290116
-4.079999999999957	0.00019627969328029135
-4.069999999999958	0.00020325533770982818
-4.059999999999958	0.0002104639122220702
-4.049999999999958	0.00021791262086405207
-4.039999999999958	0.00022560886937151466
-4.0299999999999585	0.00023356027006539264
-4.019999999999959	0.00024177464686486004
-4.009999999999959	0.0002502600403721716
-3.9999999999999587	0.00025902471303754785
-3.989999999999959	0.0002680771544647779
-3.979999999999959	0.00027742608679280265
-3.9699999999999593	0.0002870804701476166
-3.9599999999999596	0.00029704950823785417
-3.9499999999999598	0.00030734265404535065
-3.93999999999996	0.0003179696155691831
-3.92999999999996	0.00032894036172085174
-3.9199999999999604	0.0003402651283196063
-3.9099999999999606	0.00035195442414819207
-3.899999999999961	0.00036401903714697255
-3.889999999999961	0.0003764700407242332
-3.8799999999999613	0.00038931880012949444
-3.8699999999999615	0.00040257697894829594
-3.8599999999999617	0.00041625654574144866
-3.849999999999962	0.00043036978071323023
-3.839999999999962	0.0004449292825504818
-3.8299999999999623	0.000459947975351451
-3.8199999999999625	0.00047543911564300784
-3.8099999999999627	0.0004914162995064717
-3.799999999999963	0.0005078934698537799
-3.789999999999963	0.0005248849237540896
-3.7799999999999634	0.0005424053198878672
-3.7699999999999636	0.0005604696861282527
-3.759999999999964	0.0005790934272052823
-3.749999999999964	0.0005982923324688942
-3.7399999999999642	0.0006180825837902574
-3.7299999999999645	0.0006384807635541421
-3.7199999999999647	0.0006595038627317858
-3.709999999999965	0.0006811692891049309
-3.699999999999965	0.0007034948755704715
-3.6899999999999653	0.000726498888520278
-3.6799999999999655	0.0007502000363819629
-3.6699999999999657	0.0007746174782257085
-3.659999999999966	0.000799770832469675
-3.649999999999966	0.000825680185698068
-3.6399999999999664	0.0008523661015923272
-3.6299999999999666	0.0008798496299171813
-3.619999999999967	0.0009081523156366642
-3.609999999999967	0.0009372962081371419
-3.5999999999999672	0.0009673038704908182
-3.5899999999999674	0.0009981983888536297
-3.5799999999999677	0.0010300033819778957
-3.569999999999968	0.001062743010727504
-3.559999999999968	0.001096441987745278
-3.5499999999999683	0.0011311255872193287
-3.5399999999999685	0.0011668196546638966
-3.5299999999999687	0.0012035506168163817
-3.519999999999969	0.0012413454916479702
-3.509999999999969	0.0012802318983699784
-3.4999999999999694	0.0013202380675560914
-3.4899999999999696	0.0013613928513577483
-3.47999999999997	0.0014037257337294223
-3.46999999999997	0.0014472668407455003
-3.45999999999997	0.0014920469509781774
-3.4499999999999704	0.0015380975059253292
-3.4399999999999706	0.0015854506204681128
-3.429999999999971	0.0016341390934188895
-3.419999999999971	0.001684196418087989
-3.4099999999999713	0.0017356567928633476
-3.3999999999999715	0.0017885551318852196
-3.3899999999999717	0.001842927075714542
-3.379999999999972	0.0018988090019981842
-3.369999999999972	0.0019562380362236572
-3.3599999999999723	0.002015252062438051
-3.3499999999999726	0.002075889733990425
-3.3399999999999728	0.0021381904842804615
-3.329999999999973	0.0022021945375271103
-3.319999999999973	0.0022679429194819947
-3.3099999999999734	0.0023354774681718393
-3.2999999999999736	0.002404840844633109
-3.289999999999974	0.0024760765435580417
-3.279999999999974	0.0025492289039806097
-3.2699999999999743	0.0026243431198944176
-3.2599999999999745	0.00270146525081724
-3.2499999999999747	0.002780642232305447
-3.239999999999975	0.002861921886456031
-3.229999999999975	0.002945352932256135
-3.2199999999999753	0.0030309849959333154
-3.2099999999999755	0.003118868621197213
-3.1999999999999758	0.0032090552793799256
-3.189999999999976	0.003301597379480388
-3.179999999999976	0.0033965482781422355
-3.1699999999999764	0.003493962289455699
-3.1599999999999766	0.0035938946946668603
-3.149999999999977	0.0036964017517594175
-3.139999999999977	0.0038015407048862093
-3.1299999999999772	0.00390936979361553
-3.1199999999999775	0.004019948262089712
-3.1099999999999777	0.004133336367946607
-3.099999999999978	0.004249595391063778
-3.089999999999978	0.004368787642158279
-3.0799999999999783	0.004490976471145608
-3.0699999999999785	0.00461622627526438
-3.0599999999999787	0.004744602507032597
-3.049999999999979	0.004876171681942484
-3.039999999999979	0.0050110013858702595
-3.0299999999999794	0.005149160282296247
-3.0199999999999796	0.005290718119224961
-3.00999999999998	0.0054357457357847505
-2.99999999999998	0.00558431506859507
-2.9899999999999802	0.005736499157813608
-2.9799999999999804	0.005892372152811095
-2.9699999999999807	0.006052009317585796
-2.959999999999981	0.006215487035804663
-2.949999999999981	0.006382882815475944
-2.9399999999999813	0.00655427529325533
-2.9299999999999815	0.0067297442384138964
-2.9199999999999817	0.006909370556331392
-2.909999999999982	0.007093236291632368
-2.899999999999982	0.0072814246309065335
-2.8899999999999824	0.007474019904945699
-2.8799999999999826	0.007671107590553611
-2.869999999999983	0.007872774311924718
-2.859999999999983	0.00807910784147765
-2.849999999999983	0.00829019710023407
-2.8399999999999834	0.00850613215768892
-2.8299999999999836	0.008727004231154143
-2.819999999999984	0.008952905684533309
-2.809999999999984	0.009183930026605952
-2.7999999999999843	0.00942017190869859
-2.7899999999999845	0.009661727121764357
-2.7799999999999847	0.009908692592924746
-2.769999999999985	0.010161166381336314
-2.759999999999985	0.010419247673461694
-2.7499999999999853	0.010683036777686547
-2.7399999999999856	0.01095263511831794
-2.7299999999999858	0.011228145228825794
-2.719999999999986	0.011509670744494882
-2.709999999999986	0.011797316394333957
-2.6999999999999864	0.01209118799222744
-2.6899999999999866	0.01239139242742387
-2.679999999999987	0.012698037654258539
-2.669999999999987	0.013011232681063864
-2.6599999999999873	0.013331087558374288
-2.6499999999999875	0.01365771336630676
-2.6399999999999877	0.013991222201129467
-2.629999999999988	0.014331727161016775
-2.619999999999988	0.0146793423310051
-2.6099999999999883	0.015034182767026557
-2.5999999999999885	0.015396364479134414
-2.5899999999999888	0.015766004413870587
-2.579999999999989	0.016143220435672127
-2.569999999999989	0.016528131307418596
-2.5599999999999894	0.016920856670100116
-2.5499999999999896	0.01732151702146935
-2.53999999999999	0.01773023369381252
-2.52999999999999	0.018147128830754086
-2.5199999999999902	0.01857232536309005
-2.5099999999999905	0.01900594698361498
-2.4999999999999907	0.019448118121022248
-2.489999999999991	0.019898963912747654
-2.479999999999991	0.0203586101767914
-2.4699999999999913	0.02082718338259018
-2.4599999999999915	0.021304810620774432
-2.4499999999999917	0.021791619571899675
-2.439999999999992	0.022287738474173924
-2.429999999999992	0.02279329609008158
-2.4199999999999924	0.023308421671901208
-2.4099999999999926	0.023833244926229895
-2.399999999999993	0.02436789597737229
-2.389999999999993	0.024912505329613057
-2.3799999999999932	0.025467203828435685
-2.3699999999999934	0.0260321226206353
-2.3599999999999937	0.026607393113253438
-2.349999999999994	0.027193146931483815
-2.339999999999994	0.02778951587540719
-2.3299999999999943	0.02839663187560661
-2.3199999999999945	0.029014626947656726
-2.3099999999999947	0.02964363314552534
-2.299999999999995	0.03028378251375707
-2.289999999999995	0.030935207038591383
-2.2799999999999954	0.03159803859796137
-2.2699999999999956	0.0322724089102884
-2.259999999999996	0.03295844948219279
-2.249999999999996	0.03365629155510992
-2.239999999999996	0.03436606605069947
-2.2299999999999964	0.035087903515173824
-2.2199999999999966	0.035821934062546766
-2.209999999999997	0.036568287316691865
-2.199999999999997	0.03732709235232551
-2.1899999999999973	0.03809847763493298
-2.1799999999999975	0.03888257095954343
-2.1699999999999977	0.039679499388415335
-2.159999999999998	0.0404893891877287
-2.149999999999998	0.04131236576311982
-2.1399999999999983	0.04214855359420242
-2.1299999999999986	0.04299807616806466
-2.1199999999999988	0.043861055911722825
-2.109999999999999	0.04473761412352752
-2.099999999999999	0.045627870903648865
-2.0899999999999994	0.04653194508352985
-2.0799999999999996	0.0474499541543559
-2.07	0.04838201419464039
-2.06	0.04932823979685459
-2.0500000000000003	0.05028874399310267
-2.0400000000000005	0.05126363817999839
-2.0300000000000007	0.052253032042649805
-2.020000000000001	0.053257033477747164
-2.010000000000001	0.054275748515916815
-2.0000000000000013	0.05530928124327894
-1.9900000000000015	0.05635773372216806
-1.9800000000000015	0.05742120591120201
-1.9700000000000015	0.05849979558463697
-1.9600000000000015	0.05959359825098805
-1.9500000000000015	0.060702707071061755
-1.9400000000000015	0.06182721277539675
-1.9300000000000015	0.06296720358105555
-1.9200000000000015	0.06412276510790899
-1.9100000000000015	0.06529398029446888
-1.9000000000000015	0.06648092931314759
-1.8900000000000015	0.06768368948513141
-1.8800000000000014	0.06890233519491347
-1.8700000000000014	0.07013693780438601
-1.8600000000000014	0.07138756556664022
-1.8500000000000014	0.07265428353956532
-1.8400000000000014	0.07393715349912441
-1.8300000000000014	0.07523623385249413
-1.8200000000000014	0.07655157955106945
-1.8100000000000014	0.07788324200337174
-1.8000000000000014	0.07923126898786569
-1.7900000000000014	0.08059570456587468
-1.7800000000000014	0.08197658899447102
-1.7700000000000014	0.08337395863946825
-1.7600000000000013	0.08478784588862479
-1.7500000000000013	0.0862182790650283
-1.7400000000000013	0.08766528234065492
-1.7300000000000013	0.0891288756503969
-1.7200000000000013	0.09060907460635392
-1.7100000000000013	0.09210589041253316
-1.7000000000000013	0.09361932978009438
-1.6900000000000013	0.09514939484312002
-1.6800000000000013	0.09669608307490873
-1.6700000000000013	0.09825938720500059
-1.6600000000000013	0.0998392951369105
-1.6500000000000012	0.10143578986655541
-1.6400000000000012	0.10304884940159117
-1.6300000000000012	0.10467844668165703
-1.6200000000000012	0.10632454949948213
-1.6100000000000012	0.10798712042307945
-1.6000000000000012	0.10966611671905575
-1.5900000000000012	0.11136149027695155
-1.5800000000000012	0.11307318753487736
-1.5700000000000012	0.11480114940642447
-1.5600000000000012	0.1165453112088594
-1.5500000000000012	0.11830560259273057
-1.5400000000000011	0.12008194747300906
-1.5300000000000011	0.12187426396166932
-1.5200000000000011	0.12368246430189812
-1.5100000000000011	0.1255064548040018
-1.500000000000001	0.12734613578300474
-1.490000000000001	0.1292014014980034
-1.480000000000001	0.13107214009348703
-1.470000000000001	0.13295823354249742
-1.460000000000001	0.1348595575917548
-1.450000000000001	0.13677598170893984
-1.440000000000001	0.13870736903202877
-1.430000000000001	0.14065357632076458
-1.420000000000001	0.14261445391049093
-1.410000000000001	0.144589845668231
-1.400000000000001	0.14657958895110088
-1.390000000000001	0.14858351456725538
-1.380000000000001	0.15060144673929693
-1.370000000000001	0.15263320307017803
-1.360000000000001	0.15467859451182567
-1.350000000000001	0.15673742533643137
-1.340000000000001	0.15880949311039325
-1.330000000000001	0.16089458867116044
-1.320000000000001	0.16299249610693406
-1.310000000000001	0.16510299273919787
-1.300000000000001	0.16722584910828067
-1.290000000000001	0.16936082896198734
-1.280000000000001	0.17150768924719428
-1.270000000000001	0.17366618010465285
-1.260000000000001	0.17583604486699803
-1.2500000000000009	0.17801702005990774
-1.2400000000000009	0.18020883540657723
-1.2300000000000009	0.18241121383558875
-1.2200000000000009	0.18462387149203469
-1.2100000000000009	0.18684651775209732
-1.2000000000000008	0.18907885524116236
-1.1900000000000008	0.19132057985532408
-1.1800000000000008	0.19357138078643008
-1.1700000000000008	0.19583094055081693
-1.1600000000000008	0.19809893502151985
-1.1500000000000008	0.2003750334641538
-1.1400000000000008	0.202658898576536
-1.1300000000000008	0.20495018653194064
-1.1200000000000008	0.20724854702604473
-1.1100000000000008	0.20955362332773445
-1.1000000000000008	0.2118650523336264
-1.0900000000000007	0.21418246462631238
-1.0800000000000007	0.21650548453655621
-1.0700000000000007	0.21883373020925165
-1.0600000000000007	0.22116681367314556
-1.0500000000000007	0.22350434091453944
-1.0400000000000007	0.22584591195481657
-1.0300000000000007	0.2281911209317416
-1.0200000000000007	0.23053955618474378
-1.0100000000000007	0.2328908003440604
-1.0000000000000007	0.23524443042365947
-0.9900000000000007	0.23760001791810434
-0.9800000000000006	0.2399571289033041
-0.9700000000000006	0.24231532414099072
-0.9600000000000006	0.24467415918712318
-0.9500000000000006	0.24703318450414966
-0.9400000000000006	0.24939194557693725
-0.9300000000000006	0.2517499830325674
-0.9200000000000006	0.2541068327639531
-0.9100000000000006	0.2564620260570343
-0.9000000000000006	0.2588150897217578
-0.8900000000000006	0.2611655462267783
-0.8800000000000006	0.26351291383768644
-0.8700000000000006	0.26585670675885026
-0.8600000000000005	0.2681964352789236
-0.8500000000000005	0.2705316059197286
-0.8400000000000005	0.27286172158862515
-0.8300000000000005	0.2751862817344018
-0.8200000000000005	0.2775047825064098
-0.8100000000000005	0.2798167169169867
-0.8000000000000005	0.2821215750072674
-0.7900000000000005	0.28441884401607376
-0.7800000000000005	0.28670800855186984
-0.7700000000000005	0.28898855076793617
-0.7600000000000005	0.291259950540838
-0.7500000000000004	0.2935216856496109
-0.7400000000000004	0.2957732319623796
-0.7300000000000004	0.29801406362101246
-0.7200000000000004	0.3002436532307941
-0.7100000000000004	0.30246147205233365
-0.7000000000000004	0.3046669901959412
-0.6900000000000004	0.30685967681830034
-0.6800000000000004	0.30903900032161813
-0.6700000000000004	0.3112044285549962
-0.6600000000000004	0.313355429017779
-0.6500000000000004	0.31549146906509073
-0.6400000000000003	0.3176120161153336
-0.6300000000000003	0.3197165378593422
-0.6200000000000003	0.3218045024713823
-0.6100000000000003	0.3238753788218471
-0.6000000000000003	0.3259286366912574
-0.5900000000000003	0.3279637469857667
-0.5800000000000003	0.32998018195402773
-0.5700000000000003	0.33197741540504144
-0.5600000000000003	0.3339549229271233
-0.5500000000000003	0.3359121821079172
-0.5400000000000003	0.3378486727550295
-0.5300000000000002	0.3397638771173591
-0.5200000000000002	0.34165728010718177
-0.5100000000000002	0.3435283695215562
-0.5000000000000002	0.34537663626843546
-0.49000000000000027	0.34720157458436235
-0.48000000000000026	0.3490026822608154
-0.47000000000000025	0.3507794608660004
-0.46000000000000024	0.35253141596755116
-0.45000000000000023	0.3542580573547014
-0.4400000000000002	0.3559588992598265
-0.4300000000000002	0.3576334605796888
-0.4200000000000002	0.3592812650958288
-0.4100000000000002	0.3609018416936656
-0.4000000000000002	0.36249472458104637
-0.3900000000000002	0.36405945350561125
-0.38000000000000017	0.3655955739701667
-0.37000000000000016	0.36710263744780947
-0.36000000000000015	0.36858020159428273
-0.35000000000000014	0.37002783045911203
-0.34000000000000014	0.37144509469510023
-0.3300000000000001	0.37283157176548104
-0.3200000000000001	0.37418684614896813
-0.3100000000000001	0.37551050954276854
-0.3000000000000001	0.37680216106296455
-0.2900000000000001	0.3780614074423462
-0.2800000000000001	0.3792878632257923
-0.2700000000000001	0.38048115096266377
-0.26000000000000006	0.3816409013962095
-0.25000000000000006	0.38276675365013224
-0.24000000000000007	0.38385835541181385
-0.23000000000000007	0.3849153631121232
-0.22000000000000006	0.3859374421019862
-0.21000000000000005	0.38692426682530134
-0.20000000000000004	0.3878755209880238
-0.19000000000000003	0.38879089772352565
-0.18000000000000002	0.38967009975451244
-0.17	0.3905128395496747
-0.16	0.39131883947742035
-0.15	0.3920878319547802
-0.13999999999999999	0.39281955959187664
-0.12999999999999998	0.3935137753320611
-0.11999999999999998	0.39417024258745664
-0.10999999999999999	0.3947887353696505
-0.09999999999999999	0.39536903841571464
-0.09	0.39591094730938575
-0.08	0.3964142685970921
-0.07	0.3968788198989953
-0.060000000000000005	0.3973044300149525
-0.05	0.39769093902507485
-0.04	0.39803819838502463
-0.03	0.39834607101599234
-0.02	0.39861443138907837
-0.01	0.3988431656041527
0	0.39903217146321124
0.01	0.39918135853793485
0.02	0.39929064823151256
0.03	0.3993599738348178
0.04	0.39938928057662015
0.05	0.3993785256678954
0.060000000000000005	0.3993276783403426
0.07	0.3992367198788518
0.08	0.3991056436479075
0.09	0.3989344551121051
0.09999999999999999	0.3987231718505364
0.10999999999999999	0.398471823565031
0.11999999999999998	0.39818045208242725
0.12999999999999998	0.39784911135068385
0.13999999999999999	0.397477867428792
0.15	0.39706679847068604
0.16	0.3966159947030006
0.17	0.39612555839660174
0.18000000000000002	0.3955956038321215
0.19000000000000003	0.3950262572593917
0.20000000000000004	0.39441765685067803
0.21000000000000005	0.39376995264794484
0.22000000000000006	0.39308330650411166
0.23000000000000007	0.3923578920181876
0.24000000000000007	0.39159389446449644
0.25000000000000006	0.3907915107160159
0.26000000000000006	0.38995094916170275
0.2700000000000001	0.38907242961804134
0.2800000000000001	0.3881561832348283
0.2900000000000001	0.3872024523951381
0.3000000000000001	0.386211490609617
0.3100000000000001	0.3851835624052541
0.3200000000000001	0.38411894320848206
0.3300000000000001	0.38301791922281125
0.34000000000000014	0.3818807873011576
0.35000000000000014	0.38070785481274433
0.36000000000000015	0.37949943950474924
0.37000000000000016	0.378255869358911
0.38000000000000017	0.3769774824429497
0.3900000000000002	0.3756646267570508
0.4000000000000002	0.3743176600755136
0.4100000000000002	0.37293694978359654
0.4200000000000002	0.37152287270963125
0.4300000000000002	0.3700758149526913
0.4400000000000002	0.36859617170575076
0.45000000000000023	0.367084347074446
0.46000000000000024	0.3655407538917213
0.47000000000000025	0.3639658135283456
0.48000000000000026	0.3623599556993711
0.49000000000000027	0.360723618266825
0.5000000000000002	0.359057247038683
0.5100000000000002	0.35736129556421936
0.5200000000000002	0.3556362249256428
0.5300000000000002	0.35388250352708484
0.5400000000000003	0.3521006068796504
0.5500000000000003	0.35029101738380003
0.5600000000000003	0.3484542241088019
0.5700000000000003	0.34659072256930884
0.5800000000000003	0.34470101449937485
0.5900000000000003	0.3427856076240456
0.6000000000000003	0.3408450154285143
0.6100000000000003	0.3388797569251449
0.6200000000000003	0.3368903564185275
0.6300000000000003	0.33487734326855634
0.6400000000000003	0.3328412516518189
0.6500000000000004	0.33078262032145844
0.6600000000000004	0.32870199236555453
0.6700000000000004	0.3265999149642356
0.6800000000000004	0.32447693914576337
0.6900000000000004	0.32233361954157685
0.7000000000000004	0.32017051414054815
0.7100000000000004	0.3179881840426509
0.7200000000000004	0.31578719321209525
0.7300000000000004	0.3135681082300836
0.7400000000000004	0.3113314980474876
0.7500000000000004	0.3090779337374457
0.7600000000000005	0.3068079882480403
0.7700000000000005	0.3045222361553453
0.7800000000000005	0.3022212534168708
0.7900000000000005	0.2999056171255494
0.8000000000000005	0.29757590526449995
0.8100000000000005	0.2952326964626968
0.8200000000000005	0.29287656975157556
0.8300000000000005	0.2905081043229013
0.8400000000000005	0.28812787928795075
0.8500000000000005	0.2857364734380811
0.8600000000000005	0.2833344650069698
0.8700000000000006	0.28092243143461737
0.8800000000000006	0.2785009491331211
0.8900000000000006	0.27607059325457395
0.9000000000000006	0.27363193746106274
0.9100000000000006	0.2711855536969338
0.9200000000000006	0.2687320119634602
0.9300000000000006	0.26627188009610214
0.9400000000000006	0.2638057235443297
0.9500000000000006	0.26133410515427163
0.9600000000000006	0.25885758495425404
0.9700000000000006	0.2563767199433332
0.9800000000000006	0.2538920638829231
0.9900000000000007	0.2514041670917085
1.0000000000000007	0.24891357624383958
1.0100000000000007	0.24642083417055635
1.0200000000000007	0.24392647966539777
1.0300000000000007	0.24143104729300385
1.0400000000000007	0.23893506720160593
1.0500000000000007	0.23643906493941028
1.0600000000000007	0.23394356127483085
1.0700000000000007	0.23144907202066875
1.0800000000000007	0.22895610786244316
1.0900000000000007	0.22646517419077103
1.1000000000000008	0.22397677093798796
1.1100000000000008	0.22149139241903773
1.1200000000000008	0.21900952717673836
1.1300000000000008	0.21653165783135464
1.1400000000000008	0.2140582609345251
1.1500000000000008	0.21158980682865136
1.1600000000000008	0.2091267595088542
1.1700000000000008	0.2066695764915245
1.1800000000000008	0.20421870868657033
1.1900000000000008	0.20177460027446126
1.2000000000000008	0.199337688588074
1.2100000000000009	0.19690840399926499
1.2200000000000009	0.1944871698101917
1.2300000000000009	0.19207440214945715
1.2400000000000009	0.18967050987311151
1.2500000000000009	0.18727589447041473
1.260000000000001	0.18489094997449632
1.270000000000001	0.1825160628778692
1.280000000000001	0.18015161205279584
1.290000000000001	0.17779796867648945
1.300000000000001	0.17545549616123932
1.310000000000001	0.1731245500893318
1.320000000000001	0.17080547815282024
1.330000000000001	0.16849862009807626
1.340000000000001	0.1662043076755852
1.350000000000001	0.16392286459355615
1.360000000000001	0.16165460647734248
1.370000000000001	0.15939984083307823
1.380000000000001	0.15715886701607798
1.390000000000001	0.1549319762040245
1.400000000000001	0.15271945137470588
1.410000000000001	0.15052156728839614
1.420000000000001	0.14833859047479234
1.430000000000001	0.14617077922450633
1.440000000000001	0.14401838358493685
1.450000000000001	0.14188164536065487
1.460000000000001	0.1397607981181149
1.470000000000001	0.13765606719466322
1.480000000000001	0.13556766971180795
1.490000000000001	0.13349581459271556
1.500000000000001	0.13144070258376706
1.5100000000000011	0.1294025262802156
1.5200000000000011	0.12738147015585585
1.5300000000000011	0.12537771059655933
1.5400000000000011	0.12339141593769629
1.5500000000000012	0.12142274650536668
1.5600000000000012	0.11947185466125532
1.5700000000000012	0.11753888485116484
1.5800000000000012	0.1156239736570821
1.5900000000000012	0.11372724985270506
1.6000000000000012	0.11184883446232326
1.6100000000000012	0.10998884082304825
1.6200000000000012	0.10814737465021387
1.6300000000000012	0.10632453410588644
1.6400000000000012	0.10452040987047681
1.6500000000000012	0.1027350852172251
1.6600000000000013	0.10096863608958233
1.6700000000000013	0.09922113118134857
1.6800000000000013	0.09749263201950963
1.6900000000000013	0.09578319304958238
1.7000000000000013	0.09409286172356107
1.7100000000000013	0.09242167859016948
1.7200000000000013	0.0907696773874393
1.7300000000000013	0.08913688513752202
1.7400000000000013	0.0875233222436031
1.7500000000000013	0.08592900258879367
1.7600000000000013	0.08435393363701066
1.7700000000000014	0.08279811653565075
1.7800000000000014	0.0812615462199969
1.7900000000000014	0.07974421151927356
1.8000000000000014	0.07824609526426289
1.8100000000000014	0.07676717439634019
1.8200000000000014	0.07530742007787138
1.8300000000000014	0.07386679780392631
1.8400000000000014	0.07244526751508278
1.8500000000000014	0.07104278371135894
1.8600000000000014	0.06965929556715872
1.8700000000000014	0.06829474704704301
1.8800000000000014	0.06694907702236502
1.8900000000000015	0.0656222193886097
1.9000000000000015	0.0643141031833453
1.9100000000000015	0.06302465270474378
1.9200000000000015	0.06175378763054545
1.9300000000000015	0.06050142313740072
1.9400000000000015	0.059267470020468546
1.9500000000000015	0.05805183481329299
1.9600000000000015	0.056854419907726356
1.9700000000000015	0.055675123673921544
1.9800000000000015	0.054513840580320876
1.9900000000000015	0.05337046131350564
2.0000000000000013	0.052244872897823647
2.010000000000001	0.05113695881484002
2.020000000000001	0.05004659912237412
2.0300000000000007	0.04897367057315859
2.0400000000000005	0.047918046733044756
2.0500000000000003	0.04687959809861869
2.06	0.0458581922142457
2.07	0.04485369378841658
2.0799999999999996	0.043865964809371535
2.0899999999999994	0.042894864659909486
2.099999999999999	0.041940250231345816
2.109999999999999	0.04100197603657496
2.1199999999999988	0.0400798943221145
2.1299999999999986	0.03917385517915568
2.1399999999999983	0.038283706653541
2.149999999999998	0.037409294854588895
2.159999999999998	0.03655046406274844
2.1699999999999977	0.035707056836054726
2.1799999999999975	0.03487891411527488
2.1899999999999973	0.03406587532775869
2.199999999999997	0.0332677784899663
2.209999999999997	0.03248446030854883
2.2199999999999966	0.0317157562800333
2.2299999999999964	0.03096150078905271
2.239999999999996	0.030221527205037357
2.249999999999996	0.029495667977399782
2.259999999999996	0.028783754729186907
2.2699999999999956	0.028085618349077576
2.2799999999999954	0.027401089081813337
2.289999999999995	0.026729996616988588
2.299999999999995	0.026072170176144275
2.3099999999999947	0.025427438598213368
2.3199999999999945	0.024795630423243373
2.3299999999999943	0.024176573974407936
2.339999999999994	0.023570097438270394
2.349999999999994	0.022976028943302966
2.3599999999999937	0.022394196636651414
2.3699999999999934	0.02182442875910806
2.3799999999999932	0.021266553718308108
2.389999999999993	0.020720400160143548
2.399999999999993	0.020185797038364938
2.4099999999999926	0.019662573682390296
2.4199999999999924	0.0191505598633049
2.429999999999992	0.018649585858056227
2.439999999999992	0.018159482511836095
2.4499999999999917	0.017680081298667955
2.4599999999999915	0.017211214380177624
2.4699999999999913	0.016752714662563076
2.479999999999991	0.01630441585179565
2.489999999999991	0.015866152506995728
2.4999999999999907	0.015437760092039019
2.5099999999999905	0.015019075025425127
2.5199999999999902	0.0146099347283363
2.52999999999999	0.014210177670954335
2.53999999999999	0.013819643417078897
2.5499999999999896	0.013438172666965266
2.5599999999999894	0.01306560729849407
2.569999999999989	0.012701790406616415
2.579999999999989	0.012346566341143514
2.5899999999999888	0.011999780742849186
2.5999999999999885	0.01166128057795326
2.6099999999999883	0.01133091417095047
2.619999999999988	0.011008531235864729
2.629999999999988	0.010693982905889264
2.6399999999999877	0.010387121761489431
2.6499999999999875	0.010087801856927973
2.6599999999999873	0.009795878745311097
2.669999999999987	0.00951120950209802
2.679999999999987	0.009233652747162747
2.6899999999999866	0.008963068665392336
2.6999999999999864	0.00869931902587689
2.709999999999986	0.008442267199662137
2.719999999999986	0.008191778176181495
2.7299999999999858	0.00794771857829121
2.7399999999999856	0.007709956676004952
2.7499999999999853	0.007478362398934734
2.759999999999985	0.007252807347453979
2.769999999999985	0.007033164802623562
2.7799999999999847	0.006819309734901782
2.7899999999999845	0.006611118811672706
2.7999999999999843	0.00640847040360291
2.809999999999984	0.006211244589883242
2.819999999999984	0.006019323162361615
2.8299999999999836	0.005832589628589896
2.8399999999999834	0.005650929213843343
2.849999999999983	0.005474228862116078
2.859999999999983	0.0053023772361079115
2.869999999999983	0.005135264716281819
2.8799999999999826	0.004972783398959838
2.8899999999999824	0.004814827093535723
2.899999999999982	0.004661291318787419
2.909999999999982	0.004512073298361923
2.9199999999999817	0.0043670719554262365
2.9299999999999815	0.004226187906524463
2.9399999999999813	0.004089323454679556
2.949999999999981	0.003956382581742794
2.959999999999981	0.0038272709400333205
2.9699999999999807	0.0037018958433014315
2.9799999999999804	0.0035801662570344775
2.9899999999999802	0.0034619927881025564
2.99999999999998	0.0033472876738387704
3.00999999999998	0.0032359647705222623
3.0199999999999796	0.0031279395412796658
3.0299999999999794	0.0030231290435047777
3.039999999999979	0.002921451915742485
3.049999999999979	0.0028228283640872763
3.0599999999999787	0.0027271801481541565
3.0699999999999785	0.0026344305665840727
3.0799999999999783	0.002544504442165907
3.089999999999978	0.002457328106546697
3.099999999999978	0.0023728293846042455
3.1099999999999777	0.0022909375784540666
3.1199999999999775	0.002211583451154544
3.1299999999999772	0.0021346992100963313
3.139999999999977	0.0020602184901303507
3.149999999999977	0.0019880763364153267
3.1599999999999766	0.001918209187053597
3.1699999999999764	0.0018505548554879898
3.179999999999976	0.0017850525127086942
3.189999999999976	0.001721642669274574
3.1999999999999758	0.0016602671571778972
3.2099999999999755	0.001600869111553412
3.2199999999999753	0.0015433929522683117
3.229999999999975	0.0014877843654114915
3.239999999999975	0.0014339902846443227
3.2499999999999747	0.0013819588725342041
3.2599999999999745	0.0013316395017793578
3.2699999999999743	0.00128298273639711
3.279999999999974	0.0012359403128856844
3.289999999999974	0.0011904651213566915
3.2999999999999736	0.0011465111866638912
3.3099999999999734	0.0011040336495385717
3.319999999999973	0.001062988747754331
3.329999999999973	0.0010233337972918501
3.3399999999999728	0.0009850271735798576
3.3499999999999726	0.0009480282927955534
3.3599999999999723	0.0009122975931794678
3.369999999999972	0.0008777965164901431
3.379999999999972	0.0008444874894983485
3.3899999999999717	0.0008123339056052335
3.3999999999999715	0.0007813001065413097
3.4099999999999713	0.0007513513642049356
3.419999999999971	0.0007224538625981182
3.429999999999971	0.0006945746799211208
3.4399999999999706	0.0006676817707597398
3.4499999999999704	0.0006417439484815491
3.45999999999997	0.000616730867717762
3.46999999999997	0.0005926130070564822
3.47999999999997	0.0005693616518661794
3.4899999999999696	0.0005469488773069513
3.4999999999999694	0.0005253475315168835
3.509999999999969	0.0005045312189597469
3.519999999999969	0.0004844742839988738
3.5299999999999687	0.0004651517946214548
3.5399999999999685	0.00044653952637788207
3.5499999999999683	0.0004286139465122613
3.559999999999968	0.00041135219830342807
3.569999999999968	0.00039473208560228764
3.5799999999999677	0.00037873205756980884
3.5899999999999674	0.00036333119366356
3.5999999999999672	0.00034850918878344986
3.609999999999967	0.0003342463386703838
3.619999999999967	0.00032052352551893
3.6299999999999666	0.00030732220378981245
3.6399999999999664	0.00029462438626488374
3.649999999999966	0.00028241263030148804
3.659999999999966	0.00027067002434382105
3.6699999999999657	0.00025938017460998985
3.6799999999999655	0.00024852719204915654
3.6899999999999653	0.00023809567948887713
3.699999999999965	0.00022807071903072884
3.709999999999965	0.0002184378596483402
3.7199999999999647	0.00020918310503365895
3.7299999999999645	0.00020029290164024196
3.7399999999999642	0.00019175412697850479
3.749999999999964	0.00018355407810517727
3.759999999999964	0.00017568046035875944
3.7699999999999636	0.00016812137628939347
3.7799999999999634	0.00016086531484012058
3.789999999999963	0.00015390114071831787
3.799999999999963	0.00014721808398855438
3.8099999999999627	0.00014080572990605856
3.8199999999999625	0.00013465400892483345
3.8299999999999623	0.0001287531869374333
3.839999999999962	0.00012309385574105214
3.849999999999962	0.0001176669236690343
3.8599999999999617	0.0001124636064710933
3.8699999999999615	0.00010747541836988137
3.8799999999999613	0.00010269416333316315
3.889999999999961	0.00009811192653788499
3.899999999999961	0.00009372106602631878
3.9099999999999606	0.00008951420458336274
3.9199999999999604	0.00008548422176011985
3.92999999999996	0.0000816242461304257
3.93999999999996	0.00007792764771313927
3.9499999999999598	0.00007438803057746384
3.9599999999999596	0.00007099922563241855
3.9699999999999593	0.00006775528361074561
3.979999999999959	0.0000646504682003155
3.989999999999959	0.00006167924936832673
3.9999999999999587	0.00005883629685709101
4.009999999999959	0.000056116473835651545
4.019999999999959	0.00005351483072261594
4.0299999999999585	0.000051026599178346264
4.039999999999958	0.00004864718624163584
4.049999999999958	0.000046372168634658594
4.059999999999958	0.000044197287216490145
4.069999999999958	0.00004211844158879632
4.079999999999957	0.000040131684846628306
4.089999999999957	0.000038233218481265534
4.099999999999957	0.00003641938741577808
4.109999999999957	0.00003468667518640249
4.119999999999957	0.000033031699258890025
4.129999999999956	0.00003145120647994619
4.139999999999956	0.00002994206864695611
4.149999999999956	0.00002850127823861795
4.159999999999956	0.00002712594422780345
4.1699999999999555	0.000025813288045298203
4.179999999999955	0.000024560639661872795
4.189999999999955	0.000023365433772959298
4.199999999999955	0.000022225206114812997
4.209999999999955	0.00002113758987354377
4.2199999999999545	0.00002010031223017234
4.229999999999954	0.000019111190981579096
4.239999999999954	0.00001816813129057809
4.249999999999954	0.000017269122518753962
4.259999999999954	0.000016412235175614054
4.269999999999953	0.000015595617946279296
4.279999999999953	0.00001481749483656415
4.289999999999953	0.000014076162376220998
4.299999999999953	0.000013369986951889115
4.3099999999999525	0.000012697402200519694
4.319999999999952	0.000012056906478569546
4.329999999999952	0.000011447060447663279
4.339999999999952	0.000010866484722132248
4.349999999999952	0.000010313857576323005
4.3599999999999515	9.787912768497858e-6
4.369999999999951	9.287437402165483e-6
4.379999999999951	8.81126987463932e-6
4.389999999999951	8.358297902124076e-6
4.399999999999951	7.927456604270846e-6
4.40999999999995	7.517726639996584e-6
4.41999999999995	7.128132443250301e-6
4.42999999999995	6.757740491957252e-6
4.43999999999995	6.405657643226333e-6
4.4499999999999496	6.071029535460945e-6
4.459999999999949	5.753039039125164e-6
4.469999999999949	5.4509047654183724e-6
4.479999999999949	5.163879628514072e-6
4.489999999999949	4.8912494611456046e-6
4.4999999999999485	4.632331677970866e-6
4.509999999999948	4.3864739875564405e-6
4.519999999999948	4.1530531484334e-6
4.529999999999948	3.931473792031992e-6
4.539999999999948	3.721167248162438e-6
4.549999999999947	3.5215904555115025e-6
4.559999999999947	3.332224887178489e-6
4.569999999999947	3.1525755343750692e-6
4.579999999999947	2.9821699159828524e-6
4.589999999999947	2.82055711245585e-6
4.599999999999946	2.6673068790492875e-6
4.609999999999946	2.5220087526326876e-6
4.619999999999946	2.384271217659729e-6
4.629999999999946	2.2537208787555392e-6
4.6399999999999455	2.130001697079888e-6
4.649999999999945	2.0127742323126468e-6
4.659999999999945	1.9017149270497356e-6
4.669999999999945	1.7965154107300643e-6
4.679999999999945	1.6968818438594995e-6
4.689999999999944	1.6025342713026722e-6
4.699999999999944	1.5132060189089705e-6
4.709999999999944	1.4286431085157667e-6
4.719999999999944	1.348603669373522e-6
4.729999999999944	1.2728574441128779e-6
4.739999999999943	1.2011852176893147e-6
4.749999999999943	1.133378366446761e-6
4.759999999999943	1.0692383552001134e-6
4.769999999999943	1.0085762884263938e-6
4.7799999999999425	9.512124704470445e-7
4.789999999999942	8.969759869635655e-7
4.799999999999942	8.457043048421333e-7
4.809999999999942	7.972428844222073e-7
4.819999999999942	7.514448131552833e-7
4.8299999999999415	7.081704517299918e-7
4.839999999999941	6.672870970111251e-7
4.849999999999941	6.286686582830631e-7
4.859999999999941	5.92195347523089e-7
4.869999999999941	5.5775338600381e-7
4.87999999999994	5.252347168528951e-7
4.88999999999994	4.945367392051338e-7
4.89999999999994	4.6556204436690164e-7
4.90999999999994	4.3821817345513315e-7
4.9199999999999395	4.1241737859288246e-7
4.929999999999939	3.880763962489719e-7
4.939999999999939	3.6511622947478707e-7
4.949999999999939	3.434619476081279e-7
4.959999999999939	3.230424847849243e-7
4.9699999999999385	3.037904530389614e-7
4.979999999999938	2.856419626268385e-7
4.989999999999938	2.6853645091948463e-7
4.999999999999938	2.524165186499656e-7
5.009999999999938	2.37227774028405e-7
5.019999999999937	2.2291868366929267e-7
5.029999999999937	2.094404310142105e-7
5.039999999999937	1.9674678060948293e-7
5.049999999999937	1.847939486958993e-7
5.0599999999999365	1.735404816040758e-7
5.069999999999936	1.6294713744037225e-7
5.079999999999936	1.5297677372366083e-7
5.089999999999936	1.435942418879303e-7
5.099999999999936	1.347662861440103e-7
5.1099999999999355	1.264614466426585e-7
5.119999999999935	1.1864996680677738e-7
5.129999999999935	1.1130370686235337e-7
5.139999999999935	1.0439606001241206e-7
5.149999999999935	9.790187337821238e-8
5.159999999999934	9.179737263633212e-8
5.169999999999934	8.606009005823861e-8
5.179999999999934	8.066879656755038e-8
5.189999999999934	7.560343677043024e-8
5.199999999999934	7.08450673073187e-8
5.209999999999933	6.637579765938847e-8
5.219999999999933	6.217873605015994e-8
5.229999999999933	5.823793382023637e-8
5.239999999999933	5.453833906195367e-8
5.2499999999999325	5.1065747127105755e-8
5.259999999999932	4.780674824690857e-8
5.269999999999932	4.47486988531704e-8
5.279999999999932	4.187967461707081e-8
5.289999999999932	3.918842017568994e-8
5.299999999999931	3.6664328193080395e-8
5.309999999999931	3.4297396870045085e-8
5.319999999999931	3.207820256044459e-8
5.329999999999931	2.999785671057297e-8
5.339999999999931	2.8047989492553468e-8
5.34999999999993	2.6220713682955682e-8
5.35999999999993	2.4508594918811417e-8
5.36999999999993	2.2904638536137067e-8
5.37999999999993	2.1402254616962874e-8
5.3899999999999295	1.9995233161242836e-8
5.399999999999929	1.8677744522778383e-8
5.409999999999929	1.7444289581745994e-8
5.419999999999929	1.6289691608044503e-8
5.429999999999929	1.520908882293991e-8
5.4399999999999284	1.4197902641305277e-8
5.449999999999928	1.3251827618634033e-8
5.459999999999928	1.2366818529471465e-8
5.469999999999928	1.153906733765017e-8
5.479999999999928	1.0764995785081695e-8
5.489999999999927	1.0041240892188061e-8
5.499999999999927	9.364643584627679e-9