-7.509999999999884	9.712188950231693e-9
-7.4999999999998845	1.0066959971882452e-8
-7.489999999999885	1.043449950589507e-8
-7.479999999999885	1.0815259611795193e-8
-7.469999999999885	1.1209708134474683e-8
-7.459999999999885	1.1618329174993772e-8
-7.449999999999886	1.2041623676581698e-8
-7.439999999999886	1.2480109885292567e-8
-7.429999999999886	1.2934324020834578e-8
-7.419999999999886	1.340482098073709e-8
-7.4099999999998865	1.3892174882245954e-8
-7.399999999999887	1.4396979578473357e-8
-7.389999999999887	1.4919849554792477e-8
-7.379999999999887	1.5461420552075713e-8
-7.369999999999887	1.6022350213469612e-8
-7.3599999999998875	1.660331889899784e-8
-7.349999999999888	1.72050304702775e-8
-7.339999999999888	1.7828212968975302e-8
-7.329999999999888	1.847361958129286e-8
-7.319999999999888	1.9142029374505268e-8
-7.309999999999889	1.9834248271010316e-8
-7.299999999999889	2.0551109910026356e-8
-7.289999999999889	2.1293476444266723e-8
-7.279999999999889	2.2062239676354494e-8
-7.269999999999889	2.2858322011069333e-8
-7.25999999999989	2.3682677441251323e-8
-7.24999999999989	2.4536292670078675e-8
-7.23999999999989	2.5420188115822636e-8
-7.22999999999989	2.6335419116666727e-8
-7.2199999999998905	2.7283077103779898e-8
-7.209999999999891	2.826429071883647e-8
-7.199999999999891	2.928022723896745e-8
-7.189999999999891	3.033209359853444e-8
-7.179999999999891	3.142113788805573e-8
-7.169999999999892	3.254865080312568e-8
-7.159999999999892	3.3715966805096304e-8
-7.149999999999892	3.4924465849399506e-8
-7.139999999999892	3.617557463623396e-8
-7.129999999999892	3.7470768465811e-8
-7.119999999999893	3.88115726830507e-8
-7.109999999999893	4.019956424211381e-8
-7.099999999999893	4.1636373478971733e-8
-7.089999999999893	4.312368598069849e-8
-7.0799999999998935	4.466324441033383e-8
-7.069999999999894	4.625685019433552e-8
-7.059999999999894	4.790636567751218e-8
-7.049999999999894	4.96137160449051e-8
-7.039999999999894	5.138089110637721e-8
-7.0299999999998946	5.320994828226431e-8
-7.019999999999895	5.510301424258686e-8
-7.009999999999895	5.7062286757816605e-8
-6.999999999999895	5.909003757248126e-8
-6.989999999999895	6.118861486637352e-8
-6.979999999999896	6.336044560911837e-8
-6.969999999999896	6.560803819571135e-8
-6.959999999999896	6.793398498830493e-8
-6.949999999999896	7.034096525290907e-8
-6.9399999999998965	7.283174785453248e-8
-6.929999999999897	7.540919419907282e-8
-6.919999999999897	7.807626141872232e-8
-6.909999999999897	8.083600529293334e-8
-6.899999999999897	8.369158350391094e-8
-6.8899999999998975	8.664625889597074e-8
-6.879999999999898	8.970340318722566e-8
-6.869999999999898	9.286649997135305e-8
-6.859999999999898	9.613914898353718e-8
-6.849999999999898	9.952506924118718e-8
-6.839999999999899	1.0302810346781094e-7
-6.829999999999899	1.06652221722308e-7
-6.819999999999899	1.1040152561876942e-7
-6.809999999999899	1.142802526543388e-7
-6.7999999999998995	1.1829278043041902e-7
-6.7899999999999	1.2244363136748728e-7
-6.7799999999999	1.267374772496221e-7
-6.7699999999999	1.3117914396716268e-7
-6.7599999999999	1.3577361656467358e-7
-6.7499999999999005	1.4052604438230165e-7
-6.739999999999901	1.4544174632347428e-7
-6.729999999999901	1.5052621612938645e-7
-6.719999999999901	1.5578512817462556e-7
-6.709999999999901	1.6122434317232434e-7
-6.699999999999902	1.668499140869024e-7
-6.689999999999902	1.7266809228312445e-7
-6.679999999999902	1.7868533402415654e-7
-6.669999999999902	1.8490830666260468e-7
-6.659999999999902	1.9134389580338466e-7
-6.649999999999903	1.9799921174020814e-7
-6.639999999999903	2.048815971236999e-7
-6.629999999999903	2.1199863391527216e-7
-6.619999999999903	2.1935815111211737e-7
-6.6099999999999035	2.2696823251333896e-7
-6.599999999999904	2.3483722517603e-7
-6.589999999999904	2.429737473785319e-7
-6.579999999999904	2.5138669700638627e-7
-6.569999999999904	2.6008526068372987e-7
-6.559999999999905	2.6907892292014987e-7
-6.549999999999905	2.7837747520453043e-7
-6.539999999999905	2.87991026113805e-7
-6.529999999999905	2.9793001066356646e-7
-6.519999999999905	3.0820520115674026e-7
-6.509999999999906	3.188277173597028e-7
-6.499999999999906	3.2980903760606167e-7
-6.489999999999906	3.411610099530311e-7
-6.479999999999906	3.5289586369838043e-7
-6.4699999999999065	3.6502622133788423e-7
-6.459999999999907	3.77565110842208e-7
-6.449999999999907	3.905259782478461e-7
-6.439999999999907	4.0392270077428725e-7
-6.429999999999907	4.1776960010586715e-7
-6.419999999999908	4.320814562271813e-7
-6.409999999999908	4.4687352180626016e-7
-6.399999999999908	4.621615367243478e-7
-6.389999999999908	4.779617429935868e-7
-6.379999999999908	4.94290900699135e-7
-6.369999999999909	5.111663036729211e-7
-6.359999999999909	5.286057961665725e-7
-6.349999999999909	5.466277895868737e-7
-6.339999999999909	5.65251280321058e-7
-6.3299999999999095	5.844958674618075e-7
-6.31999999999991	6.043817714400718e-7
-6.30999999999991	6.249298530466557e-7
-6.29999999999991	6.46161633150053e-7
-6.28999999999991	6.680993128244127e-7
-6.2799999999999105	6.90765794306861e-7
-6.269999999999911	7.141847022470989e-7
-6.259999999999911	7.383804059899385e-7
-6.249999999999911	7.633780420241835e-7
-6.239999999999911	7.892035375641498e-7
-6.229999999999912	8.158836345592651e-7
-6.219999999999912	8.434459144235711e-7
-6.209999999999912	8.719188234931375e-7
-6.199999999999912	9.013316993473327e-7
-6.1899999999999125	9.317147977397992e-7
-6.179999999999913	9.630993204683002e-7
-6.169999999999913	9.955174437668815e-7
-6.159999999999913	1.02900234795242e-6
-6.149999999999913	1.0635882475284561e-6
-6.1399999999999135	1.099310422446855e-6
-6.129999999999914	1.1362052500472968e-6
-6.119999999999914	1.1743102380790754e-6
-6.109999999999914	1.213664058716613e-6
-6.099999999999914	1.2543065831901945e-6
-6.089999999999915	1.29627891799349e-6
-6.079999999999915	1.3396234416388402e-6
-6.069999999999915	1.3843838426008315e-6
-6.059999999999915	1.4306051585696428e-6
-6.0499999999999154	1.4783338167601574e-6
-6.039999999999916	1.5276176741393544e-6
-6.029999999999916	1.578506061700071e-6
-6.019999999999916	1.6310498273420306e-6
-6.009999999999916	1.6853013798764184e-6
-5.9999999999999165	1.7413147370123624e-6
-5.989999999999917	1.799145571867954e-6
-5.979999999999917	1.8588512619938274e-6
-5.969999999999917	1.9204909397719053e-6
-5.959999999999917	1.984125543984007e-6
-5.949999999999918	2.0498178729770486e-6
-5.939999999999918	2.117632639480506e-6
-5.929999999999918	2.1876365264958245e-6
-5.919999999999918	2.2598982451979093e-6
-5.909999999999918	2.334488594119947e-6
-5.899999999999919	2.4114805207656057e-6
-5.889999999999919	2.490949183411193e-6
-5.879999999999919	2.5729720161336384e-6
-5.869999999999919	2.6576287948348905e-6
-5.8599999999999195	2.745001705870666e-6
-5.84999999999992	2.8351754151825808e-6
-5.83999999999992	2.9282371407114694e-6
-5.82999999999992	3.024276726276121e-6
-5.81999999999992	3.1233867173980183e-6
-5.809999999999921	3.2256624393338776e-6
-5.799999999999921	3.3312020773667955e-6
-5.789999999999921	3.4401067589477325e-6
-5.779999999999921	3.5524806386004635e-6
-5.769999999999921	3.6684309845779933e-6
-5.759999999999922	3.7880682685084877e-6
-5.749999999999922	3.911506256414356e-6
-5.739999999999922	4.038862103938942e-6
-5.729999999999922	4.1702564525803875e-6
-5.7199999999999225	4.305813529121518e-6
-5.709999999999923	4.445661248006153e-6
-5.699999999999923	4.589931315436013e-6
-5.689999999999923	4.7387593382693725e-6
-5.679999999999923	4.892284933619887e-6
-5.6699999999999235	5.050651843171027e-6
-5.659999999999924	5.214008049098463e-6
-5.649999999999924	5.382505894049983e-6
-5.639999999999924	5.556302204614164e-6
-5.629999999999924	5.735558416516228e-6
-5.619999999999925	5.920440705149034e-6
-5.609999999999925	6.111120117946637e-6
-5.599999999999925	6.307772711374377e-6
-5.589999999999925	6.510579690802757e-6
-5.5799999999999255	6.7197275544649135e-6
-5.569999999999926	6.9354082412595625e-6
-5.559999999999926	7.157819282133762e-6
-5.549999999999926	7.387163955662381e-6
-5.539999999999926	7.623651447706568e-6
-5.5299999999999265	7.867497015238606e-6
-5.519999999999927	8.118922154350438e-6
-5.509999999999927	8.378154772760118e-6
-5.499999999999927	8.64542936682394e-6
-5.489999999999927	8.920987202871204e-6
-5.479999999999928	9.205076503969005e-6
-5.469999999999928	9.497952640199114e-6
-5.459999999999928	9.799878325631768e-6
-5.449999999999928	0.00001011112381860156
-5.4399999999999284	0.000010431967128304808
-5.429999999999929	0.000010762694226310649
-5.419999999999929	0.00001110359926345753
-5.409999999999929	0.000011454984792521807
-5.399999999999929	0.000011817161996154046
-5.3899999999999295	0.000012190450921036337
-5.37999999999993	0.000012575180717733429
-5.36999999999993	0.000012971689886788923
-5.35999999999993	0.000013380326530898917
-5.34999999999993	0.000013801448613620536
-5.339999999999931	0.00001423542422428661
-5.329999999999931	0.000014682631850043037
-5.319999999999931	0.000015143460654343095
-5.309999999999931	0.00001561831076243004
-5.299999999999931	0.00001610759355424722
-5.289999999999932	0.000016611731964316728
-5.279999999999932	0.00001713116078916062
-5.269999999999932	0.000017666327002512433
-5.259999999999932	0.00001821769007811221
-5.2499999999999325	0.000018785722320587746
-5.239999999999933	0.000019370909204439526
-5.229999999999933	0.000019973749721402215
-5.219999999999933	0.00002059475673635907
-5.209999999999933	0.000021234457351748094
-5.199999999999934	0.00002189339328122654
-5.189999999999934	0.000022572121232042278
-5.179999999999934	0.000023271213296909572
-5.169999999999934	0.000023991257355425197
-5.159999999999934	0.000024732857485081943
-5.149999999999935	0.00002549663438215597
-5.139999999999935	0.000026283225792847803
-5.129999999999935	0.000027093286954627137
-5.119999999999935	0.000027927491048260815
-5.1099999999999355	0.00002878652966069268
-5.099999999999936	0.00002967111325855686
-5.089999999999936	0.00003058197167347331
-5.079999999999936	0.0000315198545984382
-5.069999999999936	0.0000324855320962202
-5.0599999999999365	0.000033479795119451755
-5.049999999999937	0.000034503456043280414
-5.039999999999937	0.00003555734921022043
-5.029999999999937	0.00003664233148756929
-5.019999999999937	0.00003775928283889266
-5.009999999999938	0.000038909106907003456
-4.999999999999938	0.000040092731612330236
-4.989999999999938	0.00004131110976378578
-4.979999999999938	0.00004256521968435459
-4.9699999999999385	0.00004385606585082722
-4.959999999999939	0.000045184679548367284
-4.949999999999939	0.00004655211953994199
-4.939999999999939	0.000047959472751011656
-4.929999999999939	0.000049407854969973985
-4.9199999999999395	0.0000508984115641323
-4.90999999999994	0.00005243231821215082
-4.89999999999994	0.00005401078165292948
-4.88999999999994	0.000055635040451335754
-4.87999999999994	0.000057306365780946856
-4.869999999999941	0.00005902606222444961
-4.859999999999941	0.00006079546859142069
-4.849999999999941	0.00006261595875612665
-4.839999999999941	0.0000644889425100076
-4.8299999999999415	0.00006641586643705422
-4.819999999999942	0.00006839821480618295
-4.809999999999942	0.00007043751048336495
-4.799999999999942	0.00007253531586537821
-4.789999999999942	0.00007469323383058043
-4.7799999999999425	0.0000769129087135419
-4.769999999999943	0.00007919602729912701
-4.759999999999943	0.00008154431983846807
-4.749999999999943	0.00008395956108673526
-4.739999999999943	0.0000864435713629101
-4.729999999999944	0.00008899821763245163
-4.719999999999944	0.00009162541461293043
-4.709999999999944	0.00009432712590299398
-4.699999999999944	0.00009710536513525458
-4.689999999999944	0.00009996219715340398
-4.679999999999945	0.0001028997392141776
-4.669999999999945	0.00010592016221404042
-4.659999999999945	0.00010902569194188582
-4.649999999999945	0.00011221861035730882
-4.6399999999999455	0.00011550125689580171
-4.629999999999946	0.00011887602979999836
-4.619999999999946	0.00012234538747911856
-4.609999999999946	0.00012591184989560602
-4.599999999999946	0.00012957799998003356
-4.589999999999947	0.00013334648507523156
-4.579999999999947	0.0001372200184085537
-4.569999999999947	0.00014120138059423834
-4.559999999999947	0.00014529342116805047
-4.549999999999947	0.0001494990601469086
-4.539999999999948	0.000153821289625424
-4.529999999999948	0.00015826317540102255
-4.519999999999948	0.00016282785863166332
-4.509999999999948	0.0001675185575253412
-4.4999999999999485	0.0001723385690656689
-4.489999999999949	0.0001772912707652778
-4.479999999999949	0.00018238012245857746
-4.469999999999949	0.00018760866812653028
-4.459999999999949	0.00019298053775693066
-4.4499999999999496	0.0001984994492398442
-4.43999999999995	0.00020416921029979616
-4.42999999999995	0.00020999372046369574
-4.41999999999995	0.0002159769730668458
-4.40999999999995	0.00022212305729360192
-4.399999999999951	0.00022843616026188427
-4.389999999999951	0.0002349205691403554
-4.379999999999951	0.00024158067330770275
-4.369999999999951	0.00024842096655107985
-4.3599999999999515	0.000255446049304638
-4.349999999999952	0.0002626606309287425
-4.339999999999952	0.00027006953203025417
-4.329999999999952	0.00027767768682506827
-4.319999999999952	0.0002854901455421483
-4.3099999999999525	0.00029351207687106735
-4.299999999999953	0.0003017487704521172
-4.289999999999953	0.00031020563941101386
-4.279999999999953	0.0003188882229374175
-4.269999999999953	0.0003278021889083003
-4.259999999999954	0.00033695333655695285
-4.249999999999954	0.00034634759918771837
-4.239999999999954	0.0003559910469370502
-4.229999999999954	0.0003658898895816865
-4.2199999999999545	0.00037605047939376346
-4.209999999999955	0.0003864793140443512
-4.199999999999955	0.000397183039554983
-4.189999999999955	0.00040816845329826897
-4.179999999999955	0.000419442507047649
-4.1699999999999555	0.00043101231007715334
-4.159999999999956	0.0004428851323114008
-4.149999999999956	0.00045506840752633564
-4.139999999999956	0.00046756973660111017
-4.129999999999956	0.00048039689082173567
-4.119999999999957	0.000493557816508813
-4.109999999999957	0.0005070606336495373
-4.099999999999957	0.000520913645609236
-4.089999999999957	0.0005351253404806534
-4.079999999999957	0.0005497043947391308
-4.069999999999958	0.0005646596661098099
-4.059999999999958	0.0005800002268126528
-4.049999999999958	0.0005957353292764951
-4.039999999999958	0.0006118744370510409
-4.0299999999999585	0.0006284272211765177
-4.019999999999959	0.0006454035599791948
-4.009999999999959	0.0006628135438259611
-3.9999999999999587	0.0006806674871599669
-3.989999999999959	0.0006989759238386371
-3.979999999999959	0.0007177496108316518
-3.9699999999999593	0.0007369995420025588
-3.9599999999999596	0.0007567369439628957
-3.9499999999999598	0.000776973278757067
-3.93999999999996	0.0007977202557864483
-3.92999999999996	0.0008189898330223368
-3.9199999999999604	0.000840794215685562
-3.9099999999999606	0.00086314587091063
-3.899999999999961	0.0008860575275806402
-3.889999999999961	0.0009095421767867556
-3.8799999999999613	0.0009336130831310008
-3.8699999999999615	0.0009582837891365861
-3.8599999999999617	0.0009835681113572316
-3.849999999999962	0.0010094801556880726
-3.839999999999962	0.0010360343210984095
-3.8299999999999623	0.0010632452957453368
-3.8199999999999625	0.0010911280707337518
-3.8099999999999627	0.0011196979468083563
-3.799999999999963	0.00114897052904805
-3.789999999999963	0.0011789617402673314
-3.7799999999999634	0.001209687827560955
-3.7699999999999636	0.0012411653601889106
-3.759999999999964	0.0012734112395353127
-3.749999999999964	0.0013064427096412942
-3.7399999999999642	0.0013402773520945794
-3.7299999999999645	0.001374933096902821
-3.7199999999999647	0.0014104282335246582
-3.709999999999965	0.0014467814064492025
-3.699999999999965	0.0014840116234181764
-3.6899999999999653	0.0015221382700861476
-3.6799999999999655	0.0015611811058987928
-3.6699999999999657	0.0016011602701033257
-3.659999999999966	0.0016420962970976865
-3.649999999999966	0.0016840101141002205
-3.6399999999999664	0.0017269230460241075
-3.6299999999999666	0.0017708568279800072
-3.619999999999967	0.0018158336097928982
-3.609999999999967	0.0018618759546175818
-3.5999999999999672	0.001909006857406216
-3.5899999999999674	0.0019572497449414517
-3.5799999999999677	0.0020066284765554543
-3.569999999999968	0.0020571673616506607
-3.559999999999968	0.0021088911616273776
-3.5499999999999683	0.0021618250887719755
-3.5399999999999685	0.0022159948234184656
-3.5299999999999687	0.002271426519376794
-3.519999999999969	0.0023281468012101903
-3.509999999999969	0.002386182780244097
-3.4999999999999694	0.002445562061531637
-3.4899999999999696	0.0025063127409320997
-3.47999999999997	0.002568463419948347
-3.46999999999997	0.0026320432141593757
-3.45999999999997	0.0026970817500656824
-3.4499999999999704	0.002763609179408635
-3.4399999999999706	0.0028316561899500987
-3.429999999999971	0.002901254000917689
-3.419999999999971	0.0029724343752289737
-3.4099999999999713	0.0030452296331160375
-3.3999999999999715	0.003119672647267403
-3.3899999999999717	0.00319579685291329
-3.379999999999972	0.003273636263151545
-3.369999999999972	0.0033532254658047386
-3.3599999999999723	0.003434599631115433
-3.3499999999999726	0.0035177945277498875
-3.3399999999999728	0.003602846519713917
-3.329999999999973	0.00368979257402712
-3.319999999999973	0.0037786702748383175
-3.3099999999999734	0.003869517824263627
-3.2999999999999736	0.003962374045133123
-3.289999999999974	0.004057278399960754
-3.279999999999974	0.004154270990196455
-3.2699999999999743	0.004253392557434418
-3.2599999999999745	0.004354684501669012
-3.2499999999999747	0.004458188883351027
-3.239999999999975	0.004563948421760359
-3.229999999999975	0.004672006515314841
-3.2199999999999753	0.004782407239950768
-3.2099999999999755	0.004895195353972059
-3.1999999999999758	0.0050104163103114555
-3.189999999999976	0.005128116263248378
-3.179999999999976	0.005248342064305485
-3.1699999999999764	0.0053711412788518004
-3.1599999999999766	0.0054965621927357475
-3.149999999999977	0.005624653807437813
-3.139999999999977	0.00575546585457723
-3.1299999999999772	0.005889048806256467
-3.1199999999999775	0.0060254538683095086
-3.1099999999999777	0.006164732992246173
-3.099999999999978	0.006306938886823364
-3.089999999999978	0.006452125011958457
-3.0799999999999783	0.006600345588254566
-3.0699999999999785	0.006751655609006541
-3.0599999999999787	0.006906110835981175
-3.049999999999979	0.0070637678053628436
-3.039999999999979	0.007224683842342512
-3.0299999999999794	0.007388917054214387
-3.0199999999999796	0.007556526335037392
-3.00999999999998	0.0077275713813080155
-2.99999999999998	0.007902112685663772
-2.9899999999999802	0.008080211538520832
-2.9799999999999804	0.00826193004448397
-2.9699999999999807	0.008447331116278354
-2.959999999999981	0.008636478476660063
-2.949999999999981	0.008829436669651775
-2.9399999999999813	0.009026271059187697
-2.9299999999999815	0.009227047825201664
-2.9199999999999817	0.00943183397791698
-2.909999999999982	0.009640697355838649
-2.899999999999982	0.00985370661948593
-2.8899999999999824	0.010070931265689951
-2.8799999999999826	0.010292441626357354
-2.869999999999983	0.010518308858974845
-2.859999999999983	0.010748604958842356
-2.849999999999983	0.010983402760811225
-2.8399999999999834	0.011222775927411645
-2.8299999999999836	0.01146679895893566
-2.819999999999984	0.011715547195286672
-2.809999999999984	0.011969096806848519
-2.7999999999999843	0.01222752479615197
-2.7899999999999845	0.012490909005267158
-2.7799999999999847	0.012759328100043548
-2.769999999999985	0.013032861575526114
-2.759999999999985	0.013311589758419298
-2.7499999999999853	0.013595593796046468
-2.7399999999999856	0.013884955653051072
-2.7299999999999858	0.014179758120232347
-2.719999999999986	0.014480084796711057
-2.709999999999986	0.014786020088353835
-2.6999999999999864	0.015097649211155565
-2.6899999999999866	0.015415058178838724
-2.679999999999987	0.015738333793808453
-2.669999999999987	0.016067563654079093
-2.6599999999999873	0.016402836136633965
-2.6499999999999875	0.0167442403888263
-2.6399999999999877	0.017091866331601972
-2.629999999999988	0.01744580464416467
-2.619999999999988	0.017806146749523938
-2.6099999999999883	0.018172984819718695
-2.5999999999999885	0.01854641176006393
-2.5899999999999888	0.01892652119075287
-2.579999999999989	0.019313407450108525
-2.569999999999989	0.01970716558076778
-2.5599999999999894	0.020107891306181333
-2.5499999999999896	0.02051568103180542
-2.53999999999999	0.02093063183098298
-2.52999999999999	0.021352841420766454
-2.5199999999999902	0.02178240815871481
-2.5099999999999905	0.022219431029742033
-2.4999999999999907	0.022664009621173185
-2.489999999999991	0.023116244111200668
-2.479999999999991	0.023576235262047544
-2.4699999999999913	0.024044084385777056
-2.4599999999999915	0.02451989333537251
-2.4499999999999917	0.02500376449416041
-2.439999999999992	0.025495800742076274
-2.429999999999992	0.025996105441358414
-2.4199999999999924	0.02650478242595679
-2.4099999999999926	0.02702193596680267
-2.399999999999993	0.0275476707530034
-2.389999999999993	0.028082091878061856
-2.3799999999999932	0.0286253048066268
-2.3699999999999934	0.029177415350077167
-2.3599999999999937	0.029738529654366287
-2.349999999999994	0.030308754163018377
-2.339999999999994	0.030888195588603843
-2.3299999999999943	0.031476960900162554
-2.3199999999999945	0.03207515728471992
-2.3099999999999947	0.032682892112966884
-2.299999999999995	0.033300272925996736
-2.289999999999995	0.03392740739679699
-2.2799999999999954	0.034564403292309046
-2.2699999999999956	0.035211368455660044
-2.259999999999996	0.03586841076918592
-2.249999999999996	0.036535638111510144
-2.239999999999996	0.0372131583358694
-2.2299999999999964	0.03790107923362943
-2.2199999999999966	0.03859950848644389
-2.209999999999997	0.039308553643712545
-2.199999999999997	0.040028322085173325
-2.1899999999999973	0.04075892096876354
-2.1799999999999975	0.041500457203666706
-2.1699999999999977	0.042253037414278154
-2.159999999999998	0.04301676788287674
-2.149999999999998	0.04379175452090136
-2.1399999999999983	0.04457810282713589
-2.1299999999999986	0.04537591783622693
-2.1199999999999988	0.04618530407792371
-2.109999999999999	0.04700636554177903
-2.099999999999999	0.04783920561607841
-2.0899999999999994	0.04868392704770409
-2.0799999999999996	0.04954063190181932
-2.07	0.05040942150204829
-2.06	0.051290396382131176
-2.0500000000000003	0.05218365625039162
-2.0400000000000005	0.053089299924660195
-2.0300000000000007	0.05400742527920983
-2.020000000000001	0.054938129207653195
-2.010000000000001	0.05588150755817326
-2.0000000000000013	0.056837655074163176
-1.9900000000000015	0.05780666535476084
-1.9800000000000015	0.05878863079154239
-1.9700000000000015	0.05978364250435636
-1.9600000000000015	0.06079179030021735
-1.9500000000000015	0.061813162608172746
-1.9400000000000015	0.06284784641096602
-1.9300000000000015	0.06389592720201379
-1.9200000000000015	0.06495748892018136
-1.9100000000000015	0.06603261387653686
-1.9000000000000015	0.06712138270948426
-1.8900000000000015	0.06822387431982133
-1.8800000000000014	0.06934016579736368
-1.8700000000000014	0.07047033236638897
-1.8600000000000014	0.07161444732658002
-1.8500000000000014	0.07277258197155945
-1.8400000000000014	0.07394480553661896
-1.8300000000000014	0.07513118513434422
-1.8200000000000014	0.07633178567600855
-1.8100000000000014	0.07754666981280474
-1.8000000000000014	0.07877589787620119
-1.7900000000000014	0.0800195277925344
-1.7800000000000014	0.08127761502167472
-1.7700000000000014	0.0825502124995456
-1.7600000000000013	0.08383737055086904
-1.7500000000000013	0.08513913682318801
-1.7400000000000013	0.08645555623117036
-1.7300000000000013	0.08778667087097815
-1.7200000000000013	0.08913251994855963
-1.7100000000000013	0.09049313972404428
-1.7000000000000013	0.09186856342647041
-1.6900000000000013	0.09325882117981946
-1.6800000000000013	0.09466393994463271
-1.6700000000000013	0.09608394343941458
-1.6600000000000013	0.09751885205759951
-1.6500000000000012	0.09896868281648252
-1.6400000000000012	0.10043344927372631
-1.6300000000000012	0.10191316144516366
-1.6200000000000012	0.10340782575108491
-1.6100000000000012	0.10491744493767961
-1.6000000000000012	0.10644201799129235
-1.5900000000000012	0.10798154008454118
-1.5800000000000012	0.10953600250068173
-1.5700000000000012	0.1111053925503209
-1.5600000000000012	0.11268969351219847
-1.5500000000000012	0.11428888456367739
-1.5400000000000011	0.11590294069271832
-1.5300000000000011	0.11753183264374406
-1.5200000000000011	0.11917552684774908
-1.5100000000000011	0.12083398533727872
-1.500000000000001	0.12250716568922856
-1.490000000000001	0.12419502096444485
-1.480000000000001	0.12589749961924773
-1.470000000000001	0.12761454544732317
-1.460000000000001	0.12934609752451473
-1.450000000000001	0.13109209012386616
-1.440000000000001	0.13285245265567264
-1.430000000000001	0.13462710961764965
-1.420000000000001	0.1364159805134674
-1.410000000000001	0.138218979793617
-1.400000000000001	0.14003601680891442
-1.390000000000001	0.14186699573262682
-1.380000000000001	0.14371181550061038
-1.370000000000001	0.14557036977196045
-1.360000000000001	0.1474425468558791
-1.350000000000001	0.1493282296513342
-1.340000000000001	0.15122729561367013
-1.330000000000001	0.15313961668923753
-1.320000000000001	0.15506505925368563
-1.310000000000001	0.1570034840823629
-1.300000000000001	0.15895474629305248
-1.290000000000001	0.16091869528708447
-1.280000000000001	0.16289517472412365
-1.270000000000001	0.164884022471344
-1.260000000000001	0.1668850705509119
-1.2500000000000009	0.16889814511636456
-1.2400000000000009	0.17092306641296529
-1.2300000000000009	0.17295964872299602
-1.2200000000000009	0.17500770035069063
-1.2100000000000009	0.17706702359264703
-1.2000000000000008	0.17913741468680566
-1.1900000000000008	0.18121866380109933
-1.1800000000000008	0.18331055501535407
-1.1700000000000008	0.1854128662758263
-1.1600000000000008	0.1875253693873128
-1.1500000000000008	0.18964783000332053
-1.1400000000000008	0.19178000758943528
-1.1300000000000008	0.19392165541997108
-1.1200000000000008	0.19607252057806662
-1.1100000000000008	0.1982323439296138
-1.1000000000000008	0.20040086012038796
-1.0900000000000007	0.2025777975922647
-1.0800000000000007	0.20476287855999323
-1.0700000000000007	0.20695581901517818
-1.0600000000000007	0.20915632875283588
-1.0500000000000007	0.21136411136087285
-1.0400000000000007	0.2135788642275
-1.0300000000000007	0.21580027857909784
-1.0200000000000007	0.21802803947797156
-1.0100000000000007	0.22026182584327939
-1.0000000000000007	0.22250131048878913
-0.9900000000000007	0.2247461601402345
-0.9800000000000006	0.2269960354539935
-0.9700000000000006	0.22925059107505497
-0.9600000000000006	0.23150947566304658
-0.9500000000000006	0.23377233191697216
-0.9400000000000006	0.23603879664360333
-0.9300000000000006	0.23830850079873694
-0.9200000000000006	0.24058106951645417
-0.9100000000000006	0.24285612218579308
-0.9000000000000006	0.24513327250851008
-0.8900000000000006	0.24741212853793104
-0.8800000000000006	0.2496922927630633
-0.8700000000000006	0.25197336218063865
-0.8600000000000005	0.2542549283454941
-0.8500000000000005	0.2565365774585749
-0.8400000000000005	0.25881789045780385
-0.8300000000000005	0.2610984430723152
-0.8200000000000005	0.26337780592474996
-0.8100000000000005	0.2656555446351564
-0.8000000000000005	0.2679312198867782
-0.7900000000000005	0.2702043875338145
-0.7800000000000005	0.27247459872147733
-0.7700000000000005	0.2747413999633759
-0.7600000000000005	0.2770043332562273
-0.7500000000000004	0.27926293620855813
-0.7400000000000004	0.281516742138666
-0.7300000000000004	0.28376528019166364
-0.7200000000000004	0.28600807548790924
-0.7100000000000004	0.2882446492244488
-0.7000000000000004	0.29047451880746217
-0.6900000000000004	0.29269719800737404
-0.6800000000000004	0.2949121970783962
-0.6700000000000004	0.2971190228888971
-0.6600000000000004	0.2993171790972957
-0.6500000000000004	0.3015061662852835
-0.6400000000000003	0.30368548209236856
-0.6300000000000003	0.30585462140174063
-0.6200000000000003	0.3080130764893976
-0.6100000000000003	0.31016033716468566
-0.6000000000000003	0.31229589096359045
-0.5900000000000003	0.31441922331288047
-0.5800000000000003	0.3165298176783945
-0.5700000000000003	0.3186271557686521
-0.5600000000000003	0.3207107177124164
-0.5500000000000003	0.3227799822112254
-0.5400000000000003	0.3248344267504754
-0.5300000000000002	0.32687352779292145
-0.5200000000000002	0.32889676093468456
-0.5100000000000002	0.3309036011218742
-0.5000000000000002	0.3328935228574393
-0.49000000000000027	0.3348660003731293
-0.48000000000000026	0.3368205078391532
-0.47000000000000025	0.3387565195901664
-0.46000000000000024	0.3406735102964772
-0.45000000000000023	0.34257095518571035
-0.4400000000000002	0.3444483302712487
-0.4300000000000002	0.3463051125360418
-0.4200000000000002	0.3481407801520826
-0.4100000000000002	0.34995481272838475
-0.4000000000000002	0.3517466914938775
-0.3900000000000002	0.35351589951634593
-0.38000000000000017	0.35526192196110984
-0.37000000000000016	0.35698424628241776
-0.36000000000000015	0.3586823624367492
-0.35000000000000014	0.3603557631498722
-0.34000000000000014	0.36200394411940867
-0.3300000000000001	0.36362640422548664
-0.3200000000000001	0.36522264580066527
-0.3100000000000001	0.3667921748386878
-0.3000000000000001	0.3683345012003848
-0.2900000000000001	0.3698491388886618
-0.2800000000000001	0.3713356062626629
-0.2700000000000001	0.37279342623636125
-0.26000000000000006	0.37422212655913906
-0.25000000000000006	0.3756212400406854
-0.24000000000000007	0.3769903047366871
-0.23000000000000007	0.3783288642269854
-0.22000000000000006	0.37963646785207483
-0.21000000000000005	0.3809126708895829
-0.20000000000000004	0.38215703482508434
-0.19000000000000003	0.38336912759776187
-0.18000000000000002	0.38454852376447984
-0.17	0.38569480476264795
-0.16	0.38680755916933074
-0.15	0.3878863828684157
-0.13999999999999999	0.3889308792896352
-0.12999999999999998	0.38994065967225683
-0.11999999999999998	0.39091534316867116
-0.10999999999999999	0.39185455716846895
-0.09999999999999999	0.3927579375391125
-0.09	0.3936251286992366
-0.08	0.3944557839269743
-0.07	0.3952495655614433
-0.060000000000000005	0.39600614515321775
-0.05	0.3967252037219205
-0.04	0.3974064319446499
-0.03	0.3980495303018684
-0.02	0.39865420931353857
-0.01	0.39922018972977213
0	0.3997472026633207
0.01	0.4002349898084075
0.02	0.40068330362948984
0.03	0.40109190748297247
0.04	0.40146057580993444
0.05	0.4017890943225966
0.060000000000000005	0.40207726011454425
0.07	0.40232488182807286
0.08	0.40253177982805616
0.09	0.4026977863058839
0.09999999999999999	0.40282274542426233
0.10999999999999999	0.40290651347936257
0.11999999999999998	0.4029489589911398
0.12999999999999998	0.402949962827247
0.13999999999999999	0.40290941835105804
0.15	0.40282723149401845
0.16	0.4027033208588348
0.17	0.4025376178490573
0.18000000000000002	0.40233006673568167
0.19000000000000003	0.40208062472867717
0.20000000000000004	0.4017892620901433
0.21000000000000005	0.4014559621889257
0.22000000000000006	0.40108072155042584
0.23000000000000007	0.40066354993942604
0.24000000000000007	0.4002044704073599
0.25000000000000006	0.39970351931358533
0.26000000000000006	0.3991607463948848
0.2700000000000001	0.3985762147904713
0.2800000000000001	0.39795000104097833
0.2900000000000001	0.3972821951354772
0.3000000000000001	0.3965729005205178
0.3100000000000001	0.39582223407334444
0.3200000000000001	0.3950303261252213
0.3300000000000001	0.3941973204505559
0.34000000000000014	0.3933233742261958
0.35000000000000014	0.3924086580204377
0.36000000000000015	0.39145335577185
0.37000000000000016	0.39045766472037813
0.38000000000000017	0.38942179537380167
0.3900000000000002	0.38834597146508365
0.4000000000000002	0.38723042986227657
0.4100000000000002	0.3860754205091309
0.4200000000000002	0.3848812063662382
0.4300000000000002	0.38364806329939277
0.4400000000000002	0.3823762799911438
0.45000000000000023	0.3810661578647813
0.46000000000000024	0.37971801095264135
0.47000000000000025	0.37833216577952106
0.48000000000000026	0.3769089612654904
0.49000000000000027	0.3754487485792228
0.5000000000000002	0.3739518909955315
0.5100000000000002	0.3724187637773053
0.5200000000000002	0.37084975400990483
0.5300000000000002	0.369245260435211
0.5400000000000003	0.36760569331215437
0.5500000000000003	0.3659314742340243
0.5600000000000003	0.3642230359373324
0.5700000000000003	0.3624808221446208
0.5800000000000003	0.3607052873670634
0.5900000000000003	0.35889689669012753
0.6000000000000003	0.35705612559393035
0.6100000000000003	0.35518345974356075
0.6200000000000003	0.3532793947531776
0.6300000000000003	0.3513444359855565
0.6400000000000003	0.3493790983275619
0.6500000000000004	0.34738390593938584
0.6600000000000004	0.3453593920335563
0.6700000000000004	0.34330609863835465
0.6800000000000004	0.3412245763292363
0.6900000000000004	0.33911538398803415
0.7000000000000004	0.33697908855780945
0.7100000000000004	0.3348162647561942
0.7200000000000004	0.33262749481914927
0.7300000000000004	0.3304133682456094
0.7400000000000004	0.3281744815003366
0.7500000000000004	0.32591143773996745
0.7600000000000005	0.32362484654698365
0.7700000000000005	0.32131532362410326
0.7800000000000005	0.31898349050667885
0.7900000000000005	0.31662997428424183
0.8000000000000005	0.3142554072911116
0.8100000000000005	0.31186042680461423
0.8200000000000005	0.3094456747637155
0.8300000000000005	0.3070117974500661
0.8400000000000005	0.30455944517554556
0.8500000000000005	0.30208927199613234
0.8600000000000005	0.2996019353898943
0.8700000000000006	0.2970980959344117
0.8800000000000006	0.29457841701951554
0.8900000000000006	0.29204356451917346
0.9000000000000006	0.2894942064715924
0.9100000000000006	0.28693101277910793
0.9200000000000006	0.2843546548895717
0.9300000000000006	0.281765805466096
0.9400000000000006	0.2791651380874354
0.9500000000000006	0.27655332693389484
0.9600000000000006	0.2739310464533731
0.9700000000000006	0.2712989710651839
0.9800000000000006	0.26865777484931913
0.9900000000000007	0.2660081312149545
1.0000000000000007	0.26335071260250187
1.0100000000000007	0.26068619018206335
1.0200000000000007	0.25801523352581557
1.0300000000000007	0.2553385103120525
1.0400000000000007	0.25265668603114994
1.0500000000000007	0.24997042366948263
1.0600000000000007	0.24728038341421119
1.0700000000000007	0.2445872223711436
1.0800000000000007	0.24189159425359383
1.0900000000000007	0.2391941490989731
1.1000000000000008	0.2364955329922848
1.1100000000000008	0.2337963877718451
1.1200000000000008	0.23109735074819876
1.1300000000000008	0.22839905444773093
1.1400000000000008	0.2257021263274431
1.1500000000000008	0.22300718850413034
1.1600000000000008	0.2203148575103017
1.1700000000000008	0.21762574402666057
1.1800000000000008	0.21494045262163644
1.1900000000000008	0.21225958152366461
1.2000000000000008	0.20958372236705636
1.2100000000000009	0.2069134599521024
1.2200000000000009	0.20424937202656654
1.2300000000000009	0.2015920290560425
1.2400000000000009	0.1989419939915738
1.2500000000000009	0.1962998220729668
1.260000000000001	0.1936660606184797
1.270000000000001	0.19104124880858384
1.280000000000001	0.18842591750635831
1.290000000000001	0.18582058906861382
1.300000000000001	0.18322577715178964
1.310000000000001	0.1806419865431224
1.320000000000001	0.17806971299862157
1.330000000000001	0.17550944306439625
1.340000000000001	0.17296165393088173
1.350000000000001	0.17042681328890028
1.360000000000001	0.16790537917712656
1.370000000000001	0.16539779985026776
1.380000000000001	0.16290451366341716
1.390000000000001	0.1604259489344291
1.400000000000001	0.15796252383482515
1.410000000000001	0.15551464629677333
1.420000000000001	0.15308271389866857
1.430000000000001	0.1506671137743353
1.440000000000001	0.14826822254347616
1.450000000000001	0.1458864062209784
1.460000000000001	0.14352202014667498
1.470000000000001	0.14117540893490943
1.480000000000001	0.13884690640952385
1.490000000000001	0.13653683555132734
1.500000000000001	0.1342455084723255
1.5100000000000011	0.1319732263734715
1.5200000000000011	0.1297202795108956
1.5300000000000011	0.12748694719308926
1.5400000000000011	0.12527349776190275
1.5500000000000012	0.12308018857669022
1.5600000000000012	0.12090726603123211
1.5700000000000012	0.11875496556011086
1.5800000000000012	0.11662351164158555
1.5900000000000012	0.114513117833844
1.6000000000000012	0.11242398680221602
1.6100000000000012	0.11035631034786401
1.6200000000000012	0.10831026945202464
1.6300000000000012	0.10628603433424381
1.6400000000000012	0.104283764489487
1.6500000000000012	0.10230360876036512
1.6600000000000013	0.10034570540908408
1.6700000000000013	0.0984101821754201
1.6800000000000013	0.09649715636351658
1.6900000000000013	0.09460673493573789
1.7000000000000013	0.09273901458349208
1.7100000000000013	0.09089408183457978
1.7200000000000013	0.08907201315693808
1.7300000000000013	0.08727287505516743
1.7400000000000013	0.08549672418243362
1.7500000000000013	0.0837436074680456
1.7600000000000013	0.08201356222606952
1.7700000000000014	0.08030661628004475
1.7800000000000014	0.07862278810526524
1.7900000000000014	0.07696208695038774
1.8000000000000014	0.07532451297554997
1.8100000000000014	0.07371005740305589
1.8200000000000014	0.07211870265779795
1.8300000000000014	0.07055042251189132
1.8400000000000014	0.06900518224817292
1.8500000000000014	0.06748293881243823
1.8600000000000014	0.06598364096361717
1.8700000000000014	0.06450722944842004
1.8800000000000014	0.06305363716354516
1.8900000000000015	0.061622789313437884
1.9000000000000015	0.060214603592890985
1.9100000000000015	0.05882899035708412
1.9200000000000015	0.05746585278898142
1.9300000000000015	0.05612508707939299
1.9400000000000015	0.0548065826140443
1.9500000000000015	0.05351022213538379
1.9600000000000015	0.05223588193790744
1.9700000000000015	0.05098343204926155
1.9800000000000015	0.049752736405993876
1.9900000000000015	0.04854365304281345
2.0000000000000013	0.04735603428553387
2.010000000000001	0.046189726921656495
2.020000000000001	0.04504457239668224
2.0300000000000007	0.043920407002595814
2.0400000000000005	0.04281706205609278
2.0500000000000003	0.0417343640877818
2.06	0.04067213503861172
2.07	0.03963019243395762
2.0799999999999996	0.03860834957034004
2.0899999999999994	0.037606415712455925
2.099999999999999	0.03662419626571213
2.109999999999999	0.03566149295979161
2.1199999999999988	0.03471810403910337
2.1299999999999986	0.03379382444135973
2.1399999999999983	0.03288844596960118
2.149999999999998	0.03200175748449928
2.159999999999998	0.031133545074595224
2.1699999999999977	0.030283592227453134
2.1799999999999975	0.029451680010113186
2.1899999999999973	0.028637587244003237
2.199999999999997	0.027841090659492567
2.209999999999997	0.027061965083374318
2.2199999999999966	0.026299983592793813
2.2299999999999964	0.02555491768017836
2.239999999999996	0.024826537413885172
2.249999999999996	0.024114611606515315
2.259999999999996	0.023418907952811988
2.2699999999999956	0.022739193198847277
2.2799999999999954	0.02207523328890212
2.289999999999995	0.021426793507321677
2.299999999999995	0.020793638629805784
2.3099999999999947	0.02017553306822012
2.3199999999999945	0.019572241002737977
2.3299999999999943	0.018983526520834067
2.339999999999994	0.018409153756822998
2.349999999999994	0.01784888701175749
2.3599999999999937	0.01730249088371705
2.3699999999999934	0.01676973040118603
2.3799999999999932	0.016250371131871465
2.389999999999993	0.015744179301474415
2.399999999999993	0.015250921918203986
2.4099999999999926	0.014770366873297747
2.4199999999999924	0.014302283048774334
2.429999999999992	0.013846440428267008
2.439999999999992	0.013402610195486669
2.4499999999999917	0.012970564824667253
2.4599999999999915	0.012550078187808338
2.4699999999999913	0.012140925637758834
2.479999999999991	0.011742884091291853
2.489999999999991	0.011355732122785884
2.4999999999999907	0.010979250044084886
2.5099999999999905	0.01061321996912042
2.5199999999999902	0.01025742590643334
2.52999999999999	0.009911653817615516
2.53999999999999	0.009575691689599247
2.5499999999999896	0.009249329595380945
2.5599999999999894	0.008932359764320741
2.569999999999989	0.008624576626190077
2.579999999999989	0.008325776876788803
2.5899999999999888	0.008035759526556984
2.5999999999999885	0.007754325946652263
2.6099999999999883	0.007481279916229221
2.619999999999988	0.007216427668829036
2.629999999999988	0.006959577924612303
2.6399999999999877	0.006710541930007544
2.6499999999999875	0.006469133496330184
2.6599999999999873	0.006235169021746549
2.669999999999987	0.006008467521915022
2.679999999999987	0.0057888506636373975
2.6899999999999866	0.005576142776048518
2.6999999999999864	0.005370170877114264
2.709999999999986	0.005170764691229062
2.719999999999986	0.004977756659524945
2.7299999999999858	0.004790981956691509
2.7399999999999856	0.004610278500674695
2.7499999999999853	0.004435486960932568
2.759999999999985	0.0042664507563490205
2.769999999999985	0.004103016072209948
2.7799999999999847	0.003945031852911612
2.7899999999999845	0.003792349797120065
2.7999999999999843	0.0036448243640285804
2.809999999999984	0.0035023127669597275
2.819999999999984	0.0033646749558052767
2.8299999999999836	0.0032317736236693413
2.8399999999999834	0.0031034741873420713
2.849999999999983	0.0029796447744915963
2.859999999999983	0.002860156216703855
2.869999999999983	0.00274488202822752
2.8799999999999826	0.002633698391016332
2.8899999999999824	0.0025264841364861512
2.899999999999982	0.0024231207266324824
2.909999999999982	0.0023234922308596837
2.9199999999999817	0.002227485304388256
2.9299999999999815	0.0021349891697349742
2.9399999999999813	0.002045895584512283
2.949999999999981	0.0019600988189975286
2.959999999999981	0.0018774956314202924
2.9699999999999807	0.0017979852380597965
2.9799999999999804	0.0017214692826958554
2.9899999999999802	0.001647851813721489
2.99999999999998	0.001577039248081104
3.00999999999998	0.001508940338375425
3.0199999999999796	0.0014434661531742788
3.0299999999999794	0.0013805300292910078
3.039999999999979	0.0013200475482965444
3.049999999999979	0.0012619365021392305
3.0599999999999787	0.0012061168594719042
3.0699999999999785	0.0011525107238647481
3.0799999999999783	0.0011010423125538652
3.089999999999978	0.0010516379116446773
3.099999999999978	0.0010042258416666147
3.1099999999999777	0.000958736426505829
3.1199999999999775	0.0009151019533698068
3.1299999999999772	0.0008732566390757926
3.139999999999977	0.0008331365924167984
3.149999999999977	0.0007946797804158991
3.1599999999999766	0.0007578259900514059
3.1699999999999764	0.0007225167917611452
3.179999999999976	0.0006886955059757199
3.189999999999976	0.0006563071642108104
3.1999999999999758	0.0006252984739655998
3.2099999999999755	0.0005956177817919324
3.2199999999999753	0.0005672150454108025
3.229999999999975	0.0005400417784094383
3.239999999999975	0.0005140510395638867
3.2499999999999747	0.0004891973806565068
3.2599999999999745	0.00046543681703823173
3.2699999999999743	0.00044272679366882397
3.279999999999974	0.0004210261497158526
3.289999999999974	0.0004002950824026978
3.2999999999999736	0.0003804951174236469
3.3099999999999734	0.0003615890766046596
3.319999999999973	0.000343541037182852
3.329999999999973	0.000326316304018996
3.3399999999999728	0.00030988138222183304
3.3499999999999726	0.00029420393609131285
3.3599999999999723	0.0002792527653787955
3.369999999999972	0.00026499776932112633
3.379999999999972	0.00025140991882158736
3.3899999999999717	0.0002384612282706395
3.3999999999999715	0.00022612472126636897
3.4099999999999713	0.0002143744052002181
3.419999999999971	0.0002031852418486624
3.429999999999971	0.0001925331193938421
3.4399999999999706	0.0001823948249487295
3.4499999999999704	0.0001727480175923609
3.45999999999997	0.0001635712019196811
3.46999999999997	0.0001548437021085862
3.47999999999997	0.00014654563650650786
3.4899999999999696	0.0001386578927394541
3.4999999999999694	0.00013116210334436412
3.509999999999969	0.00012404062192452516
3.519999999999969	0.00011727649982895495
3.5299999999999687	0.00011085346335538718
3.5399999999999685	0.00010475589147288468
3.5499999999999683	0.00009896879406654947
3.559999999999968	0.00009347779069855154
3.569999999999968	0.00008826908988367001
3.5799999999999677	0.00008332946887657869
3.5899999999999674	0.00007864625396687202
3.5999999999999672	0.00007420730127658983
3.609999999999967	0.00007000097805738518
3.619999999999967	0.00006601614448133647
3.6299999999999666	0.00006224213591899766
3.6399999999999664	0.0000586687457030002
3.649999999999966	0.00005528620836595773
3.659999999999966	0.00005208518334929175
3.6699999999999657	0.00004905673917846186
3.6799999999999655	0.0000461923380928342
3.6899999999999653	0.00004348382112772487
3.699999999999965	0.00004092339363875352
3.709999999999965	0.000038503611262838564
3.7199999999999647	0.000036217366307513696
3.7299999999999645	0.00003405787456017921
3.7399999999999642	0.00003201866251161064
3.749999999999964	0.000030093554983417758
3.759999999999964	0.000028276663153315032
3.7699999999999636	0.000026562372969195063
3.7799999999999634	0.000024945333943681673
3.789999999999963	0.0000234204483218956
3.799999999999963	0.00002198286061347533
3.8099999999999627	0.00002062794748078298
3.8199999999999625	0.00001935130797489807
3.8299999999999623	0.000018148754111454346
3.839999999999962	0.00001701630177817848
3.849999999999962	0.0000159501619648943
3.8599999999999617	0.000014946732309280733
3.8699999999999615	0.000014002588949109927
3.8799999999999613	0.000013114478673740275
3.889999999999961	0.000012279311365163508
3.899999999999961	0.000011494152723681094
3.9099999999999606	0.000010756217266477345
3.9199999999999604	0.000010062861595003625
3.92999999999996	9.411577920569365e-6
3.93999999999996	8.799987842389272e-6
3.9499999999999598	8.225836369561778e-6
3.9599999999999596	7.686986180183057e-6
3.9699999999999593	7.1814121095142635e-6
3.979999999999959	6.707195861270245e-6
3.989999999999959	6.262520933419202e-6
3.9999999999999587	5.845667753283543e-6
4.009999999999959	5.455009013510475e-6
4.019999999999959	5.08900520344122e-6
4.0299999999999585	4.746200328817764e-6
4.039999999999958	4.425217813156602e-6
4.049999999999958	4.1247565754427725e-6
4.059999999999958	3.843587276864211e-6
4.069999999999958	3.580548731541778e-6
4.079999999999957	3.3345444749572664e-6
4.089999999999957	3.1045394844675984e-6
4.099999999999957	2.8895570459746204e-6
4.109999999999957	2.688675762193769e-6
4.119999999999957	2.5010266965584833e-6
4.129999999999956	2.3257906471620953e-6
4.139999999999956	2.1621955476742516e-6
4.149999999999956	2.0095139873619346e-6
4.159999999999956	1.8670608484668716e-6
4.1699999999999555	1.734191054248581e-6
4.179999999999955	1.6102974246212758e-6
4.189999999999955	1.4948086336933078e-6
4.199999999999955	1.3871872666928742e-6
4.209999999999955	1.2869279704484124e-6
4.2199999999999545	1.193555694527505e-6
4.229999999999954	1.106624020093936e-6
4.239999999999954	1.0257135696060544e-6
4.249999999999954	9.504304985016649e-7
4.259999999999954	8.804050607408103e-7
4.269999999999953	8.152902481352118e-7
4.279999999999953	7.547604989955827e-7
4.289999999999953	6.985104729565636e-7
4.299999999999953	6.462538888114288e-7
4.3099999999999525	5.977224251086353e-7
4.319999999999952	5.526646738465149e-7
4.329999999999952	5.108451553792889e-7
4.339999999999952	4.720433799888883e-7
4.349999999999952	4.360529636289089e-7
4.3599999999999515	4.0268078959223697e-7
4.369999999999951	3.7174621607143613e-7
4.379999999999951	3.4308032664778734e-7
4.389999999999951	3.1652522234646773e-7
4.399999999999951	2.919333526273205e-7
4.40999999999995	2.6916688331060544e-7
4.41999999999995	2.480971006802155e-7
4.42999999999995	2.2860384801887007e-7
4.43999999999995	2.105749950071103e-7
4.4499999999999496	1.9390593760619983e-7
4.459999999999949	1.7849912482361443e-7
4.469999999999949	1.642636157374236e-7
4.479999999999949	1.5111465898610037e-7
4.489999999999949	1.3897329986179092e-7
4.4999999999999485	1.2776600804185008e-7
4.509999999999948	1.1742432928276433e-7
4.519999999999948	1.0788455648895355e-7
4.529999999999948	9.908742090520736e-8
4.539999999999948	9.09778021285077e-8
4.549999999999947	8.350445583266957e-8
4.559999999999947	7.661975725096993e-8
4.569999999999947	7.027946120269516e-8
4.579999999999947	6.444247656030109e-8
4.589999999999947	5.9070654899867655e-8
4.599999999999946	5.4128591501821096e-8
4.609999999999946	4.958344058893232e-8
4.619999999999946	4.540474038380865e-8
4.629999999999946	4.156425036367834e-8
4.6399999999999455	3.8035798213522215e-8
4.649999999999945	3.4795137342131095e-8
4.659999999999945	3.181981290565994e-8
4.669999999999945	2.9089036867376754e-8
4.679999999999945	2.658357119310071e-8
4.689999999999944	2.428561859660552e-8
4.699999999999944	2.2178720519498296e-8
4.709999999999944	2.024766181328477e-8
4.719999999999944	1.8478382251409865e-8
4.729999999999944	1.6857892991416076e-8
4.739999999999943	1.5374199655940905e-8
4.749999999999943	1.4016229996564494e-8
4.759999999999943	1.2773767077451003e-8
4.769999999999943	1.1637386020547392e-8
4.7799999999999425	1.0598396144614915e-8
4.789999999999942	9.648787180170473e-9