-5.889999999999919	9.931566222697197e-8
-5.879999999999919	1.0416358879857203e-7
-5.869999999999919	1.0924120055332615e-7
-5.8599999999999195	1.1455902505572272e-7
-5.84999999999992	1.2012805635436427e-7
-5.83999999999992	1.259597721800854e-7
-5.82999999999992	1.3206615580598496e-7
-5.81999999999992	1.3845971697544847e-7
-5.809999999999921	1.4515351432133128e-7
-5.799999999999921	1.521611781695279e-7
-5.789999999999921	1.594969344250896e-7
-5.779999999999921	1.6717562994971003e-7
-5.769999999999921	1.7521275785873064e-7
-5.759999999999922	1.8362448513260723e-7
-5.749999999999922	1.9242767868793314e-7
-5.739999999999922	2.0163994050061939e-7
-5.729999999999922	2.112796278289215e-7
-5.7199999999999225	2.213658960051523e-7
-5.709999999999923	2.3191872272827265e-7
-5.699999999999923	2.429589419113985e-7
-5.689999999999923	2.5450828764599815e-7
-5.679999999999923	2.665894194360183e-7
-5.6699999999999235	2.7922597009863877e-7
-5.659999999999924	2.9244258028184966e-7
-5.649999999999924	3.0626494011632697e-7
-5.639999999999924	3.20719832837349e-7
-5.629999999999924	3.3583517828536715e-7
-5.619999999999925	3.5164007958313233e-7
-5.609999999999925	3.6816487067670523e-7
-5.599999999999925	3.8544116607393214e-7
-5.589999999999925	4.0350191236615406e-7
-5.5799999999999255	4.223814418084905e-7
-5.569999999999926	4.4211552763717785e-7
-5.559999999999926	4.6274144204297804e-7
-5.549999999999926	4.842980156689483e-7
-5.539999999999926	5.068256998937664e-7
-5.5299999999999265	5.303666311768619e-7
-5.519999999999927	5.549646977761058e-7
-5.509999999999927	5.806656092107283e-7
-5.499999999999927	6.075169680894756e-7
-5.489999999999927	6.355683447078535e-7
-5.479999999999928	6.648713543178602e-7
-5.469999999999928	6.954797374768783e-7
-5.459999999999928	7.274494430437048e-7
-5.449999999999928	7.608387145761477e-7
-5.4399999999999284	7.957081796124895e-7
-5.429999999999929	8.321209422571136e-7
-5.419999999999929	8.701426795196051e-7
-5.409999999999929	9.098417404895833e-7
-5.399999999999929	9.512892498503595e-7
-5.3899999999999295	9.945592146507689e-7
-5.37999999999993	1.0397286349995288e-6
-5.36999999999993	1.0868776189116777e-6
-5.35999999999993	1.1360895012461848e-6
-5.34999999999993	1.187450966674762e-6
-5.339999999999931	1.2410521775195013e-6
-5.329999999999931	1.2969869055821368e-6
-5.319999999999931	1.3553526690810125e-6
-5.309999999999931	1.4162508743556494e-6
-5.299999999999931	1.479786962377576e-6
-5.289999999999932	1.5460705606559627e-6
-5.279999999999932	1.6152156401454313e-6
-5.269999999999932	1.6873406790721886e-6
-5.259999999999932	1.762568829229939e-6
-5.2499999999999325	1.8410280924708316e-6
-5.239999999999933	1.9228514991593106e-6
-5.229999999999933	2.008177295631578e-6
-5.219999999999933	2.09714913716375e-6
-5.209999999999933	2.189916287366027e-6
-5.199999999999934	2.286633824783841e-6
-5.189999999999934	2.38746285643218e-6
-5.179999999999934	2.4925707386054443e-6
-5.169999999999934	2.602131305468225e-6
-5.159999999999934	2.71632510482394e-6
-5.149999999999935	2.835339642519957e-6
-5.139999999999935	2.959369634739566e-6
-5.129999999999935	3.0886172688424877e-6
-5.119999999999935	3.223292472803765e-6
-5.1099999999999355	3.3636131941947897e-6
-5.099999999999936	3.5098056874757384e-6
-5.089999999999936	3.662104807308977e-6
-5.079999999999936	3.820754334534993e-6
-5.069999999999936	3.98600727143389e-6
-5.0599999999999365	4.158126162197191e-6
-5.049999999999937	4.337383464871622e-6
-5.039999999999937	4.524061887508405e-6
-5.029999999999937	4.718454726884682e-6
-5.019999999999937	4.920866282551964e-6
-5.009999999999938	5.131612192925264e-6
-4.999999999999938	5.351019878962246e-6
-4.989999999999938	5.5794289154734765e-6
-4.979999999999938	5.817191487616704e-6
-4.9699999999999385	6.064672808883595e-6
-4.959999999999939	6.322251566565631e-6
-4.949999999999939	6.590320409727389e-6
-4.939999999999939	6.869286407766331e-6
-4.929999999999939	7.159571548307655e-6
-4.9199999999999395	7.461613256646299e-6
-4.90999999999994	7.77586492029993e-6
-4.89999999999994	8.102796414879411e-6
-4.88999999999994	8.442894692154603e-6
-4.87999999999994	8.796664333944088e-6
-4.869999999999941	9.164628152077116e-6
-4.859999999999941	9.547327815371487e-6
-4.849999999999941	9.945324456815807e-6
-4.839999999999941	0.000010359199344112125
-4.8299999999999415	0.000010789554544037488
-4.819999999999942	0.00001123701361607212
-4.809999999999942	0.000011702222309938127
-4.799999999999942	0.000012185849325043075
-4.789999999999942	0.000012688587045362602
-4.7799999999999425	0.00001321115232289056
-4.769999999999943	0.000013754287281687646
-4.759999999999943	0.000014318760136648945
-4.749999999999943	0.000014905366049311688
-4.739999999999943	0.00001551492799267567
-4.729999999999944	0.000016148297663868948
-4.719999999999944	0.000016806356397192582
-4.709999999999944	0.00001749001611869678
-4.699999999999944	0.000018200220341106843
-4.689999999999944	0.000018937945144991143
-4.679999999999945	0.00001970420023633278
-4.669999999999945	0.000020500030015683522
-4.659999999999945	0.0000213265146541128
-4.649999999999945	0.000022184771238449792
-4.6399999999999455	0.0000230759549344894
-4.629999999999946	0.00002400126016397525
-4.619999999999946	0.000024961921839033646
-4.609999999999946	0.000025959216622472794
-4.599999999999946	0.000026994464223699787
-4.589999999999947	0.000028069028714343805
-4.579999999999947	0.00002918431992414193
-4.569999999999947	0.00003034179481571845
-4.559999999999947	0.00003154295894104918
-4.549999999999947	0.000032789367926396205
-4.539999999999948	0.00003408262897909039
-4.529999999999948	0.00003542440246315197
-4.519999999999948	0.00003681640350121498
-4.509999999999948	0.0000382604036144083
-4.4999999999999485	0.00003975823240969044
-4.489999999999949	0.00004131177933096131
-4.479999999999949	0.00004292299542260419
-4.469999999999949	0.00004459389515945731
-4.459999999999949	0.000046326558323255294
-4.4499999999999496	0.000048123131924837055
-4.43999999999995	0.000049985832164399154
-4.42999999999995	0.00005191694646445859
-4.41999999999995	0.000053918835545440516
-4.40999999999995	0.00005599393552957537
-4.399999999999951	0.00005814476014193679
-4.389999999999951	0.0000603739029406863
-4.379999999999951	0.00006268403958151194
-4.369999999999951	0.00006507793018870357
-4.3599999999999515	0.00006755842175159568
-4.349999999999952	0.00007012845057057344
-4.339999999999952	0.0000727910447910738
-4.329999999999952	0.00007554932699243624
-4.319999999999952	0.00007840651680922728
-4.3099999999999525	0.00008136593365235251
-4.299999999999953	0.00008443099948578151
-4.289999999999953	0.00008760524164137408
-4.279999999999953	0.00009089229574035576
-4.269999999999953	0.00009429590865914049
-4.259999999999954	0.00009781994156409566
-4.249999999999954	0.00010146837301672006
-4.239999999999954	0.00010524530217638832
-4.229999999999954	0.00010915495201986516
-4.2199999999999545	0.00011320167268934352
-4.209999999999955	0.00011738994488855566
-4.199999999999955	0.0001217243833537487
-4.189999999999955	0.00012620974040238828
-4.179999999999955	0.00013085090958385613
-4.1699999999999555	0.00013565292936940784
-4.159999999999956	0.0001406209869453284
-4.149999999999956	0.00014576042209727243
-4.139999999999956	0.0001510767311497562
-4.129999999999956	0.0001565755710048879
-4.119999999999957	0.00016226276327980314
-4.109999999999957	0.00016814429851083046
-4.099999999999957	0.00017422634043075415
-4.089999999999957	0.00018051523037457173
-4.079999999999957	0.0001870174917583686
-4.069999999999958	0.0001937398346129029
-4.059999999999958	0.00020068916027039119
-4.049999999999958	0.00020787256610318183
-4.039999999999958	0.00021529735035142139
-4.0299999999999585	0.0002229710170758446
-4.019999999999959	0.00023090128119812573
-4.009999999999959	0.0002390960735999007
-3.9999999999999587	0.00024756354637264956
-3.989999999999959	0.0002563120781443207
-3.979999999999959	0.000265350279481853
-3.9699999999999593	0.0002746869984359969
-3.9599999999999596	0.00028433132616076205
-3.9499999999999598	0.0002942926026424122
-3.93999999999996	0.0003045804225179593
-3.92999999999996	0.0003152046410367303
-3.9199999999999604	0.0003261753800723882
-3.9099999999999606	0.00033750303427269114
-3.899999999999961	0.0003491982773167633
-3.889999999999961	0.0003612720682685784
-3.8799999999999613	0.0003737356580215587
-3.8699999999999615	0.00038660059590083455
-3.8599999999999617	0.0003998787363153116
-3.849999999999962	0.00041358224554091026
-3.839999999999962	0.00042772360863870294
-3.8299999999999623	0.00044231563644225646
-3.8199999999999625	0.0004573714726568155
-3.8099999999999627	0.0004729046011125776
-3.799999999999963	0.0004889288530750587
-3.789999999999963	0.0005054584146904673
-3.7799999999999634	0.0005225078345372417
-3.7699999999999636	0.0005400920312917043
-3.759999999999964	0.0005582263014920075
-3.749999999999964	0.0005769263274188629
-3.7399999999999642	0.0005962081850978997
-3.7299999999999645	0.0006160883523684403
-3.7199999999999647	0.0006365837171173454
-3.709999999999965	0.0006577115855900578
-3.699999999999965	0.0006794896907965114
-3.6899999999999653	0.0007019362010520719
-3.6799999999999655	0.0007250697286179224
-3.6699999999999657	0.0007489093384195803
-3.659999999999966	0.0007734745569089834
-3.649999999999966	0.0007987853810076163
-3.6399999999999664	0.0008248622871511233
-3.6299999999999666	0.0008517262404363742
-3.619999999999967	0.0008793987038918706
-3.609999999999967	0.0009079016477910996
-3.5999999999999672	0.0009372575591215929
-3.5899999999999674	0.0009674894511228445
-3.5799999999999677	0.000998620872884509
-3.569999999999968	0.0010306759191063852
-3.559999999999968	0.0010636792399067682
-3.5499999999999683	0.0010976560507003521
-3.5399999999999685	0.001132632142179394
-3.5299999999999687	0.001168633890412
-3.519999999999969	0.0012056882669263318
-3.509999999999969	0.0012438228489822603
-3.4999999999999694	0.0012830658298516866
-3.4899999999999696	0.001323446029175047
-3.47999999999997	0.0013649929033874453
-3.46999999999997	0.0014077365562387523
-3.45999999999997	0.0014517077493301114
-3.4499999999999704	0.0014969379127340858
-3.4399999999999706	0.0015434591556657286
-3.429999999999971	0.001591304277203259
-3.419999999999971	0.0016405067770426688
-3.4099999999999713	0.0016911008663029478
-3.3999999999999715	0.0017431214783830149
-3.3899999999999717	0.0017966042798122767
-3.379999999999972	0.0018515856811666628
-3.369999999999972	0.0019081028479969665
-3.3599999999999723	0.001966193711748645
-3.3499999999999726	0.00202589698072518
-3.3399999999999728	0.002087252151072224
-3.329999999999973	0.0021502995176935443
-3.319999999999973	0.0022150801852291713
-3.3099999999999734	0.002281636079017389
-3.2999999999999736	0.002350009955983176
-3.289999999999974	0.0024202454155673853
-3.279999999999974	0.0024923869105955786
-3.2699999999999743	0.002566479758114554
-3.2599999999999745	0.002642570150162031
-3.2499999999999747	0.002720705164546253
-3.239999999999975	0.002800932775492437
-3.229999999999975	0.0028833018642629273
-3.2199999999999753	0.0029678622297150572
-3.2099999999999755	0.003054664598739902
-3.1999999999999758	0.0031437606366198695
-3.189999999999976	0.003235202957323841
-3.179999999999976	0.0033290451336454078
-3.1699999999999764	0.003425341707236979
-3.1599999999999766	0.003524148198550527
-3.149999999999977	0.0036255211166065435
-3.139999999999977	0.0037295179686092483
-3.1299999999999772	0.0038361972694563205
-3.1199999999999775	0.003945618551049327
-3.1099999999999777	0.004057842371411545
-3.099999999999978	0.004172930323671687
-3.089999999999978	0.004290945044820352
-3.0799999999999783	0.004411950224251859
-3.0699999999999785	0.004536010612105714
-3.0599999999999787	0.0046631920273942275
-3.049999999999979	0.004793561365836307
-3.039999999999979	0.004927186607497969
-3.0299999999999794	0.005064136824156499
-3.0199999999999796	0.005204482186347717
-3.00999999999998	0.0053482939701765915
-2.99999999999998	0.005495644563826414
-2.9899999999999802	0.005646607473699544
-2.9799999999999804	0.005801257330297273
-2.9699999999999807	0.005959669893743465
-2.959999999999981	0.006121922058929386
-2.949999999999981	0.006288091860319966
-2.9399999999999813	0.006458258476402321
-2.9299999999999815	0.006632502233693949
-2.9199999999999817	0.006810904610370551
-2.909999999999982	0.006993548239505373
-2.899999999999982	0.007180516911817836
-2.8899999999999824	0.007371895578007189
-2.8799999999999826	0.007567770350640889
-2.869999999999983	0.007768228505537618
-2.859999999999983	0.007973358482660864
-2.849999999999983	0.008183249886547037
-2.8399999999999834	0.008397993486163812
-2.8299999999999836	0.008617681214261073
-2.819999999999984	0.008842406166173237
-2.809999999999984	0.009072262598057348
-2.7999999999999843	0.009307345924522595
-2.7899999999999845	0.009547752715721518
-2.7799999999999847	0.00979358069378847
-2.769999999999985	0.0100449287286588
-2.759999999999985	0.010301896833254423
-2.7499999999999853	0.010564586158039268
-2.7399999999999856	0.010833098984835442
-2.7299999999999858	0.011107538720025794
-2.719999999999986	0.011388009887034667
-2.709999999999986	0.01167461811805113
-2.6999999999999864	0.011967470145071666
-2.6899999999999866	0.012266673790193389
-2.679999999999987	0.012572337955090006
-2.669999999999987	0.012884572609774127
-2.6599999999999873	0.013203488780545749
-2.6499999999999875	0.013529198537106846
-2.6399999999999877	0.013861814978883266
-2.629999999999988	0.014201452220527027
-2.619999999999988	0.014548225376510144
-2.6099999999999883	0.014902250544889554
-2.5999999999999885	0.015263644790216377
-2.5899999999999888	0.015632526125490053
-2.579999999999989	0.016009013493238224
-2.569999999999989	0.016393226745691818
-2.5599999999999894	0.016785286623998724
-2.5499999999999896	0.017185314736475013
-2.53999999999999	0.017593433535952448
-2.52999999999999	0.018009766296095596
-2.5199999999999902	0.018434437086740463
-2.5099999999999905	0.018867570748271927
-2.4999999999999907	0.01930929286495752
-2.489999999999991	0.01975972973724226
-2.479999999999991	0.020219008353082518
-2.4699999999999913	0.02068725635816304
-2.4599999999999915	0.021164602025074954
-2.4499999999999917	0.021651174221470004
-2.439999999999992	0.02214710237712131
-2.429999999999992	0.022652516449856525
-2.4199999999999924	0.02316754689047497
-2.4099999999999926	0.02369232460653126
-2.399999999999993	0.024226980924991644
-2.389999999999993	0.02477164755381443
-2.3799999999999932	0.0253264565424185
-2.3699999999999934	0.02589154024096435
-2.3599999999999937	0.026467031258570767
-2.349999999999994	0.027053062420383682
-2.339999999999994	0.02764976672346256
-2.3299999999999943	0.028257277291570043
-2.3199999999999945	0.028875727328828232
-2.3099999999999947	0.029505250072168056
-2.299999999999995	0.03014597874266844
-2.289999999999995	0.030798046495774733
-2.2799999999999954	0.03146158637030062
-2.2699999999999956	0.03213673123632164
-2.259999999999996	0.03282361374193436
-2.249999999999996	0.03352236625884667
-2.239999999999996	0.03423312082681197
-2.2299999999999964	0.03495600909699003
-2.2199999999999966	0.03569116227410572
-2.209999999999997	0.03643871105749591
-2.199999999999997	0.037198785581086836
-2.1899999999999973	0.03797151535219787
-2.1799999999999975	0.03875702918924609
-2.1699999999999977	0.03955545515841566
-2.159999999999998	0.04036692050916783
-2.149999999999998	0.04119155160871033
-2.1399999999999983	0.04202947387541826
-2.1299999999999986	0.04288081171119413
-2.1199999999999988	0.04374568843275726
-2.109999999999999	0.04462422620198013
-2.099999999999999	0.045516545955186775
-2.0899999999999994	0.046422767331433794
-2.0799999999999996	0.04734300859988523
-2.07	0.048277386586216
-2.06	0.049226016598036444
-2.0500000000000003	0.050189012349483426
-2.0400000000000005	0.051166485884899575
-2.0300000000000007	0.0521585475016139
-2.020000000000001	0.053165305671929036
-2.010000000000001	0.054186866964310305
-2.0000000000000013	0.05522333596372604
-1.9900000000000015	0.05627481519127725
-1.9800000000000015	0.057341405023119
-1.9700000000000015	0.05842320360861821
-1.9600000000000015	0.05952030678788814
-1.9500000000000015	0.06063280800870365
-1.9400000000000015	0.061760798242779594
-1.9300000000000015	0.06290436590147365
-1.9200000000000015	0.0640635967510309
-1.9100000000000015	0.06523857382725023
-1.9000000000000015	0.06642937734971445
-1.8900000000000015	0.06763608463566036
-1.8800000000000014	0.06885877001340299
-1.8700000000000014	0.0700975047354259
-1.8600000000000014	0.07135235689125186
-1.8500000000000014	0.07262339131997535
-1.8400000000000014	0.07391066952262161
-1.8300000000000014	0.07521424957437482
-1.8200000000000014	0.0765341860366561
-1.8100000000000014	0.07787052986911239
-1.8000000000000014	0.07922332834165835
-1.7900000000000014	0.08059262494650425
-1.7800000000000014	0.081978459310232
-1.7700000000000014	0.08338086710608185
-1.7600000000000013	0.08479987996639853
-1.7500000000000013	0.0862355253952267
-1.7400000000000013	0.08768782668135316
-1.7300000000000013	0.08915680281160225
-1.7200000000000013	0.0906424683845154
-1.7100000000000013	0.09214483352455247
-1.7000000000000013	0.09366390379680425
-1.6900000000000013	0.09519968012222788
-1.6800000000000013	0.09675215869356567
-1.6700000000000013	0.09832133089197723
-1.6600000000000013	0.09990718320435123
-1.6500000000000012	0.1015096971414917
-1.6400000000000012	0.103128849157208
-1.6300000000000012	0.10476461056826644
-1.6200000000000012	0.10641694747538927
-1.6100000000000012	0.10808582068537305
-1.6000000000000012	0.10977118563421578
-1.5900000000000012	0.11147299231155183
-1.5800000000000012	0.11319118518630726
-1.5700000000000012	0.11492570313366215
-1.5600000000000012	0.11667647936340085
-1.5500000000000012	0.11844344134978321
-1.5400000000000011	0.1202265107628617
-1.5300000000000011	0.12202560340139937
-1.5200000000000011	0.12384062912749942
-1.5100000000000011	0.12567149180289702
-1.500000000000001	0.12751808922701774
-1.490000000000001	0.12938031307697292
-1.480000000000001	0.13125804884941716
-1.470000000000001	0.13315117580435604
-1.460000000000001	0.13505956691109114
-1.450000000000001	0.1369830887962301
-1.440000000000001	0.13892160169385778
-1.430000000000001	0.14087495939799008
-1.420000000000001	0.1428430092173523
-1.410000000000001	0.14482559193245248
-1.400000000000001	0.1468225417551824
-1.390000000000001	0.14883368629089383
-1.380000000000001	0.1508588465029905
-1.370000000000001	0.152897836680195
-1.360000000000001	0.15495046440652338
-1.350000000000001	0.15701653053391493
-1.340000000000001	0.15909582915773623
-1.330000000000001	0.16118814759517477
-1.320000000000001	0.16329326636646224
-1.310000000000001	0.1654109591791315
-1.300000000000001	0.16754099291534338
-1.290000000000001	0.1696831276222076
-1.280000000000001	0.17183711650529335
-1.270000000000001	0.17400270592536815
-1.260000000000001	0.17617963539829415
-1.2500000000000009	0.17836763759824492
-1.2400000000000009	0.18056643836432376
-1.2300000000000009	0.1827757567104718
-1.2200000000000009	0.18499530483881585
-1.2100000000000009	0.187224788156568
-1.2000000000000008	0.189463905296348
-1.1900000000000008	0.19171234814004534
-1.1800000000000008	0.19396980184635776
-1.1700000000000008	0.19623594488188356
-1.1600000000000008	0.19851044905583856
-1.1500000000000008	0.20079297955855605
-1.1400000000000008	0.20308319500363647
-1.1300000000000008	0.20538074747381843
-1.1200000000000008	0.20768528257067367
-1.1100000000000008	0.2099964394680959
-1.1000000000000008	0.21231385096950497
-1.0900000000000007	0.21463714356900077
-1.0800000000000007	0.21696593751632967
-1.0700000000000007	0.2192998468856327
-1.0600000000000007	0.22163847964815964
-1.0500000000000007	0.2239814377488625
-1.0400000000000007	0.22632831718677543
-1.0300000000000007	0.22867870809937968
-1.0200000000000007	0.23103219485085882
-1.0100000000000007	0.23338835612416642
-1.0000000000000007	0.23574676501703937
-0.9900000000000007	0.23810698914192718
-0.9800000000000006	0.2404685907296782
-0.9700000000000006	0.24283112673715687
-0.9600000000000006	0.24519414895874478
-0.9500000000000006	0.24755720414155383
-0.9400000000000006	0.2499198341044921
-0.9300000000000006	0.2522815758611868
-0.9200000000000006	0.2546419617465419
-0.9100000000000006	0.2570005195470469
-0.9000000000000006	0.259356772634867
-0.8900000000000006	0.2617102401054847
-0.8800000000000006	0.2640604369189652
-0.8700000000000006	0.2664068740448917
-0.8600000000000005	0.2687490586107513
-0.8500000000000005	0.2710864940537846
-0.8400000000000005	0.27341868027639127
-0.8300000000000005	0.27574511380482636
-0.8200000000000005	0.27806528795118807
-0.8100000000000005	0.28037869297880486
-0.8000000000000005	0.2826848162707554
-0.7900000000000005	0.28498314250146656
-0.7800000000000005	0.287273153812184
-0.7700000000000005	0.2895543299859962
-0.7600000000000005	0.2918261486327308
-0.7500000000000004	0.29408808536958964
-0.7400000000000004	0.2963396140082742
-0.7300000000000004	0.29858020674393554
-0.7200000000000004	0.3008093343468627
-0.7100000000000004	0.30302646635669483
-0.7000000000000004	0.30523107127895066
-0.6900000000000004	0.30742261678403043
-0.6800000000000004	0.3096005699084903
-0.6700000000000004	0.31176439725832794
-0.6600000000000004	0.31391356521443264
-0.6500000000000004	0.31604754014005343
-0.6400000000000003	0.31816578858995315
-0.6300000000000003	0.3202677775213983
-0.6200000000000003	0.32235297450686945
-0.6100000000000003	0.32442084794815074
-0.6000000000000003	0.32647086729187774
-0.5900000000000003	0.32850250324650604
-0.5800000000000003	0.3305152280002899
-0.5700000000000003	0.3325085154403838
-0.5600000000000003	0.3344818413729862
-0.5500000000000003	0.33643468374419266
-0.5400000000000003	0.33836652286078295
-0.5300000000000002	0.3402768416154063
-0.5200000000000002	0.3421651257048328
-0.5100000000000002	0.34403086385565224
-0.5000000000000002	0.3458735480468065
-0.49000000000000027	0.34769267373275053
-0.48000000000000026	0.34948774006642147
-0.47000000000000025	0.35125825012226447
-0.46000000000000024	0.3530037111188252
-0.45000000000000023	0.3547236346407554
-0.4400000000000002	0.35641753686022665
-0.4300000000000002	0.3580849387579832
-0.4200000000000002	0.3597253663426975
-0.4100000000000002	0.36133835087024224
-0.4000000000000002	0.36292342906122255
-0.3900000000000002	0.36448014331722184
-0.38000000000000017	0.3660080419359825
-0.37000000000000016	0.36750667932471054
-0.36000000000000015	0.36897561621169306
-0.35000000000000014	0.3704144198562776
-0.34000000000000014	0.3718226642566806
-0.3300000000000001	0.37319993035566573
-0.3200000000000001	0.3745458062441652
-0.3100000000000001	0.3758598873623685
-0.3000000000000001	0.37714177669824434
-0.2900000000000001	0.37839108498359014
-0.2800000000000001	0.3796074308871778
-0.2700000000000001	0.3807904412049063
-0.26000000000000006	0.3819397510470909
-0.25000000000000006	0.38305500402249554
-0.24000000000000007	0.38413585241895787
-0.23000000000000007	0.3851819573807501
-0.22000000000000006	0.3861929890823511
-0.21000000000000005	0.3871686268982865
-0.20000000000000004	0.3881085595699734
-0.19000000000000003	0.3890124853673249
-0.18000000000000002	0.3898801122475226
-0.17	0.39071115800910267
-0.16	0.3915053504419358
-0.15	0.3922624274727093
-0.13999999999999999	0.39298213730604203
-0.12999999999999998	0.3936642385610632
-0.11999999999999998	0.39430850040317267
-0.10999999999999999	0.3949147026711084
-0.09999999999999999	0.3954826359992092
-0.09	0.39601210193458175
-0.08	0.3965029130492597
-0.07	0.396954893047313
-0.060000000000000005	0.3973678768665938
-0.05	0.39774171077525616
-0.04	0.39807625246289713
-0.03	0.3983713711262292
-0.02	0.39862694754918304
-0.01	0.3988428741775391
0	0.39901905518781156
0.01	0.3991554065504037
0.02	0.39925185608711244
0.03	0.39930834352273775
0.04	0.3993248205307851
0.05	0.3993012507733834
0.060000000000000005	0.39923760993519586
0.07	0.39913388575130354
0.08	0.3989900780291785
0.09	0.39880619866458783
0.09999999999999999	0.39858227165137544
0.10999999999999999	0.39831833308525194
0.11999999999999998	0.3980144311614953
0.12999999999999998	0.3976706261664577
0.13999999999999999	0.3972869904630671
0.15	0.39686360847022806
0.16	0.3964005766360195
0.17	0.3958980034048867
0.18000000000000002	0.3953560091787711
0.19000000000000003	0.39477472627207627
0.20000000000000004	0.3941542988606544
0.21000000000000005	0.39349488292480306
0.22000000000000006	0.3927966461861963
0.23000000000000007	0.39205976803888876
0.24000000000000007	0.3912844394744587
0.25000000000000006	0.39047086300118033
0.26000000000000006	0.3896192525573977
0.2700000000000001	0.38872983341918255
0.2800000000000001	0.3878028421021745
0.2900000000000001	0.38683852625776943
0.3000000000000001	0.3858371445637865
0.3100000000000001	0.38479896660950946
0.3200000000000001	0.383724272775258
0.3300000000000001	0.38261335410665004
0.34000000000000014	0.38146651218348404
0.35000000000000014	0.38028405898336337
0.36000000000000015	0.37906631674025965
0.37000000000000016	0.37781361779797434
0.38000000000000017	0.37652630445859014
0.3900000000000002	0.37520472882615025
0.4000000000000002	0.37384925264552604
0.4100000000000002	0.3724602471365713
0.4200000000000002	0.371038092823806
0.4300000000000002	0.36958317936162965
0.4400000000000002	0.36809590535513154
0.45000000000000023	0.36657667817677053
0.46000000000000024	0.3650259137789401
0.47000000000000025	0.363444036502502
0.48000000000000026	0.36183147888150813
0.49000000000000027	0.36018868144422433
0.5000000000000002	0.35851609251056493
0.5100000000000002	0.35681416798567406
0.5200000000000002	0.35508337115108096
0.5300000000000002	0.35332417245170294
0.5400000000000003	0.35153704928027507
0.5500000000000003	0.34972248575881293
0.5600000000000003	0.34788097251721356
0.5700000000000003	0.34601300646926103
0.5800000000000003	0.3441190905861927
0.5900000000000003	0.3421997336678481
0.6000000000000003	0.3402554501116343
0.6100000000000003	0.3382867596795192
0.6200000000000003	0.3362941872630452
0.6300000000000003	0.33427826264661575
0.6400000000000003	0.33223952026924175
0.6500000000000004	0.3301784989847939
0.6600000000000004	0.32809574182095247
0.6700000000000004	0.3259917957370924
0.6800000000000004	0.3238672113811453
0.6900000000000004	0.32172254284559315
0.7000000000000004	0.3195583474228796
0.7100000000000004	0.3173751853602537
0.7200000000000004	0.3151736196142049
0.7300000000000004	0.31295421560476683
0.7400000000000004	0.31071754096972976
0.7500000000000004	0.3084641653188948
0.7600000000000005	0.30619465998865236
0.7700000000000005	0.3039095977969085
0.7800000000000005	0.30160955279855534
0.7900000000000005	0.2992951000416412
0.8000000000000005	0.29696681532440994
0.8100000000000005	0.29462527495325236
0.8200000000000005	0.2922710555018537
0.8300000000000005	0.2899047335716116
0.8400000000000005	0.28752688555341704
0.8500000000000005	0.2851380873910279
0.8600000000000005	0.28273891434616905
0.8700000000000006	0.2803299407653791
0.8800000000000006	0.27791173984886447
0.8900000000000006	0.2754848834214801
0.9000000000000006	0.2730499417058662
0.9100000000000006	0.2706074830979591
0.9200000000000006	0.2681580739450199
0.9300000000000006	0.26570227832619936
0.9400000000000006	0.26324065783583306
0.9500000000000006	0.26077377136961716
0.9600000000000006	0.25830217491365853
0.9700000000000006	0.2558264213366268
0.9800000000000006	0.25334706018506475
0.9900000000000007	0.25086463748197996
1.0000000000000007	0.24837969552875244
1.0100000000000007	0.24589277271059964
1.0200000000000007	0.24340440330555788
1.0300000000000007	0.24091511729710452
1.0400000000000007	0.23842544019057513
1.0500000000000007	0.2359358928334017
1.0600000000000007	0.23344699123921736
1.0700000000000007	0.23095924641603274
1.0800000000000007	0.22847316419843608
1.0900000000000007	0.22598924508392906
1.1000000000000008	0.22350798407349026
1.1100000000000008	0.2210298705164338
1.1200000000000008	0.21855538795931612
1.1300000000000008	0.2160850140003772
1.1400000000000008	0.21361922014626933
1.1500000000000008	0.21115847167538113
1.1600000000000008	0.20870322750466772
1.1700000000000008	0.20625394006130243
1.1800000000000008	0.20381105515888312
1.1900000000000008	0.2013750118783346
1.2000000000000008	0.19894624245352438
1.2100000000000009	0.1965251721615322
1.2200000000000009	0.1941122192176875
1.2300000000000009	0.19170779467539764
1.2400000000000009	0.18931230233070165
1.2500000000000009	0.18692613863161295
1.260000000000001	0.18454969259232104
1.270000000000001	0.18218334571211559
1.280000000000001	0.17982747189915765
1.290000000000001	0.17748243739905487
1.300000000000001	0.17514860072822516
1.310000000000001	0.1728263126120228
1.320000000000001	0.17051591592759036
1.330000000000001	0.16821774565198913
1.340000000000001	0.16593212881392327
1.350000000000001	0.1636593844513708
1.360000000000001	0.16139982357333038
1.370000000000001	0.15915374912628902
1.380000000000001	0.15692145596540302
1.390000000000001	0.1547032308302461
1.400000000000001	0.1524993523250849
1.410000000000001	0.1503100909037315
1.420000000000001	0.14813570885886468
1.430000000000001	0.1459764603157275
1.440000000000001	0.14383259123027584
1.450000000000001	0.14170433939162205
1.460000000000001	0.13959193442876366
1.470000000000001	0.13749559782150927
1.480000000000001	0.1354155429156189
1.490000000000001	0.13335197494197665
1.500000000000001	0.13130509103982768
1.5100000000000011	0.12927508028401527
1.5200000000000011	0.1272621237160505
1.5300000000000011	0.12526639437904666
1.5400000000000011	0.12328805735644145
1.5500000000000012	0.12132726981434135
1.5600000000000012	0.11938418104750086
1.5700000000000012	0.11745893252885989
1.5800000000000012	0.11555165796247725
1.5900000000000012	0.11366248333986712
1.6000000000000012	0.11179152699962057
1.6100000000000012	0.109938899690228
1.6200000000000012	0.10810470463599461
1.6300000000000012	0.10628903760604715
1.6400000000000012	0.10449198698623714
1.6500000000000012	0.10271363385390374
1.6600000000000013	0.10095405205544192
1.6700000000000013	0.09921330828652833
1.6800000000000013	0.09749146217490512
1.6900000000000013	0.09578856636572479
1.7000000000000013	0.0941046666092641
1.7100000000000013	0.09243980185094429
1.7200000000000013	0.09079400432358893
1.7300000000000013	0.08916729964183587
1.7400000000000013	0.08755970689851955
1.7500000000000013	0.08597123876305815
1.7600000000000013	0.08440190158167639
1.7700000000000014	0.08285169547934883
1.7800000000000014	0.08132061446346213
1.7900000000000014	0.07980864652901194
1.8000000000000014	0.07831577376529673
1.8100000000000014	0.07684197246397761
1.8200000000000014	0.07538721322846237
1.8300000000000014	0.07395146108445814
1.8400000000000014	0.07253467559167351
1.8500000000000014	0.07113681095651984
1.8600000000000014	0.06975781614575098
1.8700000000000014	0.06839763500093675
1.8800000000000014	0.06705620635373652
1.8900000000000015	0.0657334641417846
1.9000000000000015	0.06442933752519094
1.9100000000000015	0.06314375100353836
1.9200000000000015	0.06187662453331979
1.9300000000000015	0.06062787364562809
1.9400000000000015	0.05939740956418943
1.9500000000000015	0.05818513932352647
1.9600000000000015	0.05699096588719479
1.9700000000000015	0.055814788266060004
1.9800000000000015	0.05465650163652171
1.9900000000000015	0.05351599745854199
2.0000000000000013	0.052393163593534284
2.010000000000001	0.051287884421926534
2.020000000000001	0.05020004096036473
2.0300000000000007	0.04912951097852084
2.0400000000000005	0.04807616911539236
2.0500000000000003	0.04703988699503497
2.06	0.0460205333416963
2.07	0.04501797409426292
2.0799999999999996	0.04403207251992798
2.0899999999999994	0.04306268932709515
2.099999999999999	0.04210968277742189
2.109999999999999	0.04117290879690219
2.1199999999999988	0.04025222108602415
2.1299999999999986	0.0393474712288751
2.1399999999999983	0.03845850880119642
2.149999999999998	0.03758518147728271
2.159999999999998	0.0367273351357456
2.1699999999999977	0.03588481396404848
2.1799999999999975	0.03505746056177772
2.1899999999999973	0.03424511604262403
2.199999999999997	0.03344762013502843
2.209999999999997	0.03266481128142832
2.2199999999999966	0.03189652673613138
2.2299999999999964	0.031142602661717134
2.239999999999996	0.03040287422393607
2.249999999999996	0.029677175685169258
2.259999999999996	0.028965340496279905
2.2699999999999956	0.028267201386938164
2.2799999999999954	0.027582590454344837
2.289999999999995	0.02691133925034348
2.299999999999995	0.02625327886689989
2.3099999999999947	0.025608240019909658
2.3199999999999945	0.02497605313136573
2.3299999999999943	0.024356548409802635
2.339999999999994	0.023749555929051404
2.349999999999994	0.023154905705272864
2.3599999999999937	0.022572427772258555
2.3699999999999934	0.022001952254996206
2.3799999999999932	0.021443309441477366
2.389999999999993	0.020896329852760256
2.399999999999993	0.020360844311253085
2.4099999999999926	0.019836684007252352
2.4199999999999924	0.01932368056369136
2.429999999999992	0.01882166609913877
2.439999999999992	0.0183304732890057
2.4499999999999917	0.01784993542500706
2.4599999999999915	0.017379886472825807
2.4699999999999913	0.016920161128054063
2.479999999999991	0.016470594870346893
2.489999999999991	0.016031024015834842
2.4999999999999907	0.01560128576780068
2.5099999999999905	0.015181218265615684
2.5199999999999902	0.01477066063194771
2.52999999999999	0.014369453018276102
2.53999999999999	0.013977436648680713
2.5499999999999896	0.013594453861957111
2.5599999999999894	0.0132203481520656
2.569999999999989	0.012854964206906471
2.579999999999989	0.012498147945452127
2.5899999999999888	0.012149746553285353
2.5999999999999885	0.011809608516481645
2.6099999999999883	0.011477583653937343
2.619999999999988	0.01115352314811786
2.629999999999988	0.010837279574249377
2.6399999999999877	0.010528706927992175
2.6499999999999875	0.01022766065158668
2.6599999999999873	0.009933997658548882
2.669999999999987	0.009647576356854044
2.679999999999987	0.009368256670719164
2.6899999999999866	0.009095900060947033
2.6999999999999864	0.008830369543885191
2.709999999999986	0.008571529709008058
2.719999999999986	0.008319246735171561
2.7299999999999858	0.008073388405526079
2.7399999999999856	0.007833824121154418
2.7499999999999853	0.007600424913434277
2.759999999999985	0.007373063455162987
2.769999999999985	0.0071516140704620665
2.7799999999999847	0.006935952743506563
2.7899999999999845	0.006725957126079515
2.7999999999999843	0.006521506543989145
2.809999999999984	0.006322482002414868
2.819999999999984	0.006128766190121588
2.8299999999999836	0.005940243482656324
2.8399999999999834	0.005756799944521128
2.849999999999983	0.005578323330329251
2.859999999999983	0.00540470308500787
2.869999999999983	0.005235830343053871
2.8799999999999826	0.005071597926877549
2.8899999999999824	0.0049119003442435845
2.899999999999982	0.004756633784890224
2.909999999999982	0.004605696116275913
2.9199999999999817	0.004458986878524628
2.9299999999999815	0.004316407278628865
2.9399999999999813	0.004177860183855839
2.949999999999981	0.004043250114458556
2.959999999999981	0.003912483235664161
2.9699999999999807	0.0037854673490221743
2.9799999999999804	0.0036621118830666584
2.9899999999999802	0.0035423278833832807
2.99999999999998	0.003426028002073216
3.00999999999998	0.0033131264866456574
3.0199999999999796	0.0032035391683551194
3.0299999999999794	0.0030971834500438432
3.039999999999979	0.002993978293440094
3.049999999999979	0.0028938442060360524
3.0599999999999787	0.0027967032274766263
3.0699999999999785	0.002702478915527417
3.0799999999999783	0.0026110963316515524
3.089999999999978	0.0025224820261940933
3.099999999999978	0.0024365640232024382
3.1099999999999777	0.002353271804914125
3.1199999999999775	0.0022725362959225767
3.1299999999999772	0.002194289847047834
3.139999999999977	0.0021184662189264875
3.149999999999977	0.0020450005653543566
3.1599999999999766	0.001973829416367919
3.1699999999999764	0.0019048906611379708
3.179999999999976	0.0018381235306392176
3.189999999999976	0.0017734685801480189
3.1999999999999758	0.0017108676715728223
3.2099999999999755	0.0016502639556382108
3.2199999999999753	0.0015916018539382654
3.229999999999975	0.0015348270408751504
3.239999999999975	0.0014798864255031485
3.2499999999999747	0.0014267281332865287
3.2599999999999745	0.0013753014877789355
3.2699999999999743	0.001325556992279124
3.279999999999974	0.0012774463114266306
3.289999999999974	0.001230922252766865
3.2999999999999736	0.0011859387483180636
3.3099999999999734	0.0011424508361378733
3.319999999999973	0.001100414641901154
3.329999999999973	0.0010597873604806182
3.3399999999999728	0.0010205272376274457
3.3499999999999726	0.0009825935516214086
3.3599999999999723	0.0009459465950345964
3.369999999999972	0.0009105476565469557
3.379999999999972	0.000876359002831513
3.3899999999999717	0.0008433438605457196
3.3999999999999715	0.0008114663984168632
3.4099999999999713	0.0007806917094115601
3.419999999999971	0.0007509857930565976
3.429999999999971	0.0007223155378545044
3.4399999999999706	0.0006946487038312286
3.4499999999999704	0.000667953905261856
3.45999999999997	0.0006422005934619718
3.46999999999997	0.0006173590397995758
3.47999999999997	0.0005934003188370468
3.4899999999999696	0.000570296291636637
3.4999999999999694	0.0005480195892365842
3.509999999999969	0.0005265435962854356
3.519999999999969	0.0005058424349121295
3.5299999999999687	0.00048589094867714183
3.5399999999999685	0.0004666646867964713
3.5499999999999683	0.0004481398885280397
3.559999999999968	0.00043029346775482814
3.569999999999968	0.0004131029977442864
3.5799999999999677	0.0003965466961446311
3.5899999999999674	0.00038060341015922974
3.5999999999999672	0.0003652526019282582
3.609999999999967	0.0003504743341299085
3.619999999999967	0.0003362492557817693
3.6299999999999666	0.0003225585882559781
3.6399999999999664	0.00030938411150802894
3.649999999999966	0.00029670815052404697
3.659999999999966	0.00028451356197069363
3.6699999999999657	0.00027278372107772907
3.6799999999999655	0.00026150250872932434
3.6899999999999653	0.0002506542987667669
3.699999999999965	0.00024022394552079368
3.709999999999965	0.00023019677155421448
3.7199999999999647	0.0002205585556228325
3.7299999999999645	0.0002112955208552429
3.7399999999999642	0.00020239432314813515
3.749999999999964	0.00019384203977815135
3.759999999999964	0.0001856261582295209
3.7699999999999636	0.00017773456523429077
3.7799999999999634	0.0001701555360364739
3.789999999999963	0.00016287772384211596
3.799999999999963	0.00015589014951586418
3.8099999999999627	0.00014918219146205043
3.8199999999999625	0.00014274357572043275
3.8299999999999623	0.00013656436627130603
3.839999999999962	0.00013063495554852127
3.849999999999962	0.0001249460551359789
3.8599999999999617	0.00011948868669984524
3.8699999999999615	0.0001142541730848173
3.8799999999999613	0.0001092341296240521
3.889999999999961	0.00010442045565447167
3.899999999999961	0.00009980532619792734
3.9099999999999606	0.0000953811838574777
3.9199999999999604	0.00009114073088910069
3.92999999999996	0.00008707692145818149
3.93999999999996	0.00008318295408683602
3.9499999999999598	0.00007945226428269272
3.9599999999999596	0.00007587851733138015
3.9699999999999593	0.00007245560127678111
3.979999999999959	0.00006917762008236744
3.989999999999959	0.00006603888694015456
3.9999999999999587	0.00006303391776762076
4.009999999999959	0.0000601574248569302
4.019999999999959	0.00005740431069810413
4.0299999999999585	0.000054769661950115724
4.039999999999958	0.00005224874357654111
4.049999999999958	0.00004983699313315694
4.059999999999958	0.00004753001520726769
4.069999999999958	0.00004532357600072042
4.079999999999957	0.00004321359807413208
4.089999999999957	0.00004119615521828346
4.099999999999957	0.00003926746746169081
4.109999999999957	0.00003742389624365201
4.119999999999957	0.0000356619396918773
4.129999999999956	0.00003397822804908982
4.139999999999956	0.0000323695192230653
4.149999999999956	0.00003083269447188992
4.159999999999956	0.000029364754191741545
4.1699999999999555	0.00002796281386028601
4.179999999999955	0.000026624100066516543
4.189999999999955	0.000025345946674437722
4.199999999999955	0.00002412579109918583
4.209999999999955	0.000022961170686855874
4.2199999999999545	0.00002184971920606441
4.229999999999954	0.00002078916345669908
4.239999999999954	0.000019777319960311007
4.249999999999954	0.00001881209177063073
4.259999999999954	0.000017891465373129408
4.269999999999953	0.00001701350768643392
4.279999999999953	0.00001617636314696843
4.289999999999953	0.000015378250904509098
4.299999999999953	0.00001461746208754325
4.3099999999999525	0.000013892357161217677
4.319999999999952	0.000013201363377038813
4.329999999999952	0.000012542972300338945
4.339999999999952	0.000011915737415563505
4.349999999999952	0.000011318271808109588
4.3599999999999515	0.000010749245938379835
4.369999999999951	0.000010207385467710982
4.379999999999951	9.691469163313858e-6
4.389999999999951	9.200326892448616e-6
4.399999999999951	8.732837652915993e-6
4.40999999999995	8.28792769065486e-6
4.41999999999995	7.864568684515738e-6
4.42999999999995	7.461775971084993e-6
4.43999999999995	7.078606857374634e-6
4.4499999999999496	6.714158974874773e-6
4.459999999999949	6.367568697023083e-6
4.469999999999949	6.038009608731e-6
4.479999999999949	5.724691038133666e-6
4.489999999999949	5.426856628641247e-6
4.4999999999999485	5.143782973380757e-6
4.509999999999948	4.874778282968003e-6
4.519999999999948	4.61918112839555e-6
4.529999999999948	4.376359192788696e-6
4.539999999999948	4.14570811062781e-6
4.549999999999947	3.926650303515125e-6
4.559999999999947	3.718633901293037e-6
4.569999999999947	3.5211316751314615e-6
4.579999999999947	3.333640022867937e-6
4.589999999999947	3.1556779881853028e-6
4.599999999999946	2.9867863117903918e-6
4.609999999999946	2.8265265382612685e-6
4.619999999999946	2.674480128178824e-6
4.629999999999946	2.530247625110221e-6
4.6399999999999455	2.3934478472950646e-6
4.649999999999945	2.263717111368704e-6
4.659999999999945	2.1407084829366094e-6
4.669999999999945	2.0240910637156472e-6
4.679999999999945	1.9135493041979653e-6
4.689999999999944	1.8087823223453995e-6
4.699999999999944	1.7095033016898005e-6
4.709999999999944	1.615438840995368e-6
4.719999999999944	1.5263284022496183e-6
4.729999999999944	1.4419237273717432e-6
4.739999999999943	1.3619883032698171e-6
4.749999999999943	1.2862968421690837e-6
4.759999999999943	1.2146347846767924e-6
4.769999999999943	1.146797822199825e-6
4.7799999999999425	1.0825914382711627e-6
4.789999999999942	1.0218304714643678e-6
4.799999999999942	9.643386920849472e-7
4.809999999999942	9.099483995286948e-7
4.819999999999942	8.585000371397111e-7
4.8299999999999415	8.098418191843491e-7
4.839999999999941	7.638293775313451e-7
4.849999999999941	7.20325420923303e-7
4.859999999999941	6.791994110311263e-7
4.869999999999941	6.403272477999763e-7
4.87999999999994	6.035909744685874e-7
4.88999999999994	5.688784892035365e-7
4.89999999999994	5.360832731717913e-7
4.90999999999994	5.051041286886954e-7
4.9199999999999395	4.758449305859528e-7
4.929999999999939	4.4821438397155566e-7
4.939999999999939	4.221257993361986e-7
4.949999999999939	3.974968705967031e-7
4.959999999999939	3.7424946793657733e-7
4.9699999999999385	3.523094377779617e-7
4.979999999999938	3.3160641140045176e-7
4.989999999999938	3.1207362434668e-7
4.999999999999938	2.936477408319238e-7
5.009999999999938	2.762686871497814e-7
5.019999999999937	2.5987949413521683e-7
5.029999999999937	2.444261450213667e-7
5.039999999999937	2.2985743116587228e-7
5.049999999999937	2.1612481368970282e-7
5.0599999999999365	2.0318229225602738e-7
5.069999999999936	1.9098627920252967e-7
5.079999999999936	1.7949548163156754e-7
5.089999999999936	1.6867078003299602e-7
5.099999999999936	1.5847513045046794e-7
5.1099999999999355	1.488734530260839e-7
5.119999999999935	1.3983253545697535e-7
5.129999999999935	1.3132093848719496e-7
5.139999999999935	1.2330890434757444e-7
5.149999999999935	1.1576827672169288e-7
5.159999999999934	1.0867241580614838e-7
5.169999999999934	1.0199611713192466e-7
5.179999999999934	9.571554315510161e-8