-5.52	9.835237105090933e-8
-5.51	1.0391711586018983e-7
-5.5	1.0978577943578443e-7
-5.49	1.1597432362992505e-7
-5.48	1.224995126308376e-7
-5.47	1.2937895132340445e-7
-5.46	1.3663112537972916e-7
-5.45	1.4427544315230198e-7
-5.44	1.5233227944525824e-7
-5.43	1.6082302124211162e-7
-5.42	1.697701154713308e-7
-5.41	1.7919711889421574e-7
-5.4	1.8912875020272026e-7
-5.39	1.9959094441816483e-7
-5.38	2.1061090968518858e-7
-5.37	2.222171865588072e-7
-5.36	2.3443970988607545e-7
-5.35	2.4730987338760394e-7
-5.34	2.6086059704804886e-7
-5.33	2.7512639742869053e-7
-5.32	2.90143461019336e-7
-5.31	3.0594972075103563e-7
-5.3	3.2258493579548737e-7
-5.29	3.4009077478152514e-7
-5.28	3.5851090256375177e-7
-5.27	3.7789107068318053e-7
-5.26	3.9827921166470406e-7
-5.25	4.1972553730131055e-7
-5.24	4.422826410802257e-7
-5.23	4.6600560491157026e-7
-5.22	4.909521103256998e-7
-5.21	5.171825543111286e-7
-5.2	5.447601699708487e-7
-5.19	5.737511521809317e-7
-5.18	6.042247884415501e-7
-5.17	6.362535951169909e-7
-5.16	6.699134592678411e-7
-5.15	7.052837862853275e-7
-5.14	7.424476535447779e-7
-5.13	7.814919703023513e-7
-5.12	8.225076440665627e-7
-5.11	8.655897536837033e-7
-5.1	9.108377293840387e-7
-5.09	9.583555400436524e-7
-5.08	1.0082518879250042e-6
-5.07	1.0606404111676808e-6
-5.06	1.1156398943094502e-6
-5.05	1.1733744871265778e-6
-5.04	1.2339739320914426e-6
-5.03	1.2975738007547905e-6
-5.02	1.364315739369499e-6
-5.01	1.4343477240824954e-6
-5.	1.507824326031473e-6
-4.99	1.5849069866933026e-6
-4.98	1.6657643038415209e-6
-4.97	1.7505723284810103e-6
-4.96	1.8395148731389795e-6
-4.95	1.932783831902578e-6
-4.94	2.030579512604976e-6
-4.93	2.133110981573485e-6
-4.92	2.240596421365299e-6
-4.91	2.353263501928698e-6
-4.9	2.471349765640099e-6
-4.89	2.5951030266801066e-6
-4.88	2.7247817852248055e-6
-4.87	2.8606556569418312e-6
-4.86	3.0030058182943812e-6
-4.85	3.1521254681701608e-6
-4.84	3.3083203063664264e-6
-4.83	3.4719090294766595e-6
-4.82	3.6432238447391097e-6
-4.81	3.822611002422373e-6
-4.8	4.010431347338398e-6
-4.79	4.207060890088791e-6
-4.78	4.412891398666069e-6
-4.77	4.62833101104749e-6
-4.76	4.85380486943545e-6
-4.75	5.089755776814903e-6
-4.74	5.336644876515156e-6
-4.73	5.594952355480428e-6
-4.72	5.865178171970893e-6
-4.71	6.147842808433528e-6
-4.7	6.443488050299911e-6
-4.69	6.752677791486211e-6
-4.68	7.075998867388883e-6
-4.67	7.414061916188215e-6
-4.66	7.767502269290575e-6
-4.65	8.136980871759257e-6
-4.64	8.523185233603051e-6
-4.63	8.92683041281105e-6
-4.62	9.348660031041899e-6
-4.61	9.78944732289543e-6
-4.6	0.00001024999621971474
-4.59	0.000010731142468886841
-4.58	0.000011233754789630419
-4.57	0.00001175873606627971
-4.56	0.000012307024580094146
-4.55	0.000012879595280644156
-4.54	0.000013477461097844432
-4.53	0.000014101674295726898
-4.52	0.000014753327869066707
-4.51	0.00001543355698399574
-4.5	0.000016143540463759234
-4.49	0.00001688450232079243
-4.48	0.00001765771333631534
-4.47	0.00001846449268866505
-4.46	0.0000193062096316061
-4.45	0.00002018428522388079
-4.44	0.000021100194111282333
-4.43	0.000022055466362554817
-4.42	0.00002305168936044493
-4.41	0.000024090509749251207
-4.4	0.000025173635440237176
-4.39	0.000026302837676295387
-4.38	0.000027479953157269437
-4.37	0.00002870688622736124
-4.36	0.000029985611126070608
-4.35	0.00003131817430413359
-4.34	0.00003270669680594525
-4.33	0.00003415337671997144
-4.32	0.00003566049169867233
-4.31	0.000037230401549478734
-4.3	0.00003886555089837956
-4.29	0.00004056847192769594
-4.28	0.00004234178718963393
-4.27	0.000044188212497223815
-4.26	0.00004611055989426913
-4.25	0.00004811174070594342
-4.24	0.000050194768671686565
-4.23	0.00005236276316206583
-4.22	0.00005461895248127919
-4.21	0.00005696667725699019
-4.2	0.00005940939391919431
-4.19	0.00006195067826982655
-4.18	0.00006459422914482905
-4.17	0.00006734387217040509
-4.16	0.00007020356361519293
-4.15	0.00007317739434009825
-4.14	0.00007626959384752859
-4.13	0.00007948453443177667
-4.12	0.00008282673543230075
-4.11	0.0000863008675916517
-4.1	0.00008991175751979474
-4.09	0.00009366439226657231
-4.08	0.00009756392400405032
-4.07	0.00010161567482048478
-4.06	0.00010582514162763899
-4.05	0.00011019800118317249
-4.04	0.00011474011522981274
-4.03	0.00011945753575300817
-4.02	0.00012435651035874694
-4.01	0.00012944348777320984
-4.	0.00013472512346590735
-3.99	0.00014020828539793072
-3.98	0.00014590005989692466
-3.97	0.00015180775766036438
-3.96	0.0001579389198886929
-3.95	0.00016430132454984509
-3.94	0.00017090299277665338
-3.93	0.00017775219539859595
-3.92	0.0001848574596093106
-3.91	0.00019222757577125937
-3.9	0.0001998716043588855
-3.89	0.00020779888304156013
-3.88	0.00021601903390756813
-3.87	0.0002245419708303318
-3.86	0.0002333779069780171
-3.85	0.00024253736246761075
-3.84	0.00025203117216449615
-3.83	0.00026187049362849364
-3.82	0.000272066815207263
-3.81	0.00028263196427789775
-3.8	0.0002935781156374666
-3.79	0.0003049178000431812
-3.78	0.00031666391290278924
-3.77	0.000328829723115708
-3.76	0.0003414288820653257
-3.75	0.00035447543276280827
-3.74	0.00036798381914265145
-3.73	0.0003819688955101228
-3.72	0.00039644593614063234
-3.71	0.00041143064503096577
-3.7	0.00042693916580220333
-3.69	0.0004429880917540317
-3.68	0.0004595944760700381
-3.67	0.00047677584217345345
-3.66	0.0004945501942326822
-3.65	0.0005129360278158274
-3.64	0.0005319523406932821
-3.63	0.0005516186437873184
-3.62	0.0005719549722674619
-3.61	0.0005929818967902889
-3.6	0.0006147205348821319
-3.59	0.0006371925624630215
-3.58	0.000660420225510028
-3.57	0.000684426351858002
-3.56	0.0007092343631355433
-3.55	0.0007348682868338471
-3.54	0.0007613527685059001
-3.53	0.0007887130840933156
-3.52	0.0008169751523779026
-3.51	0.0008461655475548761
-3.5	0.0008763115119244129
-3.49	0.0009074409686980593
-3.48	0.0009395825349162854
-3.47	0.0009727655344732735
-3.46	0.0010070200112448102
-3.45	0.0010423767423149329
-3.44	0.001078867251296757
-3.43	0.001116523821742679
-3.42	0.0011553795106389268
-3.41	0.0011954681619791765
-3.4	0.001236824420411734
-3.39	0.0012794837449545157
-3.38	0.0013234824227718294
-3.37	0.0013688575830066942
-3.36	0.0014156472106621899
-3.35	0.001463890160525061
-3.34	0.0015136261711245404
-3.33	0.0015648958787190935
-3.32	0.00161774083130351
-3.31	0.0016722035026285036
-3.3	0.0017283273062246984
-3.29	0.0017861566094226095
-3.28	0.0018457367473599397
-3.27	0.0019071140369672352
-3.26	0.001970335790922654
-3.25	0.002035450331566317
-3.24	0.002102507004764424
-3.23	0.0021715561937130203
-3.22	0.002242649332671011
-3.21	0.0023158389206117337
-3.2	0.0023911785347820874
-3.19	0.0024687228441579476
-3.18	0.0025485276227842713
-3.17	0.00263064976298803
-3.16	0.0027151472884517852
-3.15	0.0028020793671354512
-3.14	0.0028915063240334735
-3.13	0.00298348965375437
-3.12	0.003078092032909288
-3.11	0.0031753773322959313
-3.1	0.0032754106288639304
-3.09	0.0033782582174474384
-3.08	0.0034839876222504443
-3.07	0.003592667608070026
-3.06	0.0037043681912424715
-3.05	0.003819160650296928
-3.04	0.003937117536300973
-3.03	0.004058312682882216
-3.02	0.004182821215909792
-3.01	0.004310719562819352
-3.	0.0044420854615648715
-2.99	0.004576997969180408
-2.98	0.004715537469934623
-2.97	0.004857785683060731
-2.96	0.005003825670044233
-2.95	0.005153741841450623
-2.94	0.005307619963275035
-2.93	0.005465547162795566
-2.92	0.005627611933911851
-2.91	0.0057939041419502475
-2.9	0.005964515027916847
-2.89	0.006139537212179315
-2.88	0.00631906469755845
-2.87	0.0065031928718101775
-2.86	0.0066920185094785705
-2.85	0.006885639773100369
-2.84	0.007084156213741351
-2.83	0.007287668770844809
-2.82	0.007496279771372314
-2.81	0.0077100929282168705
-2.8	0.007929213337868501
-2.79	0.008153747477312267
-2.78	0.008383803200138701
-2.77	0.00861948973184661
-2.76	0.008860917664318235
-2.75	0.009108198949446717
-2.74	0.009361446891895928
-2.73	0.009620776140972736
-2.72	0.009886302681591838
-2.71	0.010158143824313423
-2.7	0.010436418194433982
-2.69	0.010721245720110793
-2.68	0.011012747619500628
-2.67	0.011311046386893538
-2.66	0.011616265777822658
-2.65	0.0119285307931312
-2.64	0.012247967661978078
-2.63	0.0125747038237638
-2.62	0.01290886790895855
-2.61	0.013250589718814695
-2.6	0.013600000203946258
-2.59	0.013957231441758195
-2.58	0.014322416612708758
-2.57	0.01469568997538852
-2.56	0.015077186840400105
-2.55	0.015467043543023066
-2.54	0.015865397414648832
-2.53	0.01627238675297109
-2.52	0.016688150790917504
-2.51	0.01711282966430918
-2.5	0.01754656437823485
-2.49	0.017989496772127304
-2.48	0.018441769483530223
-2.47	0.01890352591054418
-2.46	0.01937491017294122
-2.45	0.01985606707193815
-2.44	0.020347142048619274
-2.43	0.020848281141000145
-2.42	0.0213596309397246
-2.41	0.021881338542388107
-2.4	0.02241355150648129
-2.39	0.02295641780094832
-2.38	0.02351008575635564
-2.37	0.024074704013667514
-2.36	0.0246504214716256
-2.35	0.02523738723273086
-2.34	0.025835750547826893
-2.33	0.026445660759284888
-2.32	0.027067267242791283
-2.31	0.027700719347740304
-2.3	0.028346166336234557
-2.29	0.0290037573206979
-2.28	0.029673641200105964
-2.27	0.030355966594840668
-2.26	0.031050881780176384
-2.25	0.03175853461840633
-2.24	0.03247907248961917
-2.23	0.03321264222113671
-2.22	0.033959390015625056
-2.21	0.03471946137789264
-2.2	0.03549300104038975
-2.19	0.03628015288742557
-2.18	0.03708105987811988
-2.17	0.03789586396810796
-2.16	0.03872470603001832
-2.15	0.039567725772744596
-2.14	0.040425061659533676
-2.13	0.04129685082491407
-2.12	0.042183228990489416
-2.11	0.04308433037962356
-2.1	0.044000287631045056
-2.09	0.04493123171140008
-2.08	0.04587729182678433
-2.07	0.0468385953332858
-2.06	0.0478152676465716
-2.05	0.048807432150553484
-2.04	0.04981521010516804
-2.03	0.05083872055330902
-2.02	0.05187808022695042
-2.01	0.05293340345250056
-2.	0.05400480205542864
-1.99	0.05509238526420653
-1.98	0.05619625961361021
-1.97	0.057316528847426246
-1.96	0.05845329382061036
-1.95	0.05960665240094628
-1.94	0.06077669937025442
-1.93	0.061963526325201315
-1.92	0.0631672215777619
-1.91	0.0643878700553882
-1.9	0.0656255532009389
-1.89	0.06688034887242596
-1.88	0.06815233124263533
-1.87	0.06944157069867989
-1.86	0.0707481337415445
-1.85	0.07207208288568351
-1.84	0.07341347655873254
-1.83	0.07477236900139744
-1.82	0.0761488101675843
-1.81	0.07754284562483538
-1.8	0.07895451645513692
-1.79	0.08038385915616572
-1.78	0.08183090554304222
-1.77	0.08329568265065873
-1.76	0.08477821263665247
-1.75	0.08627851268509351
-1.74	0.08779659491095888
-1.73	0.08933246626546454
-1.72	0.09088612844232763
-1.71	0.09245757778503229
-1.7	0.09404680519517232
-1.69	0.09565379604194536
-1.68	0.09727853007287282
-1.67	0.09892098132582086
-1.66	0.10058111804239792
-1.65	0.10225890258280437
-1.64	0.10395429134221058
-1.63	0.10566723466873933
-1.62	0.1073976767831293
-1.61	0.1091455557001558
-1.6	0.11091080315188546
-1.59	0.1126933445128412
-1.58	0.1144930987271539
-1.57	0.11630997823777701
-1.56	0.11814388891784008
-1.55	0.11999473000421672
-1.54	0.12186239403338268
-1.53	0.12374676677963865
-1.52	0.12564772719577239
-1.51	0.12756514735623392
-1.5	0.12949889240289728
-1.49	0.131448820493481
-1.48	0.1334147827526996
-1.47	0.1353966232262167
-1.46	0.13739417883746982
-1.45	0.13940727934743624
-1.44	0.14143574731740768
-1.43	0.14347939807484106
-1.42	0.14553803968235063
-1.41	0.14761147290990656
-1.4	0.14969949121030265
-1.39	0.1518018806979554
-1.38	0.15391842013109436
-1.37	0.1560488808974031
-1.36	0.1581930270031672
-1.35	0.16035061506598577
-1.34	0.16252139431109955
-1.33	0.1647051065713878
-1.32	0.16690148629108437
-1.31	0.16911026053326067
-1.3	0.17133114899112217
-1.29	0.17356386400316223
-1.28	0.17580811057221538
-1.27	0.17806358638844988
-1.26	0.1803299818563371
-1.25	0.1826069801256328
-1.24	0.18489425712640348
-1.23	0.18719148160812776
-1.22	0.18949831518290142
-1.21	0.1918144123727709
-1.2	0.19413942066121834
-1.19	0.1964729805488184
-1.18	0.1988147256130844
-1.17	0.20116428257251814
-1.16	0.20352127135487627
-1.15	0.2058853051696611
-1.14	0.20825599058484348
-1.13	0.2106329276078202
-1.12	0.2130157097706068
-1.11	0.21540392421926313
-1.1	0.2177971518075463
-1.09	0.22019496719478204
-1.08	0.22259693894794358
-1.07	0.22500262964792242
-1.06	0.2274115959999741
-1.05	0.22982338894831703
-1.04	0.2322375537948613
-1.03	0.23465363032203929
-1.02	0.23707115291970818
-1.01	0.23948965071609052
-1.	0.24190864771271614
-0.99	0.2443276629233251
-0.98	0.24674621051668888
-0.97	0.24916379996330298
-0.96	0.2515799361859017
-0.95	0.25399411971374175
-0.94	0.25640584684059964
-0.93	0.2588146097864227
-0.92	0.261219896862572
-0.91	0.2636211926405922
-0.9	0.2660179781244386
-0.89	0.2684097309260914
-0.88	0.27079592544448117
-0.87	0.27317603304764904
-0.86	0.27554952225806006
-0.85	0.2779158589409873
-0.84	0.2802745064958787
-0.83	0.28262492605061945
-0.82	0.2849665766585957
-0.81	0.2872989154984665
-0.8	0.2896213980765452
-0.79	0.2919334784316907
-0.78	0.2942346093426061
-0.77	0.2965242425374381
-0.76	0.29880182890557105
-0.75	0.3010668187115044
-0.74	0.3033186618107012
-0.73	0.30555680786729306
-0.72	0.3077807065735246
-0.71	0.3099898078708182
-0.7	0.3121835621723383
-0.69	0.31436142058693134
-0.68	0.316522835144318
-0.67	0.31866725902140913
-0.66	0.32079414676961915
-0.65	0.3229029545430449
-0.64	0.3249931403273801
-0.63	0.3270641641694319
-0.62	0.32911548840710536
-0.61	0.3311465778997208
-0.6	0.333156900258527
-0.59	0.3351459260772736
-0.58	0.33711312916270386
-0.57	0.33905798676482835
-0.56	0.34097997980684047
-0.55	0.3428785931145327
-0.54	0.3447533156450733
-0.53	0.346603640715001
-0.52	0.34842906622729836
-0.51	0.3502290948973997
-0.5	0.3520032344779937
-0.49	0.35375099798247817
-0.48	0.3554719039069261
-0.47	0.35716547645042174
-0.46	0.3588312457336258
-0.45	0.36046874801543055
-0.44	0.3620775259075645
-0.43	0.3636571285870083
-0.42	0.3652071120060844
-0.41	0.36672703910008364
-0.4	0.3682164799922925
-0.39	0.3696750121962879
-0.38	0.3711022208153652
-0.37	0.37249769873896876
-0.36	0.3738610468359946
-0.35	0.37519187414483657
-0.34	0.37648979806005084
-0.33	0.3777544445155118
-0.32	0.3789854481639392
-0.31	0.380182452552674
-0.3	0.3813451102955862
-0.29	0.38247308324099716
-0.28	0.3835660426355045
-0.27	0.38462366928359676
-0.26	0.38564565370295106
-0.25	0.3866316962753068
-0.24	0.3875815073928129
-0.23	0.38849480759974875
-0.22	0.3893713277295217
-0.21	0.3902108090368466
-0.2	0.3910130033250173
-0.19	0.3917776730681822
-0.18	0.3925045915285389
-0.17	0.39319354286836866
-0.16	0.39384432225683075
-0.15	0.39445673597144515
-0.14	0.3950306014941917
-0.13	0.3955657476021597
-0.12	0.39606201445268385
-0.11	0.39651925366290935
-0.1	0.39693732838372836
-0.09	0.39731611336803785
-0.08	0.3976554950332706
-0.07	0.39795537151815547
-0.06	0.39821565273366794
-0.05	0.39843626040813424
-0.04	0.3986171281264583
-0.03	0.39875820136344375
-0.02	0.3988594375111873
-0.01	0.3989208059005245
0.	0.39894228781651275
0.01	0.3989238765079406
0.02	0.39886557719085663
0.03	0.39876740704611485
0.04	0.39862939521093926
0.05	0.39845158276451237
0.06	0.39823402270759783
0.07	0.3979767799362122
0.08	0.3976799312093627
0.09	0.3973435651108749
0.1	0.39696778200533545
0.11	0.3965526939881823
0.12	0.39609842482997515
0.13	0.39560510991488634
0.14	0.3950728961734547
0.15	0.3945019420096487
0.16	0.39389241722229
0.17	0.39324450292089186
0.18	0.3925583914359705
0.19	0.3918342862238923
0.2	0.3910724017663221
0.21	0.39027296346434204
0.22	0.38943620752731534
0.23	0.38856238085656974
0.24	0.38765174092398297
0.25	0.38670455564555184
0.26	0.3857211032500336
0.27	0.38470167214274814
0.28	0.3836465607646358
0.29	0.38255607744666614
0.3	0.3814305402596975
0.31	0.38027027685988996
0.32	0.37907562432977604
0.33	0.3778469290150983
0.34	0.37658454635752286
0.35	0.3752888407233431
0.36	0.37396018522828894
0.37	0.37259896155855815
0.38	0.37120555978819253
0.39	0.369780378192918
0.4	0.3683238230605757
0.41	0.3668363084982684
0.42	0.3653182562363511
0.43	0.36377009542939537
0.44	0.36219226245425884
0.45	0.3605852007053927
0.46	0.358949360387521
0.47	0.357285198305828
0.48	0.3555931776537894
0.49	0.3538737677987854
0.5	0.35212744406563445
0.51	0.3503546875181869
0.52	0.3485559847391181
0.53	0.3467318276080624
0.54	0.34488271307822893
0.55	0.34300914295164014
0.56	0.3411116236531354
0.57	0.33919066600328124
0.58	0.3372467849903299
0.59	0.3352804995413681
0.6	0.3332923322927976
0.61	0.33128280936028814
0.62	0.32925246010834425
0.63	0.3272018169196256
0.64	0.32513141496416015
0.65	0.3230417919685898
0.66	0.32093348798558496
0.67	0.3188070451635664
0.68	0.3166630075168686
0.69	0.31450192069648103
0.7	0.31232433176149876
0.71	0.3101307889514157
0.72	0.30792184145939056
0.73	0.3056980392066137
0.74	0.30345993261790355
0.75	0.30120807239865666
0.76	0.2989430093132754
0.77	0.2966652939651958
0.78	0.29437547657863394
0.79	0.2920741067821696
0.8	0.2897617333942817
0.81	0.2874389042109493
0.82	0.28510616579542924
0.83	0.2827640632703178
0.84	0.28041314011200363
0.85	0.2780539379476149
0.86	0.27568699635456156
0.87	0.273312852662771
0.88	0.270932041759713
0.89	0.26854509589830655
0.9	0.26615254450779835
0.91	0.2637549140077006
0.92	0.2613527276248728
0.93	0.258946505213827
0.94	0.25653676308033757
0.95	0.2541240138084286
0.96	0.25170876609081266
0.97	0.24929152456284956
0.98	0.2468727896400911
0.99	0.2444530573594756
1.	0.2420328192242312
1.01	0.23961256205254544
1.02	0.2371927678300541
1.03	0.2347739135662
1.04	0.2323564711545087
1.05	0.22994090723682542
1.06	0.2275276830715534
1.07	0.225117254405932
1.08	0.222710071352388
1.09	0.220306578268992
1.1	0.21790721364404786
1.11	0.21551240998483923
1.12	0.21312259371055578
1.13	0.21073818504941697
1.14	0.20835959794000905
1.15	0.20598723993684745
1.16	0.20362151212017365
1.17	0.20126280900999297
1.18	0.19891151848435587
1.19	0.19656802170188367
1.2	0.19423269302853496
1.21	0.19190589996860777
1.22	0.1895880030999681
1.23	0.1872793560134941
1.24	0.1849803052567211
1.25	0.18269119028167055
1.26	0.1804123433968434
1.27	0.1781440897233552
1.28	0.1758867471551881
1.29	0.17364062632353247
1.3	0.17140603056518725
1.31	0.16918325589498767
1.32	0.1669725909822245
1.33	0.16477431713101812
1.34	0.1625887082646078
1.35	0.16041603091351453
1.36	0.15825654420753332
1.37	0.15611049987150952
1.38	0.15397814222485062
1.39	0.15185970818472408
1.4	0.14975542727288918
1.41	0.1476655216261093
1.42	0.14559020601008918
1.43	0.14352968783688028
1.44	0.14148416718569537
1.45	0.1394538368270721
1.46	0.137438882250324
1.47	0.13543948169421557
1.48	0.13345580618079722
1.49	0.13148801955233402
1.5	0.1295362785112616
1.51	0.127600732663101
1.52	0.12568152456226334
1.53	0.12377878976067397
1.54	0.12189265685914583
1.55	0.12002324756142903
1.56	0.11817067673086488
1.57	0.11633505244957064
1.58	0.11451647608008085
1.59	0.11271504232937112
1.6	0.1109308393151887
1.61	0.10916394863461483
1.62	0.10741444543478272
1.63	0.105682398485675
1.64	0.10396787025492418
1.65	0.10227091698453983
1.66	0.10059158876948512
1.67	0.09892992963802683
1.68	0.09728597763378125
1.69	0.09565976489937991
1.7	0.09405131776167835
1.71	0.09246065681843159
1.72	0.09088779702636031
1.73	0.08933274779053196
1.74	0.08779551305498126
1.75	0.08627609139449531
1.76	0.08477447610748859
1.77	0.08329065530989387
1.78	0.08182461202999582
1.79	0.0803763243041341
1.8	0.07894576527320422
1.81	0.07753290327988427
1.82	0.07613770196651731
1.83	0.07476012037357914
1.84	0.07340011303866258
1.85	0.07205763009591008
1.86	0.07073261737582741
1.87	0.06942501650541201
1.88	0.06813476500853084
1.89	0.06686179640648346
1.9	0.06560604031868683
1.91	0.06436742256342011
1.92	0.06314586525856798
1.93	0.06194128692230299
1.94	0.06075360257364791
1.95	0.05958272383286073
1.96	0.058428559021585905
1.97	0.057291013262716864
1.98	0.05616998857991583
1.99	0.05506538399673855
2.	0.05397709563531258
2.01	0.05290501681451926
2.02	0.05184903814763067
2.03	0.050809047639354434
2.04	0.049784930782240236
2.05	0.04877657065240367
2.06	0.047783848004524024
2.07	0.04680664136607433
2.08	0.045844827130743025
2.09	0.04489827965100833
2.1	0.04396687132982746
2.11	0.0430504727114045
2.12	0.04214895257100189
2.13	0.04126217800376206
2.14	0.04039001451250702
2.15	0.039532326094485114
2.16	0.03868897532703552
2.17	0.03785982345214246
2.18	0.03704473045985251
2.19	0.036243555170529525
2.2	0.03545615531592341
2.21	0.03468238761902992
2.22	0.03392210787272027
2.23	0.033175171017120524
2.24	0.03244143121572209
2.25	0.031720741930205854
2.26	0.031012955993963864
2.27	0.030317925684303675
2.28	0.0296355027933217
2.29	0.028965538697433173
2.3	0.028307884425547478
2.31	0.027662390725878897
2.32	0.02702890813138387
2.33	0.026407287023817085
2.34	0.02579737769639988
2.35	0.02519903041509543
2.36	0.024612095478486442
2.37	0.024036423276251967
2.38	0.02347186434624118
2.39	0.02291826943014285
2.4	0.02237548952775026
2.41	0.021843375949822365
2.42	0.021321780369542923
2.43	0.020810554872580152
2.44	0.020309552005750527
2.45	0.019818624824291135
2.46	0.019337626937745846
2.47	0.01886641255447145
2.48	0.018404836524770634
2.49	0.017952754382659565
2.5	0.01751002238627852
2.51	0.017076497556954735
2.52	0.01665203771692741
2.53	0.016236501525745455
2.54	0.015829748515349202
2.55	0.01543163912384797
2.56	0.015042034728005967
2.57	0.014660797674449598
2.58	0.014287791309609787
2.59	0.013922880008413466
2.6	0.01356592920173892
2.61	0.013216805402650094
2.62	0.012875376231425492
2.63	0.012541510439397698
2.64	0.01221507793161996
2.65	0.011895949788376686
2.66	0.011583998285555059
2.67	0.011279096913895274
2.68	0.010981120397137318
2.69	0.01068994470908239
2.7	0.010405447089587435
2.71	0.01012750605951144
2.72	0.00985600143463245
2.73	0.009590814338554361
2.74	0.009331827214622872
2.75	0.009078923836870029
2.76	0.008831989320007007
2.77	0.008590910128484883
2.78	0.00835557408464328
2.79	0.008125870375966833
2.8	0.0079016895614695
2.81	0.007682923577226832
2.82	0.0074694657410763156
2.83	0.007261210756505919
2.84	0.007058054715751033
2.85	0.006859895102119911
2.86	0.006666630791567741
2.87	0.006478162053539422
2.88	0.0062943905511010515
2.89	0.0061152193403800756
2.9	0.0059405528693339555
2.91	0.005770296975867118
2.92	0.005604358885315834
2.93	0.005442647207320563
2.94	0.005285071932105135
2.95	0.005131544426182048
2.96	0.00498197742750293
2.97	0.004836285040073125
2.98	0.004694382728049108
2.99	0.004556187309337319
3.	0.00442161694871274
3.01	0.004290591150475392
3.02	0.004163030750662676
3.03	0.004038857908835276
3.04	0.003917996099454119
3.05	0.0038003701028656274
3.06	0.0036859059959122834
3.07	0.0035745311421852624
3.08	0.003466174181935633
3.09	0.003360765021660372
3.1	0.0032582348233791735
3.11	0.003158515993617756
3.12	0.0030615421721131063
3.13	0.0029672482202558184
3.14	0.0028755702092843954
3.15	0.002786445408246113
3.16	0.002699812271738746
3.17	0.002615610427447171
3.18	0.002533780663488568
3.19	0.002454264915579651
3.2	0.0023770062540390585
3.21	0.0023019488706377475
3.22	0.002229038065309923
3.23	0.0021582202327367532
3.24	0.0020894428488148127
3.25	0.0020226544570209
3.26	0.0019578046546845805
3.27	0.0018948440791795042
3.28	0.0018337243940442602
3.29	0.0017743982750432197
3.3	0.0017168193961775411
3.31	0.0016609424156562066
3.32	0.0016067229618366731
3.33	0.0015541176191444326
3.34	0.001503083913980484
3.35	0.001453580300625442
3.36	0.0014055661471487145
3.37	0.0013590017213309165
3.38	0.0013138481766073913
3.39	0.0012700675380404537
3.4	0.0012276226883276861
3.41	0.001186477353853359
3.42	0.0011465960907897739
3.43	0.0011079442712550768
3.44	0.0010704880695338195
3.45	0.0010341944483663035
3.46	0.0009990311453124854
3.47	0.000964966659195976
3.48	0.0009319702366334252
3.49	0.0009000118586543461
3.5	0.0008690622274161961
3.51	0.0008390927530193032
3.52	0.0008100755404260024
3.53	0.0007819833764881213
3.54	0.00075478971708674
3.55	0.0007284686743879381
3.56	0.0007029950042180301
3.57	0.0006783440935615888
3.58	0.0006544919481853593
3.59	0.0006314151803909645
3.6	0.0006090909968991213
3.61	0.0005874971868678934
3.62	0.0005666121100473302
3.63	0.0005464146850726617
3.64	0.0005268843778980505
3.65	0.0005080011903727281
3.66	0.0004897456489611884
3.67	0.0004720987936089443
3.68	0.00045504216675520395
3.69	0.00043855780249367243
3.7	0.0004226282158825381
3.71	0.00040723639240456463
3.72	0.0003923657775780696
3.73	0.00037800026671944175
3.74	0.0003641241948577191
3.75	0.00035072232680162686
3.76	0.0003377798473593545
3.77	0.0003252823517112371
3.78	0.0003132158359353927
3.79	0.0003015666876862629
3.8	0.00029032167702589776
3.81	0.0002794679474077301
3.82	0.00026899300681248567
3.83	0.00025888471903578694
3.84	0.00024913129512691833
3.85	0.00023972128497813807
3.86	0.0002306435690638405
3.87	0.00022188735032879634
3.88	0.00021344214622462458
3.89	0.0002052977808935802
3.9	0.00019744437749867489
3.91	0.0001898723506990848
3.92	0.0001825723992697395
3.93	0.0001755354988639292
3.94	0.00016875289491771343
3.95	0.00016221609569486373
3.96	0.0001559168654710252
3.97	0.0001498472178557362
3.98	0.0001439994092509042
3.99	0.0001383659324442953
4.	0.00013293951033655952
4.01	0.00012771308980027806
4.02	0.00012267983566948882
4.03	0.00011783312485811602
4.04	0.00011316654060570345
4.05	0.00010867386684882642
4.06	0.00010434908271653485
4.07	0.0001001863571481603
4.08	0.00009618004363180125
4.09	0.00009232467506178549
4.1	0.000088614958713394
4.11	0.00008504577133311901
4.12	0.00008161215434271846
4.13	0.00007830930915532066
4.14	0.0000751325926018262
4.15	0.00007207751246584913
4.16	0.00006913972312543566
4.17	0.00006631502129979695
4.18	0.00006359934189929175
4.19	0.000060988753976895776
4.2	0.000058479456779396487
4.21	0.00005606777589655614
4.22	0.000053750159506490046
4.23	0.0000515231747155132
4.24	0.000049383503990715635
4.25	0.00004732794168353466
4.26	0.000045353390642601516
4.27	0.00004345685891415005
4.28	0.000041635456528286065
4.29	0.000039886392369427826
4.3	0.00003820697112924116
4.31	0.00003659459034040583
4.32	0.00003504673748956445
4.33	0.00003356098720781993
4.34	0.00003213499853716315
4.35	0.00003076651227122877
4.36	0.000029453348368793906
4.37	0.000028193403438451763
4.38	0.00002698464829290994
4.39	0.000025825125571381687
4.4	0.000024712947428556913
4.41	0.00002364629328865881
4.42	0.00002262340766311157
4.43	0.00002164259803036422
4.44	0.000020702232776435815
4.45	0.000019800739194767476
4.46	0.00001893660154398729
4.47	0.000018108359162214848
4.48	0.000017314604636553164
4.49	0.000016553982026436683
4.5	0.0000158251851395254
4.51	0.000015126955858856302
4.52	0.00001445808251998482
4.53	0.000013817398336870272
4.54	0.000013203779875280905
4.55	0.000012616145572515442
4.56	0.000012053454302259663
4.57	0.000011514703983417883
4.58	0.000010998930231780618
4.59	0.00001050520505341112
4.6	0.000010032635578654658
4.61	9.580362835695608e-6
4.62	9.147560562608534e-6
4.63	8.733434056870322e-6
4.64	8.337219061321276e-6
4.65	7.958180685583763e-6
4.66	7.595612361967481e-6
4.67	7.248834834910801e-6
4.68	6.917195183027749e-6
4.69	6.600065872850257e-6
4.7	6.296843843374992e-6
4.71	6.006949620543741e-6
4.72	5.7298264608056414e-6
4.73	5.4649395229286945e-6
4.74	5.2117750672469415e-6
4.75	4.969839681548339e-6
4.76	4.738659532826828e-6
4.77	4.517779644140283e-6
4.78	4.306763195833989e-6
4.79	4.105190850406982e-6
4.8	3.912660100316023e-6
4.81	3.7287846380291872e-6
4.82	3.553193747657915e-6
4.83	3.3855317175130747e-6
4.84	3.2254572729469298e-6
4.85	3.0726430288590365e-6
4.86	2.926774961259931e-6
4.87	2.787551897302031e-6
4.88	2.654685023202477e-6
4.89	2.5278974094976532e-6
4.9	2.4069235530838745e-6
4.91	2.2915089355131994e-6
4.92	2.1814095970275247e-6
4.93	2.076391725828042e-6
4.94	1.9762312620907887e-6
4.95	1.8807135162524026e-6
4.96	1.7896328011033038e-6
4.97	1.7027920772383667e-6
4.98	1.6200026114277156e-6
4.99	1.5410836474825898e-6
5.	1.465862089203267e-6
5.01	1.394172195007818e-6
5.02	1.3258552838519927e-6
5.03	1.2607594520617982e-6
5.04	1.1987393007113598e-6
5.05	1.1396556731893988e-6
5.06	1.0833754026081972e-6
5.07	1.0297710687191716e-6
5.08	9.787207640092189e-7
5.09	9.301078686617764e-7
5.1	8.838208340760971e-7
5.11	8.397529746475547e-7
5.12	7.978022675208875e-7
5.13	7.57871160037153e-7
5.14	7.198663846038025e-7
5.15	6.836987807257141e-7
5.16	6.49283123943222e-7
5.17	6.16537961431178e-7
5.18	5.853854540208673e-7
5.19	5.557512244141793e-7
5.2	5.275642113668158e-7
5.21	5.007565296245002e-7
5.22	4.752633354031413e-7
5.23	4.5102269721069904e-7
5.24	4.2797547181511747e-7
5.25	4.060651851691117e-7
5.26	3.852379181088501e-7
5.27	3.654421966496433e-7
5.28	3.466288867076545e-7
5.29	3.2875109308237805e-7
5.3	3.117640625402017e-7
5.31	2.956250908447744e-7
5.32	2.8029343358515115e-7
5.33	2.6573022065778126e-7
5.34	2.5189837426335075e-7
5.35	2.38762530284286e-7
5.36	2.2628896291337912e-7
5.37	2.1444551240850876e-7
5.38	2.032015158528042e-7
5.39	1.9252774080384313e-7
5.4	1.8239632171958415e-7
5.41	1.727806990527181e-7
5.42	1.6365556090898294e-7
5.43	1.5499678716872331e-7
5.44	1.4678139597459828e-7
5.45	1.3898749249184377e-7
5.46	1.3159421985089177e-7
5.47	1.245817121854307e-7
5.48	1.1793104968217036e-7
5.49	1.1162421556164995e-7
5.5	1.056440549124005e-7
5.51	9.997423530365113e-8