-5.889999999999919	9.606071468846013e-8
-5.879999999999919	1.007667050598677e-7
-5.869999999999919	1.0569645489139e-7
-5.8599999999999195	1.1086025763549933e-7
-5.84999999999992	1.1626886253775619e-7
-5.83999999999992	1.2193349501278994e-7
-5.82999999999992	1.2786587750081368e-7
-5.81999999999992	1.3407824455317186e-7
-5.809999999999921	1.405833759649128e-7
-5.799999999999921	1.473946063553813e-7
-5.789999999999921	1.5452586030258046e-7
-5.779999999999921	1.6199167001347207e-7
-5.769999999999921	1.6980720332058834e-7
-5.759999999999922	1.7798828912453662e-7
-5.749999999999922	1.865514461584171e-7
-5.739999999999922	1.9551391190105243e-7
-5.729999999999922	2.048936690274967e-7
-5.7199999999999225	2.1470948273085674e-7
-5.709999999999923	2.2498092573382055e-7
-5.699999999999923	2.3572841673913406e-7
-5.689999999999923	2.4697325748527174e-7
-5.679999999999923	2.5873765958581797e-7
-5.6699999999999235	2.710447937579375e-7
-5.659999999999924	2.839188188300285e-7
-5.649999999999924	2.973849281753358e-7
-5.639999999999924	3.11469390166011e-7
-5.629999999999924	3.2619959233140174e-7
-5.619999999999925	3.416040864972859e-7
-5.609999999999925	3.577126362890579e-7
-5.599999999999925	3.7455626596677116e-7
-5.589999999999925	3.921673114905726e-7
-5.5799999999999255	4.1057947331142237e-7
-5.569999999999926	4.2982787134516565e-7
-5.559999999999926	4.499491016762912e-7
-5.549999999999926	4.7098129608884835e-7
-5.539999999999926	4.929641829625772e-7
-5.5299999999999265	5.15939151479873e-7
-5.519999999999927	5.399493169801971e-7
-5.509999999999927	5.650395903755949e-7
-5.499999999999927	5.912567481277066e-7
-5.489999999999927	6.186495072809451e-7
-5.479999999999928	6.472686010866075e-7
-5.469999999999928	6.771668585877679e-7
-5.459999999999928	7.083992871538221e-7
-5.449999999999928	7.410231573574206e-7
-5.4399999999999284	7.750980917440024e-7
-5.429999999999929	8.106861601687153e-7
-5.419999999999929	8.478519602450537e-7
-5.409999999999929	8.866627412465588e-7
-5.399999999999929	9.271884776408744e-7
-5.3899999999999295	9.695019998156425e-7
-5.37999999999993	1.0136790896700282e-6
-5.36999999999993	1.0597985976290438e-6
-5.35999999999993	1.1079425606253003e-6
-5.34999999999993	1.1581963240334084e-6
-5.339999999999931	1.210648667990927e-6
-5.329999999999931	1.2653919383933604e-6
-5.319999999999931	1.3225221824072232e-6
-5.309999999999931	1.3821392888950837e-6
-5.299999999999931	1.444347133875494e-6
-5.289999999999932	1.5092537307742283e-6
-5.279999999999932	1.5769713866191524e-6
-5.269999999999932	1.647616863806184e-6
-5.259999999999932	1.7213115448857575e-6
-5.2499999999999325	1.7981816068538668e-6
-5.239999999999933	1.878358201728896e-6
-5.229999999999933	1.9619776389788736e-6
-5.219999999999933	2.0491815779727294e-6
-5.209999999999933	2.1401172259848268e-6
-5.199999999999934	2.234937543025098e-6
-5.189999999999934	2.3338014540242946e-6
-5.179999999999934	2.436874067661629e-6
-5.169999999999934	2.544326903470363e-6
-5.159999999999934	2.656338126001088e-6
-5.149999999999935	2.7730927872405683e-6
-5.139999999999935	2.8947830777470485e-6
-5.129999999999935	3.021608583557585e-6
-5.119999999999935	3.1537765576814623e-6
-5.1099999999999355	3.291502192422698e-6
-5.099999999999936	3.4350089117123487e-6
-5.089999999999936	3.5845286514672903e-6
-5.079999999999936	3.7403021927751892e-6
-5.069999999999936	3.902579447741045e-6
-5.0599999999999365	4.071619802057962e-6
-5.049999999999937	4.247692448968628e-6
-5.039999999999937	4.431076733922581e-6
-5.029999999999937	4.622062513916004e-6
-5.019999999999937	4.820950539013336e-6
-5.009999999999938	5.028052803334177e-6
-4.999999999999938	5.243692980056542e-6
-4.989999999999938	5.4682068087899215e-6
-4.979999999999938	5.70194251814284e-6
-4.9699999999999385	5.9452612598851315e-6
-4.959999999999939	6.198537557201293e-6
-4.949999999999939	6.462159771315405e-6
-4.939999999999939	6.736530576256282e-6
-4.929999999999939	7.022067447279687e-6
-4.9199999999999395	7.319203173618467e-6
-4.90999999999994	7.628386383820738e-6
-4.89999999999994	7.950082078394505e-6
-4.88999999999994	8.28477219415678e-6
-4.87999999999994	8.632956181105581e-6
-4.869999999999941	8.995151572543204e-6
-4.859999999999941	9.371894626264988e-6
-4.849999999999941	9.763740936241836e-6
-4.839999999999941	0.00001017126608407732
-4.8299999999999415	0.000010595066298798294
-4.819999999999942	0.000011035759166540452
-4.809999999999942	0.000011493984313914794
-4.799999999999942	0.00001197040415694433
-4.789999999999942	0.000012465704654047137
-4.7799999999999425	0.00001298059606259535
-4.769999999999943	0.000013515813747089693
-4.759999999999943	0.000014072119017337229
-4.749999999999943	0.000014650299946947234
-4.739999999999943	0.000015251172266788491
-4.729999999999944	0.000015875580244334517
-4.719999999999944	0.00001652439761610751
-4.709999999999944	0.000017198528536008746
-4.699999999999944	0.000017898908552678628
-4.689999999999944	0.00001862650561166376
-4.679999999999945	0.000019382321088468105
-4.669999999999945	0.000020167390863986155
-4.659999999999945	0.00002098278640421147
-4.649999999999945	0.000021829615889011937
-4.6399999999999455	0.00002270902537483833
-4.629999999999946	0.000023622199983834748
-4.619999999999946	0.000024570365109769848
-4.609999999999946	0.00002555478770426201
-4.599999999999946	0.000026576777543459537
-4.589999999999947	0.000027637688565209885
-4.579999999999947	0.000028738920239342015
-4.569999999999947	0.000029881918953672615
-4.559999999999947	0.00003106817946513638
-4.549999999999947	0.000032299246377082964
-4.539999999999948	0.000033576715658901876
-4.529999999999948	0.000034902236189928285
-4.519999999999948	0.000036277511390320205
-4.509999999999948	0.00003770430084002573
-4.4999999999999485	0.00003918442197176274
-4.489999999999949	0.00004071975180800841
-4.479999999999949	0.00004231222874277884
-4.469999999999949	0.00004396385434221171
-4.459999999999949	0.00004567669524521082
-4.4499999999999496	0.000047452885065788886
-4.43999999999995	0.00004929462636069974
-4.42999999999995	0.00005120419266042873
-4.41999999999995	0.00005318393053017272
-4.40999999999995	0.000055236261696244574
-4.399999999999951	0.00005736368521956167
-4.389999999999951	0.00005956877973335508
-4.379999999999951	0.00006185420572196138
-4.369999999999951	0.00006422270786508462
-4.3599999999999515	0.00006667711745159772
-4.349999999999952	0.00006922035482116689
-4.339999999999952	0.00007185543189172641
-4.329999999999952	0.000074585454743677
-4.319999999999952	0.00007741362626261121
-4.3099999999999525	0.000080343248830547
-4.299999999999953	0.00008337772712226809
-4.289999999999953	0.00008652057092226653
-4.279999999999953	0.00008977539802515693
-4.269999999999953	0.0000931459372308791
-4.259999999999954	0.0000966360313527376
-4.249999999999954	0.00010024964034466765
-4.239999999999954	0.00010399084448544968
-4.229999999999954	0.00010786384762348443
-4.2199999999999545	0.00011187298049573395
-4.209999999999955	0.00011602270415474515
-4.199999999999955	0.00012031761342686394
-4.189999999999955	0.00012476244046793144
-4.179999999999955	0.00012936205840346587
-4.1699999999999555	0.000134121485044772
-4.159999999999956	0.0001390458866635204
-4.149999999999956	0.00014414058188272133
-4.139999999999956	0.0001494110456421379
-4.129999999999956	0.00015486291321219482
-4.119999999999957	0.00016050198434725265
-4.109999999999957	0.00016633422749498582
-4.099999999999957	0.00017236578408286914
-4.089999999999957	0.00017860297292051388
-4.079999999999957	0.00018505229467881868
-4.069999999999958	0.0001917204364528307
-4.059999999999958	0.0001986142764290419
-4.049999999999958	0.00020574088864604327
-4.039999999999958	0.00021310754783003907
-4.0299999999999585	0.00022072173434219922
-4.019999999999959	0.00022859113923855774
-4.009999999999959	0.00023672366937318976
-3.9999999999999587	0.00024512745265727374
-3.989999999999959	0.00025381084338745166
-3.979999999999959	0.00026278242768057523
-3.9699999999999593	0.0002720510289952675
-3.9599999999999596	0.00028162571379933076
-3.9499999999999598	0.0002915157972720953
-3.93999999999996	0.0003017308491663753
-3.92999999999996	0.00031228069975752624
-3.9199999999999604	0.00032317544588526435
-3.9099999999999606	0.00033442545710276505
-3.899999999999961	0.0003460413819634506
-3.889999999999961	0.00035803415437066514
-3.8799999999999613	0.0003704150000576954
-3.8699999999999615	0.00038319544317772636
-3.8599999999999617	0.00039638731299677157
-3.849999999999962	0.00041000275068315525
-3.839999999999962	0.00042405421623320435
-3.8299999999999623	0.00043855449549421154
-3.8199999999999625	0.00045351670727194115
-3.8099999999999627	0.00046895431059760265
-3.799999999999963	0.0004848811120749208
-3.789999999999963	0.0005013112733174165
-3.7799999999999634	0.000518259318547627
-3.7699999999999636	0.0005357401422677949
-3.759999999999964	0.0005537690170478827
-3.749999999999964	0.0005723616014351653
-3.7399999999999642	0.0005915339479720083
-3.7299999999999645	0.0006113025112964834
-3.7199999999999647	0.0006316841563885356
-3.709999999999965	0.0006526961669164062
-3.699999999999965	0.0006743562536598841
-3.6899999999999653	0.0006966825630850355
-3.6799999999999655	0.0007196936860022055
-3.6699999999999657	0.0007434086663248157
-3.659999999999966	0.0007678470099482405
-3.649999999999966	0.0007930286937329946
-3.6399999999999664	0.000818974174560796
-3.6299999999999666	0.000845704398533049
-3.619999999999967	0.0008732408102491938
-3.609999999999967	0.0009016053621788471
-3.5999999999999672	0.0009308205241306757
-3.5899999999999674	0.0009609092928475903
-3.5799999999999677	0.000991895201648439
-3.569999999999968	0.0010238023301900746
-3.559999999999968	0.0010566553143173112
-3.5499999999999683	0.0010904793559977756
-3.5399999999999685	0.001125300233318515
-3.5299999999999687	0.0011611443106161864
-3.519999999999969	0.001198038548647084
-3.509999999999969	0.0012360105148268115
-3.4999999999999694	0.0012750883935884643
-3.4899999999999696	0.0013153009967815602
-3.47999999999997	0.0013566777741219537
-3.46999999999997	0.001399248823752198
-3.45999999999997	0.0014430449028396551
-3.4499999999999704	0.0014880974382086585
-3.4399999999999706	0.0015344385370739037
-3.429999999999971	0.0015821009978086937
-3.419999999999971	0.0016311183207067433
-3.4099999999999713	0.0016815247188754015
-3.3999999999999715	0.0017333551291156236
-3.3899999999999717	0.0017866452228110933
-3.379999999999972	0.0018414314168977805
-3.369999999999972	0.0018977508848318006
-3.3599999999999723	0.0019556415675652085
-3.3499999999999726	0.00201514218455166
-3.3399999999999728	0.0020762922447482637
-3.329999999999973	0.002139132057631552
-3.319999999999973	0.002203702744185271
-3.3099999999999734	0.002270046247902759
-3.2999999999999736	0.002338205345761938
-3.289999999999974	0.002408223659154146
-3.279999999999974	0.0024801456648417576
-3.2699999999999743	0.0025540167058103387
-3.2599999999999745	0.0026298830021154428
-3.2499999999999747	0.002707791661676141
-3.239999999999975	0.0027877906910037577
-3.229999999999975	0.002869929005844725
-3.2199999999999753	0.00295425644179212
-3.2099999999999755	0.0030408237647808556
-3.1999999999999758	0.003129682681486105
-3.189999999999976	0.003220885849662052
-3.179999999999976	0.003314486888338168
-3.1699999999999764	0.0034105403878905444
-3.1599999999999766	0.0035091019200239417
-3.149999999999977	0.003610228047602057
-3.139999999999977	0.0037139763342968757
-3.1299999999999772	0.0038204053541448907
-3.1199999999999775	0.00392957470090858
-3.1099999999999777	0.0040415449972343006
-3.099999999999978	0.004156377903673085
-3.089999999999978	0.004274136127493014
-3.0799999999999783	0.004394883431244928
-3.0699999999999785	0.004518684641164276
-3.0599999999999787	0.004645605655316386
-3.049999999999979	0.004775713451498295
-3.039999999999979	0.004909076094892209
-3.0299999999999794	0.005045762745479284
-3.0199999999999796	0.00518584366512372
-3.00999999999998	0.005329390224409367
-2.99999999999998	0.005476474909186159
-2.9899999999999802	0.005627171326753689
-2.9799999999999804	0.00578155421174924
-2.9699999999999807	0.005939699431725571
-2.959999999999981	0.0061016839923114475
-2.949999999999981	0.006267586042046396
-2.9399999999999813	0.006437484876850285
-2.9299999999999815	0.006611460944062933
-2.9199999999999817	0.006789595846084322
-2.909999999999982	0.006971972343632772
-2.899999999999982	0.007158674358522805
-2.8899999999999824	0.007349786976002617
-2.8799999999999826	0.007545396446665481
-2.869999999999983	0.007745590187833383
-2.859999999999983	0.007950456784473044
-2.849999999999983	0.008160085989610967
-2.8399999999999834	0.00837456872422297
-2.8299999999999836	0.008593997076555712
-2.819999999999984	0.008818464300952988
-2.809999999999984	0.009048064816084136
-2.7999999999999843	0.009282894202570988
-2.7899999999999845	0.00952304920005712
-2.7799999999999847	0.00976862770365467
-2.769999999999985	0.010019728759726952
-2.759999999999985	0.010276452561078835
-2.7499999999999853	0.010538900441471374
-2.7399999999999856	0.010807174869439844
-2.7299999999999858	0.011081379441446323
-2.719999999999986	0.01136161887434559
-2.709999999999986	0.011647998997073333
-2.6999999999999864	0.01194062674164454
-2.6899999999999866	0.012239610133414063
-2.679999999999987	0.012545058280515721
-2.669999999999987	0.012857081362557579
-2.6599999999999873	0.013175790618544505
-2.6499999999999875	0.013501298333930436
-2.6399999999999877	0.01383371782687854
-2.629999999999988	0.01417316343370302
-2.619999999999988	0.014519750493406217
-2.6099999999999883	0.014873595331364288
-2.5999999999999885	0.015234815242165623
-2.5899999999999888	0.015603528471498354
-2.579999999999989	0.01597985419713517
-2.569999999999989	0.016363912509042584
-2.5599999999999894	0.016755824388482905
-2.5499999999999896	0.017155711686200045
-2.53999999999999	0.017563697099638245
-2.52999999999999	0.017979904149185492
-2.5199999999999902	0.01840445715339003
-2.5099999999999905	0.01883748120323517
-2.4999999999999907	0.019279102135359032
-2.489999999999991	0.019729446504247038
-2.479999999999991	0.02018864155339927
-2.4699999999999913	0.020656815185477233
-2.4599999999999915	0.02113409593130438
-2.4499999999999917	0.02162061291791481
-2.439999999999992	0.022116495835458844
-2.429999999999992	0.02262187490300331
-2.4199999999999924	0.023136880833288243
-2.4099999999999926	0.023661644796379718
-2.399999999999993	0.02419629838214385
-2.389999999999993	0.024740973561689535
-2.3799999999999932	0.025295802647652497
-2.3699999999999934	0.025860918253324854
-2.3599999999999937	0.02643645325068161
-2.349999999999994	0.027022540727286215
-2.339999999999994	0.027619313941998885
-2.3299999999999943	0.028226906279566453
-2.3199999999999945	0.028845451204099513
-2.3099999999999947	0.029475082211329263
-2.299999999999995	0.03011593277974252
-2.289999999999995	0.03076813632060349
-2.2799999999999954	0.03143182612676007
-2.2699999999999956	0.03210713532031367
-2.259999999999996	0.03279419679918795
-2.249999999999996	0.0334931431824824
-2.239999999999996	0.03420410675471567
-2.2299999999999964	0.03492721940893047
-2.2199999999999966	0.03566261258865894
-2.209999999999997	0.036410417228728516
-2.199999999999997	0.03717076369500617
-2.1899999999999973	0.03794378172298735
-2.1799999999999975	0.03872960035524894
-2.1699999999999977	0.0395283478778785
-2.159999999999998	0.04034015175577193
-2.149999999999998	0.041165138566823904
-2.1399999999999983	0.04200343393512763
-2.1299999999999986	0.042855162463073575
-2.1199999999999988	0.04372044766241997
-2.109999999999999	0.04459941188434447
-2.099999999999999	0.04549217624851909
-2.0899999999999994	0.046398860571131316
-2.0799999999999996	0.04731958329200004
-2.07	0.048254461400729406
-2.06	0.049203610361883206
-2.0500000000000003	0.05016714403931279
-2.0400000000000005	0.051145174619594426
-2.0300000000000007	0.05213781253455316
-2.020000000000001	0.05314516638298435
-2.010000000000001	0.05416734285160172
-2.0000000000000013	0.055204446635121106
-1.9900000000000015	0.056256580355633044
-1.9800000000000015	0.057323844481270106
-1.9700000000000015	0.058406337244133334
-1.9600000000000015	0.05950415455755863
-1.9500000000000015	0.06061738993280226
-1.9400000000000015	0.06174613439506165
-1.9300000000000015	0.06289047639895405
-1.9200000000000015	0.06405050174349393
-1.9100000000000015	0.06522629348655143
-1.9000000000000015	0.06641793185883245
-1.8900000000000015	0.06762549417752903
-1.8800000000000014	0.06884905475951035
-1.8700000000000014	0.07008868483420266
-1.8600000000000014	0.07134445245622105
-1.8500000000000014	0.07261642241772331
-1.8400000000000014	0.07390465616052322
-1.8300000000000014	0.0752092116881325
-1.8200000000000014	0.07653014347764246
-1.8100000000000014	0.07786750239152186
-1.8000000000000014	0.07922133558946295
-1.7900000000000014	0.0805916864402341
-1.7800000000000014	0.08197859443359796
-1.7700000000000014	0.08338209509239822
-1.7600000000000013	0.08480221988486361
-1.7500000000000013	0.0862389961370661
-1.7400000000000013	0.0876924469457785
-1.7300000000000013	0.08916259109166484
-1.7200000000000013	0.0906494429528255
-1.7100000000000013	0.09215301241886437
-1.7000000000000013	0.09367330480550204
-1.6900000000000013	0.0952103207697038
-1.6800000000000013	0.09676405622549974
-1.6700000000000013	0.0983345022605178
-1.6600000000000013	0.09992164505326152
-1.6500000000000012	0.10152546579119044
-1.6400000000000012	0.10314594058977054
-1.6300000000000012	0.10478304041238788
-1.6200000000000012	0.1064367309912999
-1.6100000000000012	0.10810697274972533
-1.6000000000000012	0.109793720724995
-1.5900000000000012	0.11149692449292543
-1.5800000000000012	0.11321652809353408
-1.5700000000000012	0.114952469958004
-1.5600000000000012	0.11670468283707486
-1.5500000000000012	0.118473093730948
-1.5400000000000011	0.12025762382067967
-1.5300000000000011	0.12205818840115433
-1.5200000000000011	0.12387469681579169
-1.5100000000000011	0.125707052392953
-1.500000000000001	0.12755515238409826
-1.490000000000001	0.12941888790389913
-1.480000000000001	0.13129814387224276
-1.470000000000001	0.13319279895818217
-1.460000000000001	0.1351027255260313
-1.450000000000001	0.13702778958357198
-1.440000000000001	0.1389678507323874
-1.430000000000001	0.14092276212053326
-1.420000000000001	0.1428923703975282
-1.410000000000001	0.1448765156716688
-1.400000000000001	0.14687503146984848
-1.390000000000001	0.14888774469991398
-1.380000000000001	0.15091447561551208
-1.370000000000001	0.152955037783648
-1.360000000000001	0.1550092380549445
-1.350000000000001	0.15707687653660535
-1.340000000000001	0.15915774656822582
-1.330000000000001	0.1612516347005345
-1.320000000000001	0.16335832067697406
-1.310000000000001	0.16547757741830832
-1.300000000000001	0.16760917101033265
-1.290000000000001	0.16975286069460105
-1.280000000000001	0.1719083988623164
-1.270000000000001	0.17407553105150342
-1.260000000000001	0.17625399594733845
-1.2500000000000009	0.17844352538580896
-1.2400000000000009	0.18064384436077474
-1.2300000000000009	0.18285467103436187
-1.2200000000000009	0.18507571675077827
-1.2100000000000009	0.1873066860536996
-1.2000000000000008	0.1895472767071093
-1.1900000000000008	0.19179717971966703
-1.1800000000000008	0.1940560793727683
-1.1700000000000008	0.1963236532521895
-1.1600000000000008	0.19859957228333988
-1.1500000000000008	0.20088350077030545
-1.1400000000000008	0.2031750964385877
-1.1300000000000008	0.20547401048152852
-1.1200000000000008	0.20777988761060348
-1.1100000000000008	0.2100923661094881
-1.1000000000000008	0.21241107789189365
-1.0900000000000007	0.21473564856329408
-1.0800000000000007	0.21706569748652896
-1.0700000000000007	0.21940083785117231
-1.0600000000000007	0.22174067674686285
-1.0500000000000007	0.22408481524054194
-1.0400000000000007	0.22643284845748096
-1.0300000000000007	0.22878436566627086
-1.0200000000000007	0.2311389503677532
-1.0100000000000007	0.2334961803877333
-1.0000000000000007	0.23585562797364465
-0.9900000000000007	0.23821685989513364
-0.9800000000000006	0.24057943754843086
-0.9700000000000006	0.24294291706460783
-0.9600000000000006	0.24530684942175124
-0.9500000000000006	0.2476707805608611
-0.9400000000000006	0.2500342515055665
-0.9300000000000006	0.2523967984857161
-0.9200000000000006	0.2547579530646154
-0.9100000000000006	0.2571172422699807
-0.9000000000000006	0.2594741887286928
-0.8900000000000006	0.26182831080511537
-0.8800000000000006	0.26417912274299815
-0.8700000000000006	0.26652613481106857
-0.8600000000000005	0.26886885345207084
-0.8500000000000005	0.271206781435278
-0.8400000000000005	0.2735394180124715
-0.8300000000000005	0.2758662590773262
-0.8200000000000005	0.2781867973279979
-0.8100000000000005	0.2805005224331133
-0.8000000000000005	0.2828069212009168
-0.7900000000000005	0.28510547775223494
-0.7800000000000005	0.28739567369266816
-0.7700000000000005	0.2896769882959086
-0.7600000000000005	0.29194889868149926
-0.7500000000000004	0.2942108799998598
-0.7400000000000004	0.2964624056191905
-0.7300000000000004	0.2987029473149729
-0.7200000000000004	0.3009319754621405
-0.7100000000000004	0.30314895922981777
-0.7000000000000004	0.3053533667783499
-0.6900000000000004	0.3075446654587445
-0.6800000000000004	0.3097223220144176
-0.6700000000000004	0.3118858027849317
-0.6600000000000004	0.3140345739118481
-0.6500000000000004	0.316168101546612
-0.6400000000000003	0.318285852060113
-0.6300000000000003	0.32038729225402174
-0.6200000000000003	0.3224718895738644
-0.6100000000000003	0.32453911232345717
-0.6000000000000003	0.326588429880743
-0.5900000000000003	0.3286193129150433
-0.5800000000000003	0.33063123360535457
-0.5700000000000003	0.33262366585965314
-0.5600000000000003	0.3345960855352929
-0.5500000000000003	0.3365479706600748
-0.5400000000000003	0.3384788016532363
-0.5300000000000002	0.34038806155067497
-0.5200000000000002	0.3422752362235291
-0.5100000000000002	0.3441398146038617
-0.5000000000000002	0.3459812889072972
-0.49000000000000027	0.34779915485628954
-0.48000000000000026	0.3495929119031163
-0.47000000000000025	0.35136206345290927
-0.46000000000000024	0.353106117086355
-0.45000000000000023	0.3548245847814774
-0.4400000000000002	0.3565169831351093
-0.4300000000000002	0.3581828335838595
-0.4200000000000002	0.3598216626233165
-0.4100000000000002	0.3614330020273319
-0.4000000000000002	0.36301638906520056
-0.3900000000000002	0.364571366717849
-0.38000000000000017	0.36609748389276886
-0.37000000000000016	0.3675942956371147
-0.36000000000000015	0.36906136334903306
-0.35000000000000014	0.3704982549873583
-0.34000000000000014	0.37190454527913835
-0.3300000000000001	0.3732798159249864
-0.3200000000000001	0.37462365580229257
-0.3100000000000001	0.3759356611659846
-0.3000000000000001	0.37721543584661615
-0.2900000000000001	0.3784625914459623
-0.2800000000000001	0.37967674752973596
-0.2700000000000001	0.38085753181726584
-0.26000000000000006	0.38200458036825125
-0.25000000000000006	0.38311753776629104
-0.24000000000000007	0.3841960572989556
-0.23000000000000007	0.38523980113454814
-0.22000000000000006	0.3862484404951461
-0.21000000000000005	0.38722165582657553
-0.20000000000000004	0.38815913696313115
-0.19000000000000003	0.38906058328996196
-0.18000000000000002	0.38992570390048076
-0.17	0.39075421774985597
-0.16	0.3915458538042772
-0.15	0.39230035118571743
-0.13999999999999999	0.39301745931225535
-0.12999999999999998	0.39369693803388817
-0.11999999999999998	0.3943385577635143
-0.10999999999999999	0.3949420996031726
-0.09999999999999999	0.39550735546548366
-0.09	0.3960341281899866
-0.08	0.3965222316544239
-0.07	0.3969714908809765
-0.060000000000000005	0.3973817421371611
-0.05	0.39775283303139347
-0.04	0.39808462260327826
-0.03	0.3983769814083395
-0.02	0.39862979159720685
-0.01	0.3988429469892876
0	0.3990163531407275
0.01	0.39914992740660227
0.02	0.39924359899745054
0.03	0.39929730902993393
0.04	0.39931101057156454
0.05	0.39928466867963636
0.060000000000000005	0.3992182604341794
0.07	0.3991117749648482
0.08	0.39896521347190006
0.09	0.3987785892411351
0.09999999999999999	0.39855192765268577
0.10999999999999999	0.39828526618381904
0.11999999999999998	0.3979786544056606
0.12999999999999998	0.3976321539737423
0.13999999999999999	0.3972458386125028
0.15	0.39681979409373164
0.16	0.3963541182088106
0.17	0.3958489207349301
0.18000000000000002	0.3953043233952789
0.19000000000000003	0.39472045981307585
0.20000000000000004	0.39409747545960694
0.21000000000000005	0.39343552759631956
0.22000000000000006	0.3927347852108305
0.23000000000000007	0.3919954289470374
0.24000000000000007	0.3912176510293536
0.25000000000000006	0.3904016551810327
0.26000000000000006	0.3895476565366642
0.2700000000000001	0.3886558815489852
0.2800000000000001	0.3877265678899034
0.2900000000000001	0.3867599643458733
0.3000000000000001	0.38575633070774834
0.3100000000000001	0.38471593765506507
0.3200000000000001	0.38363906663484143
0.3300000000000001	0.3825260097350944
0.34000000000000014	0.3813770695530164
0.35000000000000014	0.3801925590578938
0.36000000000000015	0.3789728014489851
0.37000000000000016	0.377718130008335
0.38000000000000017	0.37642888794860446
0.3900000000000002	0.37510542825610355
0.4000000000000002	0.37374811352909965
0.4100000000000002	0.3723573158114041
0.4200000000000002	0.370933416421507
0.4300000000000002	0.3694768057772806
0.4400000000000002	0.3679878832163215
0.45000000000000023	0.36646705681213937
0.46000000000000024	0.3649147431863107
0.47000000000000025	0.3633313673165889
0.48000000000000026	0.3617173623412434
0.49000000000000027	0.36007316935973516
0.5000000000000002	0.35839923722985373
0.5100000000000002	0.3566960223608889
0.5200000000000002	0.35496398850467276
0.5300000000000002	0.35320360654224353
0.5400000000000003	0.35141535426809145
0.5500000000000003	0.34959971617140406
0.5600000000000003	0.34775718321455246
0.5700000000000003	0.34588825260894385
0.5800000000000003	0.34399342758849455
0.5900000000000003	0.34207321718071265
0.6000000000000003	0.34012813597562896
0.6100000000000003	0.33815870389275965
0.6200000000000003	0.336165445946162
0.6300000000000003	0.3341488920077446
0.6400000000000003	0.3321095765690904
0.6500000000000004	0.33004803850182196
0.6600000000000004	0.3279648208166783
0.6700000000000004	0.32586047042155286
0.6800000000000004	0.323735537878547
0.6900000000000004	0.3215905771601903
0.7000000000000004	0.3194261454050628
0.7100000000000004	0.31724280267293115
0.7200000000000004	0.3150411116994725
0.7300000000000004	0.31282163765088794
0.7400000000000004	0.31058494787847557
0.7500000000000004	0.30833161167325657
0.7600000000000005	0.3060622000209295
0.7700000000000005	0.30377728535725623
0.7800000000000005	0.30147744132393267
0.7900000000000005	0.299163242525262
0.8000000000000005	0.2968352642856549
0.8100000000000005	0.2944940824081233
0.8200000000000005	0.29214027293393774
0.8300000000000005	0.2897744119036178
0.8400000000000005	0.2873970751192872
0.8500000000000005	0.2850088379086388
0.8600000000000005	0.28261027489064394
0.8700000000000006	0.28020195974304907
0.8800000000000006	0.2777844649718627
0.8900000000000006	0.2753583616830113
0.9000000000000006	0.2729242193561709
0.9100000000000006	0.2704826056209652
0.9200000000000006	0.2680340860357117
0.9300000000000006	0.2655792238687269
0.9400000000000006	0.26311857988235043
0.9500000000000006	0.26065271211986674
0.9600000000000006	0.2581821756953596
0.9700000000000006	0.25570752258659374
0.9800000000000006	0.25322930143114897
0.9900000000000007	0.2507480573257946
1.0000000000000007	0.2482643316292099
1.0100000000000007	0.24577866176825153
1.0200000000000007	0.24329158104776905
1.0300000000000007	0.24080361846403903
1.0400000000000007	0.23831529852202432
1.0500000000000007	0.23582714105643923
1.0600000000000007	0.23333966105671414
1.0700000000000007	0.23085336849598667
1.0800000000000007	0.22836876816417476
1.0900000000000007	0.22588635950513877
1.1000000000000008	0.2234066364580994
1.1100000000000008	0.22093008730333386
1.1200000000000008	0.218457194511936
1.1300000000000008	0.2159884346011111
1.1400000000000008	0.2135242779917163
1.1500000000000008	0.21106518887244688
1.1600000000000008	0.20861162506749661
1.1700000000000008	0.20616403790901164
1.1800000000000008	0.20372287211415444
1.1900000000000008	0.20128856566679781
1.2000000000000008	0.19886154970394648
1.2100000000000009	0.19644224840682903
1.2200000000000009	0.19403107889670773
1.2300000000000009	0.19162845113549676
1.2400000000000009	0.1892347678310881
1.2500000000000009	0.1868504243474615
1.260000000000001	0.18447580861961363
1.270000000000001	0.18211130107326362
1.280000000000001	0.1797572745493052
1.290000000000001	0.1774140942331268
1.300000000000001	0.17508211758866843
1.310000000000001	0.17276169429711516
1.320000000000001	0.17045316620102524
1.330000000000001	0.16815686725190385
1.340000000000001	0.16587312346377678
1.350000000000001	0.16360225287085972
1.360000000000001	0.16134456549000908
1.370000000000001	0.15910036328781826
1.380000000000001	0.15686994015234387
1.390000000000001	0.15465358186942454
1.400000000000001	0.15245156610351007
1.410000000000001	0.15026416238301346
1.420000000000001	0.14809163209015022
1.430000000000001	0.14593422845512727
1.440000000000001	0.1437921965547376
1.450000000000001	0.14166577331528826
1.460000000000001	0.13955518751972107
1.470000000000001	0.13746065981897285
1.480000000000001	0.1353824027474966
1.490000000000001	0.1333206207427983
1.500000000000001	0.1312755101690457
1.5100000000000011	0.12924725934460313
1.5200000000000011	0.12723604857344228
1.5300000000000011	0.125242050180354
1.5400000000000011	0.12326542854993962
1.5500000000000012	0.12130634016920924
1.5600000000000012	0.1193649336737958
1.5700000000000012	0.11744134989768361
1.5800000000000012	0.11553572192636467
1.5900000000000012	0.11364817515330465
1.6000000000000012	0.11177882733975489
1.6100000000000012	0.1099277886776762
1.6200000000000012	0.10809516185579121
1.6300000000000012	0.10628104212865903
1.6400000000000012	0.10448551738867147
1.6500000000000012	0.10270866824085749
1.6600000000000013	0.10095056808048902
1.6700000000000013	0.09921128317332004
1.6800000000000013	0.0974908727383896
1.6900000000000013	0.09578938903331712
1.7000000000000013	0.09410687744200767
1.7100000000000013	0.09244337656459307
1.7200000000000013	0.09079891830964072
1.7300000000000013	0.08917352798844749
1.7400000000000013	0.08756722441135736
1.7500000000000013	0.08598001998598545
1.7600000000000013	0.08441192081733134
1.7700000000000014	0.08286292680957182
1.7800000000000014	0.08133303176952847
1.7900000000000014	0.07982222351172516
1.8000000000000014	0.0783304839648354
1.8100000000000014	0.07685778927957211
1.8200000000000014	0.07540410993783513
1.8300000000000014	0.07396941086303052
1.8400000000000014	0.07255365153150707
1.8500000000000014	0.07115678608502478
1.8600000000000014	0.06977876344410094
1.8700000000000014	0.06841952742221785
1.8800000000000014	0.06707901684077698
1.8900000000000015	0.0657571656446971
1.9000000000000015	0.06445390301860664
1.9100000000000015	0.06316915350350635
1.9200000000000015	0.061902837113856905
1.9300000000000015	0.060654869454975086
1.9400000000000015	0.05942516184067419
1.9500000000000015	0.0582136214110955
1.9600000000000015	0.05702015125056169
1.9700000000000015	0.05584465050550833
1.9800000000000015	0.05468701450230405
1.9900000000000015	0.053547134864930304
2.0000000000000013	0.05242489963245153
2.010000000000001	0.05132019337621205
2.020000000000001	0.05023289731663416
2.0300000000000007	0.04916288943962346
2.0400000000000005	0.04811004461247045
2.0500000000000003	0.047074234699184675
2.06	0.04605532867521299
2.07	0.04505319274146975
2.0799999999999996	0.044067690437619225
2.0899999999999994	0.04309868275454269
2.099999999999999	0.04214602824598354
2.109999999999999	0.041209583139215904
2.1199999999999988	0.04028920144477181
2.1299999999999986	0.039384735065171865
2.1399999999999983	0.03849603390252578
2.149999999999998	0.03762294596506062
2.159999999999998	0.03676531747245232
2.1699999999999977	0.03592299295996363
2.1799999999999975	0.03509581538130959
2.1899999999999973	0.034283626210246186
2.199999999999997	0.03348626554079916
2.209999999999997	0.032703572186148056
2.2199999999999966	0.03193538377607642
2.2299999999999964	0.031181536853007098
2.239999999999996	0.030441866966520483
2.249999999999996	0.029716208766423224
2.259999999999996	0.029004396094251598
2.2699999999999956	0.02830626207319444
2.2799999999999954	0.027621639196487115
2.289999999999995	0.026950359414152664
2.299999999999995	0.02629225421813305
2.3099999999999947	0.025647154725755936
2.3199999999999945	0.025014891761562727
2.3299999999999943	0.02439529593741799
2.339999999999994	0.023788197730942914
2.349999999999994	0.023193427562242443
2.3599999999999937	0.022610815868868196
2.3699999999999934	0.022040193179105768
2.3799999999999932	0.021481390183479207
2.389999999999993	0.020934237804515164
2.399999999999993	0.02039856726476136
2.4099999999999926	0.01987421015303739
2.4199999999999924	0.01936099848892794
2.429999999999992	0.018858764785511583
2.439999999999992	0.01836734211033435
2.4499999999999917	0.017886564144604787
2.4599999999999915	0.017416265240654493
2.4699999999999913	0.01695628047762662
2.479999999999991	0.016506445715425935
2.489999999999991	0.016066597646916033
2.4999999999999907	0.01563657384840129
2.5099999999999905	0.015216212828355155
2.5199999999999902	0.0148053540744635
2.52999999999999	0.014403838098937504
2.53999999999999	0.014011506482158542
2.5499999999999896	0.013628201914615506
2.5599999999999894	0.013253768237201187
2.569999999999989	0.012888050479855832
2.579999999999989	0.012530894898548974
2.5899999999999888	0.012182149010684366
2.5999999999999885	0.011841661628883152
2.6099999999999883	0.011509282893171855
2.619999999999988	0.011184864301640052
2.629999999999988	0.010868258739533917
2.6399999999999877	0.01055932050682644
2.6499999999999875	0.01025790534429726
2.6599999999999873	0.009963870458128915
2.669999999999987	0.009677074543047334
2.679999999999987	0.009397377804018132
2.6899999999999866	0.0091246419765536
2.6999999999999864	0.008858730345608133
2.709999999999986	0.00859950776313347
2.719999999999986	0.008346840664280866
2.7299999999999858	0.008100597082304052
2.7399999999999856	0.007860646662155054
2.7499999999999853	0.007626860672844249
2.759999999999985	0.007399112018549512
2.769999999999985	0.007177275248515569
2.7799999999999847	0.006961226565781133
2.7899999999999845	0.006750843834745246
2.7999999999999843	0.006546006587599751
2.809999999999984	0.006346596029672028
2.819999999999984	0.006152495043684405
2.8299999999999836	0.00596358819296937
2.8399999999999834	0.00577976172366619
2.849999999999983	0.005600903565924235
2.859999999999983	0.0054269033341386224
2.869999999999983	0.005257652326254331
2.8799999999999826	0.005093043522153986
2.8899999999999824	0.004932971581165431
2.899999999999982	0.004777332838710421
2.909999999999982	0.004626025302136522
2.9199999999999817	0.004478948645715571
2.9299999999999815	0.004336004204909699
2.9399999999999813	0.004197094969857597
2.949999999999981	0.00406212557814016
2.959999999999981	0.003931002306870634
2.9699999999999807	0.0038036330640895933
2.9799999999999804	0.003679927379534235
2.9899999999999802	0.0035597963947710666
2.99999999999998	0.0034431528527532587
3.00999999999998	0.0033299110867919964
3.0199999999999796	0.003219987008998426
3.0299999999999794	0.00311329809818879
3.039999999999979	0.003009763387311056
3.049999999999979	0.002909303450377752
3.0599999999999787	0.0028118403889796028
3.0699999999999785	0.0027172978183341023
3.0799999999999783	0.0026256008529570974
3.089999999999978	0.002536676091960973
3.099999999999978	0.002450451603958225
3.1099999999999777	0.0023668569116470253
3.1199999999999775	0.0022858229760929225
3.1299999999999772	0.0022072821806841877
3.139999999999977	0.002131168314827345
3.149999999999977	0.0020574165573881693
3.1599999999999766	0.0019859634598853016
3.1699999999999764	0.0019167469294599866
3.179999999999976	0.001849706211678044
3.189999999999976	0.001784781873100976
3.1999999999999758	0.001721915783728034
3.2099999999999755	0.0016610510992818644
3.2199999999999753	0.0016021322433536903
3.229999999999975	0.001545104889447022
3.239999999999975	0.0014899159429140074
3.2499999999999747	0.0014365135228067672
3.2599999999999745	0.001384846943684275
3.2699999999999743	0.0013348666973178917
3.279999999999974	0.001286524434401164
3.289999999999974	0.001239772946217961
3.2999999999999736	0.0011945661462877248
3.3099999999999734	0.001150859052033175
3.319999999999973	0.0011086077664363388
3.329999999999973	0.0010677694597293495
3.3399999999999728	0.0010283023511415453
3.3499999999999726	0.0009901656906445692
3.3599999999999723	0.0009533197407939107
3.369999999999972	0.0009177257586379286
3.379999999999972	0.0008833459776853606
3.3899999999999717	0.000850143589963231
3.3999999999999715	0.0008180827281962913
3.4099999999999713	0.0007871284480531376
3.419999999999971	0.0007572467105273244
3.429999999999971	0.0007284043644481751
3.4399999999999706	0.0007005691290956047
3.4499999999999704	0.0006737095769661785
3.45999999999997	0.0006477951166857233
3.46999999999997	0.0006227959760593035
3.47999999999997	0.00059868318527965
3.4899999999999696	0.0005754285603020574
3.4999999999999694	0.0005530046863871545
3.509999999999969	0.0005313849017947497
3.519999999999969	0.0005105432816863493
3.5299999999999687	0.000490454622181258
3.5399999999999685	0.0004710944246136679
3.5499999999999683	0.00045243887996443573
3.559999999999968	0.00043446485350807256
3.569999999999968	0.0004171498696274502
3.5799999999999677	0.00040047209684577556
3.5899999999999674	0.00038441033305863895
3.5999999999999672	0.0003689439909624089
3.609999999999967	0.000354053083695079
3.619999999999967	0.00033971821067985104
3.6299999999999666	0.0003259205436873635
3.6399999999999664	0.000312641813103406
3.649999999999966	0.0002998642944082663
3.659999999999966	0.00028757079487318817
3.6699999999999657	0.00027574464046668687
3.6799999999999655	0.00026436966299260805
3.6899999999999653	0.000253430187414407
3.699999999999965	0.00024291101941588216
3.709999999999965	0.00023279743318874974
3.7199999999999647	0.0002230751594092424
3.7299999999999645	0.00021373037344717477
3.7399999999999642	0.00020474968378703454
3.749999999999964	0.0001961201206646492
3.759999999999964	0.00018782912491348668
3.7699999999999636	0.00017986453703681927
3.7799999999999634	0.0001722145864729275
3.789999999999963	0.00016486788108964422
3.799999999999963	0.0001578133968746859
3.8099999999999627	0.00015104046784954168
3.8199999999999625	0.0001445387761728926
3.8299999999999623	0.00013829834246600032
3.839999999999962	0.00013230951632802143
3.849999999999962	0.000126562967061574
3.8599999999999617	0.00012104967459628272
3.8699999999999615	0.0001157609206197359
3.8799999999999613	0.00011068827987583457
3.889999999999961	0.00010582361169278221
3.899999999999961	0.00010115905168374527
3.9099999999999606	0.00009668700363930128
3.9199999999999604	0.0000924001315975507
3.92999999999996	0.00008829135213114591
3.93999999999996	0.00008435382677618954
3.9499999999999598	0.00008058095466389198
3.9599999999999596	0.00007696636533644829
3.9699999999999593	0.00007350391171410286
3.979999999999959	0.00007018766325393903
3.989999999999959	0.00006701189927871965
3.9999999999999587	0.00006397110244851391
4.009999999999959	0.0000610599524332594
4.019999999999959	0.000058273319720626685
4.0299999999999585	0.00005560625959018703
4.039999999999958	0.00005305400624852777
4.049999999999958	0.000050611967109901284
4.059999999999958	0.00004827571724266661
4.069999999999958	0.000046040993935538914
4.079999999999957	0.00004390369144551067
4.089999999999957	0.00004185985586180564
4.099999999999957	0.000039905680120417746
4.109999999999957	0.00003803749915340667
4.119999999999957	0.000036251785178322014
4.129999999999956	0.000034545143106395185
4.139999999999956	0.00003291430609675815
4.149999999999956	0.00003135613122556252
4.159999999999956	0.00002986759528272847
4.1699999999999555	0.0000284457906895354
4.179999999999955	0.000027087921537024695
4.189999999999955	0.000025791299736526663
4.199999999999955	0.000024553341283955506
4.209999999999955	0.000023371562645969017
4.2199999999999545	0.000022243577230002593
4.229999999999954	0.00002116709198768438
4.239999999999954	0.000020139904109006297
4.249999999999954	0.00001915989780815258
4.259999999999954	0.000018225041227894978
4.269999999999953	0.000017333383427679386
4.279999999999953	0.000016483051461821293
4.289999999999953	0.000015672247560628696
4.299999999999953	0.000014899246400736951
4.3099999999999525	0.000014162392438423203
4.319999999999952	0.000013460097365277378
4.329999999999952	0.000012790837617614994
4.339999999999952	0.000012153151976882566
4.349999999999952	0.000011545639248584317
4.3599999999999515	0.000010966956009483735
4.369999999999951	0.000010415814457968938
4.379999999999951	9.890980277141766e-6
4.389999999999951	9.391270633589693e-6
4.399999999999951	8.915552202982005e-6
4.40999999999995	8.46273928678828e-6
4.41999999999995	8.031791962134259e-6
4.42999999999995	7.621714330447095e-6
4.43999999999995	7.23155279482275e-6
4.4499999999999496	6.860394427545022e-6
4.459999999999949	6.507365366545394e-6
4.469999999999949	6.171629281185184e-6
4.479999999999949	5.8523858969591206e-6
4.489999999999949	5.548869559931551e-6
4.4999999999999485	5.260347858377924e-6
4.509999999999948	4.986120291994315e-6
4.519999999999948	4.725517006166434e-6
4.529999999999948	4.477897530737231e-6
4.539999999999948	4.242649601339157e-6
4.549999999999947	4.019188027444698e-6
4.559999999999947	3.806953560027061e-6
4.569999999999947	3.605411844932394e-6
4.579999999999947	3.414052394105082e-6
4.589999999999947	3.2323875991342913e-6
4.599999999999946	3.0599517791814315e-6
4.609999999999946	2.8963002713139082e-6
4.619999999999946	2.7410085487360943e-6
4.629999999999946	2.5936713728037544e-6
4.6399999999999455	2.4539019848399487e-6
4.649999999999945	2.3213313168346796e-6
4.659999999999945	2.195607247015292e-6
4.669999999999945	2.0763938677384544e-6
4.679999999999945	1.9633707994438933e-6
4.689999999999944	1.8562325159409922e-6
4.699999999999944	1.7546877077061372e-6
4.709999999999944	1.6584586637017418e-6
4.719999999999944	1.5672806778911785e-6
4.729999999999944	1.4809014848537683e-6
4.739999999999943	1.3990807109889046e-6
4.749999999999943	1.321589354596965e-6
4.759999999999943	1.248209278920981e-6
4.769999999999943	1.1787327353019781e-6
4.7799999999999425	1.1129618964590813e-6
4.789999999999942	1.0507084161494486e-6
4.799999999999942	9.91793001940265e-7
4.809999999999942	9.360450097349545e-7
4.819999999999942	8.833020521690429e-7
4.8299999999999415	8.334096230032139e-7
4.839999999999941	7.862207409310033e-7
4.849999999999941	7.415956046316305e-7
4.859999999999941	6.994012627272626e-7
4.869999999999941	6.595113009732527e-7
4.87999999999994	6.218055380249427e-7
4.88999999999994	5.861697388640407e-7
4.89999999999994	5.524953367300449e-7
4.90999999999994	5.20679166614111e-7
4.9199999999999395	4.906232234886084e-7
4.929999999999939	4.6223439970173964e-7
4.939999999999939	4.354242774491886e-7
4.949999999999939	4.101088863865489e-7
4.959999999999939	3.8620850402314617e-7
4.9699999999999385	3.6364745041780336e-7
4.979999999999938	3.423538929513456e-7
4.989999999999938	3.222596678705866e-7
4.999999999999938	3.033000994527443e-7
5.009999999999938	2.854138278473876e-7
5.019999999999937	2.685426541160461e-7
5.029999999999937	2.526313845363682e-7
5.039999999999937	2.376276840881843e-7
5.049999999999937	2.2348193636464614e-7
5.0599999999999365	2.1014711012098967e-7
5.069999999999936	1.9757863260018347e-7
5.079999999999936	1.8573426589954856e-7
5.089999999999936	1.74573992220016e-7
5.099999999999936	1.6405990529993236e-7
5.1099999999999355	1.5415610229731663e-7
5.119999999999935	1.4482858444925797e-7
5.129999999999935	1.3604516010916378e-7
5.139999999999935	1.277753572779188e-7
5.149999999999935	1.1999033420248802e-7
5.159999999999934	1.1266279409699941e-7
5.169999999999934	1.0576691013077088e-7
5.179999999999934	9.927824923942845e-8