-5.8599999999999195	9.758855641611582e-8
-5.84999999999992	1.024161654034173e-7
-5.83999999999992	1.0747546581310014e-7
-5.82999999999992	1.1277721068640763e-7
-5.81999999999992	1.1833263185236379e-7
-5.809999999999921	1.2415346567673796e-7
-5.799999999999921	1.3025197114427115e-7
-5.789999999999921	1.3664094903380393e-7
-5.779999999999921	1.4333376988051511e-7
-5.769999999999921	1.503443964592958e-7
-5.759999999999922	1.5768740896496897e-7
-5.749999999999922	1.6537803104548834e-7
-5.739999999999922	1.73432157115366e-7
-5.729999999999922	1.8186638049667894e-7
-5.7199999999999225	1.9069802281048663e-7
-5.709999999999923	1.9994516189448088e-7
-5.699999999999923	2.0962667463887326e-7
-5.689999999999923	2.197622504474299e-7
-5.679999999999923	2.3037244802252065e-7
-5.6699999999999235	2.4147871148324246e-7
-5.659999999999924	2.5310341871399167e-7
-5.649999999999924	2.6526991722397707e-7
-5.639999999999924	2.7800256399353514e-7
-5.629999999999924	2.913267673024976e-7
-5.619999999999925	3.052690301013486e-7
-5.609999999999925	3.1985699484344646e-7
-5.599999999999925	3.3511949067899024e-7
-5.589999999999925	3.510865805346824e-7
-5.5799999999999255	3.677896140998515e-7
-5.569999999999926	3.852612772341738e-7
-5.559999999999926	4.0353564895713295e-7
-5.549999999999926	4.2264825622156404e-7
-5.539999999999926	4.4263613340778284e-7
-5.5299999999999265	4.635378827195098e-7
-5.519999999999927	4.853937376023218e-7
-5.509999999999927	5.082456279041103e-7
-5.499999999999927	5.321372498183812e-7
-5.489999999999927	5.571141330937091e-7
-5.479999999999928	5.832237183035807e-7
-5.469999999999928	6.105154295388181e-7
-5.459999999999928	6.390407552775158e-7
-5.449999999999928	6.688533296650956e-7
-5.4399999999999284	7.000090178195597e-7
-5.429999999999929	7.32566003458177e-7
-5.419999999999929	7.66584880638911e-7
-5.409999999999929	8.02128748358497e-7
-5.399999999999929	8.392633088907424e-7
-5.3899999999999295	8.780569695676076e-7
-5.37999999999993	9.18580948558618e-7
-5.36999999999993	9.609093841568463e-7
-5.35999999999993	1.0051194484436178e-6
-5.34999999999993	1.0512914648879598e-6
-5.339999999999931	1.0995090301133116e-6
-5.329999999999931	1.1498591403296887e-6
-5.319999999999931	1.2024323221393946e-6
-5.309999999999931	1.2573227682628206e-6
-5.299999999999931	1.3146284778749e-6
-5.289999999999932	1.3744514020224487e-6
-5.279999999999932	1.436897594515708e-6
-5.269999999999932	1.50207736788718e-6
-5.259999999999932	1.5701054548336512e-6
-5.2499999999999325	1.6411011758298816e-6
-5.239999999999933	1.7151886121482135e-6
-5.229999999999933	1.7924967851461167e-6
-5.219999999999933	1.873159842156538e-6
-5.209999999999933	1.957317248284106e-6
-5.199999999999934	2.045113985297572e-6
-5.189999999999934	2.136700757591256e-6
-5.179999999999934	2.232234204748581e-6
-5.169999999999934	2.3318771219093292e-6
-5.159999999999934	2.4357986875838323e-6
-5.149999999999935	2.54417469937555e-6
-5.139999999999935	2.65718781749455e-6
-5.129999999999935	2.775027812077142e-6
-5.119999999999935	2.8978918435191905e-6
-5.1099999999999355	3.0259846972513716e-6
-5.099999999999936	3.159519102137189e-6
-5.089999999999936	3.2987159869150197e-6
-5.079999999999936	3.443804783588741e-6
-5.069999999999936	3.595023755532649e-6
-5.0599999999999365	3.7526202898874916e-6
-5.049999999999937	3.9168512375006276e-6
-5.039999999999937	4.087983267128978e-6
-5.029999999999937	4.266293182355912e-6
-5.019999999999937	4.4520683031054116e-6
-5.009999999999938	4.645606832483155e-6
-4.999999999999938	4.847218304363943e-6
-4.989999999999938	5.057223855277222e-6
-4.979999999999938	5.2759567460246745e-6
-4.9699999999999385	5.503762741453357e-6
-4.959999999999939	5.741000558607451e-6
-4.949999999999939	5.9880423185934225e-6
-4.939999999999939	6.245274019617404e-6
-4.929999999999939	6.513096005990007e-6
-4.9199999999999395	6.791923481849404e-6
-4.90999999999994	7.082187017464773e-6
-4.89999999999994	7.384333080400528e-6
-4.88999999999994	7.698824578864383e-6
-4.87999999999994	8.026141437899628e-6
-4.869999999999941	8.366781164454837e-6
-4.859999999999941	8.721259451103947e-6
-4.849999999999941	9.090110809633741e-6
-4.839999999999941	9.473889195540225e-6
-4.8299999999999415	9.87316865812518e-6
-4.819999999999942	0.000010288544037309311
-4.809999999999942	0.000010720631652108574
-4.799999999999942	0.000011170070012964691
-4.789999999999942	0.000011637520576764647
-4.7799999999999425	0.000012123668503521156
-4.769999999999943	0.000012629223435573219
-4.759999999999943	0.000013154920328888143
-4.749999999999943	0.000013701520270530354
-4.739999999999943	0.000014269811337329442
-4.729999999999944	0.000014860609492939039
-4.719999999999944	0.00001547475949614968
-4.709999999999944	0.000016113135822648328
-4.699999999999944	0.000016776643656973478
-4.689999999999944	0.000017466219867805533
-4.679999999999945	0.000018182834030488905
-4.669999999999945	0.000018927489494935694
-4.659999999999945	0.00001970122444970296
-4.649999999999945	0.000020505113045264628
-4.6399999999999455	0.000021340266538167848
-4.629999999999946	0.00002220783447337881
-4.619999999999946	0.000023109005879175783
-4.609999999999946	0.000024045010533739734
-4.599999999999946	0.0000250171202365457
-4.589999999999947	0.000026026650120798827
-4.579999999999947	0.00002707496001178741
-4.569999999999947	0.000028163455814627377
-4.559999999999947	0.000029293590946324707
-4.549999999999947	0.00003046686779612379
-4.539999999999948	0.00003168483924642109
-4.529999999999948	0.00003294911021050089
-4.519999999999948	0.000034261339222016995
-4.509999999999948	0.000035623240088436085
-4.4999999999999485	0.00003703658353960397
-4.489999999999949	0.00003850319896931985
-4.479999999999949	0.00004002497620601797
-4.469999999999949	0.00004160386731217935
-4.459999999999949	0.00004324188845221446
-4.4499999999999496	0.00004494112181812254
-4.43999999999995	0.00004670371756989807
-4.42999999999995	0.00004853189585399573
-4.41999999999995	0.0000504279488760667
-4.40999999999995	0.00005239424300439389
-4.399999999999951	0.00005443322093808291
-4.389999999999951	0.000056547403948753833
-4.379999999999951	0.00005873939414573957
-4.369999999999951	0.00006101187681924471
-4.3599999999999515	0.00006336762283647164
-4.349999999999952	0.00006580949110326928
-4.339999999999952	0.00006834043106195859
-4.329999999999952	0.00007096348529214862
-4.319999999999952	0.0000736817921368479
-4.3099999999999525	0.00007649858840609953
-4.299999999999953	0.00007941721215449116
-4.289999999999953	0.0000824411055141023
-4.279999999999953	0.00008557381759148704
-4.269999999999953	0.0000888190074438741
-4.259999999999954	0.00009218044712644504
-4.249999999999954	0.00009566202478743691
-4.239999999999954	0.00009926774786581094
-4.229999999999954	0.0001030017463527242
-4.2199999999999545	0.00010686827610976649
-4.209999999999955	0.00011087172227911268
-4.199999999999955	0.00011501660278747106
-4.189999999999955	0.00011930757188007966
-4.179999999999955	0.0001237494237784771
-4.1699999999999555	0.00012834709640804136
-4.159999999999956	0.0001331056751879827
-4.149999999999956	0.00013803039692229755
-4.139999999999956	0.00014312665378665327
-4.129999999999956	0.00014839999736201634
-4.119999999999957	0.00015385614278874376
-4.109999999999957	0.0001595009730016088
-4.099999999999957	0.0001653405430385116
-4.089999999999957	0.0001713810844528318
-4.079999999999957	0.0001776290098191104
-4.069999999999958	0.00018409091732147064
-4.059999999999958	0.00019077359543351894
-4.049999999999958	0.00019768402771483585
-4.039999999999958	0.00020482939766756366
-4.0299999999999585	0.00021221709371813994
-4.019999999999959	0.00021985471429135934
-4.009999999999959	0.00022775007296880993
-3.9999999999999587	0.00023591120375760248
-3.989999999999959	0.0002443463664726068
-3.979999999999959	0.00025306405219310016
-3.9699999999999593	0.00026207298883693103
-3.9599999999999596	0.00027138214684152464
-3.9499999999999598	0.0002810007449505392
-3.93999999999996	0.00029093825607768957
-3.92999999999996	0.00030120441331934507
-3.9199999999999604	0.0003118092160527136
-3.9099999999999606	0.000322762936128281
-3.899999999999961	0.00033407612418754804
-3.889999999999961	0.0003457596161056288
-3.8799999999999613	0.0003578245394918148
-3.8699999999999615	0.0003702823203551835
-3.8599999999999617	0.000383144689856122
-3.849999999999962	0.00039642369115667537
-3.839999999999962	0.00041013168640481276
-3.8299999999999623	0.0004242813638332287
-3.8199999999999625	0.0004388857449374775
-3.8099999999999627	0.00045395819179984285
-3.799999999999963	0.0004695124145188311
-3.789999999999963	0.00048556247873385327
-3.7799999999999634	0.0005021228132802328
-3.7699999999999636	0.000519208217957381
-3.759999999999964	0.0005368338714008582
-3.749999999999964	0.0005550153390611111
-3.7399999999999642	0.0005737685813232609
-3.7299999999999645	0.0005931099617068557
-3.7199999999999647	0.0006130562551838998
-3.709999999999965	0.0006336246566268985
-3.699999999999965	0.000654832789354769
-3.6899999999999653	0.0006766987137671319
-3.6799999999999655	0.0006992409361418831
-3.6699999999999657	0.0007224784174871078
-3.659999999999966	0.0007464305825166868
-3.649999999999966	0.0007711173287572517
-3.6399999999999664	0.0007965590357340234
-3.6299999999999666	0.0008227765742483241
-3.619999999999967	0.000849791315802964
-3.609999999999967	0.0008776251420902878
-3.5999999999999672	0.0009063004545911146
-3.5899999999999674	0.0009358401842714368
-3.5799999999999677	0.0009662678013860199
-3.569999999999968	0.0009976073253571173
-3.559999999999968	0.0010298833347537081
-3.5499999999999683	0.0010631209773757902
-3.5399999999999685	0.0010973459803892175
-3.5299999999999687	0.001132584660582362
-3.519999999999969	0.0011688639346989404
-3.509999999999969	0.0012062113298251672
-3.4999999999999694	0.0012446549938799384
-3.4899999999999696	0.001284223706175901
-3.47999999999997	0.0013249468880342692
-3.46999999999997	0.0013668546134804655
-3.45999999999997	0.0014099776200084872
-3.4499999999999704	0.0014543473193921502
-3.4399999999999706	0.0014999958085498732
-3.429999999999971	0.0015469558804929327
-3.419999999999971	0.0015952610352720311
-3.4099999999999713	0.0016449454910095723
-3.3999999999999715	0.0016960441949493324
-3.3899999999999717	0.0017485928345574524
-3.379999999999972	0.001802627848614199
-3.369999999999972	0.0018581864383968832
-3.3599999999999723	0.0019153065788173314
-3.3499999999999726	0.0019740270295968473
-3.3399999999999728	0.002034387346469858
-3.329999999999973	0.002096427892364731
-3.319999999999973	0.0021601898485706693
-3.3099999999999734	0.002225715225936921
-3.2999999999999736	0.002293046876018962
-3.289999999999974	0.0023622285022077247
-3.279999999999974	0.002433304670845933
-3.2699999999999743	0.002506320822300804
-3.2599999999999745	0.002581323281966342
-3.2499999999999747	0.002658359271255546
-3.239999999999975	0.0027374769185211493
-3.229999999999975	0.0028187252698780095
-3.2199999999999753	0.002902154299992519
-3.2099999999999755	0.002987814922783156
-3.1999999999999758	0.0030757590019947025
-3.189999999999976	0.0031660393617104934
-3.179999999999976	0.003258709796744494
-3.1699999999999764	0.003353825082900447
-3.1599999999999766	0.003451440987116157
-3.149999999999977	0.0035516142774831994
-3.139999999999977	0.0036544027330935175
-3.1299999999999772	0.003759865153732537
-3.1199999999999775	0.0038680613694452664
-3.1099999999999777	0.003979052249858931
-3.099999999999978	0.004092899713369051
-3.089999999999978	0.004209666736109821
-3.0799999999999783	0.004329417360718215
-3.0699999999999785	0.004452216704847199
-3.0599999999999787	0.004578130969512166
-3.049999999999979	0.004707227447122627
-3.039999999999979	0.004839574529292612
-3.0299999999999794	0.004975241714390937
-3.0199999999999796	0.005114299614791322
-3.00999999999998	0.005256819963819748
-2.99999999999998	0.005402875622439495
-2.9899999999999802	0.005552540585575647
-2.9799999999999804	0.005705889988117665
-2.9699999999999807	0.005863000110594641
-2.959999999999981	0.006023948384484759
-2.949999999999981	0.006188813397122457
-2.9399999999999813	0.0063576748962677985
-2.9299999999999815	0.006530613794259854
-2.9199999999999817	0.006707712171726058
-2.909999999999982	0.0068890532809065055
-2.899999999999982	0.007074721548527729
-2.8899999999999824	0.007264802578192643
-2.8799999999999826	0.007459383152314674
-2.869999999999983	0.007658551233615288
-2.859999999999983	0.007862395966009015
-2.849999999999983	0.008071007675074397
-2.8399999999999834	0.008284477867964643
-2.8299999999999836	0.008502899232751346
-2.819999999999984	0.008726365637214965
-2.809999999999984	0.008954972127095645
-2.7999999999999843	0.009188814923687571
-2.7899999999999845	0.00942799142087331
-2.7799999999999847	0.009672600181530462
-2.769999999999985	0.009922740933277423
-2.759999999999985	0.010178514563563827
-2.7499999999999853	0.010440023114157827
-2.7399999999999856	0.010707369774833289
-2.7299999999999858	0.010980658876447601
-2.719999999999986	0.011259995883267721
-2.709999999999986	0.011545487384574817
-2.6999999999999864	0.011837241085490433
-2.6899999999999866	0.012135365797087874
-2.679999999999987	0.012439971425688475
-2.669999999999987	0.0127511689613638
-2.6599999999999873	0.013069070465652758
-2.6499999999999875	0.0133937890584343
-2.6399999999999877	0.013725438903954048
-2.629999999999988	0.01406413519601232
-2.619999999999988	0.014409994142285066
-2.6099999999999883	0.014763132947723358
-2.5999999999999885	0.015123669797102576
-2.5899999999999888	0.015491723836637267
-2.579999999999989	0.01586741515465335
-2.569999999999989	0.016250864761330724
-2.5599999999999894	0.016642194567521394
-2.5499999999999896	0.01704152736253194
-2.53999999999999	0.017448986790977786
-2.52999999999999	0.01786469732864705
-2.5199999999999902	0.018288784257309603
-2.5099999999999905	0.01872137363854245
-2.4999999999999907	0.019162592286542313
-2.489999999999991	0.01961256773983801
-2.479999999999991	0.020071428232003276
-2.4699999999999913	0.02053930266127317
-2.4599999999999915	0.02101632055911195
-2.4499999999999917	0.021502612057658046
-2.439999999999992	0.021998307856133114
-2.429999999999992	0.02250353918609192
-2.4199999999999924	0.023018437775578496
-2.4099999999999926	0.023543135812191113
-2.399999999999993	0.024077765904993224
-2.389999999999993	0.024622461045273315
-2.3799999999999932	0.02517735456621867
-2.3699999999999934	0.025742580101406513
-2.3599999999999937	0.026318271542130935
-2.349999999999994	0.026904562993625144
-2.339999999999994	0.02750158873009022
-2.3299999999999943	0.028109483148547422
-2.3199999999999945	0.02872838072156899
-2.3099999999999947	0.029358415948823272
-2.299999999999995	0.029999723307421847
-2.289999999999995	0.03065243720115502
-2.2799999999999954	0.031316691908536046
-2.2699999999999956	0.03199262152965354
-2.259999999999996	0.032680359931890016
-2.249999999999996	0.03338004069450006
-2.239999999999996	0.03409179705196248
-2.2299999999999964	0.03481576183624181
-2.2199999999999966	0.035552067417891
-2.209999999999997	0.03630084564598129
-2.199999999999997	0.037062227786922024
-2.1899999999999973	0.03783634446219418
-2.1799999999999975	0.03862332558486222
-2.1699999999999977	0.039423300295075445
-2.159999999999998	0.04023639689444628
-2.149999999999998	0.04106274277931825
-2.1399999999999983	0.041902464372976164
-2.1299999999999986	0.04275568705683586
-2.1199999999999988	0.04362253510053177
-2.109999999999999	0.04450313159099654
-2.099999999999999	0.045397598360571265
-2.0899999999999994	0.04630605591406927
-2.0799999999999996	0.04722862335487251
-2.07	0.048165418310130846
-2.06	0.04911655685496183
-2.0500000000000003	0.05008215343575822
-2.0400000000000005	0.05106232079265249
-2.0300000000000007	0.05205716988107408
-2.020000000000001	0.053066809792460666
-2.010000000000001	0.05409134767421589
-2.0000000000000013	0.0551308886488472
-1.9900000000000015	0.056185535732326534
-1.9800000000000015	0.057255389751792056
-1.9700000000000015	0.058340549262524126
-1.9600000000000015	0.05944111046424099
-1.9500000000000015	0.060557167116807184
-1.9400000000000015	0.061688810455351635
-1.9300000000000015	0.06283612910477951
-1.9200000000000015	0.06399920899382497
-1.9100000000000015	0.0651781332686103
-1.9000000000000015	0.06637298220572614
-1.8900000000000015	0.06758383312495471
-1.8800000000000014	0.06881076030164045
-1.8700000000000014	0.07005383487868304
-1.8600000000000014	0.07131312477831662
-1.8500000000000014	0.0725886946136502
-1.8400000000000014	0.0738806055999967
-1.8300000000000014	0.07518891546607812
-1.8200000000000014	0.07651367836518527
-1.8100000000000014	0.07785494478622713
-1.8000000000000014	0.07921276146482513
-1.7900000000000014	0.08058717129449866
-1.7800000000000014	0.08197821323790745
-1.7700000000000014	0.0833859222382775
-1.7600000000000013	0.0848103291310867
-1.7500000000000013	0.0862514605559664
-1.7400000000000013	0.08770933886895636
-1.7300000000000013	0.08918398205517584
-1.7200000000000013	0.09067540364189748
-1.7100000000000013	0.09218361261211
-1.7000000000000013	0.09370861331870535
-1.6900000000000013	0.09525040539923867
-1.6800000000000013	0.09680898369134537
-1.6700000000000013	0.0983843381489758
-1.6600000000000013	0.09997645375936598
-1.6500000000000012	0.10158531046089017
-1.6400000000000012	0.10321088306186282
-1.6300000000000012	0.10485314116032571
-1.6200000000000012	0.1065120490648496
-1.6100000000000012	0.1081875657165032
-1.6000000000000012	0.10987964461202675
-1.5900000000000012	0.1115882337281669
-1.5800000000000012	0.11331327544741274
-1.5700000000000012	0.11505470648510564
-1.5600000000000012	0.1168124578179331
-1.5500000000000012	0.1185864546139999
-1.5400000000000011	0.12037661616448452
-1.5300000000000011	0.12218285581688602
-1.5200000000000011	0.12400508091002736
-1.5100000000000011	0.1258431927108664
-1.500000000000001	0.12769708635309152
-1.490000000000001	0.12956665077766585
-1.480000000000001	0.13145176867539107
-1.470000000000001	0.13335231643144668
-1.460000000000001	0.13526816407207612
-1.450000000000001	0.13719917521350006
-1.440000000000001	0.13914520701300484
-1.430000000000001	0.14110611012235852
-1.420000000000001	0.14308172864366486
-1.410000000000001	0.14507190008758275
-1.400000000000001	0.14707645533407113
-1.390000000000001	0.1490952185957354
-1.380000000000001	0.15112800738377327
-1.370000000000001	0.15317463247658614
-1.360000000000001	0.1552348978912179
-1.350000000000001	0.1573086008575477
-1.340000000000001	0.15939553179534782
-1.330000000000001	0.16149547429432054
-1.320000000000001	0.16360820509709825
-1.310000000000001	0.16573349408523505
-1.300000000000001	0.16787110426837915
-1.290000000000001	0.17002079177656457
-1.280000000000001	0.17218230585565264
-1.270000000000001	0.1743553888660997
-1.260000000000001	0.17653977628501807
-1.2500000000000009	0.17873519671152316
-1.2400000000000009	0.18094137187553924
-1.2300000000000009	0.18315801665005427
-1.2200000000000009	0.185384839066787
-1.2100000000000009	0.18762154033544257
-1.2000000000000008	0.18986781486654292
-1.1900000000000008	0.19212335029779742
-1.1800000000000008	0.19438782752414632
-1.1700000000000008	0.19666092073152344
-1.1600000000000008	0.19894229743423328
-1.1500000000000008	0.2012316185161002
-1.1400000000000008	0.2035285382754354
-1.1300000000000008	0.20583270447370505
-1.1200000000000008	0.20814375838803253
-1.1100000000000008	0.2104613348675963
-1.1000000000000008	0.2127850623937957
-1.0900000000000007	0.2151145631443049
-1.0800000000000007	0.21744945306106006
-1.0700000000000007	0.21978934192207805
-1.0600000000000007	0.22213383341716808
-1.0500000000000007	0.2244825252276371
-1.0400000000000007	0.22683500910983473
-1.0300000000000007	0.2291908709825904
-1.0200000000000007	0.2315496910186562
-1.0100000000000007	0.23391104373999877
-1.0000000000000007	0.2362744981169508
-0.9900000000000007	0.23863961767134712
-0.9800000000000006	0.24100596058350576
-0.9700000000000006	0.24337307980301465
-0.9600000000000006	0.24574052316345696
-0.9500000000000006	0.24810783350093588
-0.9400000000000006	0.2504745487763479
-0.9300000000000006	0.25284020220148967
-0.9200000000000006	0.2552043223689422
-0.9100000000000006	0.25756643338555396
-0.9000000000000006	0.25992605500971033
-0.8900000000000006	0.2622827027922486
-0.8800000000000006	0.26463588822087714
-0.8700000000000006	0.26698511886822734
-0.8600000000000005	0.26932989854345013
-0.8500000000000005	0.2716697274471653
-0.8400000000000005	0.27400410232988337
-0.8300000000000005	0.2763325166538161
-0.8200000000000005	0.2786544607578975
-0.8100000000000005	0.2809694220270407
-0.8000000000000005	0.2832768850596564
-0.7900000000000005	0.2855763318483263
-0.7800000000000005	0.2878672419531669
-0.7700000000000005	0.29014909268351763
-0.7600000000000005	0.29242135928133123
-0.7500000000000004	0.29468351510736884
-0.7400000000000004	0.2969350318302287
-0.7300000000000004	0.29917537961790824
-0.7200000000000004	0.3014040273318969
-0.7100000000000004	0.3036204427238485
-0.7000000000000004	0.3058240926345405
-0.6900000000000004	0.3080144431950593
-0.6800000000000004	0.31019096003029273
-0.6700000000000004	0.3123531084644252
-0.6600000000000004	0.3145003537283537
-0.6500000000000004	0.316632161169105
-0.6400000000000003	0.3187479964609643
-0.6300000000000003	0.32084732581816505
-0.6200000000000003	0.32292961620927557
-0.6100000000000003	0.3249943355729799
-0.6000000000000003	0.3270409530350562
-0.5900000000000003	0.32906893912669827
-0.5800000000000003	0.3310777660039293
-0.5700000000000003	0.3330669076678243
-0.5600000000000003	0.3350358401851355
-0.5500000000000003	0.33698404191249626
-0.5400000000000003	0.33891099371543004
-0.5300000000000002	0.3408161791935084
-0.5200000000000002	0.34269908490315576
-0.5100000000000002	0.34455920058099454
-0.5000000000000002	0.34639601936741093
-0.49000000000000027	0.3482090380302552
-0.48000000000000026	0.34999775718779663
-0.47000000000000025	0.35176168153192783
-0.46000000000000024	0.35350032005068954
-0.45000000000000023	0.3552131862499943
-0.4400000000000002	0.35689979837503427
-0.4300000000000002	0.3585596796305308
-0.4200000000000002	0.3601923583999812
-0.4100000000000002	0.3617973684639175
-0.4000000000000002	0.3633742492168589
-0.3900000000000002	0.3649225458826747
-0.38000000000000017	0.36644180972858564
-0.37000000000000016	0.3679315982774381
-0.36000000000000015	0.36939147551804047
-0.35000000000000014	0.3708210121136425
-0.34000000000000014	0.3722197856083574
-0.3300000000000001	0.37358738063118513
-0.3200000000000001	0.37492338909776357
-0.3100000000000001	0.37622741040967844
-0.3000000000000001	0.3774990516509919
-0.2900000000000001	0.3787379277820527
-0.2800000000000001	0.3799436618305024
-0.2700000000000001	0.38111588507909633
-0.26000000000000006	0.3822542372504259
-0.25000000000000006	0.38335836668842077
-0.24000000000000007	0.3844279305363318
-0.23000000000000007	0.38546259491101553
-0.22000000000000006	0.3864620350745062
-0.21000000000000005	0.38742593560002303
-0.20000000000000004	0.38835399053574526
-0.19000000000000003	0.3892459035638487
-0.18000000000000002	0.3901013881554933
-0.17	0.39092016772153326
-0.16	0.39170197575899096
-0.15	0.3924465559930129
-0.13999999999999999	0.3931536625142152
-0.12999999999999998	0.39382305991147076
-0.11999999999999998	0.39445452339988984
-0.10999999999999999	0.39504783894390094
-0.09999999999999999	0.3956028033754576
-0.09	0.39611922450719494
-0.08	0.3965969212403864
-0.07	0.397035723667782
-0.060000000000000005	0.3974354731711625
-0.05	0.39779602251343577
-0.04	0.398117235925383
-0.03	0.3983989891869168
-0.02	0.3986411697026697
-0.01	0.3988436765720278
0	0.39900642065348574
0.01	0.399129324623183
0.02	0.39921232302768805
0.03	0.3992553623309845
0.04	0.39925840095548304
0.05	0.3992214093171478
0.060000000000000005	0.3991443698547185
0.07	0.3990272770528597
0.08	0.39887013745931094
0.09	0.3986729696960657
0.09999999999999999	0.39843580446443033
0.10999999999999999	0.3981586845440024
0.11999999999999998	0.39784166478565103
0.12999999999999998	0.3974848120983389
0.13999999999999999	0.3970882054298764
0.15	0.39665193574161295
0.16	0.39617610597706215
0.17	0.3956608310243979
0.18000000000000002	0.3951062376730047
0.19000000000000003	0.3945124645639515
0.20000000000000004	0.39387966213442444
0.21000000000000005	0.39320799255627586
0.22000000000000006	0.3924976296686004
0.23000000000000007	0.3917487589043564
0.24000000000000007	0.3909615772112112
0.25000000000000006	0.3901362929665513
0.26000000000000006	0.3892731258866854
0.2700000000000001	0.3883723069303907
0.2800000000000001	0.3874340781968202
0.2900000000000001	0.38645869281775536
0.3000000000000001	0.38544641484439207
0.3100000000000001	0.38439751912869513
0.3200000000000001	0.3833122911993016
0.3300000000000001	0.3821910271321772
0.34000000000000014	0.3810340334160865
0.35000000000000014	0.3798416268128536
0.36000000000000015	0.37861413421261847
0.37000000000000016	0.37735189248418693
0.38000000000000017	0.37605524832045106
0.3900000000000002	0.3747245580790808
0.4000000000000002	0.3733601876186053
0.4100000000000002	0.3719625121298961
0.4200000000000002	0.3705319159632144
0.4300000000000002	0.3690687924509894
0.4400000000000002	0.3675735437263277
0.45000000000000023	0.36604658053743977
0.46000000000000024	0.364488322058122
0.47000000000000025	0.36289919569438417
0.48000000000000026	0.3612796368873025
0.49000000000000027	0.3596300889123625
0.5000000000000002	0.35795100267541713
0.5100000000000002	0.3562428365046574
0.5200000000000002	0.3545060559407075
0.5300000000000002	0.3527411335223801
0.5400000000000003	0.35094854857008867
0.5500000000000003	0.34912878696643707
0.5600000000000003	0.3472823409341304
0.5700000000000003	0.34540970881136407
0.5800000000000003	0.34351139482491505
0.5900000000000003	0.3415879088610274
0.6000000000000003	0.3396397662341865
0.6100000000000003	0.33766748745404224
0.6200000000000003	0.33567159799058355
0.6300000000000003	0.33365262803764106
0.6400000000000003	0.33161111227499457
0.6500000000000004	0.32954758962916536
0.6600000000000004	0.3274626030330432
0.6700000000000004	0.32535669918450205
0.6800000000000004	0.32323042830422416
0.6900000000000004	0.32108434389276125
0.7000000000000004	0.3189190024870845
0.7100000000000004	0.31673496341675417
0.7200000000000004	0.31453278855984745
0.7300000000000004	0.3123130420987539
0.7400000000000004	0.31007629027611905
0.7500000000000004	0.3078231011509304
0.7600000000000005	0.30555404435498235
0.7700000000000005	0.30326969084987315
0.7800000000000005	0.30097061268465686
0.7900000000000005	0.29865738275425124
0.8000000000000005	0.29633057455887396
0.8100000000000005	0.29399076196451573
0.8200000000000005	0.2916385189646443
0.8300000000000005	0.28927441944332427
0.8400000000000005	0.28689903693982716
0.8500000000000005	0.2845129444148581
0.8600000000000005	0.2821167140186247
0.8700000000000006	0.27971091686080046
0.8800000000000006	0.27729612278249544
0.8900000000000006	0.27487290013046217
0.9000000000000006	0.27244181553358926
0.9100000000000006	0.2700034336817722
0.9200000000000006	0.26755831710738087
0.9300000000000006	0.2651070259693935
0.9400000000000006	0.26265011784025694
0.9500000000000006	0.26018814749568925
0.9600000000000006	0.25772166670747515
0.9700000000000006	0.25525122403935635
0.9800000000000006	0.2527773646461345
0.9900000000000007	0.2503006300761291
1.0000000000000007	0.24782155807698672
1.0100000000000007	0.24534068240503343
1.0200000000000007	0.24285853263824156
1.0300000000000007	0.24037563399284842
1.0400000000000007	0.23789250714375035
1.0500000000000007	0.23540966804880542
1.0600000000000007	0.23292762777699552
1.0700000000000007	0.23044689234062643
1.0800000000000007	0.2279679625316331
1.0900000000000007	0.22549133376199432
1.1000000000000008	0.22301749590810685
1.1100000000000008	0.22054693316070167
1.1200000000000008	0.2180801238766027
1.1300000000000008	0.21561754043730927
1.1400000000000008	0.2131596491108219
1.1500000000000008	0.21070690991815852
1.1600000000000008	0.20825977650439492
1.1700000000000008	0.20581869601427374
1.1800000000000008	0.20338410897241463
1.1900000000000008	0.20095644916810493
1.2000000000000008	0.198536143544798
1.2100000000000009	0.196123612094271
1.2200000000000009	0.19371926775544868
1.2300000000000009	0.1913235163179763
1.2400000000000009	0.18893675633052665
1.2500000000000009	0.18655937901378816
1.260000000000001	0.18419176817826283
1.270000000000001	0.1818343001467748
1.280000000000001	0.17948734368172306
1.290000000000001	0.1771512599170719
1.300000000000001	0.17482640229496632
1.310000000000001	0.1725131165077511
1.320000000000001	0.1702117404432173
1.330000000000001	0.16792260413608776
1.340000000000001	0.1656460297233716
1.350000000000001	0.1633823314044949
1.360000000000001	0.16113181540611995
1.370000000000001	0.15889477995147405
1.380000000000001	0.15667151523426456
1.390000000000001	0.15446230339712677
1.400000000000001	0.15226741851451575
1.410000000000001	0.15008712658003187
1.420000000000001	0.14792168549817647
1.430000000000001	0.1457713450804118
1.440000000000001	0.14363634704550315
1.450000000000001	0.141516925024149
1.460000000000001	0.1394133045677504
1.470000000000001	0.13732570316131354
1.480000000000001	0.13525433024042965
1.490000000000001	0.13319938721226257
1.500000000000001	0.13116106748043788
1.5100000000000011	0.12913955647385147
1.5200000000000011	0.1271350316792634
1.5300000000000011	0.12514766267760727
1.5400000000000011	0.12317761118397517
1.5500000000000012	0.12122503109121376
1.5600000000000012	0.11929006851696598
1.5700000000000012	0.11737286185421315
1.5800000000000012	0.11547354182514746
1.5900000000000012	0.11359223153829337
1.6000000000000012	0.11172904654885127
1.6100000000000012	0.10988409492216232
1.6200000000000012	0.10805747730015063
1.6300000000000012	0.10624928697074576
1.6400000000000012	0.10445960994015051
1.6500000000000012	0.10268852500787495
1.6600000000000013	0.1009361038444262
1.6700000000000013	0.09920241107164272
1.6800000000000013	0.09748750434547562
1.6900000000000013	0.09579143444120886
1.7000000000000013	0.09411424534099799
1.7100000000000013	0.09245597432364461
1.7200000000000013	0.09081665205648003
1.7300000000000013	0.0891963026893525
1.7400000000000013	0.08759494395052303
1.7500000000000013	0.08601258724444229
1.7600000000000013	0.08444923775131873
1.7700000000000014	0.08290489452835034
1.7800000000000014	0.08137955061254737
1.7900000000000014	0.07987319312507554
1.8000000000000014	0.07838580337699662
1.8100000000000014	0.0769173569763162
1.8200000000000014	0.075467823936293
1.8300000000000014	0.07403716878487747
1.8400000000000014	0.0726253506751819
1.8500000000000014	0.07123232349694548
1.8600000000000014	0.06985803598887595
1.8700000000000014	0.06850243185174458
1.8800000000000014	0.06716544986223183
1.8900000000000015	0.0658470239873812
1.9000000000000015	0.06454708349957046
1.9100000000000015	0.06326555309195248
1.9200000000000015	0.06200235299429356
1.9300000000000015	0.0607573990890454
1.9400000000000015	0.059530603027681255
1.9500000000000015	0.05832187234715294
1.9600000000000015	0.05713111058638817
1.9700000000000015	0.05595821740279092
1.9800000000000015	0.05480308868864629
1.9900000000000015	0.053665616687352716
2.0000000000000013	0.05254569010942204
2.010000000000001	0.05144319424817689
2.020000000000001	0.0503580110950663
2.0300000000000007	0.04929001945454718
2.0400000000000005	0.04823909505845533
2.0500000000000003	0.047205110679807503
2.06	0.04618793624596339
2.07	0.045187438951108494
2.0799999999999996	0.04420348336797661
2.0899999999999994	0.043235931558755464
2.099999999999999	0.042284643185142565
2.109999999999999	0.04134947561748483
2.1199999999999988	0.04043028404291375
2.1299999999999986	0.03952692157250419
2.1399999999999983	0.03863923934734973
2.149999999999998	0.03776708664350044
2.159999999999998	0.03691031097575304
2.1699999999999977	0.03606875820026861
2.1799999999999975	0.03524227261587956
2.1899999999999973	0.034430697064169374
2.199999999999997	0.03363387302820328
2.209999999999997	0.03285164072988993
2.2199999999999966	0.032083839225974714
2.2299999999999964	0.031330306502587335
2.239999999999996	0.030590879568335005
2.249999999999996	0.02986539454591333
2.259999999999996	0.02915368676219784
2.2699999999999956	0.028455590836806877
2.2799999999999954	0.02777094076906715
2.289999999999995	0.02709957002345556
2.299999999999995	0.026441311613346896
2.3099999999999947	0.025795998183228502
2.3199999999999945	0.02516346208920051
2.3299999999999943	0.02454353547785747
2.339999999999994	0.023936050363464006
2.349999999999994	0.023340838703479805
2.3599999999999937	0.02275773247236687
2.3699999999999934	0.02218656373368443
2.3799999999999932	0.021627164710489147
2.389999999999993	0.02107936785400394
2.399999999999993	0.020543005910547172
2.4099999999999926	0.020017911986762973
2.4199999999999924	0.019503919613100648
2.429999999999992	0.019000862805540305
2.439999999999992	0.018508576125637766
2.4499999999999917	0.018026894738794066
2.4599999999999915	0.01755565447080993
2.4699999999999913	0.017094691862733043
2.479999999999991	0.016643844223959488
2.489999999999991	0.016202949683647404
2.4999999999999907	0.01577184724041141
2.5099999999999905	0.015350376810333612
2.5199999999999902	0.01493837927328252
2.52999999999999	0.014535696517561255
2.53999999999999	0.014142171482892905
2.5499999999999896	0.013757648201758161
2.5599999999999894	0.013381971839097184
2.569999999999989	0.013014988730390578
2.579999999999989	0.012656546418145075
2.5899999999999888	0.012306493686767872
2.5999999999999885	0.011964680595902303
2.6099999999999883	0.011630958512186148
2.619999999999988	0.011305180139489193
2.629999999999988	0.010987199547628789
2.6399999999999877	0.01067687219961358
2.6499999999999875	0.010374054977343996
2.6599999999999873	0.010078606205983751
2.669999999999987	0.009790385676789791
2.679999999999987	0.009509254668577789
2.6899999999999866	0.009235075967816505
2.6999999999999864	0.008967713887319003
2.709999999999986	0.008707034283659536
2.719999999999986	0.008452904573224512
2.7299999999999858	0.008205193746990701
2.7399999999999856	0.007963772384047458
2.7499999999999853	0.007728512663876144
2.759999999999985	0.007499288377418125
2.769999999999985	0.007275974936947519
2.7799999999999847	0.007058449384807764
2.7899999999999845	0.0068465904009800465
2.7999999999999843	0.006640278309570371
2.809999999999984	0.006439395084198026
2.819999999999984	0.00624382435235068
2.8299999999999836	0.006053451398675014
2.8399999999999834	0.005868163167297627
2.849999999999983	0.005687848263171423
2.859999999999983	0.00551239695244268
2.869999999999983	0.00534170116192723
2.8799999999999826	0.005175654477678266
2.8899999999999824	0.0050141521426890255
2.899999999999982	0.004857091053748502
2.909999999999982	0.00470436975749374
2.9199999999999817	0.004555888445661265
2.9299999999999815	0.004411548949568585
2.9399999999999813	0.004271254733893515
2.949999999999981	0.004134910889695199
2.959999999999981	0.00400242412678034
2.9699999999999807	0.003873702765405033
2.9799999999999804	0.0037486567273304415
2.9899999999999802	0.003627197526277434
2.99999999999998	0.0035092382577946754
3.00999999999998	0.003394693588560337
3.0199999999999796	0.0032834797451468463
3.0299999999999794	0.003175514502284115
3.039999999999979	0.0030707171706123673
3.049999999999979	0.002969008583983446
3.0599999999999787	0.002870311086311466
3.0699999999999785	0.0027745485180040086
3.0799999999999783	0.002681646201983021
3.089999999999978	0.002591530929352169
3.099999999999978	0.0025041309446810706
3.1099999999999777	0.002419375930958023
3.1199999999999775	0.0023371969942430314
3.1299999999999772	0.002257526648012538
3.139999999999977	0.002180298797229476
3.149999999999977	0.0021054487221523308
3.1599999999999766	0.0020329130619298904
3.1699999999999764	0.0019626297979434128
3.179999999999976	0.0018945382369695855
3.189999999999976	0.001828578994162154
3.1999999999999758	0.0017646939758533418
3.2099999999999755	0.0017028263622136971
3.2199999999999753	0.0016429205897880953
3.229999999999975	0.0015849223338962489
3.239999999999975	0.001528778490948693
3.2499999999999747	0.0014744371606689717
3.2599999999999745	0.0014218476282437627
3.2699999999999743	0.0013709603464185543
3.279999999999974	0.0013217269175571187
3.289999999999974	0.001274100075649096
3.2999999999999736	0.001228033668328702
3.3099999999999734	0.001183482638866905
3.319999999999973	0.0011404030081874031
3.329999999999973	0.0010987518568891395
3.3399999999999728	0.0010584873073102006
3.3499999999999726	0.001019568505625004
3.3599999999999723	0.0009819556040025267
3.369999999999972	0.0009456097428191309
3.379999999999972	0.0009104930329500245
3.3899999999999717	0.0008765685381373769
3.3999999999999715	0.0008438002574518049
3.4099999999999713	0.0008121531078524815
3.419999999999971	0.0007815929068538283
3.429999999999971	0.0007520863553085367
3.4399999999999706	0.0007236010203117069
3.4499999999999704	0.0006961053182355131
3.45999999999997	0.0006695684979029731
3.46999999999997	0.0006439606238974098
3.47999999999997	0.0006192525600299051
3.4899999999999696	0.0005954159529506488
3.4999999999999694	0.0005724232159373724
3.509999999999969	0.0005502475128281992
3.519999999999969	0.0005288627421375958
3.5299999999999687	0.0005082435213507008
3.5399999999999685	0.0004883651713767597
3.5499999999999683	0.00046920370120844446
3.559999999999968	0.0004507357927528601
3.569999999999968	0.00043293878585525837
3.5799999999999677	0.0004157906635161196
3.5899999999999674	0.0003992700373089019
3.5999999999999672	0.0003833561329774908
3.609999999999967	0.00036802877625900944
3.619999999999967	0.0003532683788902704
3.6299999999999666	0.0003390559248270903
3.6399999999999664	0.00032537295665717447
3.649999999999966	0.0003122015622456748
3.659999999999966	0.00029952436155644517
3.6699999999999657	0.00028732449370578056
3.6799999999999655	0.0002755856042150463
3.6899999999999653	0.00026429183248195094
3.699999999999965	0.0002534277994478958
3.709999999999965	0.0002429785954946601
3.7199999999999647	0.00023292976854032352
3.7299999999999645	0.00022326731234229399
3.7399999999999642	0.00021397765502304998
3.749999999999964	0.00020504764780416776
3.759999999999964	0.00019646455392780424
3.7699999999999636	0.00018821603782099121
3.7799999999999634	0.00018029015444463367
3.789999999999963	0.00017267533884788563
3.799999999999963	0.00016536039594722344
3.8099999999999627	0.00015833449048706694
3.8199999999999625	0.00015158713721781132
3.8299999999999623	0.0001451081912691871
3.839999999999962	0.00013888783872843217
3.849999999999962	0.00013291658740639085
3.8599999999999617	0.00012718525781019172
3.8699999999999615	0.00012168497430871801
3.8799999999999613	0.00011640715648630308
3.889999999999961	0.00011134351068426367
3.899999999999961	0.00010648602174421982
3.9099999999999606	0.00010182694492340979
3.9199999999999604	0.00009735879800100386
3.92999999999996	0.0000930743535634658
3.93999999999996	0.00008896663147527436
3.9499999999999598	0.00008502889151553276
3.9599999999999596	0.00008125462620005533
3.9699999999999593	0.00007763755377766027
3.979999999999959	0.00007417161137390891
3.989999999999959	0.00007085094833511351
3.9999999999999587	0.00006766991971517482
4.009999999999959	0.00006462307992543729
4.019999999999959	0.00006170517655480587
4.0299999999999585	0.0000589111443415927
4.039999999999958	0.00005623609929128458
4.049999999999958	0.0000536753329636276
4.059999999999958	0.00005122430689345443
4.069999999999958	0.00004887864716617781
4.079999999999957	0.00004663413913081661
4.089999999999957	0.000044486722268799674
4.099999999999957	0.00004243248517632061
4.109999999999957	0.000040467660710349764
4.119999999999957	0.00003858862124594537
4.129999999999956	0.00003679187407993583
4.139999999999956	0.00003507405694865384
4.149999999999956	0.000033431933685906956
4.159999999999956	0.00003186238999043598
4.1699999999999555	0.000030362429325093327
4.179999999999955	0.000028929168923531542
4.189999999999955	0.00002755983592348214
4.199999999999955	0.000026251763592115465
4.209999999999955	0.000025002387695988952
4.2199999999999545	0.00002380924294529715
4.229999999999954	0.000022669959555536803
4.239999999999954	0.000021582259922019872
4.249999999999954	0.000020543955381342322
4.259999999999954	0.00001955294307020165
4.269999999999953	0.000018607202899479217
4.279999999999953	0.000017704794593974374
4.289999999999953	0.000016843854843866844
4.299999999999953	0.000016022594538362474
4.3099999999999525	0.00001523929608452586
4.319999999999952	0.000014492310813426604
4.329999999999952	0.000013780056466485962
4.339999999999952	0.000013101014768246791
4.349999999999952	0.000012453729061081015
4.3599999999999515	0.000011836802041173432
4.369999999999951	0.00001124889354537067
4.379999999999951	0.000010688718423133709
4.389999999999951	0.000010155044474313838
4.399999999999951	9.64669045794383e-6
4.40999999999995	9.162524160537031e-6
4.41999999999995	8.701460542869918e-6
4.42999999999995	8.262459932106215e-6
4.43999999999995	7.844526290106359e-6
4.4499999999999496	7.446705528391154e-6
4.459999999999949	7.068083892519397e-6
4.469999999999949	6.70778639305343e-6
4.479999999999949	6.364975296866343e-6
4.489999999999949	6.038848667735629e-6
4.4999999999999485	5.728638957420949e-6
4.509999999999948	5.433611648877069e-6
4.519999999999948	5.1530639503595025e-6
4.529999999999948	4.886323522681951e-6
4.539999999999948	4.632747280878813e-6
4.549999999999947	4.3917201972084075e-6
4.559999999999947	4.162654178447538e-6
4.569999999999947	3.944986987762969e-6
4.579999999999947	3.7381811774763047e-6
4.589999999999947	3.5417230834697813e-6
4.599999999999946	3.3551218517377492e-6
4.609999999999946	3.1779085005703077e-6
4.619999999999946	3.009635014842873e-6
4.629999999999946	2.849873481673938e-6
4.6399999999999455	2.6982152423047657e-6
4.649999999999945	2.554270104616139e-6
4.659999999999945	2.417665553860139e-6
4.669999999999945	2.2880460121773373e-6
4.679999999999945	2.165072128213907e-6
4.689999999999944	2.0484200765764683e-6
4.699999999999944	1.937780917289545e-6
4.709999999999944	1.832859919104133e-6
4.719999999999944	1.7333760073633306e-6
4.729999999999944	1.6390611115823417e-6
4.739999999999943	1.54965965861221e-6
4.749999999999943	1.4649280034707248e-6
4.759999999999943	1.384633896502327e-6
4.769999999999943	1.3085560157923973e-6
4.7799999999999425	1.2364834721890168e-6
4.789999999999942	1.168215333412472e-6
4.799999999999942	1.1035602141336616e-6
4.809999999999942	1.0423358346274078e-6
4.819999999999942	9.84368615427328e-7
4.8299999999999415	9.294932903511694e-7
4.839999999999941	8.775525362102528e-7
4.849999999999941	8.283966097894642e-7
4.859999999999941	7.818830085229321e-7
4.869999999999941	7.378761413126912e-7
4.87999999999994	6.96247013502473e-7
4.88999999999994	6.568729260149015e-7
4.89999999999994	6.196371860874994e-7
4.90999999999994	5.844288313459006e-7
4.9199999999999395	5.511423650161e-7
4.929999999999939	5.196775025084314e-7
4.939999999999939	4.899389294945506e-7
4.949999999999939	4.6183606974132206e-7
4.959999999999939	4.352828630837217e-7
4.9699999999999385	4.1019755359414573e-7
4.979999999999938	3.865024865361485e-7
4.989999999999938	3.641239144378486e-7
4.999999999999938	3.4299181168399724e-7
5.009999999999938	3.230396970652486e-7
5.019999999999937	3.0420446436284465e-7
5.029999999999937	2.8642622116016684e-7
5.039999999999937	2.6964813377569005e-7
5.049999999999937	2.538162794983652e-7
5.0599999999999365	2.3887950597604394e-7
5.069999999999936	2.2478929658135606e-7
5.079999999999936	2.1149964164456434e-7
5.089999999999936	1.989669203277636e-7
5.099999999999936	1.8714976716612328e-7
5.1099999999999355	1.7600898479971003e-7
5.119999999999935	1.6550742179456412e-7
5.129999999999935	1.556098736989338e-7
5.139999999999935	1.4628298717814497e-7
5.149999999999935	1.3749516897193023e-7
5.159999999999934	1.2921649606180798e-7
5.169999999999934	1.214186325459927e-7
5.179999999999934	1.1407474969478456e-7
5.189999999999934	1.0715944962992334e-7
5.199999999999934	1.0064869331839635e-7
5.209999999999933	9.451973132320242e-8