-5.55	9.740166421582822e-8
-5.54	1.0285082665308203e-7
-5.53	1.0859439137756066e-7
-5.52	1.1464766168658366e-7
-5.51	1.210267026503491e-7
-5.5	1.277483772042929e-7
-5.49	1.348303838556861e-7
-5.48	1.4229129607182204e-7
-5.47	1.5015060341971893e-7
-5.46	1.5842875452992462e-7
-5.45	1.6714720195976194e-7
-5.44	1.76328449034196e-7
-5.43	1.8599609874544268e-7
-5.42	1.9617490479547388e-7
-5.41	2.0689082486870952e-7
-5.4	2.181710762254257e-7
-5.39	2.3004419370975178e-7
-5.38	2.425400902695803e-7
-5.37	2.5569012008927843e-7
-5.36	2.6952714443976476e-7
-5.35	2.8408560035431015e-7
-5.34	2.994015722423351e-7
-5.33	3.1551286655751107e-7
-5.32	3.324590896406365e-7
-5.31	3.5028172886204936e-7
-5.3	3.690242371927596e-7
-5.29	3.887321213380442e-7
-5.28	4.094530335719436e-7
-5.27	4.3123686741593474e-7
-5.26	4.541358573100402e-7
-5.25	4.78204682429762e-7
-5.24	5.035005748075112e-7
-5.23	5.300834319226381e-7
-5.22	5.580159339297668e-7
-5.21	5.873636657008882e-7
-5.2	6.181952438625875e-7
-5.19	6.505824490158708e-7
-5.18	6.846003633323138e-7
-5.17	7.2032751372669e-7
-5.16	7.578460208128471e-7
-5.15	7.972417538563963e-7
-5.14	8.386044919447561e-7
-5.13	8.820280916022591e-7
-5.12	9.276106610853929e-7
-5.11	9.754547416007948e-7
-5.1	1.0256674956963772e-6
-5.09	1.078360903083913e-6
-5.08	1.133651964159571e-6
-5.07	1.1916629114972553e-6
-5.06	1.2525214295981903e-6
-5.05	1.316360883188976e-6
-5.04	1.3833205543693593e-6
-5.03	1.4535458889201988e-6
-5.02	1.527188752091548e-6
-5.01	1.6044076942004806e-6
-5.	1.6853682263781807e-6
-4.99	1.7702431068159747e-6
-4.98	1.8592126378703595e-6
-4.97	1.9524649743977e-6
-4.96	2.0501964437001246e-6
-4.95	2.1526118774752576e-6
-4.94	2.259924956173754e-6
-4.93	2.3723585661802196e-6
-4.92	2.4901451702449135e-6
-4.91	2.6135271916057426e-6
-4.9	2.742757412252384e-6
-4.89	2.8780993857969824e-6
-4.88	3.019827865428706e-6
-4.87	3.1682292474425606e-6
-4.86	3.3236020308462263e-6
-4.85	3.48625729356229e-6
-4.84	3.656519185757141e-6
-4.83	3.834725440841914e-6
-4.82	4.021227904705287e-6
-4.81	4.2163930837525485e-6
-4.8	4.4206027123403024e-6
-4.79	4.6342543402113176e-6
-4.78	4.857761940549444e-6
-4.77	5.0915565392902076e-6
-4.76	5.336086866338602e-6
-4.75	5.591820029361775e-6
-4.74	5.859242210840729e-6
-4.73	6.13885938908181e-6
-4.72	6.431198083905661e-6
-4.71	6.736806127748468e-6
-4.7	7.056253462927686e-6
-4.69	7.3901329658420285e-6
-4.68	7.739061298893345e-6
-4.67	8.103679790936026e-6
-4.66	8.484655347077863e-6
-4.65	8.882681388674683e-6
-4.64	9.298478824379816e-6
-4.63	9.732797053128222e-6
-4.62	0.00001018641499995419
-4.61	0.000010660142185560666
-4.6	0.000011154819830577688
-4.59	0.000011671321995466893
-4.58	0.000012210556757048732
-4.57	0.000012773467422648833
-4.56	0.000013361033782879861
-4.55	0.000013974273404095272
-4.54	0.000014614242961571466
-4.53	0.00001528203961449505
-4.52	0.000015978802423852233
-4.51	0.00001670571381433761
-4.5	0.000017464001081420148
-4.49	0.00001825493794472428
-4.48	0.00001907984614890473
-4.47	0.00001994009711321377
-4.46	0.000020837113630980212
-4.45	0.000021772371620239424
-4.44	0.000022747401926774175
-4.43	0.00002376379218084601
-4.42	0.000024823188708916873
-4.41	0.000025927298501680643
-4.4	0.000027077891239743808
-4.39	0.000028276801378314014
-4.38	0.000029525930292274566
-4.37	0.00003082724848304181
-4.36	0.00003218279784862123
-4.35	0.00003359469401829642
-4.34	0.00003506512875340325
-4.33	0.000036596372415659116
-4.32	0.00003819077650453488
-4.31	0.00003985077626517342
-4.3	0.00004157889336837575
-4.29	0.00004337773866419113
-4.28	0.0000452500150106632
-4.27	0.00004719852017929904
-4.26	0.000049226149838841997
-4.25	0.00005133590061894295
-4.24	0.00005353087325533737
-4.23	0.000055814275818147637
-4.22	0.000058189427024941545
-4.21	0.0000606597596401882
-4.2	0.00006322882396276241
-4.19	0.00006590029140315722
-4.18	0.000068677958152072
-4.17	0.00007156574894205034
-4.16	0.00007456772090384769
-4.15	0.00007768806751921303
-4.14	0.00008093112267177267
-4.13	0.00008430136479770617
-4.12	0.00008780342113790523
-4.11	0.00009144207209330653
-4.1	0.00009522225568508703
-4.09	0.00009914907212140752
-4.08	0.0001032277884723855
-4.07	0.00010746384345497189
-4.06	0.0001118628523293986
-4.05	0.00011643061190885423
-4.04	0.00012117310568403416
-4.03	0.00012609650906419788
-4.02	0.000131207194736352
-4.01	0.00013651173814416018
-4.	0.00014201692308816248
-3.99	0.0001477297474488664
-3.98	0.00015365742903424796
-3.97	0.0001598074115531767
-3.96	0.00016618737071625133
-3.95	0.0001728052204655026
-3.94	0.000179669119334388
-3.93	0.00018678747693946893
-3.92	0.0001941689606051238
-3.91	0.00020182250212261028
-3.9	0.0002097573046447493
-3.89	0.00021798284971745683
-3.88	0.00022650890444930323
-3.87	0.00023534552882022844
-3.86	0.0002445030831304885
-3.85	0.0002539922355908528
-3.84	0.0002638239700550103
-3.83	0.0002740095938950836
-3.82	0.0002845607460210808
-3.81	0.0002954894050450482
-3.8	0.0003068078975906139
-3.79	0.00031852890674853704
-3.78	0.00033066548067879837
-3.77	0.000343231041359685
-3.76	0.00035623939348423717
-3.75	0.00036970473350433317
-3.74	0.0003836416588225982
-3.73	0.00039806517713222275
-3.72	0.0004129907159046779
-3.71	0.0004284341320252085
-3.7	0.0004444117215758779
-3.69	0.0004609402297658241
-3.68	0.0004780368610082728
-3.67	0.0004957192891437299
-3.66	0.000514005667808654
-3.65	0.000532914640948778
-3.64	0.00055246535347612
-3.63	0.0005726774620685826
-3.62	0.0005935711461109006
-3.61	0.0006151671187755541
-3.6	0.0006374866382421082
-3.59	0.000660551519053294
-3.58	0.0006843841436059811
-3.57	0.000709007473775033
-3.56	0.0007344450626678694
-3.55	0.0007607210665073868
-3.54	0.000787860256640715
-3.53	0.0008158880316711058
-3.52	0.0008448304297100669
-3.51	0.0008747141407466666
-3.5	0.0009055665191307385
-3.49	0.0009374155961665227
-3.48	0.0009702900928130755
-3.47	0.0010042194324875763
-3.46	0.0010392337539674478
-3.45	0.0010753639243869947
-3.44	0.0011126415523240473
-3.43	0.0011510990009718715
-3.42	0.001190769401391386
-3.41	0.0012316866658384916
-3.4	0.0012738855011610883
-3.39	0.0013174014222601161
-3.38	0.0013622707656087132
-3.37	0.0014085307028233436
-3.36	0.001456219254280494
-3.35	0.0015053753027722883
-3.34	0.0015560386071941188
-3.33	0.001608249816257123
-3.32	0.0016620504822180884
-3.31	0.0017174830746190864
-3.3	0.0017745909940288886
-3.29	0.0018334185857779295
-3.28	0.0018940111536783209
-3.27	0.001956414973720145
-3.26	0.0020206773077349723
-3.25	0.00208684641701728
-3.24	0.0021549715758941526
-3.23	0.0022251030852333863
-3.22	0.002297292285879806
-3.21	0.0023715915720093476
-3.2	0.0024480544043901523
-3.19	0.0025267353235396447
-3.18	0.0026076899627662715
-3.17	0.002690975061084301
-3.16	0.002776648475989781
-3.15	0.0028647691960854834
-3.14	0.0029553973535423623
-3.13	0.0030485942363847776
-3.12	0.0031444223005864433
-3.11	0.0032429451819637836
-3.1	0.003344227707853093
-3.09	0.0034483359085576183
-3.08	0.00355533702855041
-3.07	0.0036652995374185002
-3.06	0.003778293140533712
-3.05	0.0038943887894351205
-3.04	0.00401365869190793
-3.03	0.004136176321743271
-3.02	0.004262016428163157
-3.01	0.004391255044894601
-3.	0.004523969498876626
-2.99	0.0046602384185836935
-2.98	0.0048001417419488044
-2.97	0.004943760723869318
-2.96	0.00509117794327831
-2.95	0.005242477309764074
-2.94	0.005397744069720153
-2.93	0.005557064812008106
-2.92	0.005720527473115013
-2.91	0.005888221341787526
-2.9	0.006060237063124133
-2.89	0.006236666642107093
-2.88	0.006417603446555397
-2.87	0.0066031422094799145
-2.86	0.006793379030821788
-2.85	0.006988411378555011
-2.84	0.007188338089133986
-2.83	0.0073932593672668126
-2.82	0.007603276784994925
-2.81	0.007818493280059634
-2.8	0.008039013153536115
-2.79	0.00826494206671525
-2.78	0.008496387037213811
-2.77	0.008733456434293359
-2.76	0.008976259973368289
-2.75	0.009224908709683463
-2.74	0.00947951503114188
-2.73	0.009740192650262885
-2.72	0.010007056595251545
-2.71	0.010280223200159781
-2.7	0.010559810094120076
-2.69	0.010845936189632614
-2.68	0.011138721669886874
-2.67	0.011438287975098847
-2.66	0.011744757787845247
-2.65	0.01205825501737624
-2.64	0.01237890478288847
-2.63	0.012706833395740396
-2.62	0.013042168340592148
-2.61	0.013385038255452503
-2.6	0.013735572910615784
-2.59	0.014093903186471843
-2.58	0.014460161050172627
-2.57	0.014834479531139238
-2.56	0.01521699269539368
-2.55	0.015607835618700034
-2.54	0.016007144358500116
-2.53	0.016415055924629232
-2.52	0.016831708248798014
-2.51	0.017257240152826987
-2.5	0.01769179131562084
-2.49	0.018135502238870154
-2.48	0.018588514211468697
-2.47	0.01905096927263519
-2.46	0.019523010173728945
-2.45	0.0200047803387495
-2.44	0.02049642382351097
-2.43	0.02099808527348268
-2.42	0.021509909880288166
-2.41	0.022032043336855586
-2.4	0.0225646317912132
-2.39	0.023107821798924462
-2.38	0.023661760274158034
-2.37	0.024226594439388942
-2.36	0.02480247177372789
-2.35	0.02538953995987669
-2.34	0.025987946829708654
-2.33	0.02659784030847377
-2.32	0.027219368357629385
-2.31	0.02785267891629817
-2.3	0.02849791984135607
-2.29	0.029155238846154077
-2.28	0.02982478343787859
-2.27	0.030506700853556272
-2.26	0.03120113799471042
-2.25	0.03190824136067688
-2.24	0.032628156980588796
-2.23	0.033361030344040477
-2.22	0.03410700633044204
-2.21	0.03486622913707738
-2.2	0.035638842205879595
-2.19	0.03642498814893874
-2.18	0.03722480867275858
-2.17	0.03803844450127969
-2.16	0.03886603529768787
-2.15	0.039707719585028146
-2.14	0.04056363466564555
-2.13	0.041433916539475577
-2.12	0.04231869982120835
-2.11	0.043218117656351744
-2.1	0.04413230163622019
-2.09	0.04506138171187727
-2.08	0.04600548610706123
-2.07	0.046964741230124354
-2.06	0.047939271585018
-2.05	0.048929199681356866
-2.04	0.04993464594359716
-2.03	0.05095572861936467
-2.02	0.051992563686970424
-2.01	0.05304526476215244
-2.	0.054113943004083974
-1.99	0.05519870702068958
-1.98	0.05629966277331191
-1.97	0.057416913480773324
-1.96	0.058550559522877924
-1.95	0.05970069834340067
-1.94	0.06086742435261177
-1.93	0.06205082882938567
-1.92	0.06325099982294537
-1.91	0.06446802205429397
-1.9	0.06570197681738657
-1.89	0.06695294188009704
-1.88	0.06822099138503504
-1.87	0.06950619575027044
-1.86	0.07080862157002268
-1.85	0.07212833151537452
-1.84	0.07346538423507008
-1.83	0.07481983425645877
-1.82	0.07619173188664718
-1.81	0.07758112311392251
-1.8	0.07898804950951181
-1.79	0.08041254812974237
-1.78	0.08185465141866961
-1.77	0.08331438711123958
-1.76	0.08479177813705402
-1.75	0.08628684252480695
-1.74	0.08779959330746233
-1.73	0.08933003842824302
-1.72	0.09087818064750243
-1.71	0.09244401745055005
-1.7	0.09402754095650356
-1.69	0.0956287378282402
-1.68	0.09724758918352068
-1.67	0.09888407050735948
-1.66	0.10053815156571588
-1.65	0.10220979632058007
-1.64	0.10389896284652918
-1.63	0.10560560324882862
-1.62	0.10732966358315363
-1.61	0.1090710837770067
-1.6	0.11082979755290624
-1.59	0.11260573235342206
-1.58	0.11439880926813294
-1.57	0.11620894296258188
-1.56	0.11803604160930393
-1.55	0.11988000682100176
-1.54	0.12174073358594327
-1.53	0.12361811020565598
-1.52	0.12551201823499153
-1.51	0.12742233242463388
-1.5	0.12934892066612422
-1.49	0.13129164393947393
-1.48	0.13325035626343815
-1.47	0.1352249046485197
-1.46	0.13721512905277367
-1.45	0.13922086234048156
-1.44	0.1412419302437628
-1.43	0.1432781513271908
-1.42	0.14532933695547914
-1.41	0.1473952912643027
-1.4	0.14947581113431715
-1.39	0.1515706861684385
-1.38	0.15367969867244413
-1.37	0.15580262363895375
-1.36	0.1579392287348486
-1.35	0.16008927429218459
-1.34	0.16225251330265417
-1.33	0.16442869141564942
-1.32	0.1666175469399775
-1.31	0.16881881084927733
-1.3	0.17103220679118492
-1.29	0.17325745110029225
-1.28	0.175494252814943
-1.27	0.17774231369790613
-1.26	0.18000132826096613
-1.25	0.18227098379346632
-1.24	0.18455096039483998
-1.23	0.18684093101116075
-1.22	0.1891405614757423
-1.21	0.19144951055381385
-1.2	0.19376742999129687
-1.19	0.19609396456770392
-1.18	0.1984287521531801
-1.17	0.20077142376970306
-1.16	0.203121603656456
-1.15	0.20547890933938467
-1.14	0.20784295170494707
-1.13	0.21021333507806111
-1.12	0.2125896573042536
-1.11	0.21497150983600963
-1.1	0.21735847782331974
-1.09	0.21975014020841882
-1.08	0.22214606982470714
-1.07	0.2245458334998419
-1.06	0.2269489921629839
-1.05	0.22935510095618092
-1.04	0.23176370934986668
-1.03	0.23417436126245042
-1.02	0.23658659518397016
-1.01	0.23899994430377813
-1.	0.24141393664222477
-0.99	0.2438280951863043
-0.98	0.24624193802922126
-0.97	0.2486549785138347
-0.96	0.25106672537993363
-0.95	0.25347668291529357
-0.94	0.2558843511104614
-0.93	0.258289225817213
-0.92	0.26069079891062297
-0.91	0.26308855845468637
-0.9	0.2654819888714247
-0.89	0.26787057111340956
-0.88	0.27025378283963114
-0.87	0.27263109859463774
-0.86	0.2750019899908689
-0.85	0.27736592589410053
-0.84	0.27972237261192034
-0.83	0.28207079408514596
-0.82	0.28441065208209715
-0.81	0.2867414063956302
-0.8	0.2890625150428403
-0.79	0.29137343446733355
-0.78	0.29367361974396977
-0.77	0.2959625247859731
-0.76	0.29823960255430565
-0.75	0.3005043052691959
-0.74	0.30275608462371373
-0.73	0.304994391999278
-0.72	0.3072186786829839
-0.71	0.30942839608663225
-0.7	0.3116229959673433
-0.69	0.3138019306496334
-0.68	0.31596465324883266
-0.67	0.3181106178957187
-0.66	0.3202392799622406
-0.65	0.32235009628820527
-0.64	0.3244425254087965
-0.63	0.326516027782796
-0.62	0.32857006602137434
-0.61	0.3306041051173175
-0.6	0.3326176126745551
-0.59	0.33461005913785374
-0.58	0.3365809180225389
-0.57	0.33852966614410746
-0.56	0.3404557838475924
-0.55	0.34235875523654036
-0.54	0.344238068401462
-0.53	0.3460932156476153
-0.52	0.34792369372198084
-0.51	0.3497290040392882
-0.5	0.3515086529069522
-0.49	0.3532621517487789
-0.48	0.3549890173272986
-0.47	0.356688771964587
-0.46	0.3583609437614327
-0.45	0.36000506681471167
-0.44	0.36162068143282894
-0.43	0.36320733434908875
-0.42	0.3647645789328552
-0.41	0.36629197539836583
-0.4	0.36778909101106316
-0.39	0.36925550029130694
-0.38	0.37069078521533605
-0.37	0.37209453541334503
-0.36	0.37346634836454584
-0.35	0.3748058295890852
-0.34	0.3761125928366886
-0.33	0.3773862602719065
-0.32	0.3786264626558378
-0.31	0.3798328395242082
-0.3	0.38100503936168423
-0.29	0.38214271977230463
-0.28	0.38324554764591356
-0.27	0.3843131993204831
-0.26	0.38534536074021347
-0.25	0.3863417276093042
-0.24	0.38730200554129013
-0.23	0.38822591020383995
-0.22	0.3891131674589179
-0.21	0.3899635134982118
-0.2	0.3907766949737343
-0.19	0.39155246912350566
-0.18	0.39229060389223286
-0.17	0.39299087804689914
-0.16	0.3936530812871846
-0.15	0.3942770143506409
-0.14	0.3948624891125452
-0.13	0.3954093286803649
-0.12	0.39591736748276596
-0.11	0.39638645135310224
-0.1	0.3968164376073267
-0.09	0.39720719511627073
-0.08	0.39755860437223794
-0.07	0.39787055754986794
-0.06	0.39814295856122434
-0.05	0.39837572310506913
-0.04	0.3985687787102874
-0.03	0.39872206477343125
-0.02	0.39883553259035615
-0.01	0.3989091453819255
0.	0.3989428783137664
0.01	0.39893671851005924
0.02	0.3988906650613535
0.03	0.3988047290264004
0.04	0.39867893342800254
0.05	0.3985133132428809
0.06	0.398307915385566
0.07	0.3980627986863235
0.08	0.3977780338631286
0.09	0.39745370348770803
0.1	0.3970899019456721
0.11	0.39668673539076404
0.12	0.39624432169325774
0.13	0.39576279038253875
0.14	0.3952422825839074
0.15	0.3946829509496484
0.16	0.3940849595844121
0.17	0.39344848396496057
0.18	0.39277371085433194
0.19	0.3920608382104825
0.2	0.3913100750894688
0.21	0.3905216415432365
0.22	0.38969576851208526
0.23	0.38883269771188433
0.24	0.38793268151611443
0.25	0.38699598283281833
0.26	0.38602287497654264
0.27	0.3850136415353591
0.28	0.3839685762330558
0.29	0.3828879827865916
0.3	0.38177217475891156
0.31	0.38062147540722263
0.32	0.37943621752683243
0.33	0.3782167432906573
0.34	0.37696340408450735
0.35	0.3756765603382603
0.36	0.3743565813530371
0.37	0.3730038451244957
0.38	0.37161873816236113
0.39	0.3702016553063133
0.4	0.36875299953835433
0.41	0.36727318179178076
0.42	0.3657626207568876
0.43	0.3642217426835327
0.44	0.3626509811806916
0.45	0.3610507770131349
0.46	0.359421577895362
0.47	0.3577638382829251
0.48	0.3560780191612806
0.49	0.354364587832305
0.5	0.3526240176986123
0.51	0.3508567880458139
0.52	0.3490633838228602
0.53	0.34724429542060425
0.54	0.34540001844872964
0.55	0.3435310535111835
0.56	0.3416379059802577
0.57	0.3397210857694591
0.58	0.33778110710531367
0.59	0.33581848829824407
0.6	0.3338337515126657
0.61	0.3318274225364412
0.62	0.32980003054983714
0.63	0.3277521078941224
0.64	0.3256841898399505
0.65	0.32359681435566523
0.66	0.32149052187566884
0.67	0.31936585506899207
0.68	0.3172233586082025
0.69	0.31506357893878806
0.7	0.31288706404915145
0.71	0.31069436324134786
0.72	0.3084860269027004
0.73	0.30626260627842233
0.74	0.3040246532453776
0.75	0.3017727200871052
0.76	0.2995073592702351
0.77	0.2972291232224192
0.78	0.294938564111899
0.79	0.2926362336288316
0.8	0.29032268276849
0.81	0.28799846161645554
0.82	0.2856641191359149
0.83	0.28332020295717336
0.84	0.2809672591694929
0.85	0.278605832115362
0.86	0.27623646418730025
0.87	0.2738596956272999
0.88	0.27147606432900195
0.89	0.26908610564270363
0.9	0.2666903521832892
0.91	0.26428933364117563
0.92	0.2618835765963593
0.93	0.259473604335649
0.94	0.25705993667316607
0.95	0.2546430897741911
0.96	0.25222357598243145
0.97	0.24980190365078278
0.98	0.24737857697565377
0.99	0.24495409583491973
1.	0.24252895562956878
1.01	0.24010364712909954
1.02	0.23767865632072804
1.03	0.23525446426245603
1.04	0.23283154694005206
1.05	0.2304103751279915
1.06	0.22799141425439948
1.07	0.22557512427003754
1.08	0.22316195952137075
1.09	0.22075236862774972
1.1	0.21834679436273816
1.11	0.21594567353961358
1.12	0.21354943690106568
1.13	0.21115850901311323
1.14	0.20877330816325806
1.15	0.20639424626289027
1.16	0.20402172875395724
1.17	0.2016561545199043
1.18	0.199297915800893
1.19	0.19694739811329962
1.2	0.19460498017349268
1.21	0.19227103382588703
1.22	0.189945923975267
1.23	0.18763000852336972
1.24	0.1853236383097168
1.25	0.18302715705667813
1.26	0.18074090131875142
1.27	0.17846520043603561
1.28	0.17620037649187592
1.29	0.1739467442746538
1.3	0.17170461124369404
1.31	0.1694742774992577
1.32	0.1672560357565872
1.33	0.1650501713239685
1.34	0.1628569620847709
1.35	0.1606766784834255
1.36	0.15850958351529815
1.37	0.15635593272041284
1.38	0.15421597418097854
1.39	0.15208994852266983
1.4	0.14997808891961115
1.41	0.14788062110301098
1.42	0.14579776337339181
1.43	0.14372972661635913
1.44	0.14167671432185103
1.45	0.13963892260680916
1.46	0.13761654024120895
1.47	0.13560974867738682
1.48	0.1336187220825996
1.49	0.13164362737475085
1.5	0.12968462426121719
1.51	0.1277418652807059
1.52	0.1258154958480757
1.53	0.12390565430204895
1.54	0.12201247195574558
1.55	0.12013607314996497
1.56	0.11827657530914389
1.57	0.11643408899991614
1.58	0.11460871799219945
1.59	0.11280055932273443
1.6	0.11100970336100012
1.61	0.10923623387742941
1.62	0.10748022811384822
1.63	0.10574175685606106
1.64	0.10402088450850586
1.65	0.1023176691709005
1.66	0.10063216271680332
1.67	0.09896441087400992
1.68	0.09731445330670836
1.69	0.09568232369931502
1.7	0.09406804984191354
1.71	0.09247165371721904
1.72	0.09089315158899064
1.73	0.089332554091815
1.74	0.08778986632218426
1.75	0.08626508793079202
1.76	0.08475821321597149
1.77	0.08326923121820033
1.78	0.08179812581559752
1.79	0.08034487582033767
1.8	0.07890945507590952
1.81	0.07749183255514533
1.82	0.07609197245894929
1.83	0.07470983431565331
1.84	0.07334537308092968
1.85	0.07199853923819084
1.86	0.07066927889940759
1.87	0.06935753390627758
1.88	0.06806324193167748
1.89	0.06678633658133278
1.9	0.0655267474956404
1.91	0.06428440045158056
1.92	0.06305921746465495
1.93	0.06185111689079012
1.94	0.06066001352814539
1.95	0.05948581871876651
1.96	0.058328440450026955
1.97	0.05718778345580035
1.98	0.056063749317308544
1.99	0.05495623656359136
2.	0.053865140771545174
2.01	0.052790354665478885
2.02	0.051731768216137154
2.03	0.050689268739142194
2.04	0.049662740992806625
2.05	0.048652067275271445
2.06	0.047657127520924464
2.07	0.04667779939605594
2.08	0.04571395839370954
2.09	0.04476547792768834
2.1	0.04383222942567654
2.11	0.04291408242143962
2.12	0.04201090464606645
2.13	0.041122562118218776
2.14	0.04024891923335448
2.15	0.039389838851892844
2.16	0.03854518238629114
2.17	0.03771480988700338
2.18	0.03689858012729353
2.19	0.036096350686876645
2.2	0.03530797803436315
2.21	0.03453331760848235
2.22	0.033772223898063135
2.23	0.033024550520750824
2.24	0.0322901503004405
2.25	0.03156887534340872
2.26	0.03086057711312647
2.27	0.030165106503737778
2.28	0.02948231391218956
2.29	0.028812049308999572
2.3	0.028154162307650523
2.31	0.02750850223259973
2.32	0.026874918185894815
2.33	0.026253259112387187
2.34	0.02564337386353615
2.35	0.025045111259797682
2.36	0.024458320151593087
2.37	0.023882849478853663
2.38	0.02331854832913883
2.39	0.022765265994326052
2.4	0.022222852025871948
2.41	0.021691156288645114
2.42	0.02117002901333196
2.43	0.02065932084741805
2.44	0.020158882904748182
2.45	0.019668566813669484
2.46	0.019188224763762626
2.47	0.018717709551167114
2.48	0.018256874622507534
2.49	0.017805574117428283
2.5	0.01736366290974531
2.51	0.016930996647223927
2.52	0.016507431789992703
2.53	0.016092825647603958
2.54	0.01568703641475224
2.55	0.01528992320566266
2.56	0.014901346087161722
2.57	0.014521166110443828
2.58	0.014149245341547212
2.59	0.01378544689055362
2.6	0.013429634939526614
2.61	0.013081674769203818
2.62	0.012741432784458986
2.63	0.012408776538550118
2.64	0.012083574756170381
2.65	0.01176569735531896
2.66	0.011455015468009293
2.67	0.011151401459832599
2.68	0.010854728948394855
2.69	0.01056487282064574
2.7	0.010281709249118327
2.71	0.010005115707098578
2.72	0.009734970982743939
2.73	0.009471155192170542
2.74	0.009213549791528754
2.75	0.008962037588086929
2.76	0.008716502750343465
2.77	0.008476830817187305
2.78	0.008242908706127232
2.79	0.008014624720610333
2.8	0.00779186855645015
2.81	0.00757453130738503
2.82	0.007362505469787294
2.83	0.00715568494654382
2.84	0.006953965050128685
2.85	0.006757242504888461
2.86	0.006565415448560766
2.87	0.006378383433046625
2.88	0.006196047424457135
2.89	0.00601830980245485
2.9	0.0058450743589102405
2.91	0.005676246295893462
2.92	0.0055117322230215674
2.93	0.0053514401541811685
2.94	0.005195279503646414
2.95	0.005043161081612011
2.96	0.004894997089160846
2.97	0.0047507011126855896
2.98	0.004610188117783509
2.99	0.004473374442643486
3.	0.004340177790944066
3.01	0.004210517224281139
3.02	0.004084313154143642
3.03	0.003961487333455428
3.04	0.0038419628477012425
3.05	0.0037256641056544796
3.06	0.003612516829724141
3.07	0.0035024480459381925
3.08	0.0033953860735802125
3.09	0.0032912605144959964
3.1	0.003190002242086478
3.11	0.003091543390003075
3.12	0.002995817340561265
3.13	0.0029027587128879324
3.14	0.0028123033508177147
3.15	0.002724388310553306
3.16	0.0026389518481043615
3.17	0.0025559334065193644
3.18	0.0024752736029245016
3.19	0.002396914215383304
3.2	0.0023207981695904972
3.21	0.0022468695254132063
3.22	0.002175073463292348
3.23	0.0021053562705167428
3.24	0.00203766532738217
3.25	0.0019719490932472803
3.26	0.0019081570924979747
3.27	0.001846239900431557
3.28	0.0017861491290716508
3.29	0.0017278374129245811
3.3	0.0016712583946876067
3.31	0.001616366710919092
3.32	0.0015631179776804094
3.33	0.0015114687761590597
3.34	0.0014613766382822063
3.35	0.0014128000323295263
3.36	0.0013656983485539835
3.37	0.00132003188481885
3.38	0.0012757618322590094
3.39	0.0012328502609742957
3.4	0.0011912601057623427
3.41	0.0011509551518981398
3.42	0.0011119000209672244
3.43	0.00107406015675916
3.44	0.0010374018112277005
3.45	0.0010018920305237611
3.46	0.0009674986411070748
3.47	0.0009341902359421509
3.48	0.0009019361607839033
3.49	0.0008707065005580755
3.5	0.000840472065841343
3.51	0.0008112043794457408
3.52	0.0007828756631118307
3.53	0.0007554588243147937
3.54	0.0007289274431874125
3.55	0.0007032557595636872
3.56	0.0006784186601466166
3.57	0.0006543916658034648
3.58	0.0006311509189916312
3.59	0.000608673171318039
3.6	0.0005869357712347637
3.61	0.0005659166518734327
3.62	0.0005455943190207388
3.63	0.0005259478392372325
3.64	0.0005069568281213777
3.65	0.0004886014387206873
3.66	0.0004708623500915849
3.67	0.0004537207560094775
3.68	0.0004371583538303674
3.69	0.00042115733350517505
3.7	0.0004057003667478004
3.71	0.00039077059635780144
3.72	0.0003763516256984325
3.73	0.0003624275083306481
3.74	0.00034898273780354847
3.75	0.0003360022376016151
3.76	0.00032347135124896414
3.77	0.0003113758325707277
3.78	0.00029970183611155855
3.79	0.00028843590771114597
3.8	0.00027756497523652424
3.81	0.0002670763394708555
3.82	0.0002569576651582701
3.83	0.0002471969722042563
3.84	0.000237782627031001
3.85	0.00022870333408699708
3.86	0.00021994812751015397
3.87	0.00021150636294356716
3.88	0.00020336770950303015
3.89	0.00019552214189530047
3.9	0.00018795993268606517
3.91	0.000180671644716486
3.92	0.0001736481236671454
3.93	0.00016688049076815604
3.94	0.00016036013565414345
3.95	0.00015407870936275908
3.96	0.00014802811747533493
3.97	0.0001422005133982442
3.98	0.00013658829178349167
3.99	0.00013118408208701688
4.	0.00012598074226315834
4.01	0.00012097135259369132
4.02	0.00011614920964982196
4.03	0.0001115078203854905
4.04	0.0001070408963603112
4.05	0.00010274234809045152
4.06	0.00009860627952573222
4.07	0.00009462698265121012
4.08	0.00009079893221148844
4.09	0.0000871167805559839
4.1	0.00008357535260336693
4.11	0.00008016964092338022
4.12	0.00007689480093423103
4.13	0.00007374614621374549
4.14	0.00007071914392246723
4.15	0.00006780941033687852
4.16	0.00006501270649091966
4.17	0.00006232493392398129
4.18	0.000059742130533544895
4.19	0.000057260466530648806
4.2	0.0000548762404963602
4.21	0.00005258587553743836
4.22	0.000050385915539380175
4.23	0.000048273021515046245
4.24	0.00004624396804707382
4.25	0.00004429563982229235
4.26	0.00004242502825636778
4.27	0.000040629228206912826
4.28	0.00003890543477331292
4.29	0.000037250940181530615
4.3	0.000035663130752165036
4.31	0.0000341394839500579
4.32	0.000032677565513752985
4.33	0.00003127502666313215
4.34	0.000029929601383567735
4.35	0.000028639103784948647
4.36	0.000027401425533955557
4.37	0.00002621453335797881
4.38	0.000025076466619091922
4.39	0.000023985334956512944
4.4	0.000022939315996005643
4.41	0.000021936653124692904
4.42	0.000020975653329775135
4.43	0.0000200546850996675
4.44	0.000019172176386090777
4.45	0.000018326612625672184
4.46	0.000017516534819634034
4.47	0.000016740537670169952
4.48	0.000015997267772130237
4.49	0.000015285421858660153
4.5	0.0000146037450994571
4.51	0.000013951029450334775
4.52	0.00001332611205280502
4.53	0.000012727873682410136
4.54	0.000012155237244561065
4.55	0.000011607166316659096
4.56	0.000011082663735301147
4.57	0.000010580770227390984
4.58	0.000010100563084000994
4.59	9.641154875851288e-6
4.6	9.201692209294979e-6
4.61	8.781354521720472e-6
4.62	8.379352915303417e-6
4.63	7.994929028062652e-6
4.64	7.627353941196074e-6
4.65	7.275927121693694e-6
4.66	6.939975399246346e-6
4.67	6.618851976489573e-6
4.68	6.311935471642986e-6
4.69	6.018628992626029e-6
4.7	5.738359241751455e-6
4.71	5.47057565011803e-6
4.72	5.214749540843858e-6
4.73	4.970373320301478e-6
4.74	4.736959696535295e-6
4.75	4.514040924061125e-6
4.76	4.301168074266581e-6
4.77	4.097910330649689e-6
4.78	3.903854308151564e-6
4.79	3.718603395857088e-6
4.8	3.5417771223554382e-6
4.81	3.373010543069861e-6
4.82	3.211953648883445e-6
4.83	3.058270795404641e-6
4.84	2.9116401522330363e-6
4.85	2.7717531716023577e-6
4.86	2.6383140757938267e-6
4.87	2.5110393627289045e-6
4.88	2.3896573291660365e-6
4.89	2.2739076109413317e-6
4.9	2.1635407397081206e-6
4.91	2.058317715645076e-6
4.92	1.9580095956170206e-6
4.93	1.8623970962867077e-6
4.94	1.7712702116897331e-6
4.95	1.6844278447983255e-6
4.96	1.6016774526130736e-6
4.97	1.5228347043346718e-6
4.98	1.4477231521805174e-6
4.99	1.3761739144234643e-6
5.	1.308025370242237e-6
5.01	1.2431228659849367e-6
5.02	1.1813184324587297e-6
5.03	1.1224705128701985e-6
5.04	1.0664437010519726e-6
5.05	1.013108489622115e-6
5.06	9.623410277333647e-7
5.07	9.140228880796834e-7
5.08	8.680408428376725e-7
5.09	8.242866482302825e-7
5.1	7.826568374098561e-7
5.11	7.430525213669268e-7
5.12	7.053791975803333e-7
5.13	6.695465661331228e-7
5.14	6.354683530273943e-7
5.15	6.030621404396878e-7
5.16	5.722492036667639e-7
5.17	5.42954354519626e-7
5.18	5.151057909314496e-7
5.19	4.886349525526685e-7
5.2	4.6347638211385676e-7
5.21	4.3956759234423293e-7
5.22	4.168489382405937e-7
5.23	3.952634944882812e-7
5.24	3.747569378423864e-7
5.25	3.552774342838083e-7
5.26	3.367755307710192e-7
5.27	3.1920405141444055e-7
5.28	3.0251799790621103e-7
5.29	2.8667445404383737e-7
5.3	2.716324941917548e-7
5.31	2.5735309553020294e-7
5.32	2.4379905394603485e-7
5.33	2.3093490342513962e-7
5.34	2.1872683881106157e-7
5.35	2.0714264179915924e-7
5.36	1.961516100402567e-7
5.37	1.8572448923221004e-7
5.38	1.7583340808214243e-7
5.39	1.6645181602629644e-7
5.4	1.5755442359851635e-7
5.41	1.4911714534230785e-7
5.42	1.411170451652333e-7
5.43	1.3353228403808798e-7
5.44	1.2634206994487245e-7
5.45	1.1952660999302984e-7
5.46	1.1306706459675762e-7
5.47	1.069455036494352e-7
5.48	1.0114486460433374e-7
5.49	9.56489123857955e-8