-5.82999999999992	9.989055366025719e-8
-5.81999999999992	1.0487667787320728e-7
-5.809999999999921	1.1010416291623502e-7
-5.799999999999921	1.1558430139953744e-7
-5.789999999999921	1.213288952085864e-7
-5.779999999999921	1.2735027618891557e-7
-5.769999999999921	1.3366132973212835e-7
-5.759999999999922	1.4027551914965903e-7
-5.749999999999922	1.4720690875961021e-7
-5.739999999999922	1.544701904742022e-7
-5.729999999999922	1.6208071166165274e-7
-5.7199999999999225	1.7005450180264894e-7
-5.709999999999923	1.7840829972577922e-7
-5.699999999999923	1.8715958884515222e-7
-5.689999999999923	1.9632662231107662e-7
-5.679999999999923	2.0592846125512372e-7
-5.6699999999999235	2.1598500543389088e-7
-5.659999999999924	2.2651702946413164e-7
-5.649999999999924	2.3754621954491165e-7
-5.639999999999924	2.490952114873225e-7
-5.629999999999924	2.6118763129306e-7
-5.619999999999925	2.7384813356403885e-7
-5.609999999999925	2.871024491744067e-7
-5.599999999999925	3.0097742439392105e-7
-5.589999999999925	3.155010721239379e-7
-5.5799999999999255	3.307026172085995e-7
-5.569999999999926	3.4661254727192487e-7
-5.559999999999926	3.6326266436934857e-7
-5.549999999999926	3.806861393215926e-7
-5.539999999999926	3.989175677386736e-7
-5.5299999999999265	4.179930282064357e-7
-5.519999999999927	4.379501429343378e-7
-5.509999999999927	4.5882814039904174e-7
-5.499999999999927	4.806679214249744e-7
-5.489999999999927	5.03512124295728e-7
-5.479999999999928	5.274051995942251e-7
-5.469999999999928	5.523934781376249e-7
-5.459999999999928	5.785252512257401e-7
-5.449999999999928	6.058508467458413e-7
-5.4399999999999284	6.344227113311126e-7
-5.429999999999929	6.64295495323762e-7
-5.419999999999929	6.955261405478396e-7
-5.409999999999929	7.281739714041882e-7
-5.399999999999929	7.623007896781441e-7
-5.3899999999999295	7.979709724698063e-7
-5.37999999999993	8.352515742013325e-7
-5.36999999999993	8.742124362720864e-7
-5.35999999999993	9.149262792774567e-7
-5.34999999999993	9.574688468155473e-7
-5.339999999999931	1.0019189886197077e-6
-5.329999999999931	1.0483588126547576e-6
-5.319999999999931	1.096873794354399e-6
-5.309999999999931	1.1475529119670783e-6
-5.299999999999931	1.2004887824469733e-6
-5.289999999999932	1.2557778019892379e-6
-5.279999999999932	1.3135202920768711e-6
-5.269999999999932	1.3738206504190823e-6
-5.259999999999932	1.4367875072421143e-6
-5.2499999999999325	1.5025338886090166e-6
-5.239999999999933	1.5711773821525784e-6
-5.229999999999933	1.6428403133058932e-6
-5.219999999999933	1.717649923521536e-6
-5.209999999999933	1.7957385577084694e-6
-5.199999999999934	1.8772438570443663e-6
-5.189999999999934	1.962308958805376e-6
-5.179999999999934	2.051082703123848e-6
-5.169999999999934	2.1437198471523952e-6
-5.159999999999934	2.2403812865030675e-6
-5.149999999999935	2.3412342847007254e-6
-5.139999999999935	2.446452710071078e-6
-5.129999999999935	2.5562172813074265e-6
-5.119999999999935	2.67071582151485e-6
-5.1099999999999355	2.7901435202104086e-6
-5.099999999999936	2.914703205501546e-6
-5.089999999999936	3.04460562940321e-6
-5.079999999999936	3.180069737630838e-6
-5.069999999999936	3.3213230041856483e-6
-5.0599999999999365	3.4686017125809456e-6
-5.049999999999937	3.6221512901552797e-6
-5.039999999999937	3.7822266391019274e-6
-5.029999999999937	3.9490924716220495e-6
-5.019999999999937	4.123023670604009e-6
-5.009999999999938	4.304305662934353e-6
-4.999999999999938	4.493234770688474e-6
-4.989999999999938	4.690118636417153e-6
-4.979999999999938	4.895276599737491e-6
-4.9699999999999385	5.10904012670668e-6
-4.959999999999939	5.3317532380737574e-6
-4.949999999999939	5.563772955433012e-6
-4.939999999999939	5.805469748587783e-6
-4.929999999999939	6.057228024355322e-6
-4.9199999999999395	6.319446606938784e-6
-4.90999999999994	6.592539240901024e-6
-4.89999999999994	6.8769351159450785e-6
-4.88999999999994	7.173079403684671e-6
-4.87999999999994	7.481433810604628e-6
-4.869999999999941	7.802477147250956e-6
-4.859999999999941	8.136705922613561e-6
-4.849999999999941	8.484634951971113e-6
-4.839999999999941	8.846797978674025e-6
-4.8299999999999415	9.22374832761481e-6
-4.819999999999942	9.616059570025852e-6
-4.809999999999942	0.00001002432620975366
-4.799999999999942	0.000010449164392096272
-4.789999999999942	0.000010891212642426346
-4.7799999999999425	0.000011351132601776146
-4.769999999999943	0.000011829609819469327
-4.759999999999943	0.000012327354547446783
-4.749999999999943	0.000012845102559082795
-4.739999999999943	0.000013383616003018172
-4.729999999999944	0.000013943684278384862
-4.719999999999944	0.0000145261249266655
-4.709999999999944	0.000015131784565961197
-4.699999999999944	0.00001576153984938736
-4.689999999999944	0.000016416298431012294
-4.679999999999945	0.00001709699999023711
-4.669999999999945	0.000017804617275303826
-4.659999999999945	0.000018540157162542805
-4.649999999999945	0.000019304661767983504
-4.6399999999999455	0.000020099209580819142
-4.629999999999946	0.000020924916623522715
-4.619999999999946	0.00002178293765691208
-4.609999999999946	0.000022674467416174532
-4.599999999999946	0.000023600741878096134
-4.589999999999947	0.00002456303955982798
-4.579999999999947	0.000025562682877360727
-4.569999999999947	0.000026601039510996364
-4.559999999999947	0.000027679523820553672
-4.549999999999947	0.000028799598316965606
-4.539999999999948	0.000029962775153533167
-4.529999999999948	0.00003117061765523878
-4.519999999999948	0.000032424741913652014
-4.509999999999948	0.00003372681840343352
-4.4999999999999485	0.00003507857364619335
-4.489999999999949	0.000036481791936830334
-4.479999999999949	0.00003793831708745475
-4.469999999999949	0.00003945005423956904
-4.459999999999949	0.000041018971718718225
-4.4499999999999496	0.000042647102935021814
-4.43999999999995	0.0000443365483307931
-4.42999999999995	0.00004608947739220106
-4.41999999999995	0.00004790813070753495
-4.40999999999995	0.00004979482205805792
-4.399999999999951	0.00005175194059823336
-4.389999999999951	0.00005378195307367671
-4.379999999999951	0.0000558874060794938
-4.369999999999951	0.00005807092841067231
-4.3599999999999515	0.00006033523344556614
-4.349999999999952	0.00006268312159432342
-4.339999999999952	0.0000651174828142844
-4.329999999999952	0.00006764129918561224
-4.319999999999952	0.00007025764754537096
-4.3099999999999525	0.00007296970218510487
-4.299999999999953	0.00007578073762812209
-4.289999999999953	0.00007869413145761162
-4.279999999999953	0.00008171336721211856
-4.269999999999953	0.0000848420373771417
-4.259999999999954	0.00008808384640622579
-4.249999999999954	0.00009144261384190272
-4.239999999999954	0.00009492227750625479
-4.229999999999954	0.00009852689676187641
-4.2199999999999545	0.00010226065583198137
-4.209999999999955	0.00010612786723691601
-4.199999999999955	0.00011013297526896523
-4.189999999999955	0.00011428055955890371
-4.179999999999955	0.00011857533874315322
-4.1699999999999555	0.00012302217417587067
-4.159999999999956	0.00012762607375108533
-4.149999999999956	0.00013239219580196075
-4.139999999999956	0.00013732585308384314
-4.129999999999956	0.00014243251683359232
-4.119999999999957	0.00014771782093924018
-4.109999999999957	0.00015318756618084968
-4.099999999999957	0.00015884772456702218
-4.089999999999957	0.00016470444375505785
-4.079999999999957	0.00017076405158528694
-4.069999999999958	0.00017703306067348595
-4.059999999999958	0.00018351817313056018
-4.049999999999958	0.00019022628537687859
-4.039999999999958	0.00019716449301888141
-4.0299999999999585	0.00020434009585538815
-4.019999999999959	0.00021176060298993486
-4.009999999999959	0.00021943373801098427
-3.9999999999999587	0.00022736744429350926
-3.989999999999959	0.00023556989040743925
-3.979999999999959	0.000244049475618112
-3.9699999999999593	0.00025281483548644334
-3.9599999999999596	0.00026187484760403605
-3.9499999999999598	0.0002712386373923454
-3.93999999999996	0.0002809155840349178
-3.92999999999996	0.0002909153265240817
-3.9199999999999604	0.000301247769789267
-3.9099999999999606	0.0003119230909500273
-3.899999999999961	0.0003229517456952435
-3.889999999999961	0.0003343444747420429
-3.8799999999999613	0.0003461123104183549
-3.8699999999999615	0.00035826658337870877
-3.8599999999999617	0.00037081892940089915
-3.849999999999962	0.0003837812963026331
-3.839999999999962	0.0003971659509960606
-3.8299999999999623	0.0004109854866262862
-3.8199999999999625	0.00042525282983748544
-3.8099999999999627	0.00043998124815822155
-3.799999999999963	0.0004551843574948629
-3.789999999999963	0.00047087612973585206
-3.7799999999999634	0.00048707090048012236
-3.7699999999999636	0.0005037833768844627
-3.759999999999964	0.0005210286455998651
-3.749999999999964	0.0005388221808536447
-3.7399999999999642	0.0005571798526510966
-3.7299999999999645	0.000576117935034311
-3.7199999999999647	0.0005956531145253726
-3.709999999999965	0.0006158024986554557
-3.699999999999965	0.0006365836245804221
-3.6899999999999653	0.0006580144678555859
-3.6799999999999655	0.0006801134512902833
-3.6699999999999657	0.0007028994539226627
-3.659999999999966	0.0007263918201097702
-3.649999999999966	0.0007506103687192209
-3.6399999999999664	0.0007755754024252708
-3.6299999999999666	0.0008013077171222752
-3.619999999999967	0.0008278286114436215
-3.609999999999967	0.0008551598963678786
-3.5999999999999672	0.0008833239049421764
-3.5899999999999674	0.0009123435021085298
-3.5799999999999677	0.0009422420946067078
-3.569999999999968	0.0009730436410224093
-3.559999999999968	0.0010047726618580308
-3.5499999999999683	0.0010374542497531571
-3.5399999999999685	0.0010711140797766423
-3.5299999999999687	0.0011057784198071456
-3.519999999999969	0.0011414741409878349
-3.509999999999969	0.0011782287282994248
-3.4999999999999694	0.001216070291152105
-3.4899999999999696	0.0012550275741048571
-3.47999999999997	0.0012951299676394155
-3.46999999999997	0.001336407519001242
-3.45999999999997	0.001378890943120533
-3.4499999999999704	0.0014226116335604947
-3.4399999999999706	0.0014676016735688585
-3.429999999999971	0.0015138938471623013
-3.419999999999971	0.0015615216502353093
-3.4099999999999713	0.0016105193017829423
-3.3999999999999715	0.0016609217550871004
-3.3899999999999717	0.0017127647089770746
-3.379999999999972	0.001766084619129802
-3.369999999999972	0.0018209187093853594
-3.3599999999999723	0.0018773049830652338
-3.3499999999999726	0.0019352822343267862
-3.3399999999999728	0.001994890059559593
-3.329999999999973	0.0020561688686893814
-3.319999999999973	0.0021191598965700996
-3.3099999999999734	0.0021839052143469884
-3.2999999999999736	0.0022504477407689536
-3.289999999999974	0.0023188312535118586
-3.279999999999974	0.002389100400471224
-3.2699999999999743	0.002461300711004669
-3.2599999999999745	0.002535478607130393
-3.2499999999999747	0.0026116814147023474
-3.239999999999975	0.002689957374490152
-3.229999999999975	0.0027703556532064355
-3.2199999999999753	0.0028529263544701724
-3.2099999999999755	0.0029377205296813595
-3.1999999999999758	0.003024790188772891
-3.189999999999976	0.003114188310926697
-3.179999999999976	0.003205968855115068
-3.1699999999999764	0.003300186770553911
-3.1599999999999766	0.003396898007025197
-3.149999999999977	0.003496159525067482
-3.139999999999977	0.003598029305983143
-3.1299999999999772	0.003702566361737857
-3.1199999999999775	0.003809830744659083
-3.1099999999999777	0.003919883556945919
-3.099999999999978	0.004032786960024326
-3.089999999999978	0.0041486041836795145
-3.0799999999999783	0.004267399534956809
-3.0699999999999785	0.004389238406875679
-3.0599999999999787	0.004514187286894067
-3.049999999999979	0.004642313765099794
-3.039999999999979	0.004773686542177626
-3.0299999999999794	0.004908375437101112
-3.0199999999999796	0.005046451394504643
-3.00999999999998	0.005187986491791454
-2.99999999999998	0.005333053945936941
-2.9899999999999802	0.0054817281199300355
-2.9799999999999804	0.005634084528910576
-2.9699999999999807	0.0057901998459534325
-2.959999999999981	0.0059501519074775105
-2.949999999999981	0.006114019718273249
-2.9399999999999813	0.006281883456171314
-2.9299999999999815	0.006453824476260127
-2.9199999999999817	0.00662992531470706
-2.909999999999982	0.006810269692156802
-2.899999999999982	0.006994942516656988
-2.8899999999999824	0.0071840298861168385
-2.8799999999999826	0.0073776190903316104
-2.869999999999983	0.007575798612454556
-2.859999999999983	0.007778658129988854
-2.849999999999983	0.007986288515267557
-2.8399999999999834	0.008198781835372804
-2.8299999999999836	0.008416231351490147
-2.819999999999984	0.008638731517731753
-2.809999999999984	0.008866377979339058
-2.7999999999999843	0.009099267570287435
-2.7899999999999845	0.009337498310292505
-2.7799999999999847	0.00958116940116586
-2.769999999999985	0.009830381222517875
-2.759999999999985	0.010085235326807189
-2.7499999999999853	0.010345834433715678
-2.7399999999999856	0.010612282423789554
-2.7299999999999858	0.010884684331408193
-2.719999999999986	0.011163146337017968
-2.709999999999986	0.01144777575858921
-2.6999999999999864	0.011738681042343227
-2.6899999999999866	0.012035971752708534
-2.679999999999987	0.012339758561445535
-2.669999999999987	0.012650153235998366
-2.6599999999999873	0.01296726862702197
-2.6499999999999875	0.013291218655051071
-2.6399999999999877	0.01362211829631687
-2.629999999999988	0.01396008356773033
-2.619999999999988	0.014305231510928277
-2.6099999999999883	0.014657680175443687
-2.5999999999999885	0.01501754860098817
-2.5899999999999888	0.015384956798761534
-2.579999999999989	0.015760025731830943
-2.569999999999989	0.016142877294591487
-2.5599999999999894	0.016533634291200756
-2.5499999999999896	0.016932420413055756
-2.53999999999999	0.017339360215289187
-2.52999999999999	0.01775457909222758
-2.5199999999999902	0.01817820325182301
-2.5099999999999905	0.01861035968908904
-2.4999999999999907	0.019051176158458135
-2.489999999999991	0.01950078114507073
-2.479999999999991	0.019959303835022604
-2.4699999999999913	0.02042687408454224
-2.4599999999999915	0.02090362238801666
-2.4499999999999917	0.02138967984498107
-2.439999999999992	0.021885178125979194
-2.429999999999992	0.02239024943727596
-2.4199999999999924	0.022905026484477484
-2.4099999999999926	0.023429642435023344
-2.399999999999993	0.023964230879494713
-2.389999999999993	0.024508925791798496
-2.3799999999999932	0.02506386148822076
-2.3699999999999934	0.02562917258525897
-2.3599999999999937	0.026204993956336946
-2.349999999999994	0.026791460687352706
-2.339999999999994	0.027388708031007594
-2.3299999999999943	0.027996871359993705
-2.3199999999999945	0.02861608611901874
-2.3099999999999947	0.029246487775595596
-2.299999999999995	0.029888211769692332
-2.289999999999995	0.030541393462203314
-2.2799999999999954	0.03120616808220976
-2.2699999999999956	0.031882670673073175
-2.259999999999996	0.03257103603738209
-2.249999999999996	0.03327139868067997
-2.239999999999996	0.0339838927540359
-2.2299999999999964	0.034708651995485146
-2.2199999999999966	0.03544580967026567
-2.209999999999997	0.03619549850990604
-2.199999999999997	0.03695785065021075
-2.1899999999999973	0.03773299756807196
-2.1799999999999975	0.03852107001714247
-2.1699999999999977	0.039322197962443475
-2.159999999999998	0.04013651051382591
-2.149999999999998	0.04096413585834257
-2.1399999999999983	0.04180520119155685
-2.1299999999999986	0.04265983264778931
-2.1199999999999988	0.04352815522927735
-2.109999999999999	0.044410292734354206
-2.099999999999999	0.045306367684593035
-2.0899999999999994	0.04621650125092253
-2.0799999999999996	0.04714081317881662
-2.07	0.0480794217125117
-2.06	0.04903244351825729
-2.0500000000000003	0.04999999360669959
-2.0400000000000005	0.05098218525437016
-2.0300000000000007	0.05197912992428411
-2.020000000000001	0.05299093718572915
-2.010000000000001	0.05401771463326392
-2.0000000000000013	0.05505956780488527
-1.9900000000000015	0.05611660009949129
-1.9800000000000015	0.057188912693620024
-1.9700000000000015	0.058276604457480514
-1.9600000000000015	0.059379771870340735
-1.9500000000000015	0.06049850893533196
-1.9400000000000015	0.06163290709361539
-1.9300000000000015	0.06278305513802272
-1.9200000000000015	0.06394903912622628
-1.9100000000000015	0.06513094229338795
-1.9000000000000015	0.06632884496438651
-1.8900000000000015	0.0675428244657005
-1.8800000000000014	0.06877295503690489
-1.8700000000000014	0.0700193077418588
-1.8600000000000014	0.07128195037968535
-1.8500000000000014	0.07256094739549862
-1.8400000000000014	0.07385635979096129
-1.8300000000000014	0.07516824503475826
-1.8200000000000014	0.07649665697299086
-1.8100000000000014	0.07784164573951155
-1.8000000000000014	0.07920325766636759
-1.7900000000000014	0.08058153519427082
-1.7800000000000014	0.08197651678320955
-1.7700000000000014	0.0833882368232795
-1.7600000000000013	0.08481672554575811
-1.7500000000000013	0.08626200893443317
-1.7400000000000013	0.08772410863734446
-1.7300000000000013	0.08920304187893241
-1.7200000000000013	0.09069882137262168
-1.7100000000000013	0.09221145523397767
-1.7000000000000013	0.09374094689446366
-1.6900000000000013	0.09528729501579733
-1.6800000000000013	0.09685049340506659
-1.6700000000000013	0.0984305309306356
-1.6600000000000013	0.10002739143883214
-1.6500000000000012	0.10164105367157433
-1.6400000000000012	0.10327149118499314
-1.6300000000000012	0.10491867226902303
-1.6200000000000012	0.10658255986811105
-1.6100000000000012	0.10826311150313926
-1.6000000000000012	0.10996027919448692
-1.5900000000000012	0.11167400938643085
-1.5800000000000012	0.11340424287292145
-1.5700000000000012	0.11515091472476333
-1.5600000000000012	0.11691395421825929
-1.5500000000000012	0.1186932847654901
-1.5400000000000011	0.12048882384615868
-1.5300000000000011	0.12230048294112646
-1.5200000000000011	0.1241281674677693
-1.5100000000000011	0.12597177671711868
-1.500000000000001	0.12783120379287582
-1.490000000000001	0.1297063355524686
-1.480000000000001	0.13159705255007478
-1.470000000000001	0.13350322898175007
-1.460000000000001	0.13542473263275395
-1.450000000000001	0.13736142482709524
-1.440000000000001	0.13931316037933095
-1.430000000000001	0.14127978754879086
-1.420000000000001	0.1432611479962108
-1.410000000000001	0.14525707674281474
-1.400000000000001	0.14726740213200878
-1.390000000000001	0.1492919457936929
-1.380000000000001	0.151330522611192
-1.370000000000001	0.15338294069098551
-1.360000000000001	0.15544900133525458
-1.350000000000001	0.15752849901722177
-1.340000000000001	0.159621221359462
-1.330000000000001	0.1617269491152167
-1.320000000000001	0.16384545615268079
-1.310000000000001	0.16597650944241077
-1.300000000000001	0.1681198690479172
-1.290000000000001	0.1702752881193855
-1.280000000000001	0.17244251289067994
-1.270000000000001	0.17462128267967983
-1.260000000000001	0.176811329891913
-1.2500000000000009	0.17901238002758993
-1.2400000000000009	0.1812241516921417
-1.2300000000000009	0.18344635661017752
-1.2200000000000009	0.18567869964296593
-1.2100000000000009	0.1879208788095546
-1.2000000000000008	0.19017258531143857
-1.1900000000000008	0.1924335035608547
-1.1800000000000008	0.19470331121283496
-1.1700000000000008	0.1969816792008966
-1.1600000000000008	0.19926827177649237
-1.1500000000000008	0.20156274655225961
-1.1400000000000008	0.20386475454905062
-1.1300000000000008	0.20617394024673846
-1.1200000000000008	0.20848994163894288
-1.1100000000000008	0.21081239029159146
-1.1000000000000008	0.21314091140530625
-1.0900000000000007	0.2154751238817616
-1.0800000000000007	0.2178146403939411
-1.0700000000000007	0.2201590674602407
-1.0600000000000007	0.22250800552256572
-1.0500000000000007	0.22486104902836496
-1.0400000000000007	0.22721778651652166
-1.0300000000000007	0.22957780070723852
-1.0200000000000007	0.23194066859585993
-1.0100000000000007	0.2343059615505609
-1.0000000000000007	0.23667324541397447
-0.9900000000000007	0.23904208060877435
-0.9800000000000006	0.2414120222470496
-0.9700000000000006	0.24378262024359681
-0.9600000000000006	0.24615341943311322
-0.9500000000000006	0.24852395969112998
-0.9400000000000006	0.25089377605877416
-0.9300000000000006	0.25326239887137286
-0.9200000000000006	0.25562935389071023
-0.9100000000000006	0.25799416244101553
-0.9000000000000006	0.2603563415486741
-0.8900000000000006	0.2627154040855116
-0.8800000000000006	0.26507085891564997
-0.8700000000000006	0.26742221104599573
-0.8600000000000005	0.2697689617801371
-0.8500000000000005	0.2721106088756736
-0.8400000000000005	0.27444664670501534
-0.8300000000000005	0.2767765664205941
-0.8200000000000005	0.27909985611746624
-0.8100000000000005	0.28141600101108255
-0.8000000000000005	0.2837244836060813
-0.7900000000000005	0.28602478387421953
-0.7800000000000005	0.28831637943415045
-0.7700000000000005	0.2905987457340954
-0.7600000000000005	0.2928713562372731
-0.7500000000000004	0.2951336826101876
-0.7400000000000004	0.2973851949135766
-0.7300000000000004	0.29962536179586247
-0.7200000000000004	0.30185365068919606
-0.7100000000000004	0.3040695280079205
-0.7000000000000004	0.3062724593492372
-0.6900000000000004	0.30846190969618104
-0.6800000000000004	0.310637343622752
-0.6700000000000004	0.3127982255009329
-0.6600000000000004	0.3149440197096945
-0.6500000000000004	0.3170741908458754
-0.6400000000000003	0.319188203936628
-0.6300000000000003	0.32128552465350535
-0.6200000000000003	0.32336561952811393
-0.6100000000000003	0.32542795616898795
-0.6000000000000003	0.3274720034797512
-0.5900000000000003	0.32949723187850827
-0.5800000000000003	0.3315031135176551
-0.5700000000000003	0.3334891225067717
-0.5600000000000003	0.33545473513209884
-0.5500000000000003	0.3373994300807714
-0.5400000000000003	0.33932268866341486
-0.5300000000000002	0.3412239950378058
-0.5200000000000002	0.3431028364325183
-0.5100000000000002	0.3449587033706132
-0.5000000000000002	0.34679108989375546
-0.49000000000000027	0.3485994937856182
-0.48000000000000026	0.3503834167954909
-0.47000000000000025	0.3521423648612408
-0.46000000000000024	0.35387584833166813
-0.45000000000000023	0.35558338218829366
-0.4400000000000002	0.3572644862663907
-0.4300000000000002	0.35891868547486894
-0.4200000000000002	0.3605455100151381
-0.4100000000000002	0.36214449559885215
-0.4000000000000002	0.3637151836641229
-0.3900000000000002	0.3652571215902513
-0.38000000000000017	0.3667698629109367
-0.37000000000000016	0.3682529675255746
-0.36000000000000015	0.3697060019086277
-0.35000000000000014	0.3711285393170528
-0.34000000000000014	0.3725201599954555
-0.3300000000000001	0.3738804513788692
-0.3200000000000001	0.3752090082932009
-0.3100000000000001	0.3765054331529955
-0.3000000000000001	0.3777693361564294
-0.2900000000000001	0.3790003354775558
-0.2800000000000001	0.38019805745550533
-0.2700000000000001	0.3813621367804975
-0.26000000000000006	0.3824922166767232
-0.25000000000000006	0.3835879490818104
-0.24000000000000007	0.38464899482257203
-0.23000000000000007	0.38567502378801877
-0.22000000000000006	0.3866657150970048
-0.21000000000000005	0.3876207572635621
-0.20000000000000004	0.38853984835752586
-0.19000000000000003	0.3894226961612267
-0.18000000000000002	0.3902690183219143
-0.17	0.3910785424999268
-0.16	0.39185100651246874
-0.15	0.39258615847276934
-0.13999999999999999	0.39328375692467604
-0.12999999999999998	0.39394357097256455
-0.11999999999999998	0.3945653804063327
-0.10999999999999999	0.3951489758215227
-0.09999999999999999	0.39569415873449704
-0.09	0.39620074169243014
-0.08	0.39666854837815857
-0.07	0.3970974137098287
-0.060000000000000005	0.3974871839351375
-0.05	0.39783771672017787
-0.04	0.3981488812328753
-0.03	0.3984205582208117
-0.02	0.3986526400834398
-0.01	0.3988450309387103
0	0.398997646683919
0.01	0.39911041505075534
0.02	0.39918327565461675
0.03	0.3992161800380157
0.04	0.39920909170804353
0.05	0.399161986167989
0.060000000000000005	0.39907485094292167
0.07	0.39894768559929117
0.08	0.3987805017585257
0.09	0.3985733231046024
0.09999999999999999	0.3983261853855035
0.10999999999999999	0.39803913640868016
0.11999999999999998	0.39771223603043965
0.12999999999999998	0.39734555613919953
0.13999999999999999	0.39693918063273614
0.15	0.39649320538938393
0.16	0.3960077382331057
0.17	0.3954828988925876
0.18000000000000002	0.3949188189543323
0.19000000000000003	0.39431564180969886
0.20000000000000004	0.39367352259600846
0.21000000000000005	0.3929926281317571
0.22000000000000006	0.39227313684586507
0.23000000000000007	0.3915152387010957
0.24000000000000007	0.3907191351117082
0.25000000000000006	0.3898850388552807
0.26000000000000006	0.3890131739788425
0.2700000000000001	0.3881037756994059
0.2800000000000001	0.3871570902988486
0.2900000000000001	0.38617337501326915
0.3000000000000001	0.3851528979169488
0.3100000000000001	0.3840959378008724
0.3200000000000001	0.38300278404594246
0.3300000000000001	0.38187373649100614
0.34000000000000014	0.38070910529571766
0.35000000000000014	0.3795092107983156
0.36000000000000015	0.37827438336849667
0.37000000000000016	0.37700496325538657
0.38000000000000017	0.37570130043072403
0.3900000000000002	0.37436375442741043
0.4000000000000002	0.3729926941734928
0.4100000000000002	0.3715884978216353
0.4200000000000002	0.3701515525743101
0.4300000000000002	0.36868225450474373
0.4400000000000002	0.367181008373695
0.45000000000000023	0.36564822744229103
0.46000000000000024	0.364084333280991
0.47000000000000025	0.3624897555747454
0.48000000000000026	0.36086493192457336
0.49000000000000027	0.35921030764578465
0.5000000000000002	0.357526335562158
0.5100000000000002	0.3558134757981798
0.5200000000000002	0.3540721955669577
0.5300000000000002	0.35230296895574714
0.5400000000000003	0.3505062767085638
0.5500000000000003	0.34868260600615614
0.5600000000000003	0.3468324502433815
0.5700000000000003	0.34495630880421485
0.5800000000000003	0.3430546868345411
0.5900000000000003	0.34112809501282787
0.6000000000000003	0.33917704931881626
0.6100000000000003	0.33720207080047965
0.6200000000000003	0.33520368533927314
0.6300000000000003	0.3331824234138928
0.6400000000000003	0.331138819862693
0.6500000000000004	0.3290734136449087
0.6600000000000004	0.32698674760077934
0.6700000000000004	0.32487936821084207
0.6800000000000004	0.32275182535444263
0.6900000000000004	0.3206046720676201
0.7000000000000004	0.31843846430060635
0.7100000000000004	0.31625376067500943
0.7200000000000004	0.314051122240807
0.7300000000000004	0.31183111223341653
0.7400000000000004	0.3095942958308902
0.7500000000000004	0.3073412399113867
0.7600000000000005	0.3050725128111352
0.7700000000000005	0.302788684082995
0.7800000000000005	0.30049032425571953
0.7900000000000005	0.2981780045941363
0.8000000000000005	0.29585229686037895
0.8100000000000005	0.2935137730762282
0.8200000000000005	0.2911630052868146
0.8300000000000005	0.28880056532576337
0.8400000000000005	0.2864270245819028
0.8500000000000005	0.2840429537676968
0.8600000000000005	0.281648922689565
0.8700000000000006	0.27924550002012294
0.8800000000000006	0.27683325307257656
0.8900000000000006	0.2744127475773421
0.9000000000000006	0.2719845474610162
0.9100000000000006	0.26954921462781345
0.9200000000000006	0.26710730874365146
0.9300000000000006	0.2646593870228822
0.9400000000000006	0.26220600401789407
0.9500000000000006	0.2597477114116312
0.9600000000000006	0.25728505781317623
0.9700000000000006	0.2548185885564318
0.9800000000000006	0.25234884550211434
0.9900000000000007	0.24987636684306083
1.0000000000000007	0.24740168691295628
1.0100000000000007	0.2449253359986438
1.0200000000000007	0.24244784015603513
1.0300000000000007	0.23996972102970088
1.0400000000000007	0.2374914956762974
1.0500000000000007	0.23501367639184723
1.0600000000000007	0.23253677054293195
1.0700000000000007	0.23006128040194598
1.0800000000000007	0.22758770298615966
1.0900000000000007	0.22511652990222294
1.1000000000000008	0.22264824719226764
1.1100000000000008	0.22018333518692718
1.1200000000000008	0.21772226836131353
1.1300000000000008	0.2152655151956714
1.1400000000000008	0.2128135380404509
1.1500000000000008	0.21036679298581884
1.1600000000000008	0.20792572973568269
1.1700000000000008	0.2054907914862824
1.1800000000000008	0.20306241480930357
1.1900000000000008	0.20064102953962132
1.2000000000000008	0.19822705866767756
1.2100000000000009	0.19582091823648057
1.2200000000000009	0.19342301724327143
1.2300000000000009	0.19103375754591206
1.2400000000000009	0.18865353377390534
1.2500000000000009	0.18628273324414638
1.260000000000001	0.18392173588137212
1.270000000000001	0.18157091414332122
1.280000000000001	0.17923063295037156
1.290000000000001	0.17690124962086007
1.300000000000001	0.1745831138091581
1.310000000000001	0.17227656745032577
1.320000000000001	0.16998194470848804
1.330000000000001	0.16769957193001733
1.340000000000001	0.165429767601312
1.350000000000001	0.1631728423111978
1.360000000000001	0.16092909871787472
1.370000000000001	0.15869883152035683
1.380000000000001	0.15648232743445073
1.390000000000001	0.15427986517317382
1.400000000000001	0.15209171543155323
1.410000000000001	0.14991814087583052
1.420000000000001	0.14775939613699196
1.430000000000001	0.1456157278085339
1.440000000000001	0.1434873744484899
1.450000000000001	0.14137456658561962
1.460000000000001	0.13927752672970406
1.470000000000001	0.1371964693858901
1.480000000000001	0.13513160107306535
1.490000000000001	0.13308312034611983
1.500000000000001	0.13105121782209425
1.5100000000000011	0.1290360762101546
1.5200000000000011	0.12703787034525477
1.5300000000000011	0.1250567672254762
1.5400000000000011	0.12309292605298966
1.5500000000000012	0.12114649827848108
1.5600000000000012	0.11921762764903766
1.5700000000000012	0.1173064502594196
1.5800000000000012	0.11541309460657147
1.5900000000000012	0.11353768164736909
1.6000000000000012	0.1116803248594788
1.6100000000000012	0.10984113030525577
1.6200000000000012	0.10802019669859078
1.6300000000000012	0.10621761547465149
1.6400000000000012	0.10443347086238877
1.6500000000000012	0.10266783995974312
1.6600000000000013	0.10092079281147735
1.6700000000000013	0.09919239248953507
1.6800000000000013	0.0974826951758044
1.6900000000000013	0.09579175024727872
1.7000000000000013	0.09411960036344047
1.7100000000000013	0.09246628155582143
1.7200000000000013	0.09083182331965446
1.7300000000000013	0.0892162487075051
1.7400000000000013	0.0876195744247932
1.7500000000000013	0.08604181092714347
1.7600000000000013	0.08448296251944513
1.7700000000000014	0.08294302745653971
1.7800000000000014	0.0814219980454436
1.7900000000000014	0.079919860749033
1.8000000000000014	0.07843659629108782
1.8100000000000014	0.0769721797625857
1.8200000000000014	0.07552658072921359
1.8300000000000014	0.07409976333995506
1.8400000000000014	0.07269168643667129
1.8500000000000014	0.07130230366465234
1.8600000000000014	0.06993156358395634
1.8700000000000014	0.0685794097815177
1.8800000000000014	0.06724578098394682
1.8900000000000015	0.06593061117087018
1.9000000000000015	0.06463382968881126
1.9100000000000015	0.06335536136546754
1.9200000000000015	0.06209512662435492
1.9300000000000015	0.06085304159968302
1.9400000000000015	0.05962901825145363
1.9500000000000015	0.058422964480628004
1.9600000000000015	0.05723478424435635
1.9700000000000015	0.056064377671155775
1.9800000000000015	0.05491164117597628
1.9900000000000015	0.05377646757508445
2.0000000000000013	0.05265874620068605
2.010000000000001	0.051558363015243455
2.020000000000001	0.05047520072538269
2.0300000000000007	0.04940913889535455
2.0400000000000005	0.048360054059992864
2.0500000000000003	0.047327819837064425
2.06	0.04631230703899683
2.07	0.04531338378390709
2.0799999999999996	0.044330915605863726
2.0899999999999994	0.0433647655643322
2.099999999999999	0.04241479435278494
2.109999999999999	0.04148086040634538
2.1199999999999988	0.04056282000849496
2.1299999999999986	0.03966052739675697
2.1399999999999983	0.03877383486730425
2.149999999999998	0.03790259287845769
2.159999999999998	0.037046650153049004
2.1699999999999977	0.036205853779553133
2.1799999999999975	0.035380049312010844
2.1899999999999973	0.034569080868665135
2.199999999999997	0.03377279122928317
2.209999999999997	0.03299102193113575
2.2199999999999966	0.03222361336359407
2.2299999999999964	0.031470404861309684
2.239999999999996	0.030731234795961078
2.249999999999996	0.030005940666515577
2.259999999999996	0.02929435918801651
2.2699999999999956	0.02859632637882123
2.2799999999999954	0.027911677646315896
2.289999999999995	0.027240247871050956
2.299999999999995	0.026581871489298012
2.3099999999999947	0.025936382573992608
2.3199999999999945	0.02530361491407587
2.3299999999999943	0.024683402092163687
2.339999999999994	0.02407557756060541
2.349999999999994	0.02347997471586077
2.3599999999999937	0.02289642697119806
2.3699999999999934	0.02232476782772529
2.3799999999999932	0.02176483094373171
2.389999999999993	0.021216450202315558
2.399999999999993	0.020679459777339964
2.4099999999999926	0.020153694197665613
2.4199999999999924	0.01963898840968543
2.429999999999992	0.01913517783815425
2.439999999999992	0.018642098445312703
2.4499999999999917	0.018159586788308566
2.4599999999999915	0.017687480074918452
2.4699999999999913	0.01722561621757528
2.479999999999991	0.016773833885703644
2.489999999999991	0.016331972556375737
2.4999999999999907	0.01589987256328985
2.5099999999999905	0.015477375144083396
2.5199999999999902	0.015064322485989323
2.52999999999999	0.014660557769850905
2.53999999999999	0.014265925212494045
2.5499999999999896	0.013880270107491386
2.5599999999999894	0.01350343886431024
2.569999999999989	0.013135279045875288
2.579999999999989	0.012775639404546317
2.5899999999999888	0.012424369916547353
2.5999999999999885	0.012081321814841625
2.6099999999999883	0.01174634762049068
2.619999999999988	0.01141930117249541
2.629999999999988	0.011100037656170614
2.6399999999999877	0.010788413630018178
2.6499999999999875	0.01048428705118913
2.6599999999999873	0.010187517299501268
2.669999999999987	0.009897965200043506
2.679999999999987	0.00961549304441974
2.6899999999999866	0.009339964610623395
2.6999999999999864	0.009071245181556822
2.709999999999986	0.008809201562272778
2.719999999999986	0.008553702095898126
2.7299999999999858	0.00830461667829923
2.7399999999999856	0.008061816771513028
2.7499999999999853	0.007825175415952793
2.759999999999985	0.007594567241427925
2.769999999999985	0.007369868476995723
2.7799999999999847	0.007150956959673003
2.7899999999999845	0.006937712142032575
2.7999999999999843	0.0067300150987105
2.809999999999984	0.00652774853184912
2.819999999999984	0.006330796775509456
2.8299999999999836	0.0061390457990553255
2.8399999999999834	0.0059523832095739835
2.849999999999983	0.005770698253327916
2.859999999999983	0.005593881816263405
2.869999999999983	0.005421826423633684
2.8799999999999826	0.005254426238727386
2.8899999999999824	0.005091577060741988
2.899999999999982	0.004933176321837475
2.909999999999982	0.004779123083379479
2.9199999999999817	0.004629318031411266
2.9299999999999815	0.004483663471366611
2.9399999999999813	0.00434206332206736
2.949999999999981	0.004204423109007373
2.959999999999981	0.0040706499569736565
2.9699999999999807	0.00394065258200723
2.9799999999999804	0.0038143412827420426
2.9899999999999802	0.003691627931136845
2.99999999999998	0.003572425962645629
3.00999999999998	0.003456650365799092
3.0199999999999796	0.003344217671297442
3.0299999999999794	0.00323504594056804
3.039999999999979	0.0031290547538444227
3.049999999999979	0.003026165197790109
3.0599999999999787	0.002926299852673707
3.0699999999999785	0.0028293827791379825
3.0799999999999783	0.002735339504553094
3.089999999999978	0.0026440970090199933
3.099999999999978	0.0025555837110002454
3.1099999999999777	0.0024697294526226576
3.1199999999999775	0.00238646548466955
3.1299999999999772	0.0023057244512793723
3.139999999999977	0.0022274403743610073
3.149999999999977	0.0021515486377652964
3.1599999999999766	0.0020779859712133767
3.1699999999999764	0.0020066904340077596
3.179999999999976	0.0019376013985411699
3.189999999999976	0.00187065953362986
3.1999999999999758	0.0018058067876581476
3.2099999999999755	0.0017429863716063349
3.2199999999999753	0.0016821427419127343
3.229999999999975	0.0016232215832364609
3.239999999999975	0.001566169791109712
3.2499999999999747	0.0015109354545049286
3.2599999999999745	0.0014574678383255481
3.2699999999999743	0.0014057173658258923
3.279999999999974	0.0013556356010211736
3.289999999999974	0.0013071752310206547
3.2999999999999736	0.0012602900483641615
3.3099999999999734	0.0012149349333469377
3.319999999999973	0.001171065836347766
3.329999999999973	0.00112863976017144
3.3399999999999728	0.0010876147424085498
3.3499999999999726	0.0010479498378643582
3.3599999999999723	0.001009605100999479
3.369999999999972	0.0009725415684439299
3.379999999999972	0.0009367212415798674
3.3899999999999717	0.0009021070691954328
3.3999999999999715	0.0008686629302324437
3.4099999999999713	0.0008363536166167347
3.419999999999971	0.000805144816199694
3.429999999999971	0.0007750030958040872
3.4399999999999706	0.0007458958843945229
3.4499999999999704	0.0007177914563642568
3.45999999999997	0.0006906589149313396
3.46999999999997	0.0006644681757446382
3.47999999999997	0.0006391899505438374
3.4899999999999696	0.000614795731029372
3.4999999999999694	0.0005912577728559758
3.509999999999969	0.0005685490797960063
3.519999999999969	0.0005466433880864512
3.5299999999999687	0.000525515150875088
3.5399999999999685	0.0005051395229525142
3.5499999999999683	0.00048549234555997155
3.559999999999968	0.00046655013142255235
3.569999999999968	0.00044829004996031844
3.5799999999999677	0.0004306899126842848
3.5899999999999674	0.0004137281587826762
3.5999999999999672	0.00039738384089926235
3.609999999999967	0.00038163661110553014
3.619999999999967	0.0003664667070748392
3.6299999999999666	0.00035185493843528
3.6399999999999664	0.0003377826733549248
3.649999999999966	0.00032423182530747565
3.659999999999966	0.0003111848400376421
3.6699999999999657	0.0002986246827379123
3.6799999999999655	0.00028653482543698126
3.6899999999999653	0.00027489923457665665
3.699999999999965	0.00026370235880743634
3.709999999999965	0.00025292911697951287
3.7199999999999647	0.00024256488635372587
3.7299999999999645	0.00023259549100640388
3.7399999999999642	0.00022300719044308247
3.749999999999964	0.0002137866684184172
3.759999999999964	0.0002049210219578408
3.7699999999999636	0.00019639775059453538
3.7799999999999634	0.0001882047457878285
3.789999999999963	0.00018033028056426356
3.799999999999963	0.00017276299935497
3.8099999999999627	0.00016549190802541945
3.8199999999999625	0.00015850636411058846
3.8299999999999623	0.00015179606724646062
3.839999999999962	0.00014535104979733176
3.849999999999962	0.0001391616676778887
3.8599999999999617	0.0001332185913604052
3.8699999999999615	0.0001275127970911651
3.8799999999999613	0.00012203555827976247
3.889999999999961	0.00011677843706688091
3.899999999999961	0.00011173327611658975
3.9099999999999606	0.00010689219054642305
3.9199999999999604	0.00010224756005843992
3.92999999999996	0.0000977920212587582
3.93999999999996	0.00009351846013693847
3.9499999999999598	0.0000894200047254616
3.9599999999999596	0.00008549001793403835
3.9699999999999593	0.00008172209055476468
3.979999999999959	0.00007811003442392844
3.989999999999959	0.00007464787576706978
3.9999999999999587	0.00007132984868972336
4.009999999999959	0.00006815038883095322
4.019999999999959	0.00006510412718908754
4.0299999999999585	0.00006218588407956599
4.039999999999958	0.00005939066326616185
4.049999999999958	0.000056713646229048494
4.059999999999958	0.00005415018658594811
4.069999999999958	0.000051695804654777886
4.079999999999957	0.000049346182167091136
4.089999999999957	0.00004709715710297461
4.099999999999957	0.00004494471868659961
4.109999999999957	0.000042885002498144575
4.119999999999957	0.000040914285727752766
4.129999999999956	0.00003902898255259097
4.139999999999956	0.00003722563964613264
4.149999999999956	0.00003550093180878685
4.159999999999956	0.00003385165772111
4.1699999999999555	0.00003227473581675364
4.179999999999955	0.00003076720027429994
4.189999999999955	0.000029326197115169632
4.199999999999955	0.000027948980427039116
4.209999999999955	0.000026632908684767922
4.2199999999999545	0.0000253754411840365
4.229999999999954	0.000024174134581211063
4.239999999999954	0.00002302663952815022
4.249999999999954	0.00002193069741745421
4.259999999999954	0.000020884137216383545
4.269999999999953	0.0000198848724022891
4.279999999999953	0.00001893089798490613
4.289999999999953	0.000018020287626605134
4.299999999999953	0.000017151190850191566
4.3099999999999525	0.000016321830322305746
4.319999999999952	0.000015530499238999972
4.329999999999952	0.000014775558783631879
4.339999999999952	0.000014055435658520517
4.349999999999952	0.000013368619710410529
4.3599999999999515	0.000012713661620216843
4.369999999999951	0.000012089170670604056
4.379999999999951	0.000011493812585487748
4.389999999999951	0.000010926307441165537
4.399999999999951	0.000010385427643480392
4.40999999999995	9.869995970274049e-6
4.41999999999995	9.37888368909523e-6
4.42999999999995	8.911008720054264e-6
4.43999999999995	8.46533387470356e-6
4.4499999999999496	8.040865147410523e-6
4.459999999999949	7.636650070594419e-6
4.469999999999949	7.2517761140134044e-6
4.479999999999949	6.885369152019053e-6
4.489999999999949	6.536591979775696e-6
4.4999999999999485	6.204642870941538e-6
4.509999999999948	5.888754203805984e-6
4.519999999999948	5.588191120800414e-6
4.529999999999948	5.302250234901437e-6
4.539999999999948	5.03025839565933e-6
4.549999999999947	4.771571487893152e-6
4.559999999999947	4.525573269569064e-6
4.569999999999947	4.291674261793378e-6
4.579999999999947	4.069310678968384e-6
4.589999999999947	3.857943381256785e-6
4.599999999999946	3.6570568899703193e-6
4.609999999999946	3.4661584170941746e-6
4.619999999999946	3.284776946180681e-6
4.629999999999946	3.112462333978446e-6
4.6399999999999455	2.9487844590332106e-6
4.649999999999945	2.793332390374782e-6
4.659999999999945	2.6457135954606316e-6
4.669999999999945	2.505553172916776e-6
4.679999999999945	2.372493119722838e-6
4.689999999999944	2.246191615515748e-6
4.699999999999944	2.126322335960243e-6
4.709999999999944	2.0125738513195454e-6
4.719999999999944	1.9046488965028825e-6
4.729999999999944	1.8022638570362885e-6
4.739999999999943	1.7051481429559226e-6
4.749999999999943	1.613043647227379e-6
4.759999999999943	1.5257041939693715e-6
4.769999999999943	1.4428950350664174e-6
4.7799999999999425	1.3643923481872534e-6
4.789999999999942	1.2899827636565293e-6
4.799999999999942	1.2194629095147237e-6
4.809999999999942	1.1526389699555533e-6
4.819999999999942	1.089326266840073e-6
4.8299999999999415	1.0293488563322152e-6
4.839999999999941	9.725391412708979e-7
4.849999999999941	9.187375005166841e-7
4.859999999999941	8.677919327296586e-7
4.869999999999941	8.19557715322856e-7
4.87999999999994	7.73897076041829e-7
4.88999999999994	7.306788839422867e-7
4.89999999999994	6.897783413980999e-7
4.90999999999994	6.510767048418151e-7
4.9199999999999395	6.144610016051852e-7
4.929999999999939	5.798237700014085e-7
4.939999999999939	5.470628017727515e-7
4.949999999999939	5.16080911535315e-7
4.959999999999939	4.86785697518271e-7
4.9699999999999385	4.5908931146122305e-7
4.979999999999938	4.3290825861463343e-7
4.989999999999938	4.0816319073862475e-7
4.999999999999938	3.8477871176904553e-7
5.009999999999938	3.62683192543687e-7
5.019999999999937	3.418085922526299e-7
5.029999999999937	3.220902891209106e-7
5.039999999999937	3.0346691924208397e-7
5.049999999999937	2.858802201657411e-7
5.0599999999999365	2.6927488307494527e-7
5.069999999999936	2.535984113477997e-7
5.079999999999936	2.388009851570112e-7
5.089999999999936	2.2483533248202972e-7
5.099999999999936	2.1165660578111247e-7
5.1099999999999355	1.9922226381195836e-7
5.119999999999935	1.874919606216138e-7
5.129999999999935	1.7642743727295956e-7
5.139999999999935	1.6599241888524456e-7
5.149999999999935	1.5615251824258106e-7
5.159999999999934	1.4687514242515163e-7
5.169999999999934	1.3812940355938817e-7
5.179999999999934	1.2988603359850098e-7
5.189999999999934	1.2211730630480894e-7
5.199999999999934	1.1479695863720671e-7
5.209999999999933	1.0790011518597784e-7
5.219999999999933	1.0140322134625548e-7
5.229999999999933	9.528397600069384e-8