-5.81999999999992	9.99377988676977e-8
-5.809999999999921	1.0494530343652569e-7
-5.799999999999921	1.1019609268082966e-7
-5.789999999999921	1.157015893006008e-7
-5.779999999999921	1.2147373276459684e-7
-5.769999999999921	1.2752500025603394e-7
-5.759999999999922	1.3386843166616957e-7
-5.749999999999922	1.405176521366217e-7
-5.739999999999922	1.4748689807434604e-7
-5.729999999999922	1.547910434972305e-7
-5.7199999999999225	1.6244562705141643e-7
-5.709999999999923	1.704668803227907e-7
-5.699999999999923	1.7887175707834838e-7
-5.689999999999923	1.8767796625671706e-7
-5.679999999999923	1.9690399969937676e-7
-5.6699999999999235	2.0656917036735905e-7
-5.659999999999924	2.1669364264334457e-7
-5.649999999999924	2.2729847070193624e-7
-5.639999999999924	2.3840563555021494e-7
-5.629999999999924	2.500380836121874e-7
-5.619999999999925	2.6221976751298187e-7
-5.609999999999925	2.7497568825274036e-7
-5.599999999999925	2.8833193829913136e-7
-5.589999999999925	3.0231574807908043e-7
-5.5799999999999255	3.1695553345979923e-7
-5.569999999999926	3.3228094058804964e-7
-5.559999999999926	3.483229052770632e-7
-5.549999999999926	3.651136964781247e-7
-5.539999999999926	3.8268697951991146e-7
-5.5299999999999265	4.0107786897983065e-7
-5.519999999999927	4.2032298900812584e-7
-5.509999999999927	4.404605352011232e-7
-5.499999999999927	4.6153033886403537e-7
-5.489999999999927	4.835739330111978e-7
-5.479999999999928	5.066346235262869e-7
-5.469999999999928	5.307575575603267e-7
-5.459999999999928	5.559898020696125e-7
-5.449999999999928	5.823804177355003e-7
-5.4399999999999284	6.099805413168773e-7
-5.429999999999929	6.388434684812633e-7
-5.419999999999929	6.690247403487492e-7
-5.409999999999929	7.005822334472079e-7
-5.399999999999929	7.335762526380066e-7
-5.3899999999999295	7.680696279610199e-7
-5.37999999999993	8.04127814759106e-7
-5.36999999999993	8.418189978946626e-7
-5.35999999999993	8.812141994679884e-7
-5.34999999999993	9.223873905757842e-7
-5.339999999999931	9.654156075876108e-7
-5.329999999999931	1.010379072242696e-6
-5.319999999999931	1.057361316382932e-6
-5.309999999999931	1.10644931121916e-6
-5.299999999999931	1.157733601360447e-6
-5.289999999999932	1.2113084435836612e-6
-5.279999999999932	1.2672719507667927e-6
-5.269999999999932	1.3257262411138263e-6
-5.259999999999932	1.3867775925254904e-6
-5.2499999999999325	1.450536602734251e-6
-5.239999999999933	1.5171183552260094e-6
-5.229999999999933	1.5866425906462132e-6
-5.219999999999933	1.659233885095498e-6
-5.209999999999933	1.7350218341140641e-6
-5.199999999999934	1.814141243408462e-6
-5.189999999999934	1.8967323264966065e-6
-5.179999999999934	1.9829409089243055e-6
-5.169999999999934	2.0729186402623244e-6
-5.159999999999934	2.166823212741299e-6
-5.149999999999935	2.2648185882668857e-6
-5.139999999999935	2.3670752329186688e-6
-5.129999999999935	2.4737703616000948e-6
-5.119999999999935	2.585088182019994e-6
-5.1099999999999355	2.7012201664883596e-6
-5.099999999999936	2.822365307095277e-6
-5.089999999999936	2.9487304164130514e-6
-5.079999999999936	3.0805303641461344e-6
-5.069999999999936	3.21798845500669e-6
-5.0599999999999365	3.3613366486367e-6
-5.049999999999937	3.5108159451927907e-6
-5.039999999999937	3.6666766831433347e-6
-5.029999999999937	3.829178883042239e-6
-5.019999999999937	3.99859258776878e-6
-5.009999999999938	4.175198251359252e-6
-4.999999999999938	4.35928708391603e-6
-4.989999999999938	4.551161466836717e-6
-4.979999999999938	4.751135345656823e-6
-4.9699999999999385	4.959534615436908e-6
-4.959999999999939	5.176697578097638e-6
-4.949999999999939	5.4029753735793054e-6
-4.939999999999939	5.638732436207811e-6
-4.929999999999939	5.884346958968396e-6
-4.9199999999999395	6.140211384950486e-6
-4.90999999999994	6.406732908384452e-6
-4.89999999999994	6.684333984932332e-6
-4.88999999999994	6.973452868260668e-6
-4.87999999999994	7.274544162199704e-6
-4.869999999999941	7.588079387104096e-6
-4.859999999999941	7.914547562891653e-6
-4.849999999999941	8.254455816068764e-6
-4.839999999999941	8.608330005475823e-6
-4.8299999999999415	8.976715355677016e-6
-4.819999999999942	9.360177139705043e-6
-4.809999999999942	9.759301330846223e-6
-4.799999999999942	0.000010174695335014008
-4.789999999999942	0.000010606988710976756
-4.7799999999999425	0.000011056833909443549
-4.769999999999943	0.000011524907047401137
-4.759999999999943	0.000012011908715904171
-4.749999999999943	0.000012518564783807976
-4.739999999999943	0.000013045627246740326
-4.729999999999944	0.000013593875100578949
-4.719999999999944	0.000014164115231794789
-4.709999999999944	0.000014757183342595308
-4.699999999999944	0.000015373944898280025
-4.689999999999944	0.000016015296108739394
-4.679999999999945	0.000016682164931496853
-4.669999999999945	0.000017375512107826115
-4.659999999999945	0.000018096332238841203
-4.649999999999945	0.000018845654863591556
-4.6399999999999455	0.000019624545607946725
-4.629999999999946	0.00002043410733924841
-4.619999999999946	0.000021275481357434972
-4.609999999999946	0.000022149848630954318
-4.599999999999946	0.00002305843106340006
-4.589999999999947	0.000024002492786409197
-4.579999999999947	0.000024983341502699926
-4.569999999999947	0.00002600232986284983
-4.559999999999947	0.000027060856867803432
-4.549999999999947	0.000028160369334765555
-4.539999999999948	0.000029302363388572243
-4.529999999999948	0.000030488385990397854
-4.519999999999948	0.000031720036511001
-4.509999999999948	0.00003299896837164363
-4.4999999999999485	0.00003432689067504802
-4.489999999999949	0.00003570556993752988
-4.479999999999949	0.000037136831844188554
-4.469999999999949	0.000038622563037496655
-4.459999999999949	0.000040164712970751716
-4.4499999999999496	0.00004176529581859096
-4.43999999999995	0.00004342639241127048
-4.42999999999995	0.00004515015224030944
-4.41999999999995	0.000046938795514903846
-4.40999999999995	0.0000487946152610089
-4.399999999999951	0.00005071997948175652
-4.389999999999951	0.000052717333377620435
-4.379999999999951	0.000054789201617185356
-4.369999999999951	0.00005693819066333956
-4.3599999999999515	0.000059166991163280766
-4.349999999999952	0.00006147838040599765
-4.339999999999952	0.0000638752248131785
-4.329999999999952	0.00006636048252938622
-4.319999999999952	0.00006893720605378865
-4.3099999999999525	0.00007160854492755491
-4.299999999999953	0.00007437774852116272
-4.289999999999953	0.00007724816885365109
-4.279999999999953	0.00008022326349566444
-4.269999999999953	0.00008330659854315398
-4.259999999999954	0.00008650185166674611
-4.249999999999954	0.0000898128152070483
-4.239999999999954	0.00009324339937581862
-4.229999999999954	0.00009679763552156302
-4.2199999999999545	0.00010047967945348727
-4.209999999999955	0.00010429381485790692
-4.199999999999955	0.00010824445680787388
-4.189999999999955	0.00011233615530843876
-4.179999999999955	0.00011657359896727345
-4.1699999999999555	0.00012096161872690971
-4.159999999999956	0.000125505191674173
-4.149999999999956	0.00013020944494347464
-4.139999999999956	0.00013507965971811315
-4.129999999999956	0.00014012127528534885
-4.119999999999957	0.00014533989320753135
-4.109999999999957	0.00015074128157695714
-4.099999999999957	0.0001563313793535102
-4.089999999999957	0.00016211630078993546
-4.079999999999957	0.00016810233997765326
-4.069999999999958	0.00017429597545354548
-4.059999999999958	0.00018070387491729895
-4.049999999999958	0.0001873329000458177
-4.039999999999958	0.00019419011140858254
-4.0299999999999585	0.00020128277346051222
-4.019999999999959	0.00020861835966439434
-4.009999999999959	0.00021620455770152472
-3.9999999999999587	0.0002240492747617667
-3.989999999999959	0.00023216064298537667
-3.979999999999959	0.00024054702496372325
-3.9699999999999593	0.00024921701935953745
-3.9599999999999596	0.00025817946664690724
-3.9499999999999598	0.0002674434549460398
-3.93999999999996	0.00027701832594942654
-3.92999999999996	0.0002869136809931154
-3.9199999999999604	0.0002971393872114428
-3.9099999999999606	0.00030770558380149935
-3.899999999999961	0.000318622688412648
-3.889999999999961	0.00032990140364212576
-3.8799999999999613	0.00034155272363520185
-3.8699999999999615	0.0003535879408040025
-3.8599999999999617	0.00036601865266518336
-3.849999999999962	0.00037885676878469775
-3.839999999999962	0.00039211451783008496
-3.8299999999999623	0.00040580445476591585
-3.8199999999999625	0.00041993946812582915
-3.8099999999999627	0.0004345327874257325
-3.799999999999963	0.00044959799069169175
-3.789999999999963	0.0004651490120917804
-3.7799999999999634	0.00048120014968758366
-3.7699999999999636	0.0004977660733147538
-3.759999999999964	0.0005148618325642036
-3.749999999999964	0.0005325028648750187
-3.7399999999999642	0.0005507050037770211
-3.7299999999999645	0.0005694844872021601
-3.7199999999999647	0.0005888579659341431
-3.709999999999965	0.0006088425121834946
-3.699999999999965	0.0006294556282637648
-3.6899999999999653	0.0006507152553639338
-3.6799999999999655	0.0006726397824756451
-3.6699999999999657	0.0006952480553973261
-3.659999999999966	0.000718559385860575
-3.649999999999966	0.0007425935607655229
-3.6399999999999664	0.000767370851536522
-3.6299999999999666	0.0007929120235545077
-3.619999999999967	0.0008192383457362473
-3.609999999999967	0.0008463716001900786
-3.5999999999999672	0.0008743340919795604
-3.5899999999999674	0.0009031486589964788
-3.5799999999999677	0.0009328386819181746
-3.569999999999968	0.0009634280943295261
-3.559999999999968	0.0009949413927833881
-3.5499999999999683	0.0010274036471394883
-3.5399999999999685	0.0010608405108712452
-3.5299999999999687	0.0010952782315090124
-3.519999999999969	0.0011307436611547536
-3.509999999999969	0.0011672642671412142
-3.4999999999999694	0.001204868142606362
-3.4899999999999696	0.001243584017343551
-3.47999999999997	0.0012834412685999886
-3.46999999999997	0.001324469931981579
-3.45999999999997	0.0013667007124391394
-3.4499999999999704	0.001410164995290456
-3.4399999999999706	0.0014548948573077567
-3.429999999999971	0.0015009230778882546
-3.419999999999971	0.001548283150236773
-3.4099999999999713	0.0015970092925929192
-3.3999999999999715	0.0016471364595605205
-3.3899999999999717	0.0016987003534082931
-3.379999999999972	0.0017517374354105173
-3.369999999999972	0.001806284937261023
-3.3599999999999723	0.001862380872454424
-3.3499999999999726	0.0019200640477163688
-3.3399999999999728	0.001979374074412247
-3.329999999999973	0.0020403513800226333
-3.319999999999973	0.0021030372195311934
-3.3099999999999734	0.0021674736868730394
-3.2999999999999736	0.002233703726338225
-3.289999999999974	0.002301771143949275
-3.279999999999974	0.002371720618827004
-3.2699999999999743	0.0024435977145204563
-3.2599999999999745	0.0025174488902632752
-3.2499999999999747	0.00259332151221482
-3.239999999999975	0.00267126386463785
-3.229999999999975	0.0027513251609792024
-3.2199999999999753	0.00283355555490659
-3.2099999999999755	0.0029180061512632956
-3.1999999999999758	0.003004729016903588
-3.189999999999976	0.003093777191441858
-3.179999999999976	0.003185204697911896
-3.1699999999999764	0.003279066553264694
-3.1599999999999766	0.0033754187787632733
-3.149999999999977	0.0034743184102517723
-3.139999999999977	0.003575823508238753
-3.1299999999999772	0.0036799931678403635
-3.1199999999999775	0.003786887528575198
-3.1099999999999777	0.0038965677839351777
-3.099999999999978	0.0040090961907953675
-3.089999999999978	0.004124536078612171
-3.0799999999999783	0.0042429518584177085
-3.0699999999999785	0.004364409031556673
-3.0599999999999787	0.004488974198235714
-3.049999999999979	0.00461671506578399
-3.039999999999979	0.004747700456664224
-3.0299999999999794	0.004882000316213362
-3.0199999999999796	0.0050196857201043575
-3.00999999999998	0.0051608288814764935
-2.99999999999998	0.005305503157798549
-2.9899999999999802	0.005453783057377765
-2.9799999999999804	0.005605744245528987
-2.9699999999999807	0.005761463550406097
-2.959999999999981	0.00592101896847107
-2.949999999999981	0.006084489669547062
-2.9399999999999813	0.006251956001522276
-2.9299999999999815	0.0064234994946291485
-2.9199999999999817	0.006599202865276957
-2.909999999999982	0.006779150019489188
-2.899999999999982	0.006963426055858807
-2.8899999999999824	0.007152117268045595
-2.8799999999999826	0.007345311146789734
-2.869999999999983	0.007543096381432685
-2.859999999999983	0.0077455628609260805
-2.849999999999983	0.00795280167429548
-2.8399999999999834	0.00816490511059936
-2.8299999999999836	0.008381966658283497
-2.819999999999984	0.008604081003982737
-2.809999999999984	0.008831344030754267
-2.7999999999999843	0.009063852815658332
-2.7899999999999845	0.009301705626751321
-2.7799999999999847	0.00954500191943507
-2.769999999999985	0.009793842332143964
-2.759999999999985	0.010048328681361213
-2.7499999999999853	0.01030856395595798
-2.7399999999999856	0.010574652310842677
-2.7299999999999858	0.010846699059849457
-2.719999999999986	0.011124810667945467
-2.709999999999986	0.011409094742655626
-2.6999999999999864	0.011699660024711787
-2.6899999999999866	0.011996616377960437
-2.679999999999987	0.012300074778447589
-2.669999999999987	0.012610147302673224
-2.6599999999999873	0.012926947115056675
-2.6499999999999875	0.013250588454539015
-2.6399999999999877	0.013581186620303373
-2.629999999999988	0.013918857956657383
-2.619999999999988	0.014263719837015222
-2.6099999999999883	0.014615890646943873
-2.5999999999999885	0.014975489766332284
-2.5899999999999888	0.015342637550615856
-2.579999999999989	0.015717455311023962
-2.569999999999989	0.016100065293889316
-2.5599999999999894	0.016490590658999948
-2.5499999999999896	0.016889155456907036
-2.53999999999999	0.017295884605271896
-2.52999999999999	0.017710903864195153
-2.5199999999999902	0.01813433981049255
-2.5099999999999905	0.0185663198109421
-2.4999999999999907	0.01900697199450426
-2.489999999999991	0.01945642522341399
-2.479999999999991	0.01991480906326408
-2.4699999999999913	0.020382253751968837
-2.4599999999999915	0.020858890167628125
-2.4499999999999917	0.0213448497952813
-2.439999999999992	0.021840264692583822
-2.429999999999992	0.02234526745430441
-2.4199999999999924	0.02285999117571622
-2.4099999999999926	0.02338456941486052
-2.399999999999993	0.023919136153636958
-2.389999999999993	0.024463825757730106
-2.3799999999999932	0.025018772935415344
-2.3699999999999934	0.02558411269516802
-2.3599999999999937	0.02615998030208729
-2.349999999999994	0.026746511233186023
-2.339999999999994	0.027343841131474117
-2.3299999999999943	0.027952105758842685
-2.3199999999999945	0.02857144094780026
-2.3099999999999947	0.029201982552012264
-2.299999999999995	0.02984386639561789
-2.289999999999995	0.030497228221409406
-2.2799999999999954	0.031162203637813447
-2.2699999999999956	0.031838928064651745
-2.259999999999996	0.03252753667776087
-2.249999999999996	0.033228164352433004
-2.239999999999996	0.03394094560564078
-2.2299999999999964	0.0346660145371345
-2.2199999999999966	0.03540350476936424
-2.209999999999997	0.03615354938623742
-2.199999999999997	0.03691628087072361
-2.1899999999999973	0.03769183104135293
-2.1799999999999975	0.03848033098753293
-2.1699999999999977	0.03928191100377265
-2.159999999999998	0.04009670052282133
-2.149999999999998	0.04092482804766311
-2.1399999999999983	0.0417664210824476
-2.1299999999999986	0.04262160606239091
-2.1199999999999988	0.04349050828256772
-2.109999999999999	0.04437325182569052
-2.099999999999999	0.04526995948889933
-2.0899999999999994	0.04618075270951494
-2.0799999999999996	0.04710575148981628
-2.07	0.048045074320895005
-2.06	0.04899883810555198
-2.0500000000000003	0.04996715808025847
-2.0400000000000005	0.05095014773628877
-2.0300000000000007	0.05194791873995188
-2.020000000000001	0.05296058085197275
-2.010000000000001	0.05398824184611613
-2.0000000000000013	0.05503100742700836
-1.9900000000000015	0.056088981147180736
-1.9800000000000015	0.05716226432345941
-1.9700000000000015	0.05825095595262484
-1.9600000000000015	0.059355152626431935
-1.9500000000000015	0.060474948446022844
-1.9400000000000015	0.061610434935770654
-1.9300000000000015	0.06276170095653665
-1.9200000000000015	0.06392883261847293
-1.9100000000000015	0.06511191319334982
-1.9000000000000015	0.06631102302642755
-1.8900000000000015	0.06752623944797725
-1.8800000000000014	0.06875763668447776
-1.8700000000000014	0.07000528576945927
-1.8600000000000014	0.07126925445414155
-1.8500000000000014	0.07254960711787405
-1.8400000000000014	0.07384640467837848
-1.8300000000000014	0.07515970450190083
-1.8200000000000014	0.07648956031333617
-1.8100000000000014	0.07783602210629004
-1.8000000000000014	0.07919913605320107
-1.7900000000000014	0.08057894441559163
-1.7800000000000014	0.08197548545441484
-1.7700000000000014	0.08338879334061958
-1.7600000000000013	0.08481889806598046
-1.7500000000000013	0.08626582535426441
-1.7400000000000013	0.08772959657269201
-1.7300000000000013	0.08921022864391438
-1.7200000000000013	0.09070773395842258
-1.7100000000000013	0.09222212028750221
-1.7000000000000013	0.09375339069682441
-1.6900000000000013	0.09530154346069014
-1.6800000000000013	0.09686657197697134
-1.6700000000000013	0.0984484646828989
-1.6600000000000013	0.10004720497167525
-1.6500000000000012	0.10166277110998487
-1.6400000000000012	0.10329513615652466
-1.6300000000000012	0.10494426788158115
-1.6200000000000012	0.10661012868764431
-1.6100000000000012	0.1082926755313105
-1.6000000000000012	0.10999185984636856
-1.5900000000000012	0.1117076274681715
-1.5800000000000012	0.11343991855942967
-1.5700000000000012	0.11518866753745487
-1.5600000000000012	0.11695380300285943
-1.5500000000000012	0.11873524766987566
-1.5400000000000011	0.12053291829833514
-1.5300000000000011	0.12234672562730875
-1.5200000000000011	0.1241765743105601
-1.5100000000000011	0.12602236285387497
-1.500000000000001	0.1278839835542467
-1.490000000000001	0.12976132244107472
-1.480000000000001	0.13165425921944818
-1.470000000000001	0.13356266721548746
-1.460000000000001	0.13548641332388842
-1.450000000000001	0.13742535795775784
-1.440000000000001	0.13937935500072196
-1.430000000000001	0.14134825176140997
-1.420000000000001	0.14333188893044368
-1.410000000000001	0.14533010053988413
-1.400000000000001	0.14734271392526518
-1.390000000000001	0.14936954969028288
-1.380000000000001	0.1514104216741881
-1.370000000000001	0.153465136921893
-1.360000000000001	0.15553349565697677
-1.350000000000001	0.15761529125753393
-1.340000000000001	0.15971031023493235
-1.330000000000001	0.16181833221563974
-1.320000000000001	0.1639391299260781
-1.310000000000001	0.16607246918054408
-1.300000000000001	0.16821810887236108
-1.290000000000001	0.1703758009682337
-1.280000000000001	0.17254529050582665
-1.270000000000001	0.17472631559471402
-1.260000000000001	0.1769186074206999
-1.2500000000000009	0.1791218902534969
-1.2400000000000009	0.18133588145791057
-1.2300000000000009	0.1835602915085474
-1.2200000000000009	0.18579482400799427
-1.2100000000000009	0.18803917570863837
-1.2000000000000008	0.19029303653813184
-1.1900000000000008	0.19255608962844648
-1.1800000000000008	0.19482801134865937
-1.1700000000000008	0.19710847134150425
-1.1600000000000008	0.19939713256360814
-1.1500000000000008	0.20169365132953732
-1.1400000000000008	0.20399767735969568
-1.1300000000000008	0.20630885383200478
-1.1200000000000008	0.20862681743743972
-1.1100000000000008	0.210951198439502
-1.1000000000000008	0.21328162073751847
-1.0900000000000007	0.21561770193384489
-1.0800000000000007	0.21795905340505656
-1.0700000000000007	0.22030528037700098
-1.0600000000000007	0.22265598200376843
-1.0500000000000007	0.22501075145068883
-1.0400000000000007	0.2273691759811923
-1.0300000000000007	0.22973083704760394
-1.0200000000000007	0.23209531038593056
-1.0100000000000007	0.2344621661145489
-1.0000000000000007	0.23683096883675572
-0.9900000000000007	0.23920127774731598
-0.9800000000000006	0.24157264674286136
-0.9700000000000006	0.24394462453611634
-0.9600000000000006	0.24631675477405346
-0.9500000000000006	0.24868857615985987
-0.9400000000000006	0.25105962257863945
-0.9300000000000006	0.25342942322696366
-0.9200000000000006	0.2557975027461663
-0.9100000000000006	0.25816338135925815
-0.9000000000000006	0.26052657501158183
-0.8900000000000006	0.262886595515108
-0.8800000000000006	0.2652429506962435
-0.8700000000000006	0.2675951445471996
-0.8600000000000005	0.26994267738090816
-0.8500000000000005	0.272285045989264
-0.8400000000000005	0.2746217438047982
-0.8300000000000005	0.2769522610668224
-0.8200000000000005	0.27927608498503925
-0.8100000000000005	0.2815926999179981
-0.8000000000000005	0.28390158754290834
-0.7900000000000005	0.2862022270344266
-0.7800000000000005	0.28849409524520947
-0.7700000000000005	0.29077666688945886
-0.7600000000000005	0.29304941472919666
-0.7500000000000004	0.2953118097632679
-0.7400000000000004	0.2975633214191132
-0.7300000000000004	0.2998034177470107
-0.7200000000000004	0.3020315656167949
-0.7100000000000004	0.3042472309170474
-0.7000000000000004	0.30644987875652263
-0.6900000000000004	0.3086389736677173
-0.6800000000000004	0.3108139798126491
-0.6700000000000004	0.31297436119057565
-0.6600000000000004	0.31511958184752636
-0.6500000000000004	0.3172491060877449
-0.6400000000000003	0.31936239868677074
-0.6300000000000003	0.32145892510597174
-0.6200000000000003	0.32353815170865813
-0.6100000000000003	0.3255995459775237
-0.6000000000000003	0.327642576733168
-0.5900000000000003	0.32966671435344885
-0.5800000000000003	0.33167143099574836
-0.5700000000000003	0.3336562008161604
-0.5600000000000003	0.3356205001932392
-0.5500000000000003	0.33756380795062807
-0.5400000000000003	0.3394856055803174
-0.5300000000000002	0.341385377466113
-0.5200000000000002	0.3432626111080822
-0.5100000000000002	0.345116797345846
-0.5000000000000002	0.34694743058306826
-0.49000000000000027	0.3487540090110372
-0.48000000000000026	0.3505360348319836
-0.47000000000000025	0.3522930144822001
-0.46000000000000024	0.3540244588544716
-0.45000000000000023	0.3557298835196626
-0.4400000000000002	0.3574088089476063
-0.4300000000000002	0.3590607607269572
-0.4200000000000002	0.3606852697838213
-0.4100000000000002	0.36228187259921835
-0.4000000000000002	0.3638501114251447
-0.3900000000000002	0.36538953449896744
-0.38000000000000017	0.36689969625624386
-0.37000000000000016	0.3683801575417459
-0.36000000000000015	0.36983048581839634
-0.35000000000000014	0.37125025537420114
-0.34000000000000014	0.37263904752699967
-0.3300000000000001	0.37399645082671706
-0.3200000000000001	0.375322061255205
-0.3100000000000001	0.37661548242346965
-0.3000000000000001	0.3778763257660627
-0.2900000000000001	0.3791042107325964
-0.2800000000000001	0.38029876497630927
-0.2700000000000001	0.3814596245393746
-0.26000000000000006	0.3825864340349522
-0.25000000000000006	0.3836788468257561
-0.24000000000000007	0.3847365251997689
-0.23000000000000007	0.3857591405407649
-0.22000000000000006	0.38674637349669116
-0.21000000000000005	0.38769791414331334
-0.20000000000000004	0.3886134621439845
-0.19000000000000003	0.3894927269053854
-0.18000000000000002	0.3903354277289783
-0.17	0.39114129395808833
-0.16	0.3919100651206025
-0.15	0.3926414910671071
-0.13999999999999999	0.3933353321043077
-0.12999999999999998	0.39399135912379
-0.11999999999999998	0.39460935372589867
-0.10999999999999999	0.39518910833864784
-0.09999999999999999	0.3957304263316464
-0.09	0.396233122124933
-0.08	0.3966970212925282
-0.07	0.39712196066078853
-0.060000000000000005	0.39750778840142
-0.05	0.39785436411899444
-0.04	0.39816155893302896
-0.03	0.39842925555453323
-0.02	0.39865734835686356
-0.01	0.3988457434409463
0	0.39899435869479943
0.01	0.39910312384720464
0.02	0.3991719805155838
0.03	0.3992008822480556
0.04	0.39918979455950665
0.05	0.3991386949617433
0.060000000000000005	0.3990475729877292
0.07	0.39891643020975304
0.08	0.3987452802515863
0.09	0.398534148794659
0.09999999999999999	0.39828307357813647
0.10999999999999999	0.397992104392922
0.11999999999999998	0.39766130306965985
0.12999999999999998	0.39729074346062404
0.13999999999999999	0.39688051141553643
0.15	0.3964307047513675
0.16	0.3959414332160962
0.17	0.395412818446381
0.18000000000000002	0.39484499391930994
0.19000000000000003	0.39423810489814287
0.20000000000000004	0.39359230837205383
0.21000000000000005	0.3929077729900272
0.22000000000000006	0.3921846789888601
0.23000000000000007	0.3914232181152665
0.24000000000000007	0.3906235935422727
0.25000000000000006	0.3897860197798338
0.26000000000000006	0.3889107225797396
0.2700000000000001	0.38799793883492967
0.2800000000000001	0.3870479164732484
0.2900000000000001	0.3860609143456456
0.3000000000000001	0.38503720210898607
0.3100000000000001	0.383977060103526
0.3200000000000001	0.382880779225044
0.3300000000000001	0.38174866079181086
0.34000000000000014	0.3805810164064796
0.35000000000000014	0.37937816781288924
0.36000000000000015	0.3781404467479556
0.37000000000000016	0.37686819478876843
0.38000000000000017	0.3755617631948937
0.3900000000000002	0.374221512746051
0.4000000000000002	0.37284781357529323
0.4100000000000002	0.371441044997744
0.4200000000000002	0.3700015953349896
0.4300000000000002	0.3685298617353481
0.4400000000000002	0.367026249990004
0.45000000000000023	0.36549117434517636
0.46000000000000024	0.36392505731050107
0.47000000000000025	0.3623283294636678
0.48000000000000026	0.36070142925144366
0.49000000000000027	0.359044802787424
0.5000000000000002	0.35735890364583817
0.5100000000000002	0.3556441926533138
0.5200000000000002	0.35390113767646425
0.5300000000000002	0.35213021340713196
0.5400000000000003	0.3503319011446986
0.5500000000000003	0.3485066885758143
0.5600000000000003	0.34665506955161945
0.5700000000000003	0.34477754386258186
0.5800000000000003	0.3428746170111747
0.5900000000000003	0.34094679998249944
0.6000000000000003	0.3389946090129503
0.6100000000000003	0.33701856535715735
0.6200000000000003	0.3350191950533319
0.6300000000000003	0.33299702868709674
0.6400000000000003	0.3309526011540384
0.6500000000000004	0.3288864514211087
0.6600000000000004	0.3267991222869885
0.6700000000000004	0.3246911601415912
0.6800000000000004	0.3225631147248991
0.6900000000000004	0.3204155388851879
0.7000000000000004	0.31824898833686066
0.7100000000000004	0.3160640214180616
0.7200000000000004	0.31386119884813457
0.7300000000000004	0.3116410834851293
0.7400000000000004	0.3094042400835454
0.7500000000000004	0.3071512350523644
0.7600000000000005	0.3048826362135763
0.7700000000000005	0.3025990125613645
0.7800000000000005	0.3003009340220482
0.7900000000000005	0.29798897121492113
0.8000000000000005	0.2956636952142038
0.8100000000000005	0.29332567731215803
0.8200000000000005	0.29097548878354507
0.8300000000000005	0.28861370065157976
0.8400000000000005	0.28624088345549514
0.8500000000000005	0.28385760701981644
0.8600000000000005	0.28146444022556166
0.8700000000000006	0.2790619507834364
0.8800000000000006	0.2766507050091247
0.8900000000000006	0.27423126760088196
0.9000000000000006	0.27180420141950873
0.9100000000000006	0.2693700672707811
0.9200000000000006	0.26692942369053396
0.9300000000000006	0.26448282673248646
0.9400000000000006	0.2620308297588665
0.9500000000000006	0.2595739832340186
0.9600000000000006	0.2571128345210812
0.9700000000000006	0.2546479276817965
0.9800000000000006	0.2521798032795855
0.9900000000000007	0.24970899818602418
1.0000000000000007	0.2472360453907074
1.0100000000000007	0.2447614738147031
1.0200000000000007	0.24228580812762737
1.0300000000000007	0.23980956856843605
1.0400000000000007	0.2373332707699827
1.0500000000000007	0.23485742558751665
1.0600000000000007	0.2323825389310616
1.0700000000000007	0.22990911160184516
1.0800000000000007	0.2274376391325465
1.0900000000000007	0.22496861163305928
1.1000000000000008	0.22250251363769238
1.1100000000000008	0.22003982395943245
1.1200000000000008	0.21758101554711926
1.1300000000000008	0.21512655534726602
1.1400000000000008	0.21267690417031399
1.1500000000000008	0.21023251656133415
1.1600000000000008	0.20779384067521142
1.1700000000000008	0.20536131815638
1.1800000000000008	0.2029353840231255
1.1900000000000008	0.2005164665564417
1.2000000000000008	0.1981049871935409
1.2100000000000009	0.1957013604259952
1.2200000000000009	0.19330599370250282
1.2300000000000009	0.19091928733633934
1.2400000000000009	0.18854163441750788
1.2500000000000009	0.1861734207295127
1.260000000000001	0.18381502467087726
1.270000000000001	0.18146681718132823
1.280000000000001	0.1791291616724523
1.290000000000001	0.1768024139640076
1.300000000000001	0.1744869222229678
1.310000000000001	0.17218302690914686
1.320000000000001	0.16989106072449145
1.330000000000001	0.1676113485671828
1.340000000000001	0.1653442074903277
1.350000000000001	0.1630899466651973
1.360000000000001	0.1608488673490283
1.370000000000001	0.1586212628573115
1.380000000000001	0.15640741854053275
1.390000000000001	0.15420761176537892
1.400000000000001	0.15202211190029977
1.410000000000001	0.14985118030541028
1.420000000000001	0.147695070326726
1.430000000000001	0.14555402729461575
1.440000000000001	0.14342828852645467
1.450000000000001	0.14131808333343615
1.460000000000001	0.13922363303146315
1.470000000000001	0.13714515095605537
1.480000000000001	0.13508284248124172
1.490000000000001	0.13303690504236085
1.500000000000001	0.13100752816266908
1.5100000000000011	0.12899489348376775
1.5200000000000011	0.12699917479969938
1.5300000000000011	0.12502053809469413
1.5400000000000011	0.12305914158446175
1.5500000000000012	0.12111513576100831
1.5600000000000012	0.11918866344080113
1.5700000000000012	0.11727985981632746
1.5800000000000012	0.11538885251088811
1.5900000000000012	0.11351576163654878
1.6000000000000012	0.11166069985520483
1.6100000000000012	0.10982377244267348
1.6200000000000012	0.10800507735567468
1.6300000000000012	0.10620470530168849
1.6400000000000012	0.1044227398115681
1.6500000000000012	0.1026592573148127
1.6600000000000013	0.10091432721743708
1.6700000000000013	0.099188011982345
1.6800000000000013	0.09748036721211044
1.6900000000000013	0.09579144173406451
1.7000000000000013	0.0941212776876563
1.7100000000000013	0.09246991061392514
1.7200000000000013	0.09083736954702454
1.7300000000000013	0.08922367710774996
1.7400000000000013	0.08762884959890829
1.7500000000000013	0.08605289710248161
1.7600000000000013	0.08449582357850703
1.7700000000000014	0.0829576269655384
1.7800000000000014	0.08143829928263491
1.7900000000000014	0.07993782673280066
1.8000000000000014	0.07845618980773553
1.8100000000000014	0.07699336339383996
1.8200000000000014	0.07554931687941908
1.8300000000000014	0.07412401426293094
1.8400000000000014	0.07271741426223687
1.8500000000000014	0.07132947042475449
1.8600000000000014	0.06996013123845853
1.8700000000000014	0.06860934024356269
1.8800000000000014	0.06727703614491137
1.8900000000000015	0.065963152924915
1.9000000000000015	0.06466761995696574
1.9100000000000015	0.06339036211929923
1.9200000000000015	0.062131299909136996
1.9300000000000015	0.060890349557117834
1.9400000000000015	0.059667423141888006
1.9500000000000015	0.05846242870479781
1.9600000000000015	0.057275270364609485
1.9700000000000015	0.05610584843216337
1.9800000000000015	0.05495405952492945
1.9900000000000015	0.05381979668135896
2.0000000000000013	0.05270294947497216
2.010000000000001	0.05160340412812418
2.020000000000001	0.050521043625383476
2.0300000000000007	0.04945574782642183
2.0400000000000005	0.048407393578420166
2.0500000000000003	0.04737585482786792
2.06	0.04636100273171305
2.07	0.04536270576782986
2.0799999999999996	0.044380829844714906
2.0899999999999994	0.04341523841036372
2.099999999999999	0.04246579256029282
2.109999999999999	0.041532351144644424
2.1199999999999988	0.04061477087428999
2.1299999999999986	0.03971290642596365
2.1399999999999983	0.03882661054629861
2.149999999999998	0.03795573415475461
2.159999999999998	0.03710012644541793
2.1699999999999977	0.0362596349875739
2.1799999999999975	0.03543410582507335
2.1899999999999973	0.03462338357440649
2.199999999999997	0.03382731152148567
2.209999999999997	0.03304573171707231
2.2199999999999966	0.0322784850708361
2.2299999999999964	0.03152541144400141
2.239999999999996	0.030786349740563348
2.249999999999996	0.03006113799703201
2.259999999999996	0.029349613470694442
2.2699999999999956	0.02865161272635579
2.2799999999999954	0.027966971721545546
2.289999999999995	0.0272955258901647
2.299999999999995	0.026637110224551425
2.3099999999999947	0.025991559355956928
2.3199999999999945	0.02535870763340062
2.3299999999999943	0.024738389200910052
2.339999999999994	0.024130438073095718
2.349999999999994	0.023534688209106716
2.3599999999999937	0.022950973584898046
2.3699999999999934	0.022379128263828544
2.3799999999999932	0.021818986465601858
2.389999999999993	0.021270382633494834
2.399999999999993	0.020733151499904696
2.4099999999999926	0.02020712815022112
2.4199999999999924	0.01969214808497932
2.429999999999992	0.0191880472803343
2.439999999999992	0.01869466224683425
2.4499999999999917	0.018211830086506814
2.4599999999999915	0.01773938854824728
2.4699999999999913	0.017277176081541605
2.479999999999991	0.016825031888486195
2.489999999999991	0.01638279597415675
2.4999999999999907	0.015950309195297392
2.5099999999999905	0.015527413307375008
2.5199999999999902	0.015113951009959445
2.52999999999999	0.014709765990492023
2.53999999999999	0.014314702966438409
2.5499999999999896	0.013928607725801673
2.5599999999999894	0.013551327166062593
2.569999999999989	0.01318270933154189
2.579999999999989	0.012822603449179569
2.5899999999999888	0.012470859962775414
2.5999999999999885	0.012127330565702879
2.6099999999999883	0.01179186823209346
2.619999999999988	0.011464327246536543
2.629999999999988	0.011144563232293245
2.6399999999999877	0.010832433178078011
2.6499999999999875	0.01052779546335046
2.6599999999999873	0.010230509882252211
2.669999999999987	0.009940437666103493
2.679999999999987	0.009657441504553789
2.6899999999999866	0.009381385565363175
2.6999999999999864	0.009112135512886246
2.709999999999986	0.008849558525197743
2.719999999999986	0.008593523309996949
2.7299999999999858	0.008343900119216784
2.7399999999999856	0.00810056076241603
2.7499999999999853	0.007863378618956755
2.759999999999985	0.007632228649006817
2.769999999999985	0.007406987403373826
2.7799999999999847	0.007187533032214387
2.7899999999999845	0.0069737452926324425
2.7999999999999843	0.006765505555198402
2.809999999999984	0.006562696809404921
2.819999999999984	0.006365203668105131
2.8299999999999836	0.006172912370935453
2.8399999999999834	0.00598571078675695
2.849999999999983	0.005803488415167166
2.859999999999983	0.005626136387053061
2.869999999999983	0.005453547464262942
2.8799999999999826	0.005285616038406215
2.8899999999999824	0.005122238128790164
2.899999999999982	0.004963311379539552
2.909999999999982	0.004808735055931553
2.9199999999999817	0.004658410039930694
2.9299999999999815	0.004512238825003219
2.9399999999999813	0.004370125510196369
2.949999999999981	0.004231975793524125
2.959999999999981	0.004097696964680093
2.9699999999999807	0.0039671978971079404
2.9799999999999804	0.0038403890394379794
2.9899999999999802	0.003717182406338883
2.99999999999998	0.003597491568783238
3.00999999999998	0.003481231643770676
3.0199999999999796	0.0033683192835137223
3.0299999999999794	0.0032586726641268627
3.039999999999979	0.0031522114738289217
3.049999999999979	0.003048856900688438
3.0599999999999787	0.002948531619926225
3.0699999999999785	0.002851159780814285
3.0799999999999783	0.0027566669931591782
3.089999999999978	0.0026649803134343275
3.099999999999978	0.002576028230545591
3.1099999999999777	0.0024897406512684518
3.1199999999999775	0.0024060488853736043
3.1299999999999772	0.0023248856304552076
3.139999999999977	0.00224618495649396
3.149999999999977	0.002169882290155851
3.1599999999999766	0.0020959143988602694
3.1699999999999764	0.0020242193746273654
3.179999999999976	0.0019547366177217955
3.189999999999976	0.0018874068201215203
3.1999999999999758	0.001822171948809991
3.2099999999999755	0.0017589752289183416
3.2199999999999753	0.0016977611267464385
3.229999999999975	0.0016384753326415752
3.239999999999975	0.0015810647437950358
3.2499999999999747	0.0015254774469366517
3.2599999999999745	0.001471662700953321
3.2699999999999743	0.0014195709194765964
3.279999999999974	0.0013691536533618769
3.289999999999974	0.0013203635731874306
3.2999999999999736	0.0012731544517158998
3.3099999999999734	0.0012274811463364203
3.319999999999973	0.0011832995815246046
3.329999999999973	0.0011405667312997154
3.3399999999999728	0.0010992406017149702
3.3499999999999726	0.0010592802134093706
3.3599999999999723	0.001020645584139515
3.369999999999972	0.0009832977114362697
3.379999999999972	0.0009471985552914927
3.3899999999999717	0.0009123110209273953
3.3999999999999715	0.0008785989416476623
3.4099999999999713	0.0008460270617858277
3.419999999999971	0.0008145610197416975
3.429999999999971	0.0007841673311390229
3.4399999999999706	0.0007548133720966042
3.4499999999999704	0.0007264673626208127
3.45999999999997	0.000699098350063296
3.46999999999997	0.000672676192880677
3.47999999999997	0.000647171544348886
3.4899999999999696	0.0006225558365301436
3.4999999999999694	0.00059880126435803
3.509999999999969	0.0005758807698955955
3.519999999999969	0.0005537680267532838
3.5299999999999687	0.0005324374246058235
3.5399999999999685	0.0005118640540426019
3.5499999999999683	0.0004920236914219075
3.559999999999968	0.0004728927839878424
3.569999999999968	0.000454448435156449
3.5799999999999677	0.00043666838997583973
3.5899999999999674	0.0004195310207923029
3.5999999999999672	0.00040301531308088744
3.609999999999967	0.0003871008514940234
3.619999999999967	0.0003717678060886203
3.6299999999999666	0.0003569969187491892
3.6399999999999664	0.00034276948982127884
3.649999999999966	0.0003290673649303438
3.659999999999966	0.00031587292201589763
3.6699999999999657	0.0003031690585431571
3.6799999999999655	0.00029093917894769
3.6899999999999653	0.0002791671822638539
3.699999999999965	0.0002678374499579197
3.709999999999965	0.00025693483396775613
3.7199999999999647	0.0002464446449547924
3.7299999999999645	0.00023635264074562898
3.7399999999999642	0.00022664501498611747
3.749999999999964	0.0002173083859963084
3.759999999999964	0.00020832978582934074
3.7699999999999636	0.00019969664953125018
3.7799999999999634	0.0001913968046052732
3.789999999999963	0.00018341846066924442
3.799999999999963	0.00017575019932551233
3.8099999999999627	0.00016838096421443462
3.8199999999999625	0.00016130005127942495
3.8299999999999623	0.00015449709921173168
3.839999999999962	0.00014796208010728245
3.849999999999962	0.00014168529030358562
3.8599999999999617	0.00013565734141051305
3.8699999999999615	0.00012986915153633154
3.8799999999999613	0.00012431193669770244
3.889999999999961	0.00011897720240405795
3.899999999999961	0.00011385673545426569
3.9099999999999606	0.00010894259588602199
3.9199999999999604	0.00010422710911694873
3.92999999999996	0.00009970285827083689
3.93999999999996	0.00009536267666598052
3.9499999999999598	0.00009119964048412286
3.9599999999999596	0.00008720706160911287
3.9699999999999593	0.00008337848063653085
3.979999999999959	0.0000797076600450263
3.989999999999959	0.00007618857753610348
3.9999999999999587	0.0000728154195337049
4.009999999999959	0.0000695825748379075
4.019999999999959	0.00006648462845208319
4.0299999999999585	0.00006351635554115474
4.039999999999958	0.00006067271555780758
4.049999999999958	0.000057948846514685
4.059999999999958	0.00005534005939963174
4.069999999999958	0.00005284183273853414
4.079999999999957	0.000050449807298903966
4.089999999999957	0.0000481597809327225
4.099999999999957	0.000045967703553172124
4.109999999999957	0.00004386967225359041
4.119999999999957	0.00004186192654609037
4.129999999999956	0.000039940843741131575
4.139999999999956	0.00003810293444162853
4.149999999999956	0.00003634483817336145
4.159999999999956	0.00003466331912766767
4.1699999999999555	0.00003305526202704061
4.179999999999955	0.00003151766810641341
4.189999999999955	0.000030047651211134373
4.199999999999955	0.000028642433996423707
4.209999999999955	0.000027299344256838633
4.2199999999999545	0.00002601581133821046
4.229999999999954	0.000024789362666848344
4.239999999999954	0.000023617620389116928
4.249999999999954	0.00002249829809011135
4.259999999999954	0.000021429197621400334
4.269999999999953	0.000020408206035290315
4.279999999999953	0.000019433292586855343
4.289999999999953	0.00001850250584620186
4.299999999999953	0.000017613970894700705
4.3099999999999525	0.000016765886602941945
4.319999999999952	0.000015956522998392123
4.329999999999952	0.000015184218712635954
4.339999999999952	0.000014447378509873315
4.349999999999952	0.000013744470891455607
4.3599999999999515	0.000013074025780829517
4.369999999999951	0.00001243463227720942
4.379999999999951	0.000011824936486091478
4.389999999999951	0.000011243639414716335
4.399999999999951	0.000010689494944548725
4.40999999999995	0.000010161307860566536
4.41999999999995	9.657931951750308e-6
4.42999999999995	9.178268172466876e-6
4.43999999999995	8.721262864397926e-6
4.4499999999999496	8.285906038949927e-6
4.459999999999949	7.871229719935541e-6
4.469999999999949	7.4763063373021395e-6
4.479999999999949	7.100247176981618e-6
4.489999999999949	6.742200889338918e-6
4.4999999999999485	6.401352042799871e-6
4.509999999999948	6.076919724915423e-6
4.519999999999948	5.768156206045788e-6
4.529999999999948	5.47434563312265e-6
4.539999999999948	5.194802776703332e-6
4.549999999999947	4.9288718246913184e-6
4.559999999999947	4.6759252243973444e-6
4.569999999999947	4.435362539994151e-6
4.579999999999947	4.206609379023506e-6
4.589999999999947	3.989116358556909e-6
4.599999999999946	3.7823580757317586e-6
4.609999999999946	3.5858321553232154e-6
4.619999999999946	3.399058306535247e-6
4.629999999999946	3.2215774292073337e-6
4.6399999999999455	3.0529507383182058e-6
4.649999999999945	2.892758939643492e-6
4.659999999999945	2.7406014191913615e-6
4.669999999999945	2.596095471209015e-6
4.679999999999945	2.4588755636092833e-6
4.689999999999944	2.3285925881725337e-6
4.699999999999944	2.2049132158088377e-6
4.709999999999944	2.0875192350913486e-6
4.719999999999944	1.976106842455088e-6
4.729999999999944	1.8703861280747623e-6
4.739999999999943	1.7700804218384195e-6
4.749999999999943	1.6749257570968677e-6
4.759999999999943	1.5846703082795506e-6
4.769999999999943	1.4990738757803579e-6
4.7799999999999425	1.4179074119812569e-6
4.789999999999942	1.3409524771721813e-6
4.799999999999942	1.2680008508235302e-6
4.809999999999942	1.1988540228821045e-6
4.819999999999942	1.133322803407715e-6
4.8299999999999415	1.0712269089911912e-6
4.839999999999941	1.0123945631425333e-6
4.849999999999941	9.566621231025164e-7
4.859999999999941	9.038737230242116e-7
4.869999999999941	8.538809195956948e-7
4.87999999999994	8.065423651878044e-7
4.88999999999994	7.617234875800156e-7
4.89999999999994	7.192961873019483e-7
4.90999999999994	6.791385437103589e-7
4.9199999999999395	6.411345326741647e-7
4.929999999999939	6.051737613091663e-7
4.939999999999939	5.71151210102665e-7
4.949999999999939	5.389669861627301e-7
4.959999999999939	5.0852608812868e-7
4.9699999999999385	4.797381806811819e-7
4.979999999999938	4.5251737825890626e-7
4.989999999999938	4.267820385691137e-7
4.999999999999938	4.024545650479389e-7
5.009999999999938	3.7946121748845463e-7
5.019999999999937	3.577319314655561e-7
5.029999999999937	3.3720014527693676e-7
5.039999999999937	3.178026343621039e-7
5.049999999999937	2.994793537293296e-7
5.0599999999999365	2.821732862773642e-7
5.069999999999936	2.65830299058909e-7
5.079999999999936	2.503990038493749e-7
5.089999999999936	2.3583062859379362e-7
5.099999999999936	2.2207888938917972e-7
5.1099999999999355	2.0909986876696262e-7
5.119999999999935	1.968519035603056e-7
5.129999999999935	1.852954743231806e-7
5.139999999999935	1.7439310109070808e-7
5.149999999999935	1.6410924363634468e-7
5.159999999999934	1.5441020586753937e-7
5.169999999999934	1.4526404553047995e-7
5.179999999999934	1.366404873609383e-7
5.189999999999934	1.2851084044953302e-7
5.199999999999934	1.2084792063001662e-7
5.209999999999933	1.1362597284608741e-7
5.219999999999933	1.068206013244756e-7
5.229999999999933	1.0040870251252385e-7
5.239999999999933	9.436839861449778e-8