-5.81999999999992	9.880113336456754e-8
-5.809999999999921	1.0375783167436626e-7
-5.799999999999921	1.0895564317044344e-7
-5.789999999999921	1.144059026445504e-7
-5.779999999999921	1.2012045761110876e-7
-5.769999999999921	1.2611169098798878e-7
-5.759999999999922	1.3239253851460177e-7
-5.749999999999922	1.389765283793474e-7
-5.739999999999922	1.4587779589737672e-7
-5.729999999999922	1.531111000950312e-7
-5.7199999999999225	1.6069186514857745e-7
-5.709999999999923	1.686362045311605e-7
-5.699999999999923	1.7696094979461502e-7
-5.689999999999923	1.8568368108567272e-7
-5.679999999999923	1.9482275969350036e-7
-5.6699999999999235	2.043973596902832e-7
-5.659999999999924	2.1442750459705652e-7
-5.649999999999924	2.249341008214961e-7
-5.639999999999924	2.3593897688696732e-7
-5.629999999999924	2.474649210922805e-7
-5.619999999999925	2.595357221178773e-7
-5.609999999999925	2.7217621225707774e-7
-5.599999999999925	2.854123054281266e-7
-5.589999999999925	2.9927105206022755e-7
-5.5799999999999255	3.1378067532874377e-7
-5.569999999999926	3.289706292770741e-7
-5.559999999999926	3.448716447762201e-7
-5.549999999999926	3.6151578336858175e-7
-5.539999999999926	3.7893649180073413e-7
-5.5299999999999265	3.97168659575023e-7
-5.519999999999927	4.162486778287979e-7
-5.509999999999927	4.362145010950574e-7
-5.499999999999927	4.571057110057734e-7
-5.489999999999927	4.789635825314291e-7
-5.479999999999928	5.018311538054537e-7
-5.469999999999928	5.257532958389933e-7
-5.459999999999928	5.50776789182411e-7
-5.449999999999928	5.769503988265344e-7
-5.4399999999999284	6.043249553080705e-7
-5.429999999999929	6.329534378097483e-7
-5.419999999999929	6.628910601262493e-7
-5.409999999999929	6.941953602106116e-7
-5.399999999999929	7.2692629313504e-7
-5.3899999999999295	7.611463271977014e-7
-5.37999999999993	7.969205437949381e-7
-5.36999999999993	8.34316741412539e-7
-5.35999999999993	8.734055428723844e-7
-5.34999999999993	9.142605066626884e-7
-5.339999999999931	9.569582429697274e-7
-5.329999999999931	1.001578533226899e-6
-5.319999999999931	1.0482044515589373e-6
-5.309999999999931	1.0969225024247404e-6
-5.299999999999931	1.147822748264724e-6
-5.289999999999932	1.2009989421363227e-6
-5.279999999999932	1.2565486799620897e-6
-5.269999999999932	1.3145735461941684e-6
-5.259999999999932	1.3751792678370719e-6
-5.2499999999999325	1.4384758736573042e-6
-5.239999999999933	1.5045778609687187e-6
-5.229999999999933	1.573604365689476e-6
-5.219999999999933	1.645679338942358e-6
-5.209999999999933	1.7209317320487336e-6
-5.199999999999934	1.7994956863908245e-6
-5.189999999999934	1.8815107303119128e-6
-5.179999999999934	1.967121982941025e-6
-5.169999999999934	2.056480365304062e-6
-5.159999999999934	2.149742818812637e-6
-5.149999999999935	2.247072531328739e-6
-5.139999999999935	2.348639171215812e-6
-5.129999999999935	2.4546191313313206e-6
-5.119999999999935	2.5651957723802953e-6
-5.1099999999999355	2.6805596931185478e-6
-5.099999999999936	2.8009089889631253e-6
-5.089999999999936	2.926449535199234e-6
-5.079999999999936	3.057395264412242e-6
-5.069999999999936	3.1939684899076197e-6
-5.0599999999999365	3.336400169113777e-6
-5.049999999999937	3.4849302559213576e-6
-5.039999999999937	3.639808016125747e-6
-5.029999999999937	3.8012923679602345e-6
-5.019999999999937	3.969652224193384e-6
-5.009999999999938	4.1451668696432035e-6
-4.999999999999938	4.328126319833279e-6
-4.989999999999938	4.518831715891768e-6
-4.979999999999938	4.717595722065517e-6
-4.9699999999999385	4.924742935640551e-6
-4.959999999999939	5.140610315429048e-6
-4.949999999999939	5.365547620183407e-6
-4.939999999999939	5.599917864806503e-6
-4.929999999999939	5.844097783937411e-6
-4.9199999999999395	6.0984783216353515e-6
-4.90999999999994	6.363465131012799e-6
-4.89999999999994	6.639479083848693e-6
-4.88999999999994	6.926956807755413e-6
-4.87999999999994	7.226351241704614e-6
-4.869999999999941	7.538132183625982e-6
-4.859999999999941	7.862786894956129e-6
-4.849999999999941	8.200820700604962e-6
-4.839999999999941	8.552757599310743e-6
-4.8299999999999415	8.919140912156305e-6
-4.819999999999942	9.30053395360644e-6
-4.809999999999942	9.697520700112414e-6
-4.799999999999942	0.000010110706498381722
-4.789999999999942	0.000010540718795387183
-4.7799999999999425	0.000010988207877209785
-4.769999999999943	0.000011453847647143723
-4.759999999999943	0.000011938336416744519
-4.749999999999943	0.000012442397724671657
-4.739999999999943	0.000012966781176251221
-4.729999999999944	0.00001351226332050279
-4.719999999999944	0.000014079648532968663
-4.709999999999944	0.00001466976994285879
-4.699999999999944	0.000015283490385639616
-4.689999999999944	0.000015921703372914114
-4.679999999999945	0.000016585334100378793
-4.669999999999945	0.000017275340484442578
-4.659999999999945	0.000017992714228616357
-4.649999999999945	0.00001873848191249645
-4.6399999999999455	0.000019513706130584368
-4.629999999999946	0.000020319486649728006
-4.619999999999946	0.00002115696159417582
-4.609999999999946	0.000022027308693117703
-4.599999999999946	0.00002293174653075034
-4.589999999999947	0.000023871535843565783
-4.579999999999947	0.000024847980867305348
-4.569999999999947	0.000025862430710725106
-4.559999999999947	0.000026916280750880908
-4.549999999999947	0.000028010974107403858
-4.539999999999948	0.000029148003122491895
-4.529999999999948	0.000030328910893026065
-4.519999999999948	0.0000315552928555127
-4.509999999999948	0.00003282879839419506
-4.4999999999999485	0.00003415113251188263
-4.489999999999949	0.00003552405753100454
-4.479999999999949	0.0000369493948533845
-4.469999999999949	0.00003842902675677852
-4.459999999999949	0.00003996489824216535
-4.4499999999999496	0.000041559018943196065
-4.43999999999995	0.000043213465059312554
-4.42999999999995	0.00004493038136119083
-4.41999999999995	0.00004671198324821736
-4.40999999999995	0.00004856055884299913
-4.399999999999951	0.000050478471154801385
-4.389999999999951	0.00005246816029772801
-4.379999999999951	0.000054532145757809663
-4.369999999999951	0.000056673028724070646
-4.3599999999999515	0.000058893494476728064
-4.349999999999952	0.00006119631483722083
-4.339999999999952	0.00006358435066859272
-4.329999999999952	0.0000660605544600666
-4.319999999999952	0.00006862797295844397
-4.3099999999999525	0.00007128974985505609
-4.299999999999953	0.00007404912857579878
-4.289999999999953	0.00007690945509789786
-4.279999999999953	0.00007987418084906129
-4.269999999999953	0.00008294686569047203
-4.259999999999954	0.00008613118095733688
-4.249999999999954	0.00008943091255670536
-4.239999999999954	0.00009284996417622725
-4.229999999999954	0.00009639236053451889
-4.2199999999999545	0.00010006225071651801
-4.209999999999955	0.00010386391159678419
-4.199999999999955	0.00010780175132670045
-4.189999999999955	0.00011188031290688059
-4.179999999999955	0.00011610427783818548
-4.1699999999999555	0.0001204784698676866
-4.159999999999956	0.00012500785878815057
-4.149999999999956	0.00012969756434931065
-4.139999999999956	0.00013455286026706182
-4.129999999999956	0.00013957917826167872
-4.119999999999957	0.00014478211224063805
-4.109999999999957	0.00015016742255547524
-4.099999999999957	0.00015574104034422664
-4.089999999999957	0.00016150907194797433
-4.079999999999957	0.00016747780346518828
-4.069999999999958	0.00017365370535948877
-4.059999999999958	0.00018004343716562592
-4.049999999999958	0.00018665385235578155
-4.039999999999958	0.0001934920031798895
-4.0299999999999585	0.0002005651457211428
-4.019999999999959	0.00020788074499032949
-4.009999999999959	0.00021544648017057284
-3.9999999999999587	0.00022327024986796404
-3.989999999999959	0.00023136017758714446
-3.979999999999959	0.00023972461722188729
-3.9699999999999593	0.00024837215868764946
-3.9599999999999596	0.0002573116336569134
-3.9499999999999598	0.0002665521214004892
-3.93999999999996	0.0002761029547196692
-3.92999999999996	0.0002859737260175999
-3.9199999999999604	0.0002961742934612094
-3.9099999999999606	0.000306714787246803
-3.899999999999961	0.0003176056159991451
-3.889999999999961	0.000328857473270746
-3.8799999999999613	0.00034048134413582813
-3.8699999999999615	0.00035248851193152596
-3.8599999999999617	0.0003648905650906012
-3.849999999999962	0.00037769940409178494
-3.839999999999962	0.00039092724852324143
-3.8299999999999623	0.00040458664427767653
-3.8199999999999625	0.0004186904708341469
-3.8099999999999627	0.00043325194867521277
-3.799999999999963	0.0004482846468279604
-3.789999999999963	0.0004638024904901991
-3.7799999999999634	0.0004798197687994939
-3.7699999999999636	0.0004963511427219548
-3.759999999999964	0.0005134116530302788
-3.749999999999964	0.0005310167284112603
-3.7399999999999642	0.0005491821937238642
-3.7299999999999645	0.0005679242782966153
-3.7199999999999647	0.00058725962441294
-3.709999999999965	0.0006072052958740171
-3.699999999999965	0.0006277787866918345
-3.6899999999999653	0.0006489980298717971
-3.6799999999999655	0.0006708814063487232
-3.6699999999999657	0.000693447753993585
-3.659999999999966	0.000716716376764505
-3.649999999999966	0.0007407070539375101
-3.6399999999999664	0.0007654400494767936
-3.6299999999999666	0.0007909361214823122
-3.619999999999967	0.0008172165317748828
-3.609999999999967	0.0008443030555665707
-3.5999999999999672	0.0008722179912302754
-3.5899999999999674	0.0009009841701916713
-3.5799999999999677	0.0009306249669053967
-3.569999999999968	0.0009611643089358848
-3.559999999999968	0.0009926266871189608
-3.5499999999999683	0.001025037165841749
-3.5399999999999685	0.0010584213933950595
-3.5299999999999687	0.001092805612426114
-3.519999999999969	0.0011282166704626735
-3.509999999999969	0.0011646820305505018
-3.4999999999999694	0.0012022297819163767
-3.4899999999999696	0.0012408886507790354
-3.47999999999997	0.0012806880111670266
-3.46999999999997	0.0013216578958543232
-3.45999999999997	0.0013638290073457373
-3.4499999999999704	0.0014072327289195682
-3.4399999999999706	0.0014519011357314918
-3.429999999999971	0.0014978670059990445
-3.419999999999971	0.0015451638321884542
-3.4099999999999713	0.0015938258322952738
-3.3999999999999715	0.0016438879611396433
-3.3899999999999717	0.0016953859217049584
-3.379999999999972	0.0017483561765035483
-3.369999999999972	0.001802835958995431
-3.3599999999999723	0.0018588632849872813
-3.3499999999999726	0.0019164769640757247
-3.3399999999999728	0.001975716611099403
-3.329999999999973	0.002036622657584089
-3.319999999999973	0.0020992363631817078
-3.3099999999999734	0.0021635998271261913
-3.2999999999999736	0.0022297559996561217
-3.289999999999974	0.0022977486934022567
-3.279999999999974	0.002367622594782071
-3.2699999999999743	0.0024394232753351466
-3.2599999999999745	0.0025131972030032106
-3.2499999999999747	0.0025889917533905636
-3.239999999999975	0.002666855220953135
-3.229999999999975	0.00274683683009452
-3.2199999999999753	0.0028289867462385613
-3.2099999999999755	0.0029133560867750947
-3.1999999999999758	0.0029999969319243302
-3.189999999999976	0.003088962335512061
-3.179999999999976	0.0031803063356342512
-3.1699999999999764	0.0032740839651715647
-3.1599999999999766	0.003370351262212695
-3.149999999999977	0.003469165280324561
-3.139999999999977	0.0035705840986639255
-3.1299999999999772	0.003674666831933627
-3.1199999999999775	0.003781473640193343
-3.1099999999999777	0.00389106573844442
-3.099999999999978	0.004003505406056443
-3.089999999999978	0.004118855995991842
-3.0799999999999783	0.004237181943792483
-3.0699999999999785	0.00435854877635326
-3.0599999999999787	0.004483023120480081
-3.049999999999979	0.004610672711158881
-3.039999999999979	0.004741566399585584
-3.0299999999999794	0.004875774160923142
-3.0199999999999796	0.005013367101769833
-3.00999999999998	0.005154417467308856
-2.99999999999998	0.005298998648181754
-2.9899999999999802	0.005447185187009683
-2.9799999999999804	0.005599052784569047
-2.9699999999999807	0.005754678305648087
-2.959999999999981	0.005914139784508527
-2.949999999999981	0.006077516429961832
-2.9399999999999813	0.006244888630077401
-2.9299999999999815	0.006416337956472917
-2.9199999999999817	0.006591947168150272
-2.909999999999982	0.006771800214943012
-2.899999999999982	0.006955982240488484
-2.8899999999999824	0.0071445795847096425
-2.8799999999999826	0.007337679785854683
-2.869999999999983	0.007535371582016325
-2.859999999999983	0.007737744912133724
-2.849999999999983	0.007944890916479997
-2.8399999999999834	0.008156901936600541
-2.8299999999999836	0.008373871514685351
-2.819999999999984	0.008595894392368129
-2.809999999999984	0.008823066508955903
-2.7999999999999843	0.009055484999008311
-2.7899999999999845	0.009293248189325944
-2.7799999999999847	0.00953645559530939
-2.769999999999985	0.009785207916623502
-2.759999999999985	0.010039607032217056
-2.7499999999999853	0.010299755994669431
-2.7399999999999856	0.0105657590238027
-2.7299999999999858	0.010837721499583482
-2.719999999999986	0.011115749954316214
-2.709999999999986	0.011399952064048693
-2.6999999999999864	0.011690436639220127
-2.6899999999999866	0.011987313614551793
-2.679999999999987	0.012290694038111456
-2.669999999999987	0.012600690059556705
-2.6599999999999873	0.012917414917590866
-2.6499999999999875	0.013240982926526723
-2.6399999999999877	0.013571509462007168
-2.629999999999988	0.013909110945857768
-2.619999999999988	0.014253904830045629
-2.6099999999999883	0.014606009579700062
-2.5999999999999885	0.014965544655270968
-2.5899999999999888	0.015332630493700185
-2.579999999999989	0.015707388488661524
-2.569999999999989	0.016089940969842592
-2.5599999999999894	0.01648041118124928
-2.5499999999999896	0.016878923258488724
-2.53999999999999	0.017285602205091913
-2.52999999999999	0.017700573867790725
-2.5199999999999902	0.0181239649107683
-2.5099999999999905	0.018555902788864674
-2.4999999999999907	0.018996515719758293
-2.489999999999991	0.01944593265501035
-2.479999999999991	0.01990428325011018
-2.4699999999999913	0.020371697833399077
-2.4599999999999915	0.020848307373875243
-2.4499999999999917	0.021334243447913296
-2.439999999999992	0.021829638204886
-2.429999999999992	0.022334624331604967
-2.4199999999999924	0.02284933501567059
-2.4099999999999926	0.023373903907679114
-2.399999999999993	0.023908465082246765
-2.389999999999993	0.02445315299789235
-2.3799999999999932	0.02500810245578517
-2.3699999999999934	0.025573448557282337
-2.3599999999999937	0.026149326660300024
-2.349999999999994	0.026735872334545833
-2.339999999999994	0.02733322131552101
-2.3299999999999943	0.027941509457357055
-2.3199999999999945	0.0285608726844783
-2.3099999999999947	0.02919144694206613
-2.299999999999995	0.029833368145314523
-2.289999999999995	0.030486772127541875
-2.2799999999999954	0.031151794587085144
-2.2699999999999956	0.03182857103299851
-2.259999999999996	0.03251723672960191
-2.249999999999996	0.033217926639835214
-2.239999999999996	0.03393077536740466
-2.2299999999999964	0.03465591709781415
-2.2199999999999966	0.035393485538206655
-2.209999999999997	0.036143613856013085
-2.199999999999997	0.036906434616532965
-2.1899999999999973	0.037682079719290204
-2.1799999999999975	0.038470680333295315
-2.1699999999999977	0.03927236683119003
-2.159999999999998	0.04008726872228888
-2.149999999999998	0.0409155145844877
-2.1399999999999983	0.041757231995121095
-2.1299999999999986	0.0426125474607636
-2.1199999999999988	0.043481586345936574
-2.109999999999999	0.044364472800801004
-2.099999999999999	0.045261329687863984
-2.0899999999999994	0.046172278507628076
-2.0799999999999996	0.04709743932328488
-2.07	0.04803693068451157
-2.06	0.048990869550216344
-2.0500000000000003	0.04995937121045626
-2.0400000000000005	0.0509425492074687
-2.0300000000000007	0.051940515255799374
-2.020000000000001	0.05295337916161881
-2.010000000000001	0.05398124874123672
-2.0000000000000013	0.05502422973883634
-1.9900000000000015	0.05608242574343584
-1.9800000000000015	0.057155938105185995
-1.9700000000000015	0.058244865850948055
-1.9600000000000015	0.05934930559920763
-1.9500000000000015	0.0604693514744249
-1.9400000000000015	0.06160509502077721
-1.9300000000000015	0.06275662511532905
-1.9200000000000015	0.06392402788076537
-1.9100000000000015	0.06510738659762154
-1.9000000000000015	0.06630678161607687
-1.8900000000000015	0.06752229026740296
-1.8800000000000014	0.06875398677506882
-1.8700000000000014	0.07000194216551303
-1.8600000000000014	0.0712662241787072
-1.8500000000000014	0.07254689717852084
-1.8400000000000014	0.07384402206288045
-1.8300000000000014	0.07515765617386787
-1.8200000000000014	0.07648785320776724
-1.8100000000000014	0.07783466312505243
-1.8000000000000014	0.07919813206045617
-1.7900000000000014	0.08057830223315435
-1.7800000000000014	0.08197521185704454
-1.7700000000000014	0.0833888950512619
-1.7600000000000013	0.08481938175096236
-1.7500000000000013	0.08626669761840629
-1.7400000000000013	0.08773086395439837
-1.7300000000000013	0.08921189761020908
-1.7200000000000013	0.09070981089993012
-1.7100000000000013	0.09222461151339856
-1.7000000000000013	0.09375630242974653
-1.6900000000000013	0.09530488183160578
-1.6800000000000013	0.09687034302001853
-1.6700000000000013	0.09845267433020496
-1.6600000000000013	0.10005185904814143
-1.6500000000000012	0.10166787532804591
-1.6400000000000012	0.10330069611090548
-1.6300000000000012	0.10495028904401822
-1.6200000000000012	0.10661661640162144
-1.6100000000000012	0.10829963500676941
-1.6000000000000012	0.10999929615441763
-1.5900000000000012	0.11171554553579839
-1.5800000000000012	0.11344832316423116
-1.5700000000000012	0.11519756330235971
-1.5600000000000012	0.11696319439086546
-1.5500000000000012	0.11874513897881904
-1.5400000000000011	0.12054331365567239
-1.5300000000000011	0.12235762898491875
-1.5200000000000011	0.1241879894395924
-1.5100000000000011	0.12603429333962315
-1.500000000000001	0.12789643279106402
-1.490000000000001	0.12977429362733864
-1.480000000000001	0.13166775535257086
-1.470000000000001	0.133576691086973
-1.460000000000001	0.13550096751446594
-1.450000000000001	0.13744044483256868
-1.440000000000001	0.1393949767045649
-1.430000000000001	0.14136441021407703
-1.420000000000001	0.14334858582213125
-1.410000000000001	0.14534733732667607
-1.400000000000001	0.14736049182470023
-1.390000000000001	0.14938786967704354
-1.380000000000001	0.15142928447585097
-1.370000000000001	0.15348454301479905
-1.360000000000001	0.15555344526221418
-1.350000000000001	0.15763578433701
-1.340000000000001	0.15973134648758366
-1.330000000000001	0.16183991107375964
-1.320000000000001	0.16396125055175442
-1.310000000000001	0.16609513046223992
-1.300000000000001	0.16824130942163495
-1.290000000000001	0.17039953911658995
-1.280000000000001	0.1725695643017033
-1.270000000000001	0.17475112280064115
-1.260000000000001	0.17694394551059375
-1.2500000000000009	0.1791477564101063
-1.2400000000000009	0.181362272570446
-1.2300000000000009	0.18358720417045687
-1.2200000000000009	0.1858222545149127
-1.2100000000000009	0.1880671200565215
-1.2000000000000008	0.19032149042155097
-1.1900000000000008	0.19258504843907384
-1.1800000000000008	0.19485747017394459
-1.1700000000000008	0.197138424963532
-1.1600000000000008	0.19942757545813614
-1.1500000000000008	0.2017245776652562
-1.1400000000000008	0.2040290809976738
-1.1300000000000008	0.20634072832532532
-1.1200000000000008	0.20865915603105853
-1.1100000000000008	0.21098399407031249
-1.1000000000000008	0.21331486603461264
-1.0900000000000007	0.21565138921900195
-1.0800000000000007	0.2179931746934446
-1.0700000000000007	0.22033982737808308
-1.0600000000000007	0.2226909461224493
-1.0500000000000007	0.22504612378867095
-1.0400000000000007	0.22740494733855252
-1.0300000000000007	0.2297669979245998
-1.0200000000000007	0.23213185098504663
-1.0100000000000007	0.23449907634274159
-1.0000000000000007	0.2368682383079454
-0.9900000000000007	0.23923889578511376
-0.9800000000000006	0.2416106023835122
-0.9700000000000006	0.24398290653167565
-0.9600000000000006	0.2463553515958073
-0.9500000000000006	0.24872747600195597
-0.9400000000000006	0.25109881336196455
-0.9300000000000006	0.2534688926032523
-0.9200000000000006	0.25583723810232417
-0.9100000000000006	0.25820336982192066
-0.9000000000000006	0.26056680345191935
-0.8900000000000006	0.2629270505538386
-0.8800000000000006	0.2652836187088584
-0.8700000000000006	0.26763601166945167
-0.8600000000000005	0.26998372951449756
-0.8500000000000005	0.27232626880773564
-0.8400000000000005	0.27466312276089305
-0.8300000000000005	0.27699378139394953
-0.8200000000000005	0.2793177317111437
-0.8100000000000005	0.28163445786744584
-0.8000000000000005	0.28394344134468147
-0.7900000000000005	0.286244161129287
-0.7800000000000005	0.2885360938930883
-0.7700000000000005	0.2908187141770267
-0.7600000000000005	0.29309149457761
-0.7500000000000004	0.29535390593613375
-0.7400000000000004	0.29760541753062425
-0.7300000000000004	0.29984549727025284
-0.7200000000000004	0.3020736118922286
-0.7100000000000004	0.3042892271611813
-0.7000000000000004	0.30649180807071796
-0.6900000000000004	0.30868081904716504
-0.6800000000000004	0.31085572415551344
-0.6700000000000004	0.31301598730725777
-0.6600000000000004	0.3151610724700859
-0.6500000000000004	0.3172904438794693
-0.6400000000000003	0.3194035662518308
-0.6300000000000003	0.3214999049992373
-0.6200000000000003	0.32357892644563335
-0.6100000000000003	0.32564009804435795
-0.6000000000000003	0.3276828885967727
-0.5900000000000003	0.3297067684717544
-0.5800000000000003	0.33171120982798685
-0.5700000000000003	0.33369568683324863
-0.5600000000000003	0.33565967588826423
-0.5500000000000003	0.33760265584940097
-0.5400000000000003	0.3395241082518199
-0.5300000000000002	0.3414235175334239
-0.5200000000000002	0.3433003712586548
-0.5100000000000002	0.34515416034249646
-0.5000000000000002	0.3469843792746469
-0.49000000000000027	0.3487905263431134
-0.48000000000000026	0.3505721038576278
-0.47000000000000025	0.3523286183727644
-0.46000000000000024	0.35405958091030254
-0.45000000000000023	0.3557645071808192
-0.4400000000000002	0.35744291780458065
-0.4300000000000002	0.3590943385313291
-0.4200000000000002	0.3607183004588598
-0.4100000000000002	0.36231434025046816
-0.4000000000000002	0.36388200035092055
-0.3900000000000002	0.3654208292007826
-0.38000000000000017	0.3669303814491852
-0.37000000000000016	0.3684102181647214
-0.36000000000000015	0.3698599070443059
-0.35000000000000014	0.37127902262002094
-0.34000000000000014	0.3726671464637236
-0.3300000000000001	0.3740238673891831
-0.3200000000000001	0.3753487816517984
-0.3100000000000001	0.3766414931456944
-0.3000000000000001	0.3779016135979359
-0.2900000000000001	0.3791287627599173
-0.2800000000000001	0.38032256859575614
-0.2700000000000001	0.3814826674674166
-0.26000000000000006	0.3826087043165988
-0.25000000000000006	0.3837003328431626
-0.24000000000000007	0.3847572156804295
-0.23000000000000007	0.38577902456583457
-0.22000000000000006	0.38676544050887696
-0.21000000000000005	0.3877161539545887
-0.20000000000000004	0.38863086494309645
-0.19000000000000003	0.38950928326513534
-0.18000000000000002	0.3903511286132361
-0.17	0.3911561307285721
-0.16	0.39192402954343086
-0.15	0.3926545753190585
-0.13999999999999999	0.3933475287788271
-0.12999999999999998	0.3940026612367368
-0.11999999999999998	0.39461975472100874
-0.10999999999999999	0.3951986020927047
-0.09999999999999999	0.395739007159395
-0.09	0.39624078478366964
-0.08	0.39670376098640836
-0.07	0.3971277730448494
-0.060000000000000005	0.3975126695852747
-0.05	0.39785831067022004
-0.04	0.39816456788026394
-0.03	0.39843132439024276
-0.02	0.3986584750397804
-0.01	0.39884592639820593
0	0.3989935968237463
0.01	0.3991014165168619
0.02	0.39916932756781365
0.03	0.3991972839983753
0.04	0.3991852517975731
0.05	0.39913320895151966
0.060000000000000005	0.3990411454673087
0.07	0.3989090633908391
0.08	0.39873697681865755
0.09	0.39852491190379996
0.09999999999999999	0.39827290685551514
0.10999999999999999	0.39798101193295166
0.11999999999999998	0.3976492894328371
0.12999999999999998	0.3972778136710115
0.13999999999999999	0.39686667095793465
0.15	0.39641595956816816
0.16	0.39592578970378617
0.17	0.3953962834517424
0.18000000000000002	0.3948275747353101
0.19000000000000003	0.39421980925947275
0.20000000000000004	0.39357314445039276
0.21000000000000005	0.3928877493889858
0.22000000000000006	0.39216380473860674
0.23000000000000007	0.3914015026668672
0.24000000000000007	0.39060104676172797
0.25000000000000006	0.3897626519418323
0.26000000000000006	0.3888865443611117
0.2700000000000001	0.3879729613078367
0.2800000000000001	0.3870221510980836
0.2900000000000001	0.3860343729636719
0.3000000000000001	0.38500989693471294
0.3100000000000001	0.38394900371682067
0.3200000000000001	0.38285198456299563
0.3300000000000001	0.3817191411403616
0.34000000000000014	0.38055078539180337
0.35000000000000014	0.3793472393925443
0.36000000000000015	0.3781088352018251
0.37000000000000016	0.3768359147097817
0.38000000000000017	0.37552882947952765
0.3900000000000002	0.3741879405846486
0.4000000000000002	0.37281361844219746
0.4100000000000002	0.3714062426412212
0.4200000000000002	0.3699662017670052
0.4300000000000002	0.3684938932211712
0.4400000000000002	0.3669897230376432
0.45000000000000023	0.3654541056946854
0.46000000000000024	0.3638874639231385
0.47000000000000025	0.36229022851091724
0.48000000000000026	0.3606628381039285
0.49000000000000027	0.35900573900366023
0.5000000000000002	0.3573193849610693
0.5100000000000002	0.35560423696797167
0.5200000000000002	0.35386076304474373
0.5300000000000002	0.3520894380254354
0.5400000000000003	0.35029074334001764
0.5500000000000003	0.34846516679406575
0.5600000000000003	0.3466132023459303
0.5700000000000003	0.3447353498815398
0.5800000000000003	0.342832114987061
0.5900000000000003	0.3409040087194932
0.6000000000000003	0.3389515473753416
0.6100000000000003	0.3369752522575575
0.6200000000000003	0.3349756494408976
0.6300000000000003	0.3329532695357726
0.6400000000000003	0.33090864745084214
0.6500000000000004	0.32884232215446196
0.6600000000000004	0.3267548364350769
0.6700000000000004	0.32464673666080773
0.6800000000000004	0.3225185725383535
0.6900000000000004	0.3203708968712769
0.7000000000000004	0.31820426531796064
0.7100000000000004	0.3160192361492792
0.7200000000000004	0.31381637000619317
0.7300000000000004	0.3115962296573557
0.7400000000000004	0.3093593797569843
0.7500000000000004	0.30710638660301665
0.7600000000000005	0.3048378178957819
0.7700000000000005	0.3025542424973393
0.7800000000000005	0.30025623019155834
0.7900000000000005	0.29794435144513454
0.8000000000000005	0.2956191771697065
0.8100000000000005	0.2932812784851479
0.8200000000000005	0.2909312264842067
0.8300000000000005	0.28856959199865806
0.8400000000000005	0.28619694536705736
0.8500000000000005	0.283813856204222
0.8600000000000005	0.281420893172647
0.8700000000000006	0.2790186237559047
0.8800000000000006	0.2766076140341615
0.8900000000000006	0.2741884284620163
0.9000000000000006	0.27176162964866724
0.9100000000000006	0.26932777814061654
0.9200000000000006	0.2668874322069767
0.9300000000000006	0.2644411476275492
0.9400000000000006	0.26198947748369106
0.9500000000000006	0.25953297195218783
0.9600000000000006	0.2570721781021884
0.9700000000000006	0.2546076396952611
0.9800000000000006	0.2521398969887539
0.9900000000000007	0.24966948654252566
1.0000000000000007	0.2471969410290806
1.0100000000000007	0.24472278904730152
1.0200000000000007	0.24224755493979797
1.0300000000000007	0.23977175861395875
1.0400000000000007	0.23729591536681305
1.0500000000000007	0.23482053571378983
1.0600000000000007	0.23234612522138276
1.0700000000000007	0.22987318434385529
1.0800000000000007	0.22740220826377794
1.0900000000000007	0.22493368673806816
1.1000000000000008	0.22246810394546732
1.1100000000000008	0.22000593834109083
1.1200000000000008	0.2175476625138848
1.1300000000000008	0.215093743048715
1.1400000000000008	0.21264464039291592
1.1500000000000008	0.21020080872725724
1.1600000000000008	0.20776269584140425
1.1700000000000008	0.20533074301393386
1.1800000000000008	0.2029053848969021
1.1900000000000008	0.200487049404965
1.2000000000000008	0.19807615760917807
1.2100000000000009	0.19567312363536898
1.2200000000000009	0.19327835456718712
1.2300000000000009	0.1908922503538061
1.2400000000000009	0.18851520372232847
1.2500000000000009	0.18614760009480613
1.260000000000001	0.18378981751001414
1.270000000000001	0.18144222654966088
1.280000000000001	0.17910519027031055
1.290000000000001	0.17677906413789526
1.300000000000001	0.17446419596901544
1.310000000000001	0.17216092587577367
1.320000000000001	0.16986958621549608
1.330000000000001	0.16759050154505073
1.340000000000001	0.16532398857973205
1.350000000000001	0.16307035615671817
1.360000000000001	0.1608299052030794
1.370000000000001	0.1586029287082362
1.380000000000001	0.1563897117009113
1.390000000000001	0.15419053123049803
1.400000000000001	0.15200565635281105
1.410000000000001	0.1498353481201565
1.420000000000001	0.1476798595757281
1.430000000000001	0.14553943575222197
1.440000000000001	0.14341431367463187
1.450000000000001	0.14130472236722222
1.460000000000001	0.1392108828645442
1.470000000000001	0.13713300822647764
1.480000000000001	0.1350713035572578
1.490000000000001	0.13302596602838704
1.500000000000001	0.13099718490535525
1.5100000000000011	0.1289851415781818
1.5200000000000011	0.12699000959560638
1.5300000000000011	0.12501195470292034
1.5400000000000011	0.12305113488336548
1.5500000000000012	0.12110770040300947
1.5600000000000012	0.11918179385899885
1.5700000000000012	0.11727355023117966
1.5800000000000012	0.11538309693694551
1.5900000000000012	0.11351055388925357
1.6000000000000012	0.11165603355773383
1.6100000000000012	0.10981964103281634
1.6200000000000012	0.10800147409275428
1.6300000000000012	0.10620162327350094
1.6400000000000012	0.1044201719413589
1.6500000000000012	0.10265719636825248
1.6600000000000013	0.10091276580961984
1.6700000000000013	0.09918694258478611
1.6800000000000013	0.09747978215973574
1.6900000000000013	0.09579133323221029
1.7000000000000013	0.0941216378190325
1.7100000000000013	0.0924707313455715
1.7200000000000013	0.09083864273724453
1.7300000000000013	0.08922539451300893
1.7400000000000013	0.08763100288069871
1.7500000000000013	0.0860554778341422
1.7600000000000013	0.08449882325200574
1.7700000000000014	0.08296103699819837
1.7800000000000014	0.08144211102380214
1.7900000000000014	0.07994203147045269
1.8000000000000014	0.07846077877503298
1.8100000000000014	0.07699832777559933
1.8200000000000014	0.07555464781851745
1.8300000000000014	0.07412970286662754
1.8400000000000014	0.07272345160841283
1.8500000000000014	0.0713358475680836
1.8600000000000014	0.06996683921645215
1.8700000000000014	0.06861637008256276
1.8800000000000014	0.06728437886595731
1.8900000000000015	0.06597079954952693
1.9000000000000015	0.06467556151281793
1.9100000000000015	0.06339858964577393
1.9200000000000015	0.06213980446280787
1.9300000000000015	0.06089912221708323
1.9400000000000015	0.05967645501500777
1.9500000000000015	0.05847171093080921
1.9600000000000015	0.05728479412112786
1.9700000000000015	0.05611560493955844
1.9800000000000015	0.05496404005108502
1.9900000000000015	0.053829992546298625
2.0000000000000013	0.05271335205535982
2.010000000000001	0.0516140048616573
2.020000000000001	0.05053183401502073
2.0300000000000007	0.04946671944451526
2.0400000000000005	0.048418538070702455
2.0500000000000003	0.04738716391729929
2.06	0.046372468222206094
2.07	0.04537431954784707
2.0799999999999996	0.04439258389071436
2.0899999999999994	0.04342712479012429
2.099999999999999	0.04247780343610701
2.109999999999999	0.04154447877635615
2.1199999999999988	0.04062700762223128
2.1299999999999986	0.039725244753727296
2.1399999999999983	0.038839043023400424
2.149999999999998	0.03796825345913218
2.159999999999998	0.0371127253658278
2.1699999999999977	0.036272306425848146
2.1799999999999975	0.03544684279823452
2.1899999999999973	0.034636179216661664
2.199999999999997	0.0338401590860879
2.209999999999997	0.03305862457805643
2.2199999999999966	0.032291416724616974
2.2299999999999964	0.03153837551086756
2.239999999999996	0.030799339966025015
2.249999999999996	0.03007414825305717
2.259999999999996	0.02936263775682276
2.2699999999999956	0.028664645170691807
2.2799999999999954	0.027980006581628997
2.289999999999995	0.02730855755374563
2.299999999999995	0.026650133210208954
2.3099999999999947	0.026004568313648332
2.3199999999999945	0.02537169734488878
2.3299999999999943	0.024751354580069967
2.339999999999994	0.024143374166125466
2.349999999999994	0.02354759019463437
2.3599999999999937	0.02296383677397964
2.3699999999999934	0.022391948099863317
2.3799999999999932	0.02183175852412672
2.389999999999993	0.021283102621904682
2.399999999999993	0.020745815257075976
2.4099999999999926	0.020219731646039955
2.4199999999999924	0.019704687419784598
2.429999999999992	0.019200518684280285
2.439999999999992	0.018707062079165837
2.4499999999999917	0.01822415483476134
2.4599999999999915	0.017751634827375355
2.4699999999999913	0.017289340632948
2.479999999999991	0.0168371115790165
2.489999999999991	0.0163947877949907
2.4999999999999907	0.015962210260798904
2.5099999999999905	0.015539220853858487
2.5199999999999902	0.015125662394411614
2.52999999999999	0.014721378689229292
2.53999999999999	0.014326214573696972
2.5499999999999896	0.013940015952288254
2.5599999999999894	0.0135626298374531
2.569999999999989	0.013193904386921383
2.579999999999989	0.01283368893944656
2.5899999999999888	0.01248183404900068
2.5999999999999885	0.012138191517443535
2.6099999999999883	0.011802614425671284
2.619999999999988	0.011474957163281384
2.629999999999988	0.011155075456758977
2.6399999999999877	0.010842826396200527
2.6499999999999875	0.010538068460617476
2.6599999999999873	0.010240661541818533
2.669999999999987	0.00995046696689019
2.679999999999987	0.009667347519326658
2.6899999999999866	0.009391167458793584
2.6999999999999864	0.009121792539579572
2.709999999999986	0.008859090027732492
2.719999999999986	0.008602928716932502
2.7299999999999858	0.00835317894309258
2.7399999999999856	0.00810971259774611
2.7499999999999853	0.00787240314021575
2.759999999999985	0.007641125608609789
2.769999999999985	0.007415756629651941
2.7799999999999847	0.007196174427391678
2.7899999999999845	0.006982258830806416
2.7999999999999843	0.006773891280309829
2.809999999999984	0.006570954833227221
2.819999999999984	0.006373334168233631
2.8299999999999836	0.006180915588773382
2.8399999999999834	0.005993587025531365
2.849999999999983	0.005811238037933946
2.859999999999983	0.005633759814722403
2.869999999999983	0.005461045173645604
2.8799999999999826	0.005292988560257189
2.8899999999999824	0.00512948604588354
2.899999999999982	0.0049704353247509445
2.909999999999982	0.004815735710339977
2.9199999999999817	0.004665288130942852
2.9299999999999815	0.004518995124495182
2.9399999999999813	0.004376760832676252
2.949999999999981	0.004238490994320957
2.959999999999981	0.004104092938147629
2.9699999999999807	0.003973475574862866
2.9799999999999804	0.0038465493886131624
2.9899999999999802	0.003723226427868024
2.99999999999998	0.0036034202957130014
3.00999999999998	0.0034870461395933006
3.0199999999999796	0.0033740206405326887
3.0299999999999794	0.0032642620018474597
3.039999999999979	0.0031576899373868565
3.049999999999979	0.003054225659288615
3.0599999999999787	0.0029537918653320663
3.0699999999999785	0.0028563127258518528
3.0799999999999783	0.0027617138702622024
3.089999999999978	0.00266992237321344
3.099999999999978	0.002580866740391296
3.1099999999999777	0.0024944768939850273
3.1199999999999775	0.002410684157843693
3.1299999999999772	0.00232942124234033
3.139999999999977	0.0022506222289614443
3.149999999999977	0.002174222554635168
3.1599999999999766	0.002100158995846692
3.1699999999999764	0.0020283696524959404
3.179999999999976	0.001958793931593799
3.189999999999976	0.0018913725307478661
3.1999999999999758	0.0018260474214955935
3.2099999999999755	0.0017627618324749087
3.2199999999999753	0.0017014602324741082
3.229999999999975	0.0016420883133483426
3.239999999999975	0.0015845929728455603
3.2499999999999747	0.0015289222973295655
3.2599999999999745	0.0014750255444422261
3.2699999999999743	0.0014228531256809545
3.279999999999974	0.0013723565889703286
3.289999999999974	0.0013234886011475417
3.2999999999999736	0.001276202930461349
3.3099999999999734	0.0012304544290593494
3.319999999999973	0.0011861990154558247
3.329999999999973	0.0011433936570330238
3.3399999999999728	0.001101996352561577
3.3499999999999726	0.001061966114749632
3.3599999999999723	0.0010232629528501849
3.369999999999972	0.0009858478553144054
3.379999999999972	0.0009496827725127171
3.3899999999999717	0.000914730599523376
3.3999999999999715	0.000880955159026732
3.4099999999999713	0.0008483211842587891
3.419999999999971	0.0008167943020867947
3.429999999999971	0.0007863410161873736
3.4399999999999706	0.0007569286903337558
3.4499999999999704	0.0007285255318146925
3.45999999999997	0.0007011005749550963
3.46999999999997	0.000674623664820872
3.47999999999997	0.0006490654410118564
3.4899999999999696	0.0006243973216350161
3.4999999999999694	0.0006005914874105278
3.509999999999969	0.0005776208659476448
3.519999999999969	0.0005554591161758519
3.5299999999999687	0.0005340806129268786
3.5399999999999685	0.0005134604317277824
3.5499999999999683	0.0004935743337277842
3.559999999999968	0.0004743987508163103
3.569999999999968	0.0004559107709287955
3.5799999999999677	0.00043808812352231726
3.5899999999999674	0.00042090916525642087
3.5999999999999672	0.00040435286584710763
3.609999999999967	0.0003883987941161797
3.619999999999967	0.0003730271042513325
3.6299999999999666	0.0003582185222241568
3.6399999999999664	0.0003439543324498002
3.649999999999966	0.0003302163646213714
3.659999999999966	0.00031698698074110574
3.6699999999999657	0.0003042490623628272
3.6799999999999655	0.00029198599803634175
3.6899999999999653	0.00028018167094956355
3.699999999999965	0.0002688204467758043
3.709999999999965	0.00025788716171655306
3.7199999999999647	0.0002473671107724419
3.7299999999999645	0.00023724603618696118
3.7399999999999642	0.00022751011611473973
3.749999999999964	0.000218145953480099
3.759999999999964	0.00020914056504823465
3.7699999999999636	0.00020048137068814296
3.7799999999999634	0.0001921561828499479
3.789999999999963	0.00018415319622735635
3.799999999999963	0.00017646097762754945
3.8099999999999627	0.0001690684560425245
3.8199999999999625	0.00016196491290811616
3.8299999999999623	0.0001551399725637638
3.839999999999962	0.0001485835929091306
3.849999999999962	0.0001422860562523313
3.8599999999999617	0.00013623796032262797
3.8699999999999615	0.00013043020953514464
3.8799999999999613	0.00012485400638519197
3.889999999999961	0.00011950084302447766
3.899999999999961	0.00011436249308803058
3.9099999999999606	0.00010943100362857921
3.9199999999999604	0.00010469868726776098
3.92999999999996	0.00010015811451103305
3.93999999999996	0.00009580210625767807
3.9499999999999598	0.00009162372646385646
3.9599999999999596	0.00008761627496937223
3.9699999999999593	0.0000837732805314156
3.979999999999959	0.00008008849398094864
3.989999999999959	0.000076555881571419
3.9999999999999587	0.00007316961847136512
4.009999999999959	0.0000699240824299556
4.019999999999959	0.00006681384758752309
4.0299999999999585	0.0000638336784520746
4.039999999999958	0.00006097852401387972
4.049999999999958	0.00005824351202150416
4.059999999999958	0.000055623943394025
4.069999999999958	0.00005311528678699303
4.079999999999957	0.000050713173290252726
4.089999999999957	0.00004841339127681892
4.099999999999957	0.00004621188137029236
4.109999999999957	0.00004410473156883021
4.119999999999957	0.00004208817248469969
4.129999999999956	0.00004015857270808933
4.139999999999956	0.0000383124343181189
4.149999999999956	0.000036546388502812324
4.159999999999956	0.00003485719129611085
4.1699999999999555	0.00003324171944953745
4.179999999999955	0.00003169696640844597
4.189999999999955	0.000030220038404188926
4.199999999999955	0.00002880815066398228
4.209999999999955	0.000027458623714844573
4.2199999999999545	0.00002616887981888767
4.229999999999954	0.00002493643949152695
4.239999999999954	0.00002375891812413429
4.249999999999954	0.000022634022721595568
4.259999999999954	0.000021559548722093972
4.269999999999953	0.000020533376916530283
4.279999999999953	0.000019553470463161196
4.289999999999953	0.000018617871990707476
4.299999999999953	0.000017724700791674353
4.3099999999999525	0.000016872150100301783
4.319999999999952	0.000016058484454968618
4.329999999999952	0.00001528203714358121
4.339999999999952	0.000014541207733664553
4.349999999999952	0.000013834459667483698
4.3599999999999515	0.000013160317948326532
4.369999999999951	0.000012517366891316753
4.379999999999951	0.000011904247950675884
4.389999999999951	0.00001131965761322766
4.399999999999951	0.000010762345367465188
4.40999999999995	0.000010231111730071632
4.41999999999995	9.724806344139172e-6
4.42999999999995	9.242326143000707e-6
4.43999999999995	8.782613556019339e-6
4.4499999999999496	8.344654804047386e-6
4.459999999999949	7.927478232396076e-6
4.469999999999949	7.530152697196586e-6
4.479999999999949	7.151786025162612e-6
4.489999999999949	6.791523508585835e-6
4.4999999999999485	6.448546457531433e-6
4.509999999999948	6.1220708095171235e-6
4.519999999999948	5.811345774679974e-6
4.529999999999948	5.515652537787899e-6
4.539999999999948	5.234303002601945e-6
4.549999999999947	4.966638583584125e-6
4.559999999999947	4.712029025448898e-6
4.569999999999947	4.4698712958900604e-6
4.579999999999947	4.239588488466072e-6
4.589999999999947	4.020628772091562e-6
4.599999999999946	3.812464390739627e-6
4.609999999999946	3.61459068783319e-6
4.619999999999946	3.4265251704396704e-6
4.629999999999946	3.247806603813449e-6
4.6399999999999455	3.077994145938228e-6
4.649999999999945	2.9166665118119926e-6
4.659999999999945	2.7634211613122478e-6
4.669999999999945	2.6178735342527435e-6
4.679999999999945	2.479656295887432e-6
4.689999999999944	2.3484186232668846e-6
4.699999999999944	2.223825516527536e-6
4.709999999999944	2.1055571173080104e-6
4.719999999999944	1.9933081072259968e-6
4.729999999999944	1.8867870586892431e-6
4.739999999999943	1.7857158538631506e-6
4.749999999999943	1.6898291299899577e-6
4.759999999999943	1.5988737155012103e-6
4.769999999999943	1.5126081229556168e-6
4.7799999999999425	1.4308020357967478e-6
4.789999999999942	1.353235828579912e-6
4.799999999999942	1.2797001018454893e-6
4.809999999999942	1.209995237563135e-6
4.819999999999942	1.1439309722980284e-6
4.8299999999999415	1.0813259821871402e-6
4.839999999999941	1.0220074960915683e-6
4.849999999999941	9.658109145865184e-7
4.859999999999941	9.125794438231366e-7
4.869999999999941	8.621637551340641e-7
4.87999999999994	8.1442164719061e-7
4.88999999999994	7.692177266397227e-7
4.89999999999994	7.264231049910546e-7
4.90999999999994	6.859151028463597e-7
4.9199999999999395	6.475769671601433e-7
4.929999999999939	6.112976047080127e-7
4.939999999999939	5.769713255040656e-7
4.949999999999939	5.444975858359997e-7
4.959999999999939	5.137807689075337e-7
4.9699999999999385	4.847299388338622e-7
4.979999999999938	4.5725864078484474e-7
4.989999999999938	4.312846838461513e-7
4.999999999999938	4.0672994503012706e-7
5.009999999999938	3.8352017930365967e-7
5.019999999999937	3.615848378736835e-7
5.029999999999937	3.4085689700996827e-7
5.039999999999937	3.2127268212636303e-7
5.049999999999937	3.0277172628663713e-7
5.0599999999999365	2.85296598646743e-7
5.069999999999936	2.6879277662974144e-7
5.079999999999936	2.5320849762508975e-7
5.089999999999936	2.3849462908857177e-7
5.099999999999936	2.246045417879975e-7
5.1099999999999355	2.11493988293438e-7
5.119999999999935	1.991209909862508e-7
5.129999999999935	1.8744572970434638e-7
5.139999999999935	1.7643043414349885e-7
5.149999999999935	1.6603928726806907e-7
5.159999999999934	1.5623832863774865e-7
5.169999999999934	1.469953625191744e-7
5.179999999999934	1.3827987218271433e-7
5.189999999999934	1.30062936195703e-7
5.199999999999934	1.223171479591164e-7
5.209999999999933	1.1501654198050191e-7
5.219999999999933	1.0813652117238146e-7
5.229999999999933	1.0165378844571295e-7
5.239999999999933	9.554628171743258e-8