-5.799999999999921	9.550567792064514e-8
-5.789999999999921	1.0035206367943202e-7
-5.779999999999921	1.054368280179554e-7
-5.769999999999921	1.1077129814433156e-7
-5.759999999999922	1.1636731785681317e-7
-5.749999999999922	1.2223727449277825e-7
-5.739999999999922	1.2839411941856328e-7
-5.729999999999922	1.348513899319098e-7
-5.7199999999999225	1.4162323871784908e-7
-5.709999999999923	1.4872445945996658e-7
-5.699999999999923	1.5617051495735445e-7
-5.689999999999923	1.639775648427522e-7
-5.679999999999923	1.7216249711331496e-7
-5.6699999999999235	1.80742955757265e-7
-5.659999999999924	1.8973738118434622e-7
-5.649999999999924	1.991650390943276e-7
-5.639999999999924	2.0904604991245703e-7
-5.629999999999924	2.1940143791467426e-7
-5.619999999999925	2.302531572601887e-7
-5.609999999999925	2.416241430425579e-7
-5.599999999999925	2.535383426973183e-7
-5.589999999999925	2.660207646089103e-7
-5.5799999999999255	2.790975213561437e-7
-5.569999999999926	2.9279587628813615e-7
-5.559999999999926	3.071442917748389e-7
-5.549999999999926	3.221724794404401e-7
-5.539999999999926	3.379114523584897e-7
-5.5299999999999265	3.5439357938126737e-7
-5.519999999999927	3.716526415793398e-7
-5.509999999999927	3.8972389069609035e-7
-5.499999999999927	4.0864411042122913e-7
-5.489999999999927	4.284516794194062e-7
-5.479999999999928	4.491866374991393e-7
-5.469999999999928	4.708907525371923e-7
-5.459999999999928	4.936075940663598e-7
-5.449999999999928	5.173826038165744e-7
-5.4399999999999284	5.422631751462141e-7
-5.429999999999929	5.682987309872865e-7
-5.419999999999929	5.955408066916661e-7
-5.409999999999929	6.24043135687557e-7
-5.399999999999929	6.538617386557995e-7
-5.3899999999999295	6.850550156208653e-7
-5.37999999999993	7.176838419757523e-7
-5.36999999999993	7.518116677734105e-7
-5.35999999999993	7.875046213454365e-7
-5.34999999999993	8.248316159506904e-7
-5.339999999999931	8.638644611048005e-7
-5.329999999999931	9.046779778048229e-7
-5.319999999999931	9.473501064744017e-7
-5.309999999999931	9.919620776506612e-7
-5.299999999999931	1.0385984588464282e-6
-5.289999999999932	1.087347381251225e-6
-5.279999999999932	1.1383005964105321e-6
-5.269999999999932	1.1915536661456757e-6
-5.259999999999932	1.2472060995467321e-6
-5.2499999999999325	1.3053615070962344e-6
-5.239999999999933	1.3661277599561318e-6
-5.229999999999933	1.4296171558745375e-6
-5.219999999999933	1.4959465902534362e-6
-5.209999999999933	1.5652377339005324e-6
-5.199999999999934	1.637617216958296e-6
-5.189999999999934	1.7132168195111815e-6
-5.179999999999934	1.7921736689349162e-6
-5.169999999999934	1.8746304445800413e-6
-5.159999999999934	1.960735589465001e-6
-5.149999999999935	2.050643528963446e-6
-5.139999999999935	2.1445148982495757e-6
-5.129999999999935	2.242516777172934e-6
-5.119999999999935	2.344822935528093e-6
-5.1099999999999355	2.451614076601718e-6
-5.099999999999936	2.56307811065771e-6
-5.089999999999936	2.679410410953283e-6
-5.079999999999936	2.800814113043482e-6
-5.069999999999936	2.9275003616201254e-6
-5.0599999999999365	3.059688670456913e-6
-5.049999999999937	3.197607164065322e-6
-5.039999999999937	3.341492954197183e-6
-5.029999999999937	3.491592436705285e-6
-5.019999999999937	3.648161647526961e-6
-5.009999999999938	3.8114666045760436e-6
-4.999999999999938	3.9817836798633454e-6
-4.989999999999938	4.159399971944031e-6
-4.979999999999938	4.344613704454372e-6
-4.9699999999999385	4.537734612107393e-6
-4.959999999999939	4.739084378401253e-6
-4.949999999999939	4.9489970498091834e-6
-4.939999999999939	5.167819480095252e-6
-4.929999999999939	5.3959118015759276e-6
-4.9199999999999395	5.633647886379479e-6
-4.90999999999994	5.881415837469498e-6
-4.89999999999994	6.1396185015844414e-6
-4.88999999999994	6.408673980758618e-6
-4.87999999999994	6.6890161767442515e-6
-4.869999999999941	6.981095347599714e-6
-4.859999999999941	7.285378678000527e-6
-4.849999999999941	7.6023508694807384e-6
-4.839999999999941	7.93251476184594e-6
-4.8299999999999415	8.276391948025287e-6
-4.819999999999942	8.634523435997939e-6
-4.809999999999942	9.00747031070293e-6
-4.799999999999942	9.395814439884871e-6
-4.789999999999942	9.800159170191477e-6
-4.7799999999999425	0.000010221130069541528
-4.769999999999943	0.000010659375695077534
-4.759999999999943	0.000011115568355794268
-4.749999999999943	0.000011590404938153346
-4.739999999999943	0.000012084607714871769
-4.729999999999944	0.000012598925224153138
-4.719999999999944	0.000013134133133546183
-4.709999999999944	0.000013691035162086958
-4.699999999999944	0.000014270464008458
-4.689999999999944	0.000014873282303412048
-4.679999999999945	0.00001550038362957743
-4.669999999999945	0.000016152693525125434
-4.659999999999945	0.000016831170536561345
-4.649999999999945	0.000017536807313360547
-4.6399999999999455	0.000018270631713016054
-4.629999999999946	0.000019033707948333906
-4.619999999999946	0.000019827137783864147
-4.609999999999946	0.000020652061736308944
-4.599999999999946	0.00002150966032748902
-4.589999999999947	0.000022401155381108636
-4.579999999999947	0.000023327811336976243
-4.569999999999947	0.000024290936612725843
-4.559999999999947	0.0000252918850139137
-4.549999999999947	0.000026332057159957067
-4.539999999999948	0.000027412901973285376
-4.529999999999948	0.000028535918198183177
-4.519999999999948	0.00002970265596605266
-4.509999999999948	0.00003091471839478427
-4.4999999999999485	0.000032173763249670536
-4.489999999999949	0.00003348150463609506
-4.479999999999949	0.00003483971473654276
-4.469999999999949	0.00003625022561023114
-4.459999999999949	0.000037714931030936684
-4.4499999999999496	0.00003923578836045612
-4.43999999999995	0.00004081482050243276
-4.42999999999995	0.00004245411788570955
-4.41999999999995	0.00004415584050411928
-4.40999999999995	0.00004592222001812806
-4.399999999999951	0.00004775556190079065
-4.389999999999951	0.00004965824764460927
-4.379999999999951	0.00005163273702575361
-4.369999999999951	0.00005368157043209968
-4.3599999999999515	0.00005580737123095731
-4.349999999999952	0.00005801284822185208
-4.339999999999952	0.000060300798138647576
-4.329999999999952	0.00006267410821344847
-4.319999999999952	0.0000651357588025461
-4.3099999999999525	0.00006768882609972394
-4.299999999999953	0.000070336484877394
-4.289999999999953	0.00007308201133024486
-4.279999999999953	0.00007592878597378941
-4.269999999999953	0.00007888029660918459
-4.259999999999954	0.00008194014136432333
-4.249999999999954	0.0000851120318195927
-4.239999999999954	0.00008839979618174963
-4.229999999999954	0.00009180738255460576
-4.2199999999999545	0.00009533886228017389
-4.209999999999955	0.00009899843335788743
-4.199999999999955	0.00010279042393067977
-4.189999999999955	0.0001067192958790478
-4.179999999999955	0.00011078964847472055
-4.1699999999999555	0.0001150062221186566
-4.159999999999956	0.00011937390217006256
-4.149999999999956	0.00012389772287889025
-4.139999999999956	0.00012858287133105426
-4.129999999999956	0.00013343469160340474
-4.119999999999957	0.00013845868890590297
-4.109999999999957	0.00014366053385228228
-4.099999999999957	0.0001490460668052227
-4.089999999999957	0.00015462130236890194
-4.079999999999957	0.00016039243390327378
-4.069999999999958	0.00016636583817555194
-4.059999999999958	0.00017254808011231223
-4.049999999999958	0.00017894591761348955
-4.039999999999958	0.00018556630651046503
-4.0299999999999585	0.0001924164055982535
-4.019999999999959	0.00019950358177185288
-4.009999999999959	0.0002068354152628025
-3.9999999999999587	0.00021441970500426982
-3.989999999999959	0.00022226447406237192
-3.979999999999959	0.00023037797519804003
-3.9699999999999593	0.0002387686965344172
-3.9599999999999596	0.00024744536732868906
-3.9499999999999598	0.0002564169638399882
-3.93999999999996	0.00026569271534108144
-3.92999999999996	0.0002752821102022907
-3.9199999999999604	0.00028519490210803926
-3.9099999999999606	0.0002954411163861174
-3.899999999999961	0.0003060310564466654
-3.889999999999961	0.00031697531032354994
-3.8799999999999613	0.0003282847573559207
-3.8699999999999615	0.00033997057496434413
-3.8599999999999617	0.0003520442455483003
-3.849999999999962	0.00036451756350196587
-3.839999999999962	0.00037740264235060065
-3.8299999999999623	0.00039071192199480637
-3.8199999999999625	0.00040445817607977707
-3.8099999999999627	0.0004186545194889752
-3.799999999999963	0.0004333144159305605
-3.789999999999963	0.0004484516856767292
-3.7799999999999634	0.00046408051340721525
-3.7699999999999636	0.0004802154561535675
-3.759999999999964	0.0004968714513938292
-3.749999999999964	0.0005140638252519462
-3.7399999999999642	0.0005318083007984458
-3.7299999999999645	0.0005501210065038538
-3.7199999999999647	0.000569018484786551
-3.709999999999965	0.0005885177006816223
-3.699999999999965	0.0006086360506279066
-3.6899999999999653	0.0006293913713859596
-3.6799999999999655	0.0006508019490413026
-3.6699999999999657	0.0006728865281485931
-3.659999999999966	0.0006956643209839833
-3.649999999999966	0.0007191550169048142
-3.6399999999999664	0.0007433787918171786
-3.6299999999999666	0.0007683563177816752
-3.619999999999967	0.0007941087726901139
-3.609999999999967	0.0008206578500693018
-3.5999999999999672	0.0008480257690039051
-3.5899999999999674	0.0008762352841401159
-3.5799999999999677	0.0009053096957997536
-3.569999999999968	0.0009352728601980977
-3.559999999999968	0.0009661491997735957
-3.5499999999999683	0.000997963713579725
-3.5399999999999685	0.0010307419878104645
-3.5299999999999687	0.0010645102063856393
-3.519999999999969	0.0010992951616437432
-3.509999999999969	0.0011351242651013488
-3.4999999999999694	0.0011720255583373264
-3.4899999999999696	0.0012100277238942855
-3.47999999999997	0.0012491600963183494
-3.46999999999997	0.0012894526732289175
-3.45999999999997	0.0013309361264754497
-3.4499999999999704	0.0013736418133617418
-3.4399999999999706	0.0014176017879295871
-3.429999999999971	0.0014628488122865179
-3.419999999999971	0.0015094163680029948
-3.4099999999999713	0.0015573386675752584
-3.3999999999999715	0.001606650665873119
-3.3899999999999717	0.0016573880716845024
-3.379999999999972	0.0017095873592826067
-3.369999999999972	0.0017632857799935804
-3.3599999999999723	0.0018185213738135411
-3.3499999999999726	0.0018753329810424363
-3.3399999999999728	0.0019337602539162846
-3.329999999999973	0.00199384366825742
-3.319999999999973	0.002055624535115823
-3.3099999999999734	0.002119145012405289
-3.2999999999999736	0.0021844481165242424
-3.289999999999974	0.002251577733972761
-3.279999999999974	0.0023205786329138964
-3.2699999999999743	0.0023914964747102536
-3.2599999999999745	0.0024643778254368003
-3.2499999999999747	0.0025392701673190294
-3.239999999999975	0.002616221910110312
-3.229999999999975	0.0026952824024341947
-3.2199999999999753	0.002776501943021412
-3.2099999999999755	0.0028599317918614774
-3.1999999999999758	0.0029456241812877773
-3.189999999999976	0.0030336323269442122
-3.179999999999976	0.003124010438626336
-3.1699999999999764	0.0032168137310344316
-3.1599999999999766	0.0033120984343757796
-3.149999999999977	0.0034099218048228427
-3.139999999999977	0.003510342134828309
-3.1299999999999772	0.0036134187632921987
-3.1199999999999775	0.0037192120855166102
-3.1099999999999777	0.003827783563024773
-3.099999999999978	0.003939195733164094
-3.089999999999978	0.004053512218488492
-3.0799999999999783	0.004170797735950537
-3.0699999999999785	0.004291118105864596
-3.0599999999999787	0.004414540260595165
-3.049999999999979	0.004541132253028735
-3.039999999999979	0.004670963264771929
-3.0299999999999794	0.004804103614052011
-3.0199999999999796	0.004940624763342562
-3.00999999999998	0.005080599326697397
-2.99999999999998	0.005224101076735477
-2.9899999999999802	0.005371204951310274
-2.9799999999999804	0.005521987059854008
-2.9699999999999807	0.005676524689326738
-2.959999999999981	0.005834896309807188
-2.949999999999981	0.005997181579719633
-2.9399999999999813	0.006163461350626377
-2.9299999999999815	0.00633381767160952
-2.9199999999999817	0.0065083337932517115
-2.909999999999982	0.006687094171133955
-2.899999999999982	0.006870184468890195
-2.8899999999999824	0.007057691560787913
-2.8799999999999826	0.0072497035338235745
-2.869999999999983	0.007446309689258029
-2.859999999999983	0.007647600543734154
-2.849999999999983	0.007853667829762665
-2.8399999999999834	0.0080646044956851
-2.8299999999999836	0.008280504705072925
-2.819999999999984	0.008501463835551785
-2.809999999999984	0.00872757847698101
-2.7999999999999843	0.008958946429064425
-2.7899999999999845	0.009195666698304822
-2.7799999999999847	0.009437839494295159
-2.769999999999985	0.00968556622536592
-2.759999999999985	0.009938949493556226
-2.7499999999999853	0.010198093088824533
-2.7399999999999856	0.0104631019826373
-2.7299999999999858	0.010734082320758016
-2.719999999999986	0.011011141415297574
-2.709999999999986	0.011294387736014315
-2.6999999999999864	0.01158393090084332
-2.6899999999999866	0.01187988166559306
-2.679999999999987	0.01218235191285164
-2.669999999999987	0.01249145464008026
-2.6599999999999873	0.012807303946822888
-2.6499999999999875	0.013130015021075416
-2.6399999999999877	0.013459704124791085
-2.629999999999988	0.013796488578473518
-2.619999999999988	0.014140486744859047
-2.6099999999999883	0.014491818011708561
-2.5999999999999885	0.014850602773626972
-2.5899999999999888	0.01521696241293836
-2.579999999999989	0.015591019279613212
-2.569999999999989	0.015972896670197804
-2.5599999999999894	0.016362718805734876
-2.5499999999999896	0.016760610808721273
-2.53999999999999	0.01716669867899784
-2.52999999999999	0.017581109268614867
-2.5199999999999902	0.018003970255670958
-2.5099999999999905	0.01843541011708094
-2.4999999999999907	0.018875558100227792
-2.489999999999991	0.019324544193617506
-2.479999999999991	0.019782499096369657
-2.4699999999999913	0.020249554186611955
-2.4599999999999915	0.020725841488783082
-2.4499999999999917	0.02121149363980342
-2.439999999999992	0.02170664385407064
-2.429999999999992	0.022211425887372002
-2.4199999999999924	0.02272597399960843
-2.4099999999999926	0.023250422916347633
-2.399999999999993	0.023784907789231906
-2.389999999999993	0.024329564155220265
-2.3799999999999932	0.0248845278946129
-2.3699999999999934	0.025449935187913452
-2.3599999999999937	0.02602592247151753
-2.349999999999994	0.026612626392166248
-2.339999999999994	0.02721018376022529
-2.3299999999999943	0.027818731501770534
-2.3199999999999945	0.028438406609458917
-2.3099999999999947	0.029069346092181342
-2.299999999999995	0.029711686923555986
-2.289999999999995	0.03036556598917206
-2.2799999999999954	0.03103112003263976
-2.2699999999999956	0.031708485600473374
-2.259999999999996	0.032397798985737886
-2.249999999999996	0.033099196170501076
-2.239999999999996	0.033812812767141154
-2.2299999999999964	0.034538783958421145
-2.2199999999999966	0.035277244436401164
-2.209999999999997	0.03602832834019509
-2.199999999999997	0.036792169192560585
-2.1899999999999973	0.037568899835306466
-2.1799999999999975	0.03835865236360384
-2.1699999999999977	0.03916155805914639
-2.159999999999998	0.03997774732216793
-2.149999999999998	0.04080734960239938
-2.1399999999999983	0.04165049332891319
-2.1299999999999986	0.042507305838876824
-2.1199999999999988	0.043377913305269016
-2.109999999999999	0.04426244066356392
-2.099999999999999	0.04516101153734983
-2.0899999999999994	0.046073748162985435
-2.0799999999999996	0.04700077131326827
-2.07	0.047942200220123396
-2.06	0.048898152496365865
-2.0500000000000003	0.049868744056571025
-2.0400000000000005	0.05085408903701429
-2.0300000000000007	0.051854299714780734
-2.020000000000001	0.052869486426049724
-2.010000000000001	0.05389975748354375
-2.0000000000000013	0.05494521909321718
-1.9900000000000015	0.05600597527023114
-1.9800000000000015	0.057082127754171805
-1.9700000000000015	0.058173775923604135
-1.9600000000000015	0.059281016710018675
-1.9500000000000015	0.06040394451112902
-1.9400000000000015	0.061542651103603324
-1.9300000000000015	0.06269722555530795
-1.9200000000000015	0.06386775413700971
-1.9100000000000015	0.06505432023364296
-1.9000000000000015	0.06625700425518945
-1.8900000000000015	0.0674758835471684
-1.8800000000000014	0.06871103230078916
-1.8700000000000014	0.06996252146287313
-1.8600000000000014	0.07123041864551508
-1.8500000000000014	0.0725147880355395
-1.8400000000000014	0.07381569030387153
-1.8300000000000014	0.07513318251479545
-1.8200000000000014	0.07646731803516042
-1.8100000000000014	0.07781814644362946
-1.8000000000000014	0.07918571344000154
-1.7900000000000014	0.08057006075461365
-1.7800000000000014	0.08197122605795973
-1.7700000000000014	0.08338924287055381
-1.7600000000000013	0.08482414047301569
-1.7500000000000013	0.08627594381656417
-1.7400000000000013	0.08774467343391124
-1.7300000000000013	0.08923034535057149
-1.7200000000000013	0.0907329709967335
-1.7100000000000013	0.09225255711972899
-1.7000000000000013	0.09378910569709666
-1.6900000000000013	0.09534261385038202
-1.6800000000000013	0.09691307375973318
-1.6700000000000013	0.09850047257927676
-1.6600000000000013	0.10010479235341775
-1.6500000000000012	0.10172600993412201
-1.6400000000000012	0.10336409689918881
-1.6300000000000012	0.1050190194716165
-1.6200000000000012	0.10669073844019902
-1.6100000000000012	0.1083792090812389
-1.6000000000000012	0.11008438108161996
-1.5900000000000012	0.11180619846325325
-1.5800000000000012	0.11354459950891417
-1.5700000000000012	0.11529951668956587
-1.5600000000000012	0.11707087659330004
-1.5500000000000012	0.11885859985587334
-1.5400000000000011	0.12066260109292486
-1.5300000000000011	0.12248278883401535
-1.5200000000000011	0.12431906545847311
-1.5100000000000011	0.12617132713313334
-1.500000000000001	0.12803946375207134
-1.490000000000001	0.12992335887839263
-1.480000000000001	0.1318228896880747
-1.470000000000001	0.133737926916049
-1.460000000000001	0.13566833480450557
-1.450000000000001	0.13761397105348447
-1.440000000000001	0.13957468677386956
-1.430000000000001	0.14155032644284432
-1.420000000000001	0.14354072786179592
-1.410000000000001	0.14554572211683683
-1.400000000000001	0.147565133541978
-1.390000000000001	0.149598779684946
-1.380000000000001	0.15164647127579753
-1.370000000000001	0.1537080121983803
-1.360000000000001	0.15578319946462188
-1.350000000000001	0.15787182319178972
-1.340000000000001	0.15997366658278417
-1.330000000000001	0.16208850590942964
-1.320000000000001	0.16421611049890605
-1.310000000000001	0.1663562427233905
-1.300000000000001	0.16850865799286233
-1.290000000000001	0.17067310475119363
-1.280000000000001	0.1728493244756191
-1.270000000000001	0.17503705167952424
-1.260000000000001	0.17723601391865448
-1.2500000000000009	0.17944593180084642
-1.2400000000000009	0.1816665189992323
-1.2300000000000009	0.1838974822689818
-1.2200000000000009	0.18613852146770218
-1.2100000000000009	0.18838932957943172
-1.2000000000000008	0.19064959274228474
-1.1900000000000008	0.19291899027986534
-1.1800000000000008	0.19519719473638933
-1.1700000000000008	0.19748387191553984
-1.1600000000000008	0.19977868092319295
-1.1500000000000008	0.2020812742139483
-1.1400000000000008	0.20439129764146158
-1.1300000000000008	0.20670839051271347
-1.1200000000000008	0.20903218564616743
-1.1100000000000008	0.21136230943377068
-1.1000000000000008	0.2136983819069608
-1.0900000000000007	0.21604001680658022
-1.0800000000000007	0.21838682165670817
-1.0700000000000007	0.22073839784248295
-1.0600000000000007	0.22309434069190395
-1.0500000000000007	0.22545423956152583
-1.0400000000000007	0.22781767792615742
-1.0300000000000007	0.23018423347255182
-1.0200000000000007	0.23255347819696912
-1.0100000000000007	0.23492497850671676
-1.0000000000000007	0.237298295325668
-0.9900000000000007	0.23967298420362382
-0.9800000000000006	0.24204859542958854
-0.9700000000000006	0.24442467414898222
-0.9600000000000006	0.24680076048463828
-0.9500000000000006	0.24917638966163996
-0.9400000000000006	0.2515510921360088
-0.9300000000000006	0.25392439372711084
-0.9200000000000006	0.25629581575378113
-0.9100000000000006	0.2586648751742194
-0.9000000000000006	0.2610310847294802
-0.8900000000000006	0.2633939530905464
-0.8800000000000006	0.2657529850090536
-0.8700000000000006	0.2681076814714759
-0.8600000000000005	0.2704575398580594
-0.8500000000000005	0.27280205409850533
-0.8400000000000005	0.27514071484463715
-0.8300000000000005	0.27747300963244426
-0.8200000000000005	0.27979842305444125
-0.8100000000000005	0.28211643693374305
-0.8000000000000005	0.28442653050115196
-0.7900000000000005	0.286728180575338
-0.7800000000000005	0.289020861745944
-0.7700000000000005	0.29130404655946174
-0.7600000000000005	0.29357720570796697
-0.7500000000000004	0.29583980822055306
-0.7400000000000004	0.2980913216572655
-0.7300000000000004	0.30033121230561943
-0.7200000000000004	0.30255894537957934
-0.7100000000000004	0.30477398522074456
-0.7000000000000004	0.30697579550182735
-0.6900000000000004	0.30916383943230613
-0.6800000000000004	0.31133757996601436
-0.6700000000000004	0.3134964800106606
-0.6600000000000004	0.3156400026392676
-0.6500000000000004	0.3177676113031772
-0.6400000000000003	0.3198787700466753
-0.6300000000000003	0.32197294372320956
-0.6200000000000003	0.32404959821260404
-0.6100000000000003	0.32610820064060103
-0.6000000000000003	0.3281482195976573
-0.5900000000000003	0.3301691253605286
-0.5800000000000003	0.3321703901136763
-0.5700000000000003	0.3341514881721536
-0.5600000000000003	0.33611189620434273
-0.5500000000000003	0.3380510934558784
-0.5400000000000003	0.3399685619736289
-0.5300000000000002	0.34186378682989554
-0.5200000000000002	0.3437362563468359
-0.5100000000000002	0.3455854623209139
-0.5000000000000002	0.3474109002470362
-0.49000000000000027	0.34921206954249007
-0.48000000000000026	0.3509884737705324
-0.47000000000000025	0.3527396208632906
-0.46000000000000024	0.35446502334401314
-0.45000000000000023	0.35616419854858433
-0.4400000000000002	0.35783666884595494
-0.4300000000000002	0.3594819618574813
-0.4200000000000002	0.3610996106751118
-0.4100000000000002	0.36268915407811
-0.4000000000000002	0.3642501367482461
-0.3900000000000002	0.36578210948342793
-0.38000000000000017	0.3672846294094658
-0.37000000000000016	0.36875726018988264
-0.36000000000000015	0.37019957223375316
-0.35000000000000014	0.37161114290127784
-0.34000000000000014	0.3729915567069782
-0.3300000000000001	0.37434040552051845
-0.3200000000000001	0.3756572887648742
-0.3100000000000001	0.37694181361171714
-0.3000000000000001	0.37819359517400364
-0.2900000000000001	0.3794122566955577
-0.2800000000000001	0.3805974297374498
-0.2700000000000001	0.3817487543611984
-0.26000000000000006	0.38286587930845795
-0.25000000000000006	0.3839484621777731
-0.24000000000000007	0.38499616959649297
-0.23000000000000007	0.38600867739022626
-0.22000000000000006	0.38698567074771373
-0.21000000000000005	0.38792684438191105
-0.20000000000000004	0.38883190268699225
-0.19000000000000003	0.38970055989106994
-0.18000000000000002	0.3905325402046484
-0.17	0.3913275779646786
-0.16	0.3920854177740312
-0.15	0.3928058146363555
-0.13999999999999999	0.3934885340862645
-0.12999999999999998	0.39413335231462643
-0.11999999999999998	0.39474005628896774
-0.10999999999999999	0.39530844386890923
-0.09999999999999999	0.39583832391646007
-0.09	0.39632951640114245
-0.08	0.39678185249992237
-0.07	0.39719517469175447
-0.060000000000000005	0.3975693368467165
-0.05	0.3979042043097395
-0.04	0.3981996539787535
-0.03	0.39845557437720847
-0.02	0.39867186572101426
-0.01	0.39884843997972347
0	0.3989852209319305
0.01	0.3990821442149218
0.02	0.39913915736844907
0.03	0.39915621987258476
0.04	0.3991333031796919
0.05	0.3990703907404514
0.060000000000000005	0.3989674780238427
0.07	0.3988245725311863
0.08	0.39864169380416437
0.09	0.39841887342675036
0.09999999999999999	0.3981561550211415
0.10999999999999999	0.3978535942376572
0.11999999999999998	0.3975112587385263
0.12999999999999998	0.39712922817566704
0.13999999999999999	0.3967075941624411
0.15	0.3962464602393374
0.16	0.3957459418336585
0.17	0.39520616621325216
0.18000000000000002	0.39462727243421203
0.19000000000000003	0.394009411282669
0.20000000000000004	0.3933527452107006
0.21000000000000005	0.39265744826632737
0.22000000000000006	0.391923706017682
0.23000000000000007	0.39115171547144634
0.24000000000000007	0.39034168498550526
0.25000000000000006	0.38949383417591305
0.26000000000000006	0.38860839381829065
0.2700000000000001	0.3876856057436183
0.2800000000000001	0.3867257227285193
0.2900000000000001	0.3857290083801649
0.3000000000000001	0.3846957370158
0.3100000000000001	0.38362619353696015
0.3200000000000001	0.3825206732985539
0.3300000000000001	0.38137948197279836
0.34000000000000014	0.38020293540810646
0.35000000000000014	0.3789913594830883
0.36000000000000015	0.37774508995569916
0.37000000000000016	0.37646447230760605
0.38000000000000017	0.3751498615839687
0.3900000000000002	0.3738016222286655
0.4000000000000002	0.37242012791507123
0.4100000000000002	0.37100576137253855
0.4200000000000002	0.36955891420868825
0.4300000000000002	0.36807998672756403
0.4400000000000002	0.36656938774385467
0.45000000000000023	0.3650275343932752
0.46000000000000024	0.36345485193918353
0.47000000000000025	0.3618517735756256
0.48000000000000026	0.360218740226933
0.49000000000000027	0.3585562003440245
0.5000000000000002	0.35686460969705175
0.5100000000000002	0.35514443116595606
0.5200000000000002	0.35339613452708424
0.5300000000000002	0.35162019623750695
0.5400000000000003	0.3498170992166066
0.5500000000000003	0.3479873326251264
0.5600000000000003	0.3461313916418379
0.5700000000000003	0.34424977723802186
0.5800000000000003	0.3423429959498309
0.5900000000000003	0.34041155964871306
0.6000000000000003	0.3384559853100765
0.6100000000000003	0.3364767947803015
0.6200000000000003	0.33447451454222565
0.6300000000000003	0.3324496754793422
0.6400000000000003	0.33040281263877835
0.6500000000000004	0.32833446499320135
0.6600000000000004	0.3262451752018795
0.6700000000000004	0.3241354893709805
0.6800000000000004	0.3220059568132454
0.6900000000000004	0.31985712980726516
0.7000000000000004	0.3176895633564365
0.7100000000000004	0.3155038149477677
0.7200000000000004	0.3133004443106928
0.7300000000000004	0.3110800131760551
0.7400000000000004	0.3088430850353377
0.7500000000000004	0.3065902249003764
0.7600000000000005	0.30432199906366425
0.7700000000000005	0.3020389748593448
0.7800000000000005	0.2997417204251075
0.7900000000000005	0.2974308044651166
0.8000000000000005	0.2951067960140424
0.8100000000000005	0.2927702642024149
0.8200000000000005	0.2904217780234183
0.8300000000000005	0.28806190610121357
0.8400000000000005	0.28569121646096524
0.8500000000000005	0.2833102763007209
0.8600000000000005	0.2809196517652108
0.8700000000000006	0.27851990772172686
0.8800000000000006	0.27611160753824543
0.8900000000000006	0.2736953128638249
0.9000000000000006	0.2712715834114747
0.9100000000000006	0.2688409767435848
0.9200000000000006	0.2664040480600325
0.9300000000000006	0.26396134998904414
0.9400000000000006	0.2615134323810101
0.9500000000000006	0.259060842105247
0.9600000000000006	0.25660412284988626
0.9700000000000006	0.2541438149249694
0.9800000000000006	0.2516804550688444
0.9900000000000007	0.24921457625792812
1.0000000000000007	0.2467467075199969
1.0100000000000007	0.24427737375102057
1.0200000000000007	0.24180709553565724
1.0300000000000007	0.23933638897148657
1.0400000000000007	0.23686576549707827
1.0500000000000007	0.23439573172390327
1.0600000000000007	0.2319267892719389
1.0700000000000007	0.22945943461082607
1.0800000000000007	0.2269941589020427
1.0900000000000007	0.224531447848288
1.1000000000000008	0.22207178154557472
1.1100000000000008	0.2196156343398485
1.1200000000000008	0.21716347468793937
1.1300000000000008	0.21471576502288914
1.1400000000000008	0.21227296162364215
1.1500000000000008	0.20983551448919116
1.1600000000000008	0.207403867217224
1.1700000000000008	0.20497845688724034
1.1800000000000008	0.20255971394821234
1.1900000000000008	0.20014806211084
1.2000000000000008	0.19774391824434276
1.2100000000000009	0.19534769227787657
1.2200000000000009	0.19295978710656508
1.2300000000000009	0.19058059850215667
1.2400000000000009	0.18821051502829308
1.2500000000000009	0.18584991796045516
1.260000000000001	0.18349918121027958
1.270000000000001	0.18115867125571394
1.280000000000001	0.17882874707338114
1.290000000000001	0.17650976007802827
1.300000000000001	0.17420205406530231
1.310000000000001	0.17190596515941978
1.320000000000001	0.16962182176537674
1.330000000000001	0.16734994452571378
1.340000000000001	0.16509064628180944
1.350000000000001	0.16284423203968437
1.360000000000001	0.16061099894024267
1.370000000000001	0.15839123623396856
1.380000000000001	0.1561852252600152
1.390000000000001	0.15399323942964582
1.400000000000001	0.15181554421397894
1.410000000000001	0.1496523971360353
1.420000000000001	0.1475040477669655
1.430000000000001	0.14537073772646983
1.440000000000001	0.14325270068735715
1.450000000000001	0.1411501623841191
1.460000000000001	0.13906334062555992
1.470000000000001	0.1369924453113529
1.480000000000001	0.13493767845248253
1.490000000000001	0.13289923419551364
1.500000000000001	0.13087729885063418
1.5100000000000011	0.12887205092336346
1.5200000000000011	0.12688366114989777
1.5300000000000011	0.1249122925360099
1.5400000000000011	0.1229581003994233
1.5500000000000012	0.12102123241558226
1.5600000000000012	0.1191018286667721
1.5700000000000012	0.11720002169448394
1.5800000000000012	0.11531593655493393
1.5900000000000012	0.11344969087771498
1.6000000000000012	0.11160139492744159
1.6100000000000012	0.10977115166831057
1.6200000000000012	0.10795905683155207
1.6300000000000012	0.1061651989856232
1.6400000000000012	0.10438965960907179
1.6500000000000012	0.10263251316603363
1.6600000000000013	0.1008938271842076
1.6700000000000013	0.09917366233526859
1.6800000000000013	0.09747207251762012
1.6900000000000013	0.0957891049414032
1.7000000000000013	0.09412480021564285
1.7100000000000013	0.09247919243750277
1.7200000000000013	0.09085230928350857
1.7300000000000013	0.08924417210267058
1.7400000000000013	0.08765479601141361
1.7500000000000013	0.08608418999025674
1.7600000000000013	0.08453235698207817
1.7700000000000014	0.08299929399197925
1.7800000000000014	0.0814849921885495
1.7900000000000014	0.07998943700657317
1.8000000000000014	0.0785126082509602
1.8100000000000014	0.07705448020190081
1.8200000000000014	0.07561502172113153
1.8300000000000014	0.0741941963592185
1.8400000000000014	0.07279196246379772
1.8500000000000014	0.07140827328866133
1.8600000000000014	0.07004307710361315
1.8700000000000014	0.06869631730503617
1.8800000000000014	0.06736793252705989
1.8900000000000015	0.06605785675325461
1.9000000000000015	0.06476601942875651
1.9100000000000015	0.06349234557283916
1.9200000000000015	0.06223675589167793
1.9300000000000015	0.06099916689140841
1.9400000000000015	0.05977949099129891
1.9500000000000015	0.0585776366369846
1.9600000000000015	0.0573935084137204
1.9700000000000015	0.05622700715954469
1.9800000000000015	0.055078030078293566
1.9900000000000015	0.05394647085241639
2.0000000000000013	0.052832219755506137
2.010000000000001	0.05173516376446411
2.020000000000001	0.05065518667128338
2.0300000000000007	0.04959216919434021
2.0400000000000005	0.048545989089153606
2.0500000000000003	0.04751652125855067
2.06	0.046503637862178676
2.07	0.04550720842531208
2.0799999999999996	0.04452709994688019
2.0899999999999994	0.043563177006696555
2.099999999999999	0.042615301871805684
2.109999999999999	0.04168333460190895
2.1199999999999988	0.04076713315382993
2.1299999999999986	0.03986655348495998
2.1399999999999983	0.038981449655637046
2.149999999999998	0.03811167393043897
2.159999999999998	0.03725707687831341
2.1699999999999977	0.036417507471515585
2.1799999999999975	0.035592813183356956
2.1899999999999973	0.03478284008465593
2.199999999999997	0.033987432938910066
2.209999999999997	0.03320643529613839
2.2199999999999966	0.03243968958535983
2.2299999999999964	0.031687037205682264
2.239999999999996	0.0309483186159714
2.249999999999996	0.03022337342308219
2.259999999999996	0.029512040468593424
2.2699999999999956	0.028814157914089887
2.2799999999999954	0.02812956332489162
2.289999999999995	0.02745809375225672
2.299999999999995	0.026799585814049412
2.3099999999999947	0.026153875773800152
2.3199999999999945	0.025520799618210736
2.3299999999999943	0.024900193133035306
2.339999999999994	0.024291891977363176
2.349999999999994	0.02369573175626199
2.3599999999999937	0.023111548091800906
2.3699999999999934	0.022539176692415352
2.3799999999999932	0.021978453420632905
2.389999999999993	0.021429214359139213
2.399999999999993	0.020891295875185095
2.4099999999999926	0.020364534683332408
2.4199999999999924	0.019848767906535156
2.429999999999992	0.019343833135557414
2.439999999999992	0.018849568486731434
2.4499999999999917	0.018365812658044437
2.4599999999999915	0.01789240498358998
2.4699999999999913	0.01742918548634315
2.479999999999991	0.01697599492930363
2.489999999999991	0.016532674864998712
2.4999999999999907	0.01609906768334962
2.5099999999999905	0.015675016657910972
2.5199999999999902	0.01526036599052004
2.52999999999999	0.014854960854311629
2.53999999999999	0.014458647435166625
2.5499999999999896	0.014071272971576645
2.5599999999999894	0.01369268579294088
2.569999999999989	0.013322735356320939
2.579999999999989	0.012961272281650065
2.5899999999999888	0.012608148385446183
2.5999999999999885	0.012263216712993475
2.6099999999999883	0.01192633156906787
2.619999999999988	0.011597348547178891
2.629999999999988	0.01127612455736979
2.6399999999999877	0.010962517852603033
2.6499999999999875	0.010656388053709073
2.6599999999999873	0.010357596172974262
2.669999999999987	0.010066004636352455
2.679999999999987	0.009781477304326937
2.6899999999999866	0.009503879491476757
2.6999999999999864	0.009233077984686108
2.709999999999986	0.008968941060139582
2.719999999999986	0.008711338499023629
2.7299999999999858	0.008460141602003025
2.7399999999999856	0.008215223202508908
2.7499999999999853	0.007976457678814493
2.759999999999985	0.007743720964969724
2.769999999999985	0.007516890560604075
2.7799999999999847	0.00729584553960479
2.7899999999999845	0.007080466557719348
2.7999999999999843	0.0068706358591010454
2.809999999999984	0.006666237281808339
2.819999999999984	0.0064671562623046935
2.8299999999999836	0.00627327983896706
2.8399999999999834	0.006084496654638725
2.849999999999983	0.005900696958245145
2.859999999999983	0.005721772605505379
2.869999999999983	0.005547617058753058
2.8799999999999826	0.005378125385907198
2.8899999999999824	0.0052131942585992705
2.899999999999982	0.005052721949508723
2.909999999999982	0.004896608328898377
2.9199999999999817	0.004744754860397556
2.9299999999999815	0.004597064596058206
2.9399999999999813	0.004453442170693617
2.949999999999981	0.004313793795533628
2.959999999999981	0.004178027251230712
2.9699999999999807	0.004046051880207397
2.9799999999999804	0.003917778578414631
2.9899999999999802	0.0037931197864885086
2.99999999999998	0.0036719894803409923
3.00999999999998	0.0035543031612104274
3.0199999999999796	0.003439977845200109
3.0299999999999794	0.0033289320522981703
3.039999999999979	0.003221085794942053
3.049999999999979	0.003116360566128748
3.0599999999999787	0.003014679327076295
3.0699999999999785	0.0029159664944908336
3.0799999999999783	0.0028201479274372627
3.089999999999978	0.0027271509138420314
3.099999999999978	0.0026369041566433123
3.1099999999999777	0.0025493377596211625
3.1199999999999775	0.002464383212905384
3.1299999999999772	0.0023819733781999817
3.139999999999977	0.0023020424737357457
3.149999999999977	0.002224526058970633
3.1599999999999766	0.002149361019045918
3.1699999999999764	0.0020764855490354507
3.179999999999976	0.002005839137984476
3.189999999999976	0.0019373625527709876
3.1999999999999758	0.0018709978217953036
3.2099999999999755	0.0018066882185247587
3.2199999999999753	0.0017443782448911143
3.229999999999975	0.001684013614574622
3.239999999999975	0.0016255412361844115
3.2499999999999747	0.0015689091963408033
3.2599999999999745	0.0015140667426854655
3.2699999999999743	0.0014609642668136343
3.279999999999974	0.0014095532871853482
3.289999999999974	0.0013597864319692436
3.2999999999999736	0.001311617421875226
3.3099999999999734	0.0012650010529674058
3.319999999999973	0.0012198931794810007
3.329999999999973	0.001176250696650637
3.3399999999999728	0.0011340315235469094
3.3499999999999726	0.0010931945859458262
3.3599999999999723	0.00105369979926659
3.369999999999972	0.0010155080515199292
3.379999999999972	0.000978581186342003
3.3899999999999717	0.0009428819860888168
3.3999999999999715	0.000908374155011106
3.4099999999999713	0.0008750223025141218
3.419999999999971	0.0008427919265124638
3.429999999999971	0.000811649396886054
3.4399999999999706	0.0007815619390431886
3.4499999999999704	0.0007524976176034271
3.45999999999997	0.0007244253201981792
3.46999999999997	0.0006973147414138597
3.47999999999997	0.000671136366839039
3.4899999999999696	0.0006458614572857739
3.4999999999999694	0.000621462033138583
3.509999999999969	0.0005979108588578304
3.519999999999969	0.0005751814276362272
3.5299999999999687	0.0005532479462305083
3.5399999999999685	0.000532085319922252
3.5499999999999683	0.0005116691376901593
3.559999999999968	0.000491975657515839
3.569999999999968	0.0004729817918939514
3.5799999999999677	0.0004546650935045778
3.5899999999999674	0.00043700374106516837
3.5999999999999672	0.0004199765253764058
3.609999999999967	0.00040356283554815106
3.619999999999967	0.0003877426454085817
3.6299999999999666	0.0003724965001175578
3.6399999999999664	0.0003578055029544993
3.649999999999966	0.00034365130231359917
3.659999999999966	0.00033001607888116915
3.6699999999999657	0.0003168825330271918
3.6799999999999655	0.0003042338723695141
3.6899999999999653	0.00029205379955413315
3.699999999999965	0.0002803265002240468
3.709999999999965	0.00026903663119293007
3.7199999999999647	0.000258169308807642
3.7299999999999645	0.00024771009751807326
3.7399999999999642	0.00023764499864272455
3.749999999999964	0.00022796043932902689
3.759999999999964	0.00021864326171609598
3.7699999999999636	0.000209680712294845
3.7799999999999634	0.00020106043145381923
3.789999999999963	0.00019277044324093548
3.799999999999963	0.00018479914530017817
3.8099999999999627	0.00017713529901086398
3.8199999999999625	0.0001697680198238511
3.8299999999999623	0.00016268676777945524
3.839999999999962	0.00015588133821866634
3.849999999999962	0.00014934185269204316
3.8599999999999617	0.00014305875003838331
3.8699999999999615	0.00013702277766905366
3.8799999999999613	0.00013122498301440752
3.889999999999961	0.0001256567051695632
3.899999999999961	0.00012030956671771235
3.9099999999999606	0.00011517546571960594
3.9199999999999604	0.00011024656788659243
3.92999999999996	0.0001055152989577956
3.93999999999996	0.00010097433717651129
3.9499999999999598	0.00009661660600280799
3.9599999999999596	0.00009243526699940446
3.9699999999999593	0.00008842371280442198
3.979999999999959	0.00008457556035733847
3.989999999999959	0.00008088464423645809
3.9999999999999587	0.00007734501017151314
4.009999999999959	0.00007395090870617253
4.019999999999959	0.00007069678901997342
4.0299999999999585	0.00006757729289787819
4.039999999999958	0.00006458724885435749
4.049999999999958	0.00006172166640079713
4.059999999999958	0.00005897573045649664
4.069999999999958	0.000056344795904967754
4.079999999999957	0.00005382438229431178
4.089999999999957	0.00005141016865813858
4.099999999999957	0.000049097988495440444
4.109999999999957	0.000046883824862627405
4.119999999999957	0.00004476380560452466
4.129999999999956	0.00004273419871508091
4.139999999999956	0.00004079140781651515
4.149999999999956	0.00003893196776261047
4.159999999999956	0.00003715254037262219
4.1699999999999555	0.00003544991026550028
4.179999999999955	0.000033820980822757565
4.189999999999955	0.00003226277026035651
4.199999999999955	0.000030772407810694376
4.209999999999955	0.000029347130013368427
4.2199999999999545	0.000027984277114003272
4.229999999999954	0.000026681289561986745
4.239999999999954	0.000025435704614634725
4.249999999999954	0.000024245153039525445
4.259999999999954	0.000023107355910224822
4.269999999999953	0.00002202012150198807
4.279999999999953	0.000020981342272901978
4.289999999999953	0.000019988991947636263
4.299999999999953	0.0000190411226754004
4.3099999999999525	0.00001813586227758685
4.319999999999952	0.000017271411593681834
4.329999999999952	0.00001644604188623027
4.339999999999952	0.000015658092340640954
4.349999999999952	0.000014905967642325152
4.3599999999999515	0.000014188135623113958
4.369999999999951	0.000013503124987882268
4.379999999999951	0.000012849523108604754
4.389999999999951	0.00001222597389542372
4.399999999999951	0.000011631175725472118
4.40999999999995	0.000011063879447497023
4.41999999999995	0.000010522886460496921
4.42999999999995	0.000010007046819458755
4.43999999999995	9.515257439045128e-6
4.4499999999999496	9.046460360233659e-6
4.459999999999949	8.599641025263625e-6
4.469999999999949	8.173826673249338e-6
4.479999999999949	7.768084745109323e-6
4.489999999999949	7.381521359946452e-6
4.4999999999999485	7.01327984353809e-6
4.509999999999948	6.662539301473004e-6
4.519999999999948	6.328513246087408e-6
4.529999999999948	6.010448259936253e-6
4.539999999999948	5.707622729060844e-6
4.549999999999947	5.4193455925134605e-6
4.559999999999947	5.144955156418799e-6
4.569999999999947	4.8838179287186765e-6
4.579999999999947	4.635327528560942e-6
4.589999999999947	4.398903597851262e-6
4.599999999999946	4.173990780634661e-6
4.609999999999946	3.960057706521775e-6
4.619999999999946	3.7565960545389637e-6
4.629999999999946	3.563119614873514e-6
4.6399999999999455	3.379163397369686e-6
4.649999999999945	3.2042827699087165e-6
4.659999999999945	3.0380526423314996e-6
4.669999999999945	2.8800666567665482e-6
4.679999999999945	2.7299364241875372e-6
4.689999999999944	2.587290789200481e-6
4.699999999999944	2.4517751162676284e-6
4.709999999999944	2.3230506026215096e-6
4.719999999999944	2.200793630385948e-6
4.729999999999944	2.0846951151366195e-6
4.739999999999943	1.974459916723173e-6
4.749999999999943	1.869806239326797e-6
4.759999999999943	1.7704650693879911e-6
4.769999999999943	1.67617964450389e-6
4.7799999999999425	1.586704918921645e-6
4.789999999999942	1.5018070663890503e-6
4.799999999999942	1.4212630296137987e-6
4.809999999999942	1.3448599956436342e-6
4.819999999999942	1.2723950266117397e-6
4.8299999999999415	1.2036745691340976e-6
4.839999999999941	1.1385140824396989e-6
4.849999999999941	1.076737636997794e-6
4.859999999999941	1.018177537708303e-6
4.869999999999941	9.626739626007443e-7
4.87999999999994	9.100746157550993e-7
4.88999999999994	8.602343951602424e-7
4.89999999999994	8.130150733453895e-7
4.90999999999994	7.682849927425952e-7
4.9199999999999395	7.259187687256507e-7
4.929999999999939	6.857970110928862e-7
4.939999999999939	6.478060565021628e-7
4.949999999999939	6.118377069026611e-7
4.959999999999939	5.777889940818874e-7
4.9699999999999385	5.455619102349911e-7
4.979999999999938	5.150632023838329e-7
4.989999999999938	4.862041768053095e-7
4.999999999999938	4.589004583727014e-7
5.009999999999938	4.3307180204799926e-7
5.019999999999937	4.086419023348446e-7
5.029999999999937	3.8553820866811186e-7
5.039999999999937	3.63691756564571e-7
5.049999999999937	3.430369967788737e-7
5.0599999999999365	3.2351163179128844e-7
5.069999999999936	3.050564687232993e-7
5.079999999999936	2.876152712484296e-7
5.089999999999936	2.7113461992240437e-7
5.099999999999936	2.5556377879526583e-7
5.1099999999999355	2.4085456791334963e-7
5.119999999999935	2.2696124113516927e-7
5.129999999999935	2.1384036999263545e-7
5.139999999999935	2.0145073252262012e-7
5.149999999999935	1.897532064533717e-7
5.159999999999934	1.7871066817920812e-7
5.169999999999934	1.682878964777291e-7
5.179999999999934	1.5845147930427772e-7
5.189999999999934	1.4916972594433508e-7
5.199999999999934	1.404125841039632e-7
5.209999999999933	1.3215155558377135e-7
5.219999999999933	1.2435962238678586e-7
5.229999999999933	1.1701117641807082e-7
5.239999999999933	1.1008194992171848e-7
5.2499999999999325	1.0354893627951573e-7
5.259999999999932	9.739034214421751e-8