-5.789999999999921	9.920953817243995e-8
-5.779999999999921	1.0424266519190796e-7
-5.769999999999921	1.0952326762725177e-7
-5.759999999999922	1.1506309920300825e-7
-5.749999999999922	1.2087445083153142e-7
-5.739999999999922	1.2697017389682e-7
-5.729999999999922	1.3336369982866419e-7
-5.7199999999999225	1.40069080146471e-7
-5.709999999999923	1.4710100759431936e-7
-5.699999999999923	1.5447481667602203e-7
-5.689999999999923	1.6220655318586117e-7
-5.679999999999923	1.7031298111953044e-7
-5.6699999999999235	1.7881161959769672e-7
-5.659999999999924	1.8772077363924747e-7
-5.649999999999924	1.9705956923463608e-7
-5.639999999999924	2.0684798777469645e-7
-5.629999999999924	2.1710690263240541e-7
-5.619999999999925	2.278581174333487e-7
-5.609999999999925	2.391244059783085e-7
-5.599999999999925	2.509295504872245e-7
-5.589999999999925	2.6329838991491206e-7
-5.5799999999999255	2.7625685403379744e-7
-5.569999999999926	2.898320311488108e-7
-5.559999999999926	3.040521852728644e-7
-5.549999999999926	3.189468383384624e-7
-5.539999999999926	3.345467953483787e-7
-5.5299999999999265	3.508842130729978e-7
-5.519999999999927	3.679926534075883e-7
-5.509999999999927	3.859071407936178e-7
-5.499999999999927	4.046642235631925e-7
-5.489999999999927	4.2430203650058677e-7
-5.479999999999928	4.448603668532127e-7
-5.469999999999928	4.663807219193739e-7
-5.459999999999928	4.889064000388683e-7
-5.449999999999928	5.124825639954094e-7
-5.4399999999999284	5.371563168590665e-7
-5.429999999999929	5.629767820640389e-7
-5.419999999999929	5.899951847499449e-7
-5.409999999999929	6.182649375044654e-7
-5.399999999999929	6.478417290547588e-7
-5.3899999999999295	6.787836161174832e-7
-5.37999999999993	7.111511190444927e-7
-5.36999999999993	7.450073208808453e-7
-5.35999999999993	7.80417970187594e-7
-5.34999999999993	8.17451587822742e-7
-5.339999999999931	8.561795776414047e-7
-5.329999999999931	8.966763412476064e-7
-5.319999999999931	9.390193975450225e-7
-5.309999999999931	9.832895123628982e-7
-5.299999999999931	1.0295708073251376e-6
-5.289999999999932	1.0779509057826089e-6
-5.279999999999932	1.1285210838163132e-6
-5.269999999999932	1.1813763932237087e-6
-5.259999999999932	1.2366158165333175e-6
-5.2499999999999325	1.294342420255818e-6
-5.239999999999933	1.354663514288088e-6
-5.229999999999933	1.4176908165963778e-6
-5.219999999999933	1.4835406244243466e-6
-5.209999999999933	1.552333990944013e-6
-5.199999999999934	1.6241969091805963e-6
-5.189999999999934	1.6992605016499321e-6
-5.179999999999934	1.7776612176420389e-6
-5.169999999999934	1.8595410365676147e-6
-5.159999999999934	1.9450476793115534e-6
-5.149999999999935	2.034334827127132e-6
-5.139999999999935	2.127562347682511e-6
-5.129999999999935	2.2248965293317837e-6
-5.119999999999935	2.3265103257457263e-6
-5.1099999999999355	2.432583599775344e-6
-5.099999999999936	2.5433033951472105e-6
-5.089999999999936	2.658864190462662e-6
-5.079999999999936	2.779468194544107e-6
-5.069999999999936	2.9053256186568257e-6
-5.0599999999999365	3.0366549843607287e-6
-5.049999999999937	3.1736834261975607e-6
-5.039999999999937	3.3166470122157164e-6
-5.029999999999937	3.465791073524296e-6
-5.019999999999937	3.621370543693632e-6
-5.009999999999938	3.7836503113727827e-6
-4.999999999999938	3.95290558269165e-6
-4.989999999999938	4.129422261050134e-6
-4.979999999999938	4.313497333822779e-6
-4.9699999999999385	4.505439277966739e-6
-4.959999999999939	4.705568466374085e-6
-4.949999999999939	4.914217601818734e-6
-4.939999999999939	5.131732163039177e-6
-4.929999999999939	5.358470860453442e-6
-4.9199999999999395	5.594806105452142e-6
-4.90999999999994	5.8411245033115585e-6
-4.89999999999994	6.097827358780366e-6
-4.88999999999994	6.365331193404573e-6
-4.87999999999994	6.644068276736481e-6
-4.869999999999941	6.934487194295606e-6
-4.859999999999941	7.237053414441817e-6
-4.849999999999941	7.552249877302518e-6
-4.839999999999941	7.88057760130001e-6
-4.8299999999999415	8.222556327413699e-6
-4.819999999999942	8.578725148048655e-6
-4.809999999999942	8.949643193274507e-6
-4.799999999999942	9.335890311000321e-6
-4.789999999999942	9.738067784093599e-6
-4.7799999999999425	0.000010156799064215971
-4.769999999999943	0.00001059273053083937
-4.759999999999943	0.000011046532264421212
-4.749999999999943	0.000011518898864794248
-4.739999999999943	0.000012010550260776745
-4.729999999999944	0.000012522232582633996
-4.719999999999944	0.000013054719037625367
-4.709999999999944	0.000013608810814637994
-4.699999999999944	0.000014185338025884275
-4.689999999999944	0.000014785160648495007
-4.679999999999945	0.000015409169547401097
-4.669999999999945	0.00001605828747892736
-4.659999999999945	0.0000167334701401524
-4.649999999999945	0.000017435707260108015
-4.6399999999999455	0.000018166023709461005
-4.629999999999946	0.00001892548064301409
-4.619999999999946	0.000019715176695029732
-4.609999999999946	0.000020536249178820496
-4.599999999999946	0.00002138987534118774
-4.589999999999947	0.000022277273653612808
-4.579999999999947	0.0000231997051302789
-4.569999999999947	0.0000241584746818565
-4.559999999999947	0.000025154932530662455
-4.549999999999947	0.000026190475638753333
-4.539999999999948	0.000027266549178542136
-4.529999999999948	0.000028384648072688116
-4.519999999999948	0.000029546318543167187
-4.509999999999948	0.0000307531597196508
-4.4999999999999485	0.00003200682529332123
-4.489999999999949	0.000033309025204824504
-4.479999999999949	0.000034661527389496805
-4.469999999999949	0.000036066159570926497
-4.459999999999949	0.0000375248110976264
-4.4499999999999496	0.000039039434817466385
-4.43999999999995	0.00004061204902896658
-4.42999999999995	0.000042244739468416815
-4.41999999999995	0.00004393966133861112
-4.40999999999995	0.00004569904141810311
-4.399999999999951	0.00004752518020587157
-4.389999999999951	0.00004942045412378355
-4.379999999999951	0.00005138731778357176
-4.369999999999951	0.00005342830630973392
-4.3599999999999515	0.000055546037714241384
-4.349999999999952	0.00005774321534167438
-4.339999999999952	0.00006002263037162377
-4.329999999999952	0.00006238716438612819
-4.319999999999952	0.00006483979199148491
-4.3099999999999525	0.00006738358353095522
-4.299999999999953	0.00007002170783170819
-4.289999999999953	0.0000727574350372942
-4.279999999999953	0.00007559413951420277
-4.269999999999953	0.00007853530281954112
-4.259999999999954	0.0000815845167307171
-4.249999999999954	0.00008474548637818667
-4.239999999999954	0.00008802203342224175
-4.229999999999954	0.00009141809931366262
-4.2199999999999545	0.0000949377486497637
-4.209999999999955	0.00009858517257662394
-4.199999999999955	0.00010236469229374295
-4.189999999999955	0.00010628076263503313
-4.179999999999955	0.00011033797572779553
-4.1699999999999555	0.0001145410647262762
-4.159999999999956	0.00011889490765519015
-4.149999999999956	0.00012340453131215356
-4.139999999999956	0.00012807511528163023
-4.129999999999956	0.0001329119960023859
-4.119999999999957	0.00013792067096693146
-4.109999999999957	0.00014310680296819535
-4.099999999999957	0.0001484762244930178
-4.089999999999957	0.00015403494214508783
-4.079999999999957	0.00015978914121056752
-4.069999999999958	0.00016574519029374609
-4.059999999999958	0.000171909646076486
-4.049999999999958	0.0001782892581357097
-4.039999999999958	0.0001848909738955476
-4.0299999999999585	0.00019172194366803784
-4.019999999999959	0.0001987895257920849
-4.009999999999959	0.00020610129187067307
-3.9999999999999587	0.00021366503213733764
-3.989999999999959	0.00022148876089270864
-3.979999999999959	0.00022958072206786915
-3.9699999999999593	0.0002379493949016768
-3.9599999999999596	0.0002466034997023188
-3.9499999999999598	0.00025555200373214397
-3.93999999999996	0.00026480412721397877
-3.92999999999996	0.0002743693494255304
-3.9199999999999604	0.000284257414912009
-3.9099999999999606	0.00029447833983346273
-3.899999999999961	0.0003050424183892441
-3.889999999999961	0.0003159602293827239
-3.8799999999999613	0.0003272426428956368
-3.8699999999999615	0.00033890082707487603
-3.8599999999999617	0.0003509462550263788
-3.849999999999962	0.0003633907118514102
-3.839999999999962	0.0003762463017771545
-3.8299999999999623	0.00038952545540968077
-3.8199999999999625	0.00040324093711036264
-3.8099999999999627	0.00041740585249465194
-3.799999999999963	0.00043203365602687043
-3.789999999999963	0.0004471381587644404
-3.7799999999999634	0.000462733536208046
-3.7699999999999636	0.0004788343362543253
-3.759999999999964	0.0004954554872967297
-3.749999999999964	0.0005126123064375891
-3.7399999999999642	0.0005303205077879862
-3.7299999999999645	0.0005485962109358977
-3.7199999999999647	0.0005674559495042754
-3.709999999999965	0.0005869166798173545
-3.699999999999965	0.0006069957897131263
-3.6899999999999653	0.0006277111074509073
-3.6799999999999655	0.0006490809107415202
-3.6699999999999657	0.0006711239358943977
-3.659999999999966	0.0006938593870758617
-3.649999999999966	0.0007173069456848883
-3.6399999999999664	0.000741486779829221
-3.6299999999999666	0.0007664195539393964
-3.619999999999967	0.0007921264384586833
-3.609999999999967	0.0008186291196573472
-3.5999999999999672	0.000845949809569286
-3.5899999999999674	0.0008741112559994952
-3.5799999999999677	0.0009031367526452025
-3.569999999999968	0.0009330501493873299
-3.559999999999968	0.0009638758625271003
-3.5499999999999683	0.0009956388852620508
-3.5399999999999685	0.0010283647982076353
-3.5299999999999687	0.0010620797799969434
-3.519999999999969	0.001096810617966499
-3.509999999999969	0.0011325847190031173
-3.4999999999999694	0.0011694301203324883
-3.4899999999999696	0.0012073755005078425
-3.47999999999997	0.0012464501904424564
-3.46999999999997	0.0012866841845028782
-3.45999999999997	0.0013281081516686392
-3.4499999999999704	0.0013707534467783486
-3.4399999999999706	0.0014146521218309034
-3.429999999999971	0.001459836937322328
-3.419999999999971	0.0015063413736618534
-3.4099999999999713	0.0015541996426558147
-3.3999999999999715	0.0016034466989567982
-3.3899999999999717	0.0016541182516384585
-3.379999999999972	0.0017062507757722163
-3.369999999999972	0.0017598815240127636
-3.3599999999999723	0.0018150485382321007
-3.3499999999999726	0.0018717906611761014
-3.3399999999999728	0.001930147548095514
-3.329999999999973	0.001990159678440035
-3.319999999999973	0.002051868367489827
-3.3099999999999734	0.00211531577802716
-3.2999999999999736	0.002180544931967259
-3.289999999999974	0.002247599721994419
-3.279999999999974	0.0023165249231407938
-3.2699999999999743	0.002387366204343975
-3.2599999999999745	0.00246017013996763
-3.2499999999999747	0.002534984221269757
-3.239999999999975	0.002611856867787669
-3.229999999999975	0.0026908374387060716
-3.2199999999999753	0.0027719762441012806
-3.2099999999999755	0.002855324556124814
-3.1999999999999758	0.002940934620093102
-3.189999999999976	0.0030288596654802183
-3.179999999999976	0.0031191539167718095
-3.1699999999999764	0.0032118726042389585
-3.1599999999999766	0.0033070719745556176
-3.149999999999977	0.00340480930126951
-3.139999999999977	0.003505142895147527
-3.1299999999999772	0.003608132114345738
-3.1199999999999775	0.0037138373743911693
-3.1099999999999777	0.0038223201580100535
-3.099999999999978	0.00393364302475196
-3.089999999999978	0.004047869620385295
-3.0799999999999783	0.004165064686107955
-3.0699999999999785	0.004285294067522055
-3.0599999999999787	0.004408624723344376
-3.049999999999979	0.004535124733884959
-3.039999999999979	0.00466486330926788
-3.0299999999999794	0.004797910797339956
-3.0199999999999796	0.004934338691316273
-3.00999999999998	0.005074219637116924
-2.99999999999998	0.0052176274403773456
-2.9899999999999802	0.005364637073123382
-2.9799999999999804	0.005515324680128956
-2.9699999999999807	0.0056697675848763575
-2.959999999999981	0.0058280442951604405
-2.949999999999981	0.005990234508324454
-2.9399999999999813	0.006156419116060395
-2.9299999999999815	0.006326680208801475
-2.9199999999999817	0.006501101079714878
-2.909999999999982	0.006679766228202293
-2.899999999999982	0.006862761362961541
-2.8899999999999824	0.007050173404581949
-2.8799999999999826	0.0072420904876403
-2.869999999999983	0.0074386019622331295
-2.859999999999983	0.007639798395115688
-2.849999999999983	0.00784577157017592
-2.8399999999999834	0.008056614488406227
-2.8299999999999836	0.008272421367311383
-2.819999999999984	0.008493287639715446
-2.809999999999984	0.008719309951962073
-2.7999999999999843	0.008950586161508994
-2.7899999999999845	0.009187215333888726
-2.7799999999999847	0.009429297738990898
-2.769999999999985	0.0096769348467094
-2.759999999999985	0.00993022932190963
-2.7499999999999853	0.010189285018621614
-2.7399999999999856	0.010454206973638242
-2.7299999999999858	0.010725101399288336
-2.719999999999986	0.011002075675470806
-2.709999999999986	0.011285238340958358
-2.6999999999999864	0.01157469908389527
-2.6899999999999866	0.011870568731498997
-2.679999999999987	0.01217295923894039
-2.669999999999987	0.012481983677426468
-2.6599999999999873	0.012797756221390746
-2.6499999999999875	0.01312039213484357
-2.6399999999999877	0.013450007756863242
-2.629999999999988	0.013786720486158841
-2.619999999999988	0.014130648764734459
-2.6099999999999883	0.014481912060659078
-2.5999999999999885	0.014840630849854552
-2.5899999999999888	0.015206926596948315
-2.579999999999989	0.015580921735175416
-2.569999999999989	0.01596273964527045
-2.5599999999999894	0.016352504633363497
-2.5499999999999896	0.01675034190789782
-2.53999999999999	0.017156377555493894
-2.52999999999999	0.017570738515770543
-2.5199999999999902	0.01799355255515429
-2.5099999999999905	0.018424948239597845
-2.4999999999999907	0.018865054906209343
-2.489999999999991	0.01931400263384454
-2.479999999999991	0.019771922212568648
-2.4699999999999913	0.02023894511199818
-2.4599999999999915	0.020715203448559868
-2.4499999999999917	0.021200829951608668
-2.439999999999992	0.02169595792838587
-2.429999999999992	0.022200721227860903
-2.4199999999999924	0.02271525420342148
-2.4099999999999926	0.02323969167435973
-2.399999999999993	0.023774168886231368
-2.389999999999993	0.02431882147003018
-2.3799999999999932	0.024873785400166395
-2.3699999999999934	0.025439196951257338
-2.3599999999999937	0.026015192653760753
-2.349999999999994	0.026601909248359364
-2.339999999999994	0.027199483639179824
-2.3299999999999943	0.027808052845814064
-2.3199999999999945	0.02842775395410966
-2.3099999999999947	0.029058724065766282
-2.299999999999995	0.029701100246751936
-2.289999999999995	0.030355019474474505
-2.2799999999999954	0.03102061858376209
-2.2699999999999956	0.03169803421166953
-2.259999999999996	0.0323874027410476
-2.249999999999996	0.033088860242920556
-2.239999999999996	0.033802542417710614
-2.2299999999999964	0.03452858453524084
-2.2199999999999966	0.035267121373561326
-2.209999999999997	0.036018287156613905
-2.199999999999997	0.03678221549075996
-2.1899999999999973	0.03755903930009779
-2.1799999999999975	0.03834889076068008
-2.1699999999999977	0.03915190123359538
-2.159999999999998	0.039968201196898985
-2.149999999999998	0.04079792017648213
-2.1399999999999983	0.041641186675827335
-2.1299999999999986	0.042498128104673606
-2.1199999999999988	0.04336887070664799
-2.109999999999999	0.04425353948585604
-2.099999999999999	0.045152258132410826
-2.0899999999999994	0.04606514894700521
-2.0799999999999996	0.046992332764469555
-2.07	0.047933928876395436
-2.06	0.048890054952791306
-2.0500000000000003	0.04986082696286587
-2.0400000000000005	0.05084635909487432
-2.0300000000000007	0.051846763675142515
-2.020000000000001	0.05286215108625297
-2.010000000000001	0.053892629684406376
-2.0000000000000013	0.054938305716020285
-1.9900000000000015	0.055999283233612314
-1.9800000000000015	0.05707566401092617
-1.9700000000000015	0.05816754745740188
-1.9600000000000015	0.05927503053203165
-1.9500000000000015	0.060398207656567504
-1.9400000000000015	0.061537170628169574
-1.9300000000000015	0.06269200853155625
-1.9200000000000015	0.0638628076506319
-1.9100000000000015	0.06504965137965811
-1.9000000000000015	0.0662526201340593
-1.8900000000000015	0.06747179126082545
-1.8800000000000014	0.06870723894859446
-1.8700000000000014	0.06995903413748157
-1.8600000000000014	0.07122724442867333
-1.8500000000000014	0.07251193399380425
-1.8400000000000014	0.07381316348425541
-1.8300000000000014	0.07513098994034234
-1.8200000000000014	0.0764654667004433
-1.8100000000000014	0.07781664331019178
-1.8000000000000014	0.0791845654317285
-1.7900000000000014	0.08056927475303419
-1.7800000000000014	0.08197080889751542
-1.7700000000000014	0.08338920133373616
-1.7600000000000013	0.08482448128554154
-1.7500000000000013	0.086276673642442
-1.7400000000000013	0.08774579887046699
-1.7300000000000013	0.08923187292342995
-1.7200000000000013	0.09073490715475514
-1.7100000000000013	0.0922549082299045
-1.7000000000000013	0.09379187803940073
-1.6900000000000013	0.0953458136125946
-1.6800000000000013	0.09691670703222786
-1.6700000000000013	0.09850454534978115
-1.6600000000000013	0.10010931050174623
-1.6500000000000012	0.10173097922689281
-1.6400000000000012	0.10336952298451949
-1.6300000000000012	0.10502490787382586
-1.6200000000000012	0.10669709455442508
-1.6100000000000012	0.10838603816815698
-1.6000000000000012	0.11009168826209023
-1.5900000000000012	0.11181398871298696
-1.5800000000000012	0.11355287765314459
-1.5700000000000012	0.11530828739773219
-1.5600000000000012	0.117080144373748
-1.5500000000000012	0.11886836905056876
-1.5400000000000011	0.12067287587219222
-1.5300000000000011	0.12249357319131102
-1.5200000000000011	0.12433036320518014
-1.5100000000000011	0.12618314189339444
-1.500000000000001	0.12805179895767763
-1.490000000000001	0.1299362177637023
-1.480000000000001	0.1318362752849916
-1.470000000000001	0.13375184204905347
-1.460000000000001	0.13568278208574922
-1.450000000000001	0.13762895287793916
-1.440000000000001	0.1395902053145607
-1.430000000000001	0.14156638364615104
-1.420000000000001	0.14355732544283087
-1.410000000000001	0.14556286155491557
-1.400000000000001	0.14758281607617477
-1.390000000000001	0.14961700630974145
-1.380000000000001	0.15166524273682888
-1.370000000000001	0.15372732898829108
-1.360000000000001	0.15580306181902542
-1.350000000000001	0.15789223108534345
-1.340000000000001	0.15999461972538329
-1.330000000000001	0.16211000374252216
-1.320000000000001	0.16423815219194382
-1.310000000000001	0.16637882717039915
-1.300000000000001	0.1685317838091564
-1.290000000000001	0.1706967702702322
-1.280000000000001	0.17287352774601009
-1.270000000000001	0.17506179046217019
-1.260000000000001	0.17726128568406818
-1.2500000000000009	0.17947173372661637
-1.2400000000000009	0.18169284796765398
-1.2300000000000009	0.18392433486485538
-1.2200000000000009	0.18616589397630612
-1.2100000000000009	0.1884172179846647
-1.2000000000000008	0.19067799272499567
-1.1900000000000008	0.19294789721636524
-1.1800000000000008	0.19522660369714778
-1.1700000000000008	0.19751377766407585
-1.1600000000000008	0.199809077915161
-1.1500000000000008	0.20211215659641826
-1.1400000000000008	0.20442265925239853
-1.1300000000000008	0.20674022488066737
-1.1200000000000008	0.2090644859901652
-1.1100000000000008	0.21139506866342522
-1.1000000000000008	0.21373159262277971
-1.0900000000000007	0.21607367130050595
-1.0800000000000007	0.21842091191286367
-1.0700000000000007	0.22077291553814316
-1.0600000000000007	0.22312927719867806
-1.0500000000000007	0.22548958594677815
-1.0400000000000007	0.22785342495464556
-1.0300000000000007	0.23022037160829176
-1.0200000000000007	0.23258999760532853
-1.0100000000000007	0.2349618690567415
-1.0000000000000007	0.23733554659263603
-0.9900000000000007	0.23971058547182614
-0.9800000000000006	0.24208653569534427
-0.9700000000000006	0.24446294212388878
-0.9600000000000006	0.24683934459904797
-0.9500000000000006	0.24921527806837399
-0.9400000000000006	0.25159027271430423
-0.9300000000000006	0.2539638540867916
-0.9200000000000006	0.2563355432396663
-0.9100000000000006	0.25870485687075845
-0.9000000000000006	0.26107130746561324
-0.8900000000000006	0.26343440344479696
-0.8800000000000006	0.26579364931485006
-0.8700000000000006	0.26814854582269126
-0.8600000000000005	0.27049859011477034
-0.8500000000000005	0.27284327589299645
-0.8400000000000005	0.2751820935875883
-0.8300000000000005	0.27751453051934694
-0.8200000000000005	0.27984007107223247
-0.8100000000000005	0.28215819686764076
-0.8000000000000005	0.2844683869417063
-0.7900000000000005	0.2867701179256793
-0.7800000000000005	0.2890628642292305
-0.7700000000000005	0.2913460982265213
-0.7600000000000005	0.2936192904451341
-0.7500000000000004	0.29588190975768613
-0.7400000000000004	0.2981334235759457
-0.7300000000000004	0.3003732980475345
-0.7200000000000004	0.3026009982550789
-0.7100000000000004	0.3048159884175572
-0.7000000000000004	0.3070177320939441
-0.6900000000000004	0.30920569238902823
-0.6800000000000004	0.3113793321611305
-0.6700000000000004	0.31353811423178835
-0.6600000000000004	0.3156815015973261
-0.6500000000000004	0.3178089576419898
-0.6400000000000003	0.31991994635270704
-0.6300000000000003	0.322013932535419
-0.6200000000000003	0.3240903820324064
-0.6100000000000003	0.3261487619419409
-0.6000000000000003	0.328188540837219
-0.5900000000000003	0.33020918898788176
-0.5800000000000003	0.3322101785817766
-0.5700000000000003	0.33419098394760854
-0.5600000000000003	0.3361510817780441
-0.5500000000000003	0.3380899513534844
-0.5400000000000003	0.3400070747661718
-0.5300000000000002	0.34190193714444
-0.5200000000000002	0.343774026877176
-0.5100000000000002	0.34562283583828546
-0.5000000000000002	0.3474478596108573
-0.49000000000000027	0.3492485977111192
-0.48000000000000026	0.35102455381202363
-0.47000000000000025	0.35277523596613897
-0.46000000000000024	0.3545001568279005
-0.45000000000000023	0.3561988338750953
-0.4400000000000002	0.3578707896292617
-0.4300000000000002	0.35951555187499223
-0.4200000000000002	0.3611326538780794
-0.4100000000000002	0.362721634602172
-0.4000000000000002	0.36428203892390876
-0.3900000000000002	0.3658134178464717
-0.38000000000000017	0.3673153287112654
-0.37000000000000016	0.36878733540764264
-0.36000000000000015	0.3702290085806417
-0.35000000000000014	0.37163992583644756
-0.34000000000000014	0.37301967194547825
-0.3300000000000001	0.37436783904307774
-0.3200000000000001	0.37568402682755164
-0.3100000000000001	0.3769678427554006
-0.3000000000000001	0.37821890223377347
-0.2900000000000001	0.3794368288098718
-0.2800000000000001	0.38062125435718086
-0.2700000000000001	0.3817718192583578
-0.26000000000000006	0.3828881725853797
-0.25000000000000006	0.38396997227482427
-0.24000000000000007	0.3850168853008732
-0.23000000000000007	0.3860285878439072
-0.22000000000000006	0.3870047654553041
-0.21000000000000005	0.3879451132182985
-0.20000000000000004	0.38884933590475573
-0.19000000000000003	0.3897171481276583
-0.18000000000000002	0.3905482744893186
-0.17	0.3913424497251917
-0.16	0.39209941884308286
-0.15	0.3928189372577515
-0.13999999999999999	0.39350077092083086
-0.12999999999999998	0.3941446964458471
-0.11999999999999998	0.39475050122834343
-0.10999999999999999	0.39531798356103653
-0.09999999999999999	0.39584695274382153
-0.09	0.39633722918860853
-0.08	0.39678864451894796
-0.07	0.39720104166427816
-0.060000000000000005	0.3975742749487562
-0.05	0.3979082101746779
-0.04	0.39820272470031065
-0.03	0.3984577075121014
-0.02	0.3986730592912952
-0.01	0.398848692474799
0	0.39898453131025413
0.01	0.3990805119053685
0.02	0.3991365822713438
0.03	0.3991527023604219
0.04	0.3991288440975202
0.05	0.39906499140592
0.060000000000000005	0.39896114022692175
0.07	0.3988172985335583
0.08	0.3986334863382734
0.09	0.3984097356945246
0.09999999999999999	0.398146090692387
0.10999999999999999	0.39784260744811895
0.11999999999999998	0.39749935408761955
0.12999999999999998	0.3971164107238799
0.13999999999999999	0.3966938694284194
0.15	0.3962318341966335
0.16	0.39573042090716654
0.17	0.3951897572753181
0.18000000000000002	0.39460998280043574
0.19000000000000003	0.39399124870738517
0.20000000000000004	0.39333371788216
0.21000000000000005	0.39263756480156253
0.22000000000000006	0.3919029754570802
0.23000000000000007	0.39113014727302337
0.24000000000000007	0.3903192890188811
0.25000000000000006	0.389470620716006
0.26000000000000006	0.3885843735387283
0.2700000000000001	0.38766078970986784
0.2800000000000001	0.3867001223907544
0.2900000000000001	0.3857026355658638
0.3000000000000001	0.384668603922079
0.3100000000000001	0.38359831272266137
0.3200000000000001	0.3824920576760878
0.3300000000000001	0.38135014479973234
0.34000000000000014	0.3801728902785429
0.35000000000000014	0.378960620318804
0.36000000000000015	0.3777136709970695
0.37000000000000016	0.37643238810432106
0.38000000000000017	0.37511712698554406
0.3900000000000002	0.37376825237476724
0.4000000000000002	0.3723861382256422
0.4100000000000002	0.3709711675377546
0.4200000000000002	0.36952373217874396
0.4300000000000002	0.36804423270230074
0.4400000000000002	0.3665330781622305
0.45000000000000023	0.3649906859226995
0.46000000000000024	0.36341748146471164
0.47000000000000025	0.3618138981890325
0.48000000000000026	0.3601803772157564
0.49000000000000027	0.35851736718004396
0.5000000000000002	0.3568253240256054
0.5100000000000002	0.3551047107942256
0.5200000000000002	0.3533559974127772
0.5300000000000002	0.3515796604773712
0.5400000000000003	0.34977618303489405
0.5500000000000003	0.34794605436199677
0.5600000000000003	0.34608976974172667
0.5700000000000003	0.3442078302379787
0.5800000000000003	0.34230074246783304
0.5900000000000003	0.3403690183719775
0.6000000000000003	0.33841317498335893
0.6100000000000003	0.33643373419420664
0.6200000000000003	0.33443122252153745
0.6300000000000003	0.3324061708713792
0.6400000000000003	0.3303591143017818
0.6500000000000004	0.3282905917847712
0.6600000000000004	0.32620114596746663
0.6700000000000004	0.32409132293244064
0.6800000000000004	0.32196167195746556
0.6900000000000004	0.3198127452748705
0.7000000000000004	0.31764509783059597
0.7100000000000004	0.31545928704308246
0.7200000000000004	0.313255872562208
0.7300000000000004	0.3110354160283761
0.7400000000000004	0.3087984808318825
0.7500000000000004	0.30654563187274886
0.7600000000000005	0.30427743532117696
0.7700000000000005	0.30199445837868466
0.7800000000000005	0.2996972690401594
0.7900000000000005	0.297386435856949
0.8000000000000005	0.2950625277010646
0.8100000000000005	0.29272611353071004
0.8200000000000005	0.2903777621572655
0.8300000000000005	0.2880180420137913
0.8400000000000005	0.28564752092526924
0.8500000000000005	0.2832667658806691
0.8600000000000005	0.28087634280696316
0.8700000000000006	0.2784768163452232
0.8800000000000006	0.2760687496289609
0.8900000000000006	0.2736527040647563
0.9000000000000006	0.2712292391153481
0.9100000000000006	0.26879891208531437
0.9200000000000006	0.26636227790940625
0.9300000000000006	0.26391988894366136
0.9400000000000006	0.2614722947594615
0.9500000000000006	0.2590200419405592
0.9600000000000006	0.2565636738832062
0.9700000000000006	0.2541037305995209
0.9800000000000006	0.25164074852414153
0.9900000000000007	0.24917526032425655
1.0000000000000007	0.24670779471315643
1.0100000000000007	0.24423887626735044
1.0200000000000007	0.24176902524731153
1.0300000000000007	0.23929875742200926
1.0400000000000007	0.2368285838972251
1.0500000000000007	0.23435901094776102
1.0600000000000007	0.2318905398533094
1.0700000000000007	0.2294236667399014
1.0800000000000007	0.226958882422337
1.0900000000000007	0.224496672253864
1.1000000000000008	0.22203751597853646
1.1100000000000008	0.219581887588118
1.1200000000000008	0.2171302551833078
1.1300000000000008	0.21468308083934193
1.1400000000000008	0.21224082047595813
1.1500000000000008	0.20980392373182127
1.1600000000000008	0.20737283384342914
1.1700000000000008	0.20494798752850596
1.1800000000000008	0.20252981487392846
1.1900000000000008	0.2001187392282442
1.2000000000000008	0.19771517709872924
1.2100000000000009	0.19531953805306018
1.2200000000000009	0.19293222462560147
1.2300000000000009	0.19055363222832014
1.2400000000000009	0.18818414906629977
1.2500000000000009	0.18582415605793226
1.260000000000001	0.18347402675947808
1.270000000000001	0.18113412729545594
1.280000000000001	0.17880481629124914
1.290000000000001	0.1764864448127729
1.300000000000001	0.1741793563094845
1.310000000000001	0.17188388656226727
1.320000000000001	0.1696003636358636
1.330000000000001	0.16732910783583552
1.340000000000001	0.16507043167007912
1.350000000000001	0.1628246398148209
1.360000000000001	0.16059202908505488
1.370000000000001	0.1583728884094269
1.380000000000001	0.15616749880951755
1.390000000000001	0.15397613338344102
1.400000000000001	0.15179905729378362
1.410000000000001	0.14963652775979744
1.420000000000001	0.1474887940538044
1.430000000000001	0.14535609750176098
1.440000000000001	0.1432386714879641
1.450000000000001	0.14113674146377822
1.460000000000001	0.13905052496038003
1.470000000000001	0.13698023160546677
1.480000000000001	0.13492606314380734
1.490000000000001	0.1328882134616261
1.500000000000001	0.13086686861476493
1.5100000000000011	0.1288622068604875
1.5200000000000011	0.1268743986929263
1.5300000000000011	0.12490360688206935
1.5400000000000011	0.12294998651621701
1.5500000000000012	0.1210136850478393
1.5600000000000012	0.11909484234275722
1.5700000000000012	0.11719359073257442
1.5800000000000012	0.11531005507025605
1.5900000000000012	0.1134443527888344
1.6000000000000012	0.111596593963092
1.6100000000000012	0.1097668813741753
1.6200000000000012	0.10795531057706541
1.6300000000000012	0.10616196997080686
1.6400000000000012	0.10438694087138871
1.6500000000000012	0.10263029758725566
1.6600000000000013	0.10089210749729628
1.6700000000000013	0.09917243113125492
1.6800000000000013	0.09747132225248989
1.6900000000000013	0.09578882794295568
1.7000000000000013	0.09412498869036193
1.7100000000000013	0.09247983847738359
1.7200000000000013	0.09085340487287345
1.7300000000000013	0.08924570912495126
1.7400000000000013	0.0876567662558976
1.7500000000000013	0.08608658515879125
1.7600000000000013	0.08453516869573595
1.7700000000000014	0.08300251379764591
1.7800000000000014	0.08148861156553108
1.7900000000000014	0.07999344737304931
1.8000000000000014	0.07851700097041765
1.8100000000000014	0.0770592465895096
1.8200000000000014	0.07562015305002984
1.8300000000000014	0.07419968386672436
1.8400000000000014	0.07279779735755029
1.8500000000000014	0.07141444675265991
1.8600000000000014	0.07004958030418662
1.8700000000000014	0.06870314139671244
1.8800000000000014	0.06737506865833397
1.8900000000000015	0.06606529607225244
1.9000000000000015	0.06477375308886212
1.9100000000000015	0.06350036473811227
1.9200000000000015	0.062245051742241195
1.9300000000000015	0.061007730628701476
1.9400000000000015	0.059788313843217276
1.9500000000000015	0.058586709862918016
1.9600000000000015	0.057402823309459235
1.9700000000000015	0.05623655506207948
1.9800000000000015	0.05508780237048896
1.9900000000000015	0.053956458967565034
2.0000000000000013	0.052842415181755954
2.010000000000001	0.0517455580491298
2.020000000000001	0.05066577142502054
2.0300000000000007	0.04960293609519995
2.0400000000000005	0.04855692988650684
2.0500000000000003	0.04752762777687578
2.06	0.04651490200473914
2.07	0.04551862217768013
2.0799999999999996	0.044538655380345904
2.0899999999999994	0.04357486628154141
2.099999999999999	0.04262711724044041
2.109999999999999	0.041695268411887317
2.1199999999999988	0.04077917785072635
2.1299999999999986	0.03987870161511614
2.1399999999999983	0.038993693868777116
2.149999999999998	0.03812400698217103
2.159999999999998	0.037269491632464624
2.1699999999999977	0.036429996902377755
2.1799999999999975	0.0356053703777788
2.1899999999999973	0.03479545824401483
2.199999999999997	0.034000105380962424
2.209999999999997	0.033219155456734414
2.2199999999999966	0.03245245102004679
2.2299999999999964	0.031699833591173635
2.239999999999996	0.030961143751502117
2.249999999999996	0.03023622123163286
2.259999999999996	0.029524904998017826
2.2699999999999956	0.028827033338096778
2.2799999999999954	0.02814244394393663
2.289999999999995	0.027470973994300107
2.299999999999995	0.026812460235223597
2.3099999999999947	0.02616673905895451
2.3199999999999945	0.025533646581339723
2.3299999999999943	0.02491301871762093
2.339999999999994	0.024304691256601077
2.349999999999994	0.02370849993319166
2.3599999999999937	0.02312428049933028
2.3699999999999934	0.022551868793255245
2.3799999999999932	0.021991100807131982
2.389999999999993	0.02144181275302731
2.399999999999993	0.020903841127232755
2.4099999999999926	0.020377022772907784
2.4199999999999924	0.019861194941090572
2.429999999999992	0.019356195350026764
2.439999999999992	0.01886186224284387
2.4499999999999917	0.018378034443569915
2.4599999999999915	0.01790455141149648
2.4699999999999913	0.017441253293890464
2.479999999999991	0.016987980977063867
2.489999999999991	0.016544576135808807
2.4999999999999907	0.016110881281194086
2.5099999999999905	0.01568673980675579
2.5199999999999902	0.015271996033062677
2.52999999999999	0.014866495250697644
2.53999999999999	0.014470083761636606
2.5499999999999896	0.014082608919063341
2.5599999999999894	0.013703919165617941
2.569999999999989	0.013333864070101448
2.579999999999989	0.01297229436264368
2.5899999999999888	0.012619061968368022
2.5999999999999885	0.012274020039536822
2.6099999999999883	0.011937022986235297
2.619999999999988	0.01160792650558514
2.629999999999988	0.011286587609494327
2.6399999999999877	0.010972864651044049
2.6499999999999875	0.010666617349373936
2.6599999999999873	0.010367706813257651
2.669999999999987	0.010075995563295722
2.679999999999987	0.0097913475527465
2.6899999999999866	0.009513628187088207
2.6999999999999864	0.00924270434218825
2.709999999999986	0.008978444381299775
2.719999999999986	0.008720718170741609
2.7299999999999858	0.008469397094372742
2.7399999999999856	0.008224354066856657
2.7499999999999853	0.00798546354574128
2.759999999999985	0.007752601542386955
2.769999999999985	0.007525645631756749
2.7799999999999847	0.007304474961105201
2.7899999999999845	0.007088970257570336
2.7999999999999843	0.0068790138347237136
2.809999999999984	0.006674489598079559
2.819999999999984	0.006475283049586011
2.8299999999999836	0.0062812812911521064
2.8399999999999834	0.006092373027203837
2.849999999999983	0.005908448566307683
2.859999999999983	0.00572939982189386
2.869999999999983	0.005555120312091436
2.8799999999999826	0.005385505158708515
2.8899999999999824	0.005220451085379895
2.899999999999982	0.005059856414910424
2.909999999999982	0.004903621065832066
2.9199999999999817	0.004751646548206071
2.9299999999999815	0.004603835958697564
2.9399999999999813	0.004460093974929011
2.949999999999981	0.0043203268491667935
2.959999999999981	0.0041844424013363175
2.9699999999999807	0.004052350011406356
2.9799999999999804	0.003923960611159719
2.9899999999999802	0.0037991866753812474
2.99999999999998	0.0036779422124683945
3.00999999999998	0.0035601427545149888
3.0199999999999796	0.0034457053468634744
3.0299999999999794	0.003334548537170791
3.039999999999979	0.00322659236398407
3.049999999999979	0.003121758344882634
3.0599999999999787	0.0030199694641731413
3.0699999999999785	0.002921150160182465
3.0799999999999783	0.0028252263121564553
3.089999999999978	0.0027321252267960804
3.099999999999978	0.002641775624432764
3.1099999999999777	0.0025541076248937096
3.1199999999999775	0.0024690527330333716
3.1299999999999772	0.0023865438239991724
3.139999999999977	0.002306515128206229
3.149999999999977	0.002228902216069789
3.1599999999999766	0.0021536419824928397
3.1699999999999764	0.0020806726311508724
3.179999999999976	0.0020099336585559743
3.189999999999976	0.0019413658379526326
3.1999999999999758	0.0018749112030380262
3.2099999999999755	0.0018105130315328908
3.2199999999999753	0.001748115828616377
3.229999999999975	0.0016876653102392341
3.239999999999975	0.0016291083863312471
3.2499999999999747	0.001572393143916112
3.2599999999999745	0.0015174688301564407
3.2699999999999743	0.0014642858353023842
3.279999999999974	0.0014127956756504584
3.289999999999974	0.0013629509764042367
3.2999999999999736	0.0013147054545390878
3.3099999999999734	0.0012680139016455214
3.319999999999973	0.001222832166775768
3.329999999999973	0.001179117139290985
3.3399999999999728	0.0011368267317459684
3.3499999999999726	0.0010959198627570853
3.3599999999999723	0.0010563564399935607
3.369999999999972	0.0010180973431392628
3.379999999999972	0.000981104406954147
3.3899999999999717	0.0009453404043960155
3.3999999999999715	0.0009107690298232039
3.4099999999999713	0.000877354882270809
3.419999999999971	0.000845063448841038
3.429999999999971	0.000813861088175446
3.4399999999999706	0.0007837150140426834
3.4499999999999704	0.0007545932790500348
3.45999999999997	0.0007264647584770225
3.46999999999997	0.0006992991341683704
3.47999999999997	0.0006730668787218903
3.4899999999999696	0.0006477392396464914
3.4999999999999694	0.0006232882237548107
3.509999999999969	0.0005996865816873976
3.519999999999969	0.0005769077926070722
3.5299999999999687	0.0005549260489713614
3.5399999999999685	0.0005337162416309819
3.5499999999999683	0.000513253944935466
3.559999999999968	0.0004935154020889737
3.569999999999968	0.00047447751066481345
3.5799999999999677	0.0004561178082986545
3.5899999999999674	0.00043841445856107646
3.5999999999999672	0.0004213462370099803
3.609999999999967	0.00040489251744035246
3.619999999999967	0.00038903325830357493
3.6299999999999666	0.0003737489893340493
3.6399999999999664	0.0003590207983548008
3.649999999999966	0.0003448303182800708
3.659999999999966	0.00033115971431121633
3.6699999999999657	0.00031799167133635874
3.6799999999999655	0.0003053093815061817
3.6899999999999653	0.0002930965320288431
3.699999999999965	0.0002813372931477985
3.709999999999965	0.0002700163063213207
3.7199999999999647	0.00025911867260610115
3.7299999999999645	0.00024862994122590233
3.7399999999999642	0.00023853609834909468
3.749999999999964	0.00022882355606056967
3.759999999999964	0.0002194791415297274
3.7699999999999636	0.00021049008637879428
3.7799999999999634	0.00020184401623684115
3.789999999999963	0.0001935289405101455
3.799999999999963	0.00018553324232142547
3.8099999999999627	0.00017784566865958247
3.8199999999999625	0.00017045532071827382
3.8299999999999623	0.00016335164442138719
3.839999999999962	0.00015652442114306983
3.849999999999962	0.00014996375860944498
3.8599999999999617	0.00014366008199998524
3.8699999999999615	0.0001376041252168922
3.8799999999999613	0.00013178692235146067
3.889999999999961	0.0001261997993252849
3.899999999999961	0.00012083436571552635
3.9099999999999606	0.00011568250675136802
3.9199999999999604	0.00011073637550535963
3.92999999999996	0.00010598838521428968
3.93999999999996	0.0001014312018395058
3.9499999999999598	0.00009705773674250265
3.9599999999999596	0.0000928611395319008
3.9699999999999593	0.00008883479111953938
3.979999999999959	0.00008497229689041605
3.989999999999959	0.0000812674800590472
3.9999999999999587	0.00007771437517903531
4.009999999999959	0.00007430722180893644
4.019999999999959	0.00007104045833343815
4.0299999999999585	0.00006790871593363485
4.039999999999958	0.00006490681271338027
4.049999999999958	0.00006202974795840201
4.059999999999958	0.00005927269655798892
4.069999999999958	0.0000566310035555204
4.079999999999957	0.000054100178844742246
4.089999999999957	0.0000516758919996422
4.099999999999957	0.00004935396724145912
4.109999999999957	0.000047130378542654766
4.119999999999957	0.00004500124484408515
4.129999999999956	0.000042962825423561844
4.139999999999956	0.00004101151536926498
4.149999999999956	0.000039143841187038354
4.159999999999956	0.00003735645652218229
4.1699999999999555	0.00003564613800421191
4.179999999999955	0.000034009781199352086
4.189999999999955	0.000032444396685337054
4.199999999999955	0.00003094710622897215
4.209999999999955	0.000029515139075787353
4.2199999999999545	0.000028145828347916805
4.229999999999954	0.000026836607539243623
4.239999999999954	0.000025585007114180342
4.249999999999954	0.000024388651213573132
4.259999999999954	0.00002324525444603289
4.269999999999953	0.00002215261877600185
4.279999999999953	0.000021108630512265674
4.289999999999953	0.00002011125738254484
4.299999999999953	0.00001915854568788935
4.3099999999999525	0.00001824861755797214
4.319999999999952	0.000017379668279657406
4.329999999999952	0.000016549963711547654
4.339999999999952	0.000015757837777808483
4.349999999999952	0.000015001690039715298
4.3599999999999515	0.000014279983343755952
4.369999999999951	0.0000135912415430354
4.379999999999951	0.000012934047291454271
4.389999999999951	0.000012307039908431072
4.399999999999951	0.000011708913310306471
4.40999999999995	0.000011138414003946064
4.41999999999995	0.00001059433917929144
4.42999999999995	0.000010075534790841937
4.43999999999995	9.580893773666214e-6
4.4499999999999496	9.109354308118352e-6
4.459999999999949	8.659898084726006e-6
4.469999999999949	8.231548697396275e-6
4.479999999999949	7.82337005455137e-6
4.489999999999949	7.434464844988084e-6
4.4999999999999485	7.063973068654229e-6
4.509999999999948	6.711070604296329e-6
4.519999999999948	6.374967833679216e-6
4.529999999999948	6.054908311210259e-6
4.539999999999948	5.750167480571189e-6
4.549999999999947	5.460051432280803e-6
4.559999999999947	5.1838957076241754e-6
4.569999999999947	4.921064154476278e-6
4.579999999999947	4.670947797804737e-6
4.589999999999947	4.432963774671589e-6
4.599999999999946	4.206554296324418e-6
4.609999999999946	3.991185658699288e-6
4.619999999999946	3.7863472641903537e-6
4.629999999999946	3.5915507049057696e-6
4.6399999999999455	3.406328865152711e-6
4.649999999999945	3.2302350649228303e-6
4.659999999999945	3.062842222975678e-6
4.669999999999945	2.90374206192532e-6
4.679999999999945	2.7525443428243918e-6
4.689999999999944	2.608876116642645e-6
4.699999999999944	2.4723810200501706e-6
4.709999999999944	2.342718574851642e-6
4.719999999999944	2.2195635504330837e-6
4.729999999999944	2.1026053055041147e-6
4.739999999999943	1.991547193533009e-6
4.749999999999943	1.8861059710802756e-6
4.759999999999943	1.7860112249321367e-6
4.769999999999943	1.6910048431831487e-6
4.7799999999999425	1.6008404786176845e-6
4.789999999999942	1.5152830588295664e-6
4.799999999999942	1.4341082985977533e-6
4.809999999999942	1.3571022380022073e-6
4.819999999999942	1.284060796629808e-6
4.8299999999999415	1.2147893481445577e-6
4.839999999999941	1.1491023100975467e-6
4.849999999999941	1.086822748734834e-6
4.859999999999941	1.027782002059986e-6
4.869999999999941	9.718193185390324e-7
4.87999999999994	9.187815064702634e-7
4.88999999999994	8.685226022744647e-7
4.89999999999994	8.209035494394568e-7
4.90999999999994	7.757918920824866e-7
4.9199999999999395	7.330614801216433e-7
4.929999999999939	6.925921870881432e-7
4.939999999999939	6.54269639763781e-7
4.949999999999939	6.179849529454894e-7
4.959999999999939	5.836344990539628e-7
4.9699999999999385	5.511196580252885e-7
4.979999999999938	5.203465776961306e-7
4.989999999999938	4.912259734231559e-7
4.999999999999938	4.6367291292608155e-7
5.009999999999938	4.376066164180903e-7
5.019999999999937	4.129502675226183e-7
5.029999999999937	3.896308223143857e-7
5.039999999999937	3.675788390521606e-7
5.049999999999937	3.4672831581425183e-7
5.0599999999999365	3.270165221063885e-7
5.069999999999936	3.083838478608306e-7
5.079999999999936	2.9077365686912577e-7
5.089999999999936	2.741321463832039e-7
5.099999999999936	2.5840821316850966e-7
5.1099999999999355	2.435533275141593e-7
5.119999999999935	2.2952140379515098e-7
5.129999999999935	2.1626868771178843e-7
5.139999999999935	2.037536502509331e-7
5.149999999999935	1.919368729803317e-7
5.159999999999934	1.8078094867566336e-7
5.169999999999934	1.7025038459071958e-7
5.179999999999934	1.6031150892413328e-7
5.189999999999934	1.5093238226757588e-7
5.199999999999934	1.4208271320266548e-7
5.209999999999933	1.3373377736731725e-7
5.219999999999933	1.2585833801749755e-7
5.229999999999933	1.184305802452562e-7
5.239999999999933	1.1142603566449539e-7
5.2499999999999325	1.0482151120761332e-7
5.259999999999932	9.859503930785771e-8