-5.6	9.775326656805505e-8
-5.59	1.0310969873352837e-7
-5.58	1.0874979055178893e-7
-5.57	1.1468800697351184e-7
-5.56	1.2093951999152827e-7
-5.55	1.275202415715508e-7
-5.54	1.344468580326589e-7
-5.53	1.4173686593718688e-7
-5.52	1.4940860955190911e-7
-5.51	1.5748131994474582e-7
-5.5	1.659751557836196e-7
-5.49	1.7491124590657895e-7
-5.48	1.8431173373487414e-7
-5.47	1.9419982360332418e-7
-5.46	2.045998290850539e-7
-5.45	2.155372233905097e-7
-5.44	2.2703869192358351e-7
-5.43	2.391321870806894e-7
-5.42	2.518469853817495e-7
-5.41	2.6521374702525515e-7
-5.4	2.7926457796288255e-7
-5.39	2.940330945925574e-7
-5.38	3.0955449117238545e-7
-5.37	3.258656100614992e-7
-5.36	3.43005014897614e-7
-5.35	3.6101306682494596e-7
-5.34	3.799320038901204e-7
-5.33	3.99806023727797e-7
-5.32	4.2068136966195627e-7
-5.31	4.426064203531384e-7
-5.3	4.6563178312640117e-7
-5.29	4.898103911193675e-7
-5.28	5.151976043944777e-7
-5.27	5.418513151644357e-7
-5.26	5.698320572848642e-7
-5.25	5.992031201733394e-7
-5.24	6.300306673192917e-7
-5.23	6.623838595547152e-7
-5.22	6.96334983261241e-7
-5.21	7.319595836948984e-7
-5.2	7.693366036158135e-7
-5.19	8.085485274161852e-7
-5.18	8.496815309461299e-7
-5.17	8.928256372434101e-7
-5.16	9.380748783796547e-7
-5.15	9.855274636424437e-7
-5.14	1.0352859542795786e-6
-5.13	1.0874574450389807e-6
-5.12	1.1421537527449676e-6
-5.11	1.1994916121591566e-6
-5.1	1.2595928793819222e-6
-5.09	1.3225847430582118e-6
-5.08	1.388599943659597e-6
-5.07	1.4577770011227035e-6
-5.06	1.5302604511326314e-6
-5.05	1.6062010903486556e-6
-5.04	1.6857562308783652e-6
-5.03	1.7690899643154992e-6
-5.02	1.856373435666024e-6
-5.01	1.9477851274965203e-6
-5.	2.043511154648668e-6
-4.99	2.1437455698735653e-6
-4.98	2.248690680749793e-6
-4.97	2.3585573782595143e-6
-4.96	2.473565477407521e-6
-4.95	2.593944070278981e-6
-4.94	2.7199318919427004e-6
-4.93	2.851777699618027e-6
-4.92	2.989740665535038e-6
-4.91	3.1340907839294267e-6
-4.9	3.2851092926254965e-6
-4.89	3.443089109672899e-6
-4.88	3.608335285515219e-6
-4.87	3.781165471181217e-6
-4.86	3.9619104030024656e-6
-4.85	4.150914404374302e-6
-4.84	4.348535905090423e-6
-4.83	4.555147978795096e-6
-4.82	4.771138899110834e-6
-4.81	4.996912715013519e-6
-4.8	5.232889846041277e-6
-4.79	5.4795076979380205e-6
-4.78	5.737221299347355e-6
-4.77	6.006503960187614e-6
-4.76	6.287847952354037e-6
-4.75	6.581765213409584e-6
-4.74	6.888788073941623e-6
-4.73	7.209470009277623e-6
-4.72	7.544386416269127e-6
-4.71	7.89413541586965e-6
-4.7	8.259338682248687e-6
-4.69	8.640642299200748e-6
-4.68	9.038717644625345e-6
-4.67	9.454262303870915e-6
-4.66	9.888001012753066e-6
-4.65	0.000010340686631074932
-4.64	0.000010813101147495193
-4.63	0.000011306056716607046
-4.62	0.00001182039672910945
-4.61	0.00001235699691597007
-4.6	0.00001291676648749759
-4.59	0.000013500649308259453
-4.58	0.000014109625108799593
-4.57	0.000014744710735129304
-4.56	0.000015406961436983064
-4.55	0.000016097472195849965
-4.54	0.00001681737909381012
-4.53	0.000017567860724224448
-4.52	0.00001835013964534501
-4.51	0.00001916548387793216
-4.5	0.000020015208447983593
-4.49	0.00002090067697569946
-4.48	0.000021823303311826472
-4.47	0.000022784553222542982
-4.46	0.00002378594612406568
-4.45	0.00002482905686817734
-4.44	0.000025915517579893737
-4.43	0.00002704701954850621
-4.42	0.000028225315173254884
-4.41	0.00002945221996490561
-4.4	0.00003072961460452176
-4.39	0.0000320594470607398
-4.38	0.000033443734766875
-4.37	0.00003488456685920113
-4.36	0.0000363841064777647
-4.35	0.00003794459313111115
-4.34	0.00003956834512631673
-4.33	0.00004125776206573547
-4.32	0.00004301532741188645
-4.31	0.00004484361112192151
-4.3	0.000046745272353128135
-4.29	0.000048723062240936276
-4.28	0.00005077982675091153
-4.27	0.00005291850960622993
-4.26	0.00005514215529214207
-4.25	0.00005745391213894566
-4.24	0.0000598570354849971
-4.23	0.00006235489092130241
-4.22	0.00006495095761923754
-4.21	0.0000676488317429569
-4.2	0.00007045222994805639
-4.19	0.00007336499296806455
-4.18	0.00007639108929034093
-4.17	0.00007953461892296606
-4.16	0.00008279981725421155
-4.15	0.00008619105900618078
-4.14	0.00008971286228421366
-4.13	0.00009336989272364819
-4.12	0.00009716696773553183
-4.11	0.00010110906085287311
-4.1	0.00010520130617902079
-4.09	0.00010944900293975312
-4.08	0.00011385762014065385
-4.07	0.0001184328013313435
-4.06	0.0001231803694781256
-4.05	0.0001281063319465967
-4.04	0.00013321688559575652
-4.03	0.00013851842198514024
-4.02	0.0001440175326964791
-4.01	0.00014972101477137806
-4.	0.0001556358762664785
-3.99	0.00016176934192755368
-3.98	0.00016812885898395992
-3.97	0.0001747221030648413
-3.96	0.00018155698423845753
-3.95	0.0001886416531759748
-3.94	0.00019598450744102677
-3.93	0.00020359419790631848
-3.92	0.0002114796352985091
-3.91	0.0002196499968725691
-3.9	0.00022811473321676662
-3.89	0.0002368835751893923
-3.88	0.00024596654098828506
-3.87	0.00025537394335417156
-3.86	0.0002651163969087787
-3.85	0.0002752048256286245
-3.84	0.0002856504704553326
-3.83	0.0002964648970432552
-3.82	0.0003076600036451257
-3.81	0.00031924802913639366
-3.8	0.0003312415611788245
-3.79	0.00034365354452387377
-3.78	0.0003564972894562672
-3.77	0.0003697864803781399
-3.76	0.0003835351845340016
-3.75	0.0003977578608767104
-3.74	0.00041246936907454653
-3.73	0.0004276849786593823
-3.72	0.0004434203783158493
-3.71	0.0004596916853113008
-3.7	0.0004765154550662638
-3.69	0.0004939086908649668
-3.68	0.0005118888537054161
-3.67	0.0005304738722883786
-3.66	0.0005496821531445099
-3.65	0.0005695325908987406
-3.64	0.0005900445786709087
-3.63	0.0006112380186114932
-3.62	0.000633133332571169
-3.61	0.0006557514729027639
-3.6	0.0006791139333940555
-3.59	0.0007032427603296972
-3.58	0.0007281605636804128
-3.57	0.0007538905284174436
-3.56	0.0007804564259500692
-3.55	0.0008078826256838653
-3.54	0.0008361941066971899
-3.53	0.0008654164695332172
-3.52	0.0008955759481046676
-3.51	0.0009266994217081955
-3.5	0.0009588144271452196
-3.49	0.0009919491709457873
-3.48	0.0010261325416918757
-3.47	0.0010613941224363345
-3.46	0.0010977642032134788
-3.45	0.0011352737936371315
-3.44	0.0011739546355817125
-3.43	0.001213839215941759
-3.42	0.0012549607794650414
-3.41	0.0012973533416542312
-3.4	0.0013410517017318415
-3.39	0.001386091455662948
-3.38	0.001432509009229958
-3.37	0.0014803415911534684
-3.36	0.0015296272662530183
-3.35	0.0015804049486412952
-3.34	0.001632714414945121
-3.33	0.0016865963175462923
-3.32	0.0017420921978351022
-3.31	0.001799244499469121
-3.3	0.0018580965816295586
-3.29	0.0019186927322672777
-3.28	0.001981078181330262
-3.27	0.0020452991139640908
-3.26	0.002111402683676705
-3.25	0.0021794370254584828
-3.24	0.002249451268848377
-3.23	0.002321495550936608
-3.22	0.0023956210292941224
-3.21	0.002471879894818764
-3.2	0.0025503253844878383
-3.19	0.0026310117940064664
-3.18	0.002713994490340866
-3.17	0.002799329924125411
-3.16	0.002887075641932062
-3.15	0.002977290298390475
-3.14	0.0030700336681468293
-3.13	0.003165366657649146
-3.12	0.003263351316746594
-3.11	0.0033640508500900126
-3.1	0.00346752962832061
-3.09	0.0035738531990335367
-3.08	0.0036830882975027648
-3.07	0.0037953028571534346
-3.06	0.003910566019767595
-3.05	0.004028948145408977
-3.04	0.004150520822052212
-3.03	0.004275356874901649
-3.02	0.004403530375384671
-3.01	0.004535116649804198
-3.	0.004670192287634775
-2.99	0.004808835149446494
-2.98	0.004951124374440686
-2.97	0.005097140387581156
-2.96	0.005246964906304511
-2.95	0.00540068094679291
-2.94	0.005558372829792369
-2.93	0.005720126185959577
-2.92	0.005886027960719974
-2.91	0.006056166418619679
-2.9	0.0062306311471536655
-2.89	0.006409513060052475
-2.88	0.006592904400009528
-2.87	0.006780898740831034
-2.86	0.006973590988990309
-2.85	0.0071710773845682285
-2.84	0.007373455501561415
-2.83	0.007580824247539669
-2.82	0.007793283862634062
-2.81	0.008010935917837043
-2.8	0.00823388331259584
-2.79	0.008462230271680417
-2.78	0.008696082341307143
-2.77	0.008935546384499421
-2.76	0.009180730575666405
-2.75	0.009431744394381016
-2.74	0.009688698618338456
-2.73	0.009951705315476483
-2.72	0.010220877835238746
-2.71	0.010496330798962537
-2.7	0.010778180089372466
-2.69	0.011066542839161595
-2.68	0.011361537418641732
-2.67	0.011663283422444734
-2.66	0.011971901655256781
-2.65	0.012287514116567836
-2.64	0.01261024398441862
-2.63	0.012940215598127691
-2.62	0.013277554439981479
-2.61	0.013622387115870306
-2.6	0.013974841334853782
-2.59	0.01433504588763919
-2.58	0.014703130623956858
-2.57	0.015079226428816801
-2.56	0.015463465197631298
-2.55	0.015855979810188457
-2.54	0.016256904103462227
-2.53	0.01666637284324471
-2.52	0.017084521694587098
-2.51	0.01751148719103607
-2.5	0.01794740670265288
-2.49	0.018392418402802976
-2.48	0.018846661233704497
-2.47	0.019310274870724533
-2.46	0.019783399685412636
-2.45	0.020266176707261743
-2.44	0.020758747584187137
-2.43	0.021261254541714965
-2.42	0.021773840340872246
-2.41	0.022296648234771264
-2.4	0.02282982192388174
-2.39	0.0233735055099851
-2.38	0.02392784344880582
-2.37	0.024492980501315667
-2.36	0.025069061683707455
-2.35	0.025656232216035826
-2.34	0.02625463746952332
-2.33	0.026864422912531057
-2.32	0.027485734055194024
-2.31	0.028118716392722155
-2.3	0.028763515347369133
-2.29	0.029420276209071894
-2.28	0.030089144074764863
-2.27	0.03077026378637384
-2.26	0.03146377986749562
-2.25	0.032169836458770334
-2.24	0.03288857725195479
-2.23	0.03362014542270589
-2.22	0.03436468356208458
-2.21	0.035122333606791796
-2.2	0.03589323676814895
-2.19	0.036677533459836806
-2.18	0.03747536322440764
-2.17	0.038286864658586876
-2.16	0.03911217533738146
-2.15	0.03995143173701363
-2.14	0.04080476915669982
-2.13	0.041672321639295636
-2.12	0.04255422189082947
-2.11	0.04345060119894791
-2.1	0.04436158935029812
-2.09	0.04528731454687302
-2.08	0.046227903321346915
-2.07	0.047183480451429935
-2.06	0.048154168873271605
-2.05	0.04914008959394456
-2.04	0.05014136160304116
-2.03	0.051158101783416815
-2.02	0.05219042482111529
-2.01	0.05323844311451247
-2.	0.05430226668271643
-1.99	0.055382003073262916
-1.98	0.05647775726914676
-1.97	0.0575896315952308
-1.96	0.058717725624075526
-1.95	0.059862136081233586
-1.94	0.06102295675005482
-1.93	0.062200278376048655
-1.92	0.06339418857085197
-1.91	0.06460477171585169
-1.9	0.06583210886551277
-1.89	0.06707627765046331
-1.88	0.06833735218038971
-1.87	0.06961540294679604
-1.86	0.07091049672568299
-1.85	0.07222269648020264
-1.84	0.07355206126334685
-1.83	0.07489864612072754
-1.82	0.07626250199350895
-1.81	0.07764367562155225
-1.8	0.07904220944683439
-1.79	0.08045814151720387
-1.78	0.08189150539053706
-1.77	0.08334233003935954
-1.76	0.08481063975599806
-1.75	0.08629645405832924
-1.74	0.08779978759619204
-1.73	0.08932065005853215
-1.72	0.09085904608134636
-1.71	0.09241497515649663
-1.7	0.09398843154146357
-1.69	0.0955794041701096
-1.68	0.09718787656452324
-1.67	0.0988138267480158
-1.66	0.10045722715934248
-1.65	0.10211804456822046
-1.64	0.10379623999221656
-1.63	0.10549176861507763
-1.62	0.10720457970657706
-1.61	0.10893461654395083
-1.6	0.11068181633499687
-1.59	0.11244611014291142
-1.58	0.11422742281293621
-1.57	0.11602567290089029
-1.56	0.11784077260366009
-1.55	0.11967262769172138
-1.54	0.12152113744376628
-1.53	0.12338619458350858
-1.52	0.12526768521874002
-1.51	0.12716548878270975
-1.5	0.12907947797789918
-1.49	0.13100951872226313
-1.48	0.13295547009800845
-1.47	0.13491718430298005
-1.46	0.13689450660472366
-1.45	0.13888727529729425
-1.44	0.1408953216608773
-1.43	0.1429184699242905
-1.42	0.1449565372304312
-1.41	0.1470093336047344
-1.4	0.1490766619267054
-1.39	0.15115831790458917
-1.38	0.15325409005323776
-1.37	0.15536375967523589
-1.36	0.15748710084534295
-1.35	0.1596238803983086
-1.34	0.16177385792011756
-1.33	0.16393678574271714
-1.32	0.1661124089422807
-1.31	0.16830046534105625
-1.3	0.17050068551285047
-1.29	0.17271279279219356
-1.28	0.17493650328723132
-1.27	0.17717152589638643
-1.26	0.1794175623288304
-1.25	0.1816743071288052
-1.24	0.18394144770383072
-1.23	0.1862186643568334
-1.22	0.18850563032222734
-1.21	0.1908020118059787
-1.2	0.19310746802968023
-1.19	0.19542165127866126
-1.18	0.19774420695415587
-1.17	0.20007477362954904
-1.16	0.20241298311071848
-1.15	0.20475846050048674
-1.14	0.207110824267196
-1.13	0.20946968631741464
-1.12	0.21183465207278268
-1.11	0.2142053205509995
-1.1	0.21658128445095512
-1.09	0.21896213024200312
-1.08	0.22134743825737052
-1.07	0.22373678279169654
-1.06	0.22612973220269014
-1.05	0.22852584901689216
-1.04	0.2309246900395255
-1.03	0.2333258064684139
-1.02	0.23572874401194593
-1.01	0.23813304301105903
-1.	0.2405382385652139
-0.99	0.24294386066232787
-0.98	0.24534943431263143
-0.97	0.24775447968641023
-0.96	0.25015851225559077
-0.95	0.252561042939125
-0.94	0.25496157825212723
-0.93	0.2573596204587111
-0.92	0.25975466772847405
-0.91	0.2621462142965717
-0.9	0.26453375062732204
-0.89	0.26691676358127664
-0.88	0.2692947365856927
-0.87	0.27166714980833667
-0.86	0.27403348033454694
-0.85	0.27639320234748155
-0.84	0.27874578731147154
-0.83	0.2810907041583998
-0.82	0.28342741947702177
-0.81	0.28575539770514025
-0.8	0.2880741013245464
-0.79	0.2903829910586336
-0.78	0.2926815260725896
-0.77	0.2949691641760702
-0.76	0.29724536202825325
-0.75	0.29950957534517125
-0.74	0.3017612591092171
-0.73	0.3039998677807159
-0.72	0.30622485551145284
-0.71	0.30843567636004465
-0.7	0.3106317845090415
-0.69	0.312812634483642
-0.68	0.31497768137190335
-0.67	0.3171263810463263
-0.66	0.3192581903866923
-0.65	0.32137256750402926
-0.64	0.32346897196558
-0.63	0.32554686502064567
-0.62	0.3276057098271756
-0.61	0.32964497167897316
-0.6	0.3316641182333856
-0.59	0.33366261973934486
-0.58	0.3356399492656258
-0.57	0.33759558292918573
-0.56	0.33952900012344966
-0.55	0.34143968374640393
-0.54	0.3433271204283605
-0.53	0.3451908007592535
-0.52	0.34703021951532875
-0.51	0.3488448758850871
-0.5	0.35063427369434186
-0.49	0.35239792163024963
-0.48	0.3541353334641754
-0.47	0.35584602827325124
-0.46	0.3575295306604885
-0.45	0.359185370973304
-0.44	0.36081308552032093
-0.43	0.36241221678630475
-0.42	0.36398231364509664
-0.41	0.3655229315704062
-0.4	0.3670336328443262
-0.39	0.36851398676343416
-0.38	0.36996356984234513
-0.37	0.3713819660145816
-0.36	0.37276876683062904
-0.35	0.37412357165304394
-0.34	0.3754459878484864
-0.33	0.37673563097654783
-0.32	0.3779921249752479
-0.31	0.3792151023430755
-0.3	0.38040420431745053
-0.29	0.3815590810494876
-0.28	0.38267939177494015
-0.27	0.3837648049812106
-0.26	0.3848149985703114
-0.25	0.38582966001766544
-0.24	0.38680848652663696
-0.23	0.3877511851786851
-0.22	0.3886574730790382
-0.21	0.3895270774977853
-0.2	0.390359736006289
-0.19	0.39115519660882225
-0.18	0.391913217869339
-0.17	0.39263356903328783
-0.16	0.3933160301443836
-0.15	0.3939603921562549
-0.14	0.3945664570388875
-0.13	0.3951340378797885
-0.12	0.39566295897979903
-0.11	0.3961530559434866
-0.1	0.3966041757640526
-0.09	0.3970161769026937
-0.08	0.39738892936235914
-0.07	0.397722314755851
-0.06	0.3980162263682174
-0.05	0.39827056921339216
-0.04	0.39848526008504076
-0.03	0.3986602276015725
-0.02	0.39879541224528636
-0.01	0.398890766395621
0.	0.39894625435648173
0.01	0.3989618523776249
0.02	0.39893754867008013
0.03	0.39887334341559905
0.04	0.3987692487701201
0.05	0.39862528886124504
0.06	0.3984414997797264
0.07	0.3982179295649694
0.08	0.3979546381845554
0.09	0.3976516975078001
0.1	0.39730919127336095
0.11	0.3969272150509148
0.12	0.39650587619693023
0.13	0.396045293804563
0.14	0.3955455986477063
0.15	0.39500693311923407
0.16	0.39442945116347694
0.17	0.3938133182029759
0.18	0.39315871105956224
0.19	0.3924658178698168
0.2	0.39173483799496517
0.21	0.39096598192526794
0.22	0.39015947117897243
0.23	0.38931553819589165
0.24	0.38843442622568347
0.25	0.3875163892109047
0.26	0.38656169166491877
0.27	0.38557060854473957
0.28	0.3845434251188969
0.29	0.3834804368304125
0.3	0.38238194915497914
0.31	0.3812482774544379
0.32	0.38007974682565226
0.33	0.37887669194488094
0.34	0.37763945690775336
0.35	0.37636839506495506
0.36	0.3750638688537341
0.37	0.37372624962533935
0.38	0.37235591746850777
0.39	0.3709532610291171
0.4	0.36951867732612437
0.41	0.36805257156391286
0.42	0.3665553569411712
0.43	0.3650274544564318
0.44	0.3634692927103965
0.45	0.3618813077051798
0.46	0.3602639426406016
0.47	0.35861764770766286
0.48	0.3569428798793395
0.49	0.35524010269883
0.5	0.3535097860653956
0.51	0.3517524060179309
0.52	0.34996844451640435
0.53	0.348158389221311
0.54	0.34632273327127666
0.55	0.3444619750589576
0.56	0.3425766180053771
0.57	0.3406671703328427
0.58	0.3387341448365879
0.59	0.3367780586552808
0.6	0.33479943304054466
0.61	0.3327987931256336
0.62	0.33077666769340663
0.63	0.3287335889437446
0.64	0.3266700922605513
0.65	0.32458671597848265
0.66	0.32248400114954523
0.67	0.3203624913097055
0.68	0.31822273224564995
0.69	0.31606527176183563
0.7	0.31389065944796973
0.71	0.3116994464470555
0.72	0.3094921852241399
0.73	0.3072694293358991
0.74	0.3050317332011932
0.75	0.3027796518727239
0.76	0.30051374080992355
0.77	0.29823455565320545
0.78	0.2959426519997006
0.79	0.2936385851806067
0.8	0.2913229100402711
0.81	0.2889961807171295
0.82	0.2866589504266173
0.83	0.2843117712461713
0.84	0.2819551939024345
0.85	0.27958976756077625
0.86	0.27721603961723607
0.87	0.27483455549299857
0.88	0.2724458584315021
0.89	0.27005048929828346
0.9	0.267648986383657
0.91	0.26524188520832276
0.92	0.26282971833199825
0.93	0.26041301516516235
0.94	0.2579923017839993
0.95	0.25556810074862646
0.96	0.2531409309246869
0.97	0.2507113073083853
0.98	0.2482797408550408
0.99	0.24584673831123047
1.	0.24341280205059002
1.01	0.24097842991333857
1.02	0.23854411504958878
1.03	0.23611034576650197
1.04	0.23367760537934343
1.05	0.23124637206649035
1.06	0.22881711872844207
1.07	0.22639031285087782
1.08	0.22396641637180498
1.09	0.22154588555283686
1.1	0.21912917085463623
1.11	0.21671671681655708
1.12	0.21430896194051416
1.13	0.2119063385791063
1.14	0.2095092728280165
1.15	0.2071181844227084
1.16	0.20473348663943539
1.17	0.20235558620057567
1.18	0.19998488318430346
1.19	0.19762177093860253
1.2	0.19526663599962668
1.21	0.1929198580144071
1.22	0.19058180966790425
1.23	0.18825285661439936
1.24	0.18593335741321607
1.25	0.18362366346876174
1.26	0.18132411897487366
1.27	0.17903506086345292
1.28	0.176756818757366
1.29	0.17448971492759172
1.3	0.17223406425458704
1.31	0.169990174193845
1.32	0.16775834474561255
1.33	0.16553886842873616
1.34	0.1633320302585987
1.35	0.16113810772910964
1.36	0.1589573707987079
1.37	0.15679008188033436
1.38	0.15463649583532918
1.39	0.152496859971206
1.4	0.15037141404325413
1.41	0.148260390259917
1.42	0.1461640132918932
1.43	0.1440825002849051
1.44	0.14201606087607738
1.45	0.13996489721386676
1.46	0.13792920398148212
1.47	0.13590916842373268
1.48	0.13390497037724022
1.49	0.1319167823039501
1.5	0.12994476932787433
1.51	0.1279890892749985
1.52	0.12604989271628292
1.53	0.12412732301368798
1.54	0.12222151636915145
1.55	0.12033260187644533
1.56	0.11846070157583848
1.57	0.11660593051149029
1.58	0.11476839679150025
1.59	0.11294820165053694
1.6	0.11114543951496984
1.61	0.10936019807042639
1.62	0.1075925583316964
1.63	0.10584259471490527
1.64	0.10411037511187729
1.65	0.10239596096660986
1.66	0.10069940735377907
1.67	0.0990207630591973
1.68	0.09736007066214299
1.69	0.09571736661948267
1.7	0.09409268135150593
1.71	0.09248603932939313
1.72	0.09089745916423676
1.73	0.08932695369753688
1.74	0.08777453009309151
1.75	0.08624018993020367
1.76	0.08472392929812599
1.77	0.0832257388916656
1.78	0.08174560410787157
1.79	0.08028350514372805
1.8	0.07883941709477674
1.81	0.07741331005459326
1.82	0.07600514921504228
1.83	0.0746148949672373
1.84	0.0732425030031317
1.85	0.0718879244176684
1.86	0.07055110581141671
1.87	0.0692319893936252
1.88	0.06793051308562129
1.89	0.0666466106244885
1.9	0.06538021166695362
1.91	0.06413124189341736
1.92	0.06289962311206274
1.93	0.0616852733629769
1.94	0.06048810702222326
1.95	0.05930803490580175
1.96	0.05814496437343662
1.97	0.056998799432132145
1.98	0.055869440839438046
1.99	0.0547567862063678
2.	0.05366073009991408
2.01	0.052581164145107315
2.02	0.05151797712656423
2.03	0.050471055089475164
2.04	0.0494402814399798
2.05	0.048425537044882894
2.06	0.0474267003306625
2.07	0.046443647381725066
2.08	0.04547625203786286
2.09	0.04452438599087096
2.1	0.04358791888028214
2.11	0.04266671838817979
2.12	0.041760650333050243
2.13	0.04086957876263738
2.14	0.039993366045764
2.15	0.039131872963085616
2.16	0.03828495879674418
2.17	0.037452481418890224
2.18	0.03663429737904388
2.19	0.03583026199026626
2.2	0.03504022941411427
2.21	0.03426405274435352
2.22	0.033501584089405054
2.23	0.03275267465350342
2.24	0.03201717481654469
2.25	0.031294934212604604
2.26	0.030585801807108393
2.27	0.02988962597263494
2.28	0.02920625456333969
2.29	0.028535534987981646
2.3	0.02787731428154138
2.31	0.027231439175418096
2.32	0.026597756166195134
2.33	0.025976111582964555
2.34	0.025366351653202668
2.35	0.024768322567189503
2.36	0.024181870540966533
2.37	0.023606841877828046
2.38	0.023043083028342695
2.39	0.022490440648902904
2.4	0.021948761658800917
2.41	0.021417893295831308
2.42	0.02089768317042081
2.43	0.0203879793182874
2.44	0.019888630251631526
2.45	0.019399485008863303
2.46	0.018920393202870554
2.47	0.018451205067833334
2.48	0.01799177150459164
2.49	0.017541944124573713
2.5	0.017101575292293288
2.51	0.01667051816642491
2.52	0.01624862673946722
2.53	0.01583575587600486
2.54	0.01543176134958044
2.55	0.015036499878188614
2.56	0.014649829158405047
2.57	0.014271607898163726
2.58	0.013901695848196604
2.59	0.013539953832150252
2.6	0.013186243775394712
2.61	0.01284042873254027
2.62	0.012502372913678454
2.63	0.012171941709363946
2.64	0.011849001714354688
2.65	0.011533420750127744
2.66	0.011225067886189053
2.67	0.010923813460195473
2.68	0.010629529096907932
2.69	0.010342087725994816
2.7	0.010061363598705087
2.71	0.009787232303430819
2.72	0.009519570780179197
2.73	0.009258257333974229
2.74	0.009003171647208617
2.75	0.00875419479096647
2.76	0.008511209235337694
2.77	0.008274098858745057
2.78	0.008042748956305051
2.79	0.007817046247243787
2.8	0.007596878881389249
2.81	0.007382136444761326
2.82	0.007172709964281045
2.83	0.006968491911620516
2.84	0.00676937620621508
2.85	0.006575258217459153
2.86	0.006386034766107261
2.87	0.006201604124901694
2.88	0.0060218660184481725
2.89	0.005846721622360846
2.9	0.0056760735616978655
2.91	0.005509825908708657
2.92	0.005347884179913925
2.93	0.0051901553325392836
2.94	0.005036547760323273
2.95	0.004886971288720353
2.96	0.004741337169519325
2.97	0.004599558074897438
2.98	0.004461548090930243
2.99	0.0043272227105770784
3.	0.004196498826161848
3.01	0.0040692947213685216
3.02	0.003945530062770596
3.03	0.0038251258909134693
3.04	0.003708004610968479
3.05	0.003594089982977068
3.06	0.0034833071117033047
3.07	0.003375582436112695
3.08	0.0032708437184949713
3.09	0.0031690200332482395
3.1	0.0030700417553416004
3.11	0.0029738405484730514
3.12	0.0028803493529391943
3.13	0.0027895023732329616
3.14	0.0027012350653852764
3.15	0.0026154841240662516
3.16	0.0025321874694612203
3.17	0.0024512842339365747
3.18	0.0023727147485100835
3.19	0.002296420529140021
3.2	0.0022223442628471405
3.21	0.0021504297936831927
3.22	0.0020806221085593597
3.23	0.002012867322947677
3.24	0.0019471126664681567
3.25	0.001883306468374036
3.26	0.0018213981429472264
3.27	0.0017613381748157293
3.28	0.0017030781042044543
3.29	0.0016465705121305643
3.3	0.0015917690055541368
3.31	0.0015386282024946304
3.32	0.0014871037171233137
3.33	0.0014371521448415068
3.34	0.0013887310473541766
3.35	0.001341798937748106
3.36	0.001296315265583561
3.37	0.0012522404020080728
3.38	0.0012095356249006463
3.39	0.0011681631040544125
3.4	0.0011280858864054495
3.41	0.0010892678813151997
3.42	0.0010516738459136314
3.43	0.0010152693705100004
3.44	0.0009800208640777974
3.45	0.0009458955398201838
3.46	0.0009128614008219511
3.47	0.000880887225793773
3.48	0.0008499425549142525
3.49	0.0008199976757750132
3.5	0.0007910236094338283
3.51	0.0007629920965805307
3.52	0.0007358755838202069
3.53	0.000709647210077935
3.54	0.0006842807931290938
3.55	0.0006597508162590417
3.56	0.000636032415055737
3.57	0.0006131013643386531
3.58	0.0005909340652271272
3.59	0.000569507532351071
3.6	0.000548799381206768
3.61	0.0005287878156602796
3.62	0.0005094516156007936
3.63	0.0004907701247460499
3.64	0.000472723238601804
3.65	0.00045529139257709987
3.66	0.0004384555502569569
3.67	0.0004221971918339
3.68	0.0004064983026996012
3.69	0.00039134136219774003
3.7	0.00037670933253903453
3.71	0.00036258564787924614
3.72	0.00034895420356081556
3.73	0.0003357993455186462
3.74	0.00032310585985041756
3.75	0.00031085896255167824
3.76	0.00029904428941584274
3.77	0.00028764788609909485
3.78	0.00027665619835008263
3.79	0.00026605606240417696
3.8	0.0002558346955419579
3.81	0.00024597968681148926
3.82	0.00023647898791384048
3.83	0.00022732090425122128
3.84	0.00021849408613700135
3.85	0.00020998752016680136
3.86	0.00020179052074975688
3.87	0.000193892721798978
3.88	0.00018628406858015156
3.89	0.00017895480971716096
3.9	0.00017189548935352957
3.91	0.00016509693946843045
3.92	0.00015855027234594238
3.93	0.00015224687319617547
3.94	0.00014617839292683474
3.95	0.00014033674106373915
3.96	0.00013471407881876553
3.97	0.00012930281230364194
3.98	0.00012409558588797383
3.99	0.00011908527569984634
4.	0.00011426498326731147
4.01	0.00010962802929903496
4.02	0.00010516794760234714
4.03	0.00010087847913691483
4.04	0.00009675356620222555
4.05	0.00009278734675705283
4.06	0.00008897414886905092
4.07	0.0000853084852926092
4.08	0.00008178504817308076
4.09	0.00007839870387548595
4.1	0.00007514448793578016
4.11	0.0000720176001327658
4.12	0.00006901339967872037
4.13	0.00006612740052680734
4.14	0.00006335526679333235
4.15	0.000060692808292905157
4.16	0.000058135976184567356
4.17	0.00005568085872694683
4.18	0.00005332367714050267
4.19	0.00005106078157492827
4.2	0.00004888864717978601
4.21	0.00004680387027645354
4.22	0.00004480316462946994
4.23	0.0000428833578153793
4.24	0.00004104138768717986
4.25	0.00003927429893249826
4.26	0.000037579239723621224
4.27	0.0000359534584575306
4.28	0.00003439430058410207
4.29	0.00003289920552064364
4.3	0.00003146570365096573
4.31	0.00003009141340719234
4.32	0.000028774038432539963
4.33	0.000027511364823309815
4.34	0.000026301258448357748
4.35	0.000025141662344326
4.36	0.000024030594184941198
4.37	0.000022966143822703675
4.38	0.0000219464709013144
4.39	0.000020969802537207468
4.4	0.000020034431068578082
4.41	0.000019138711870318263
4.42	0.000018281061233295364
4.43	0.000017459954306431204
4.44	0.000016673923100063044
4.45	0.000015921554549090888
4.46	0.000015201488634439301
4.47	0.000014512416561385642
4.48	0.000013853078993330492
4.49	0.000013222264339610068
4.5	0.000012618807095974435
4.51	0.000012041586236379462
4.52	0.000011489523654764534
4.53	0.00001096158265551224
4.54	0.000010456766491310248
4.55	9.974116947159759e-6
4.56	9.512712969298793e-6
4.57	9.071669337832579e-6
4.58	8.650135381887074e-6
4.59	8.247293736125307e-6
4.6	7.862359137489884e-6
4.61	7.49457726105828e-6
4.62	7.143223593920898e-6
4.63	6.807602346014839e-6
4.64	6.487045396869279e-6
4.65	6.180911277240968e-6
4.66	5.888584184640819e-6
4.67	5.609473031774825e-6
4.68	5.34301052694448e-6
4.69	5.088652285473658e-6
4.7	4.845875971250401e-6
4.71	4.614180467493272e-6
4.72	4.393085075872932e-6
4.73	4.18212874314025e-6
4.74	3.980869314432688e-6
4.75	3.788882812450821e-6
4.76	3.6057627417166726e-6
4.77	3.43111941714508e-6
4.78	3.2645793161785537e-6
4.79	3.105784453755004e-6
4.8	2.954391779396338e-6
4.81	2.8100725957242625e-6
4.82	2.6725119977275992e-6
4.83	2.541408332123142e-6
4.84	2.4164726761694465e-6
4.85	2.2974283353100033e-6
4.86	2.184010359039013e-6
4.87	2.075965074399384e-6
4.88	1.9730496365387236e-6
4.89	1.87503159576487e-6
4.9	1.7816884805580157e-6
4.91	1.6928073960116453e-6
4.92	1.6081846371893733e-6
4.93	1.5276253168993255e-6
4.94	1.4509430074019519e-6
4.95	1.3779593955810982e-6
4.96	1.308503951121805e-6
4.97	1.2424136072516305e-6
4.98	1.1795324536153404e-6
4.99	1.1197114408655358e-6
5.	1.062808096564251e-6
5.01	1.0086862520027021e-6
5.02	9.572157795582422e-7
5.03	9.082723402191663e-7
5.04	8.617371409193201e-7
5.05	8.174967013354954e-7
5.06	7.754426298113597e-7
5.07	7.354714080821578e-7
5.08	6.974841844846488e-7
5.09	6.613865753467141e-7
5.1	6.270884742607767e-7
5.11	5.945038689546339e-7
5.12	5.635506654825145e-7
5.13	5.341505194681369e-7
5.14	5.062286741402706e-7
5.15	4.797138049097931e-7
5.16	4.545378702454955e-7
5.17	4.3063596861391856e-7
5.18	4.0794620125631326e-7
5.19	3.8640954058340877e-7
5.2	3.6596970397604747e-7
5.21	3.465730327869147e-7
5.22	3.2816837634555095e-7
5.23	3.107069807755946e-7
5.24	2.941423824397673e-7
5.25	2.784303058344825e-7
5.26	2.635285657621425e-7
5.27	2.4939697361518455e-7
5.28	2.3599724761175453e-7
5.29	2.2329292682852997e-7
5.3	2.1124928888168168e-7
5.31	1.998332711122659e-7
5.32	1.8901339513747737e-7
5.33	1.7875969463417086e-7
5.34	1.6904364622588127e-7
5.35	1.5983810334924233e-7
5.36	1.511172329802258e-7
5.37	1.428564551049998e-7
5.38	1.350323848244421e-7
5.39	1.2762277698544256e-7
5.4	1.206064732360954e-7
5.41	1.1396335140571743e-7
5.42	1.0767427711433734e-7
5.43	1.0172105751988793e-7
5.44	9.608639711479904e-8