-5.779999999999921	9.596778842978623e-8
-5.769999999999921	1.0087307733902285e-7
-5.759999999999922	1.0602132359427235e-7
-5.749999999999922	1.1142416038157012e-7
-5.739999999999922	1.1709373835284492e-7
-5.729999999999922	1.230427674212579e-7
-5.7199999999999225	1.2928455311691673e-7
-5.709999999999923	1.3583299935340985e-7
-5.699999999999923	1.4270264965886768e-7
-5.689999999999923	1.4990870499818564e-7
-5.679999999999923	1.57467057397274e-7
-5.6699999999999235	1.6539432613700255e-7
-5.659999999999924	1.7370788013468687e-7
-5.649999999999924	1.8242587392701235e-7
-5.639999999999924	1.9156728090848645e-7
-5.629999999999924	2.0115192904724631e-7
-5.619999999999925	2.112005375896814e-7
-5.609999999999925	2.217347549304304e-7
-5.599999999999925	2.3277719380831177e-7
-5.589999999999925	2.44351487303964e-7
-5.5799999999999255	2.564823220015458e-7
-5.569999999999926	2.691954711482277e-7
-5.559999999999926	2.8251786133195273e-7
-5.549999999999926	2.964776124123761e-7
-5.539999999999926	3.111040841660322e-7
-5.5299999999999265	3.264279348135967e-7
-5.519999999999927	3.4248117318336474e-7
-5.509999999999927	3.5929721444303444e-7
-5.499999999999927	3.7691094016077297e-7
-5.489999999999927	3.9535875903941547e-7
-5.479999999999928	4.146786705298796e-7
-5.469999999999928	4.349103309709054e-7
-5.459999999999928	4.5609511962810425e-7
-5.449999999999928	4.782762201369993e-7
-5.4399999999999284	5.014986769644656e-7
-5.429999999999929	5.258094927575387e-7
-5.419999999999929	5.512576904284402e-7
-5.409999999999929	5.778944064005235e-7
-5.399999999999929	6.05772974266824e-7
-5.3899999999999295	6.3494901434625e-7
-5.37999999999993	6.654805269003774e-7
-5.36999999999993	6.974279883272419e-7
-5.35999999999993	7.308544516846045e-7
-5.34999999999993	7.658256505280938e-7
-5.339999999999931	8.024101068296932e-7
-5.329999999999931	8.406792432002332e-7
-5.319999999999931	8.807074988522315e-7
-5.309999999999931	9.225724504895234e-7
-5.299999999999931	9.6635493746426e-7
-5.289999999999932	1.012139190885589e-6
-5.279999999999932	1.0600129688056533e-6
-5.269999999999932	1.1100676960518019e-6
-5.259999999999932	1.1623986084891066e-6
-5.2499999999999325	1.217104903321275e-6
-5.239999999999933	1.2742898945578008e-6
-5.229999999999933	1.3340611745143642e-6
-5.219999999999933	1.3965307808767366e-6
-5.209999999999933	1.4618153701477484e-6
-5.199999999999934	1.5300363969932258e-6
-5.189999999999934	1.60132030056379e-6
-5.179999999999934	1.6757986971565033e-6
-5.169999999999934	1.7536085813665077e-6
-5.159999999999934	1.8348925290053394e-6
-5.149999999999935	1.9197989140170172e-6
-5.139999999999935	2.008482133090759e-6
-5.129999999999935	2.101102831408728e-6
-5.119999999999935	2.1978281443393468e-6
-5.1099999999999355	2.2988319354897475e-6
-5.099999999999936	2.404295064245336e-6
-5.089999999999936	2.514405636661127e-6
-5.079999999999936	2.629359294082285e-6
-5.069999999999936	2.74935948418762e-6
-5.0599999999999365	2.874617744445366e-6
-5.049999999999937	3.005354039349161e-6
-5.039999999999937	3.1417970227563815e-6
-5.029999999999937	3.284184415126224e-6
-5.019999999999937	3.4327633035288374e-6
-5.009999999999938	3.5877904962849012e-6
-4.999999999999938	3.7495328837045796e-6
-4.989999999999938	3.918267818420017e-6
-4.979999999999938	4.0942834625108535e-6
-4.9699999999999385	4.277879235611252e-6
-4.959999999999939	4.4693661746229e-6
-4.949999999999939	4.669067391209085e-6
-4.939999999999939	4.877318495334148e-6
-4.929999999999939	5.094468043959125e-6
-4.9199999999999395	5.320878011036624e-6
-4.90999999999994	5.556924271176555e-6
-4.89999999999994	5.8029970951721394e-6
-4.88999999999994	6.059501657531395e-6
-4.87999999999994	6.326858578331562e-6
-4.869999999999941	6.605504468075184e-6
-4.859999999999941	6.895892485840997e-6
-4.849999999999941	7.198492929214995e-6
-4.839999999999941	7.513793839104914e-6
-4.8299999999999415	7.84230161640231e-6
-4.819999999999942	8.184541662387234e-6
-4.809999999999942	8.541059050907549e-6
-4.799999999999942	8.912419203472638e-6
-4.789999999999942	9.299208586337127e-6
-4.7799999999999425	9.702035459333764e-6
-4.769999999999943	0.000010121530603637344
-4.759999999999943	0.000010558348103944824
-4.749999999999943	0.000011013166148082237
-4.739999999999943	0.00001148668784033878
-4.729999999999944	0.000011979642053435813
-4.719999999999944	0.000012492784303747038
-4.709999999999944	0.000013026897643550108
-4.699999999999944	0.00001358279359074914
-4.689999999999944	0.000014161313086016955
-4.679999999999945	0.000014763327475340752
-4.669999999999945	0.000015389739519737786
-4.659999999999945	0.000016041484439905248
-4.649999999999945	0.000016719530994437873
-4.6399999999999455	0.00001742488258156785
-4.629999999999946	0.000018158578375754284
-4.619999999999946	0.00001892169451274446
-4.609999999999946	0.00001971534527711473
-4.599999999999946	0.000020540684357204257
-4.589999999999947	0.0000213989061207535
-4.579999999999947	0.000022291246926701014
-4.569999999999947	0.000023218986474434356
-4.559999999999947	0.00002418344920625349
-4.549999999999947	0.000025186005724004172
-4.539999999999948	0.000026228074268743804
-4.529999999999948	0.000027311122230078045
-4.519999999999948	0.00002843666770123561
-4.509999999999948	0.00002960628107420038
-4.4999999999999485	0.00003082158668987316
-4.489999999999949	0.000032084264521229505
-4.479999999999949	0.00003339605189968947
-4.469999999999949	0.000034758745315210795
-4.459999999999949	0.00003617420223221965
-4.4499999999999496	0.00003764434296887152
-4.43999999999995	0.000039171152637303284
-4.42999999999995	0.00004075668311807297
-4.41999999999995	0.000042403055094412445
-4.40999999999995	0.000044112460148410064
-4.399999999999951	0.00004588716289877497
-4.389999999999951	0.00004772950320142197
-4.379999999999951	0.00004964189840876882
-4.369999999999951	0.00005162684568876833
-4.3599999999999515	0.00005368692439048734
-4.349999999999952	0.00005582479849061817
-4.339999999999952	0.00005804321909284863
-4.329999999999952	0.00006034502698254717
-4.319999999999952	0.00006273315525508586
-4.3099999999999525	0.00006521063202095769
-4.299999999999953	0.00006778058314436169
-4.289999999999953	0.00007044623508689382
-4.279999999999953	0.00007321091780372412
-4.269999999999953	0.00007607806770098666
-4.259999999999954	0.00007905123068971864
-4.249999999999954	0.00008213406529222952
-4.239999999999954	0.00008533034583152277
-4.229999999999954	0.00008864396569583307
-4.2199999999999545	0.0000920789406857481
-4.209999999999955	0.00009563941242452103
-4.199999999999955	0.00009932965186469185
-4.189999999999955	0.00010315406287148332
-4.179999999999955	0.00010711718588269022
-4.1699999999999555	0.00011122370165253166
-4.159999999999956	0.00011547843509991052
-4.149999999999956	0.00011988635920378253
-4.139999999999956	0.00012445259904360267
-4.129999999999956	0.00012918243586075651
-4.119999999999957	0.0001340813112627831
-4.109999999999957	0.0001391548314913745
-4.099999999999957	0.0001444087718226423
-4.089999999999957	0.000149849080991956
-4.079999999999957	0.00015548188577566032
-4.069999999999958	0.00016131349564735848
-4.059999999999958	0.00016735040754686022
-4.049999999999958	0.00017359931067492993
-4.039999999999958	0.00018006709153444586
-4.0299999999999585	0.00018676083893183774
-4.019999999999959	0.00019368784915750175
-4.009999999999959	0.000200855631204886
-3.9999999999999587	0.0002082719122156467
-3.989999999999959	0.00021594464289074848
-3.979999999999959	0.00022388200309671506
-3.9699999999999593	0.00023209240755628162
-3.9599999999999596	0.00024058451163307777
-3.9499999999999598	0.0002493672172585557
-3.93999999999996	0.00025844967894340156
-3.92999999999996	0.00026784130990973616
-3.9199999999999604	0.0002775517883386164
-3.9099999999999606	0.0002875910637393045
-3.899999999999961	0.0002979693634077501
-3.889999999999961	0.0003086971990269653
-3.8799999999999613	0.0003197853733749473
-3.8699999999999615	0.0003312449871468699
-3.8599999999999617	0.00034308744588978934
-3.849999999999962	0.000355324467078778
-3.839999999999962	0.0003679680872813743
-3.8299999999999623	0.00038103066945799997
-3.8199999999999625	0.0003945249103841495
-3.8099999999999627	0.00040846384818996745
-3.799999999999963	0.0004228608700031589
-3.789999999999963	0.000437729719751288
-3.7799999999999634	0.0004530845060433532
-3.7699999999999636	0.0004689397101942851
-3.759999999999964	0.00048531019436829953
-3.749999999999964	0.0005022112098408806
-3.7399999999999642	0.0005196584053813472
-3.7299999999999645	0.0005376678357499196
-3.7199999999999647	0.0005562559703297534
-3.709999999999965	0.0005754397018573239
-3.699999999999965	0.0005952363552978571
-3.6899999999999653	0.0006156636968180875
-3.6799999999999655	0.0006367399428832077
-3.6699999999999657	0.0006584837694680417
-3.659999999999966	0.000680914321416598
-3.649999999999966	0.0007040512218406586
-3.6399999999999664	0.0007279145817138789
-3.6299999999999666	0.0007525250095444451
-3.619999999999967	0.0007779036211426021
-3.609999999999967	0.0008040720495294424
-3.5999999999999672	0.0008310524549386801
-3.5899999999999674	0.0008588675349186333
-3.5799999999999677	0.000887540534544586
-3.569999999999968	0.0009170952567697279
-3.559999999999968	0.0009475560727924983
-3.5499999999999683	0.000978947932601327
-3.5399999999999685	0.0010112963755938523
-3.5299999999999687	0.0010446275412668185
-3.519999999999969	0.0010789681800103927
-3.509999999999969	0.0011143456640319912
-3.4999999999999694	0.0011507879982712548
-3.4899999999999696	0.001188323831477682
-3.47999999999997	0.001226982467352633
-3.46999999999997	0.001266793875737541
-3.45999999999997	0.0013077887038900557
-3.4499999999999704	0.0013499982878409918
-3.4399999999999706	0.0013934546637934628
-3.429999999999971	0.0014381905795813167
-3.419999999999971	0.0014842395062061983
-3.4099999999999713	0.0015316356494149027
-3.3999999999999715	0.0015804139612552923
-3.3899999999999717	0.001630610151830585
-3.379999999999972	0.0016822607009280449
-3.369999999999972	0.0017354028697551323
-3.3599999999999723	0.0017900747126900444
-3.3499999999999726	0.001846315089054937
-3.3399999999999728	0.0019041636748900602
-3.329999999999973	0.001963660974705345
-3.319999999999973	0.002024848333339584
-3.3099999999999734	0.002087767947685371
-3.2999999999999736	0.0021524628784710966
-3.289999999999974	0.002218977062017304
-3.279999999999974	0.002287355321939189
-3.2699999999999743	0.0023576433808451284
-3.2599999999999745	0.002429887871978115
-3.2499999999999747	0.0025041363508066196
-3.239999999999975	0.0025804373065546494
-3.229999999999975	0.002658840173686862
-3.2199999999999753	0.0027393953432830135
-3.2099999999999755	0.002822154174350115
-3.1999999999999758	0.002907169005054509
-3.189999999999976	0.002994493163813655
-3.179999999999976	0.0030841809803069686
-3.1699999999999764	0.0031762877963680113
-3.1599999999999766	0.0032708699767187268
-3.149999999999977	0.0033679849195777972
-3.139999999999977	0.003467691067130525
-3.1299999999999772	0.0035700479158109547
-3.1199999999999775	0.0036751160264178505
-3.1099999999999777	0.003782957034058603
-3.099999999999978	0.0038936336578940206
-3.089999999999978	0.004007209710650278
-3.0799999999999783	0.004123750107955081
-3.0699999999999785	0.004243320877407811
-3.0599999999999787	0.004365989167416206
-3.049999999999979	0.004491823255783973
-3.039999999999979	0.0046208925580296465
-3.0299999999999794	0.0047532676354031436
-3.0199999999999796	0.004889020202639824
-3.00999999999998	0.005028223135390182
-2.99999999999998	0.00517095047732254
-2.9899999999999802	0.005317277446897146
-2.9799999999999804	0.005467280443808939
-2.9699999999999807	0.005621037055024021
-2.959999999999981	0.005778626060484816
-2.949999999999981	0.005940127438406539
-2.9399999999999813	0.006105622370149462
-2.9299999999999815	0.006275193244694189
-2.9199999999999817	0.006448923662685973
-2.909999999999982	0.006626898439992932
-2.899999999999982	0.006809203610830307
-2.8899999999999824	0.006995926430399886
-2.8799999999999826	0.007187155377013159
-2.869999999999983	0.007382980153706186
-2.859999999999983	0.007583491689359032
-2.849999999999983	0.007788782139221212
-2.8399999999999834	0.00799894488489811
-2.8299999999999836	0.008214074533779805
-2.819999999999984	0.008434266917842407
-2.809999999999984	0.008659619091849558
-2.7999999999999843	0.008890229330953578
-2.7899999999999845	0.009126197127623572
-2.7799999999999847	0.009367623187915673
-2.769999999999985	0.009614609427098506
-2.759999999999985	0.009867258964556728
-2.7499999999999853	0.010125676117984405
-2.7399999999999856	0.010389966396883384
-2.7299999999999858	0.010660236495296464
-2.719999999999986	0.010936594283772368
-2.709999999999986	0.011219148800590283
-2.6999999999999864	0.011508010242170297
-2.6899999999999866	0.011803289952669528
-2.679999999999987	0.012105100412776501
-2.669999999999987	0.012413555227661553
-2.6599999999999873	0.012728769114042731
-2.6499999999999875	0.01305085788641835
-2.6399999999999877	0.013379938442398652
-2.629999999999988	0.013716128747116342
-2.619999999999988	0.014059547816739591
-2.6099999999999883	0.014410315701056522
-2.5999999999999885	0.014768553465076854
-2.5899999999999888	0.015134383169702162
-2.579999999999989	0.015507927851411423
-2.569999999999989	0.015889311500933787
-2.5599999999999894	0.016278659040930725
-2.5499999999999896	0.016676096302671188
-2.53999999999999	0.017081750001635813
-2.52999999999999	0.017495747712093248
-2.5199999999999902	0.017918217840634267
-2.5099999999999905	0.01834928959860063
-2.4999999999999907	0.018789092973423318
-2.489999999999991	0.01923775869892084
-2.479999999999991	0.019695418224427403
-2.4699999999999913	0.02016220368281896
-2.4599999999999915	0.02063824785743918
-2.4499999999999917	0.02112368414784311
-2.439999999999992	0.02161864653442005
-2.429999999999992	0.022123269541852782
-2.4199999999999924	0.02263768820141352
-2.4099999999999926	0.023162038012062666
-2.399999999999993	0.023696454900408694
-2.389999999999993	0.024241075179456905
-2.3799999999999932	0.024796035506146872
-2.3699999999999934	0.025361472837731637
-2.3599999999999937	0.02593752438693566
-2.349999999999994	0.02652432757588033
-2.339999999999994	0.027122019988845298
-2.3299999999999943	0.0277307393237922
-2.3199999999999945	0.0283506233426616
-2.3099999999999947	0.028981809820481128
-2.299999999999995	0.02962443649325535
-2.289999999999995	0.030278641004609953
-2.2799999999999954	0.03094456085125468
-2.2699999999999956	0.03162233332723741
-2.259999999999996	0.03231209546695377
-2.249999999999996	0.03301398398698295
-2.239999999999996	0.03372813522673515
-2.2299999999999964	0.034454685087867545
-2.2199999999999966	0.03519376897253081
-2.209999999999997	0.035945521720475514
-2.199999999999997	0.0367100775449116
-2.1899999999999973	0.03748756996726377
-2.1799999999999975	0.03827813175076949
-2.1699999999999977	0.03908189483293117
-2.159999999999998	0.03989899025682459
-2.149999999999998	0.04072954810134378
-2.1399999999999983	0.04157369741030451
-2.1299999999999986	0.042431566120472254
-2.1199999999999988	0.043303280988560545
-2.109999999999999	0.04418896751715018
-2.099999999999999	0.04508874987957343
-2.0899999999999994	0.04600275084383601
-2.0799999999999996	0.04693109169553092
-2.07	0.04787389215975319
-2.06	0.04883127032214428
-2.0500000000000003	0.04980334254898498
-2.0400000000000005	0.05079022340638509
-2.0300000000000007	0.05179202557865156
-2.020000000000001	0.0528088597858095
-2.010000000000001	0.05384083470029429
-2.0000000000000013	0.05488805686291428
-1.9900000000000015	0.05595063059805956
-1.9800000000000015	0.05702865792818123
-1.9700000000000015	0.05812223848762192
-1.9600000000000015	0.05923146943582194
-1.9500000000000015	0.06035644536988119
-1.9400000000000015	0.0614972582365923
-1.9300000000000015	0.06265399724396052
-1.9200000000000015	0.06382674877220182
-1.9100000000000015	0.06501559628432244
-1.9000000000000015	0.06622062023631667
-1.8900000000000015	0.06744189798696636
-1.8800000000000014	0.06867950370735293
-1.8700000000000014	0.06993350829012554
-1.8600000000000014	0.0712039792585075
-1.8500000000000014	0.07249098067515096
-1.8400000000000014	0.07379457305090022
-1.8300000000000014	0.0751148132534377
-1.8200000000000014	0.07645175441592834
-1.8100000000000014	0.07780544584571807
-1.8000000000000014	0.07917593293309298
-1.7900000000000014	0.08056325706017108
-1.7800000000000014	0.08196745551002792
-1.7700000000000014	0.08338856137606632
-1.7600000000000013	0.0848266034716341
-1.7500000000000013	0.08628160624010398
-1.7400000000000013	0.08775358966532629
-1.7300000000000013	0.08924256918255404
-1.7200000000000013	0.09074855558996385
-1.7100000000000013	0.09227155496076136
-1.7000000000000013	0.09381156855592966
-1.6900000000000013	0.09536859273776298
-1.6800000000000013	0.09694261888417681
-1.6700000000000013	0.09853363330385682
-1.6600000000000013	0.10014161715236278
-1.6500000000000012	0.10176654634923156
-1.6400000000000012	0.10340839149608473
-1.6300000000000012	0.1050671177959502
-1.6200000000000012	0.10674268497367675
-1.6100000000000012	0.10843504719767398
-1.6000000000000012	0.11014415300294862
-1.5900000000000012	0.11186994521556998
-1.5800000000000012	0.1136123608785416
-1.5700000000000012	0.11537133117923842
-1.5600000000000012	0.1171467813784648
-1.5500000000000012	0.11893863074112898
-1.5400000000000011	0.12074679246867819
-1.5300000000000011	0.12257117363337053
-1.5200000000000011	0.12441167511437043
-1.5100000000000011	0.12626819153580568
-1.500000000000001	0.1281406112068628
-1.490000000000001	0.13002881606392672
-1.480000000000001	0.1319326816148669
-1.470000000000001	0.13385207688558673
-1.460000000000001	0.13578686436880846
-1.450000000000001	0.13773689997520802
-1.440000000000001	0.13970203298701353
-1.430000000000001	0.1416821060140483
-1.420000000000001	0.14367695495230295
-1.410000000000001	0.14568640894517806
-1.400000000000001	0.14771029034736935
-1.390000000000001	0.149748414691469
-1.380000000000001	0.1518005906574203
-1.370000000000001	0.15386662004481336
-1.360000000000001	0.15594629774808297
-1.350000000000001	0.15803941173471228
-1.340000000000001	0.16014574302649767
-1.330000000000001	0.16226506568384835
-1.320000000000001	0.1643971467933
-1.310000000000001	0.1665417464582325
-1.300000000000001	0.16869861779279668
-1.290000000000001	0.17086750691920746
-1.280000000000001	0.17304815296840448
-1.270000000000001	0.17524028808406977
-1.260000000000001	0.17744363743014577
-1.2500000000000009	0.17965791920187693
-1.2400000000000009	0.1818828446403457
-1.2300000000000009	0.18411811805062586
-1.2200000000000009	0.18636343682359913
-1.2100000000000009	0.18861849146137982
-1.2000000000000008	0.1908829656064704
-1.1900000000000008	0.19315653607469044
-1.1800000000000008	0.19543887289181877
-1.1700000000000008	0.19772963933405013
-1.1600000000000008	0.20002849197233377
-1.1500000000000008	0.2023350807205026
-1.1400000000000008	0.20464904888728488
-1.1300000000000008	0.2069700332322726
-1.1200000000000008	0.2092976640257528
-1.1100000000000008	0.21163156511246137
-1.1000000000000008	0.21397135397934278
-1.0900000000000007	0.21631664182723
-1.0800000000000007	0.21866703364646434
-1.0700000000000007	0.2210221282965564
-1.0600000000000007	0.22338151858977687
-1.0500000000000007	0.22574479137871015
-1.0400000000000007	0.22811152764782686
-1.0300000000000007	0.23048130260901525
-1.0200000000000007	0.23285368580101984
-1.0100000000000007	0.23522824119290403
-1.0000000000000007	0.2376045272914395
-0.9900000000000007	0.23998209725235684
-0.9800000000000006	0.24236049899556292
-0.9700000000000006	0.24473927532424708
-0.9600000000000006	0.24711796404776232
-0.9500000000000006	0.24949609810842255
-0.9400000000000006	0.2518732057120686
-0.9300000000000006	0.2542488104623666
-0.9200000000000006	0.2566224314988635
-0.9100000000000006	0.25899358363876623
-0.9000000000000006	0.26136177752228223
-0.8900000000000006	0.2637265197616045
-0.8800000000000006	0.26608731309349176
-0.8700000000000006	0.2684436565366175
-0.8600000000000005	0.2707950455455245
-0.8500000000000005	0.27314097218193983
-0.8400000000000005	0.27548092527524776
-0.8300000000000005	0.27781439059336765
-0.8200000000000005	0.28014085101545566
-0.8100000000000005	0.2824597867076582
-0.8000000000000005	0.28477067530192124
-0.7900000000000005	0.2870729920778441
-0.7800000000000005	0.2893662101473872
-0.7700000000000005	0.29164980064236407
-0.7600000000000005	0.29392323290477707
-0.7500000000000004	0.2961859746797354
-0.7400000000000004	0.2984374923108916
-0.7300000000000004	0.3006772509384633
-0.7200000000000004	0.3029047146995796
-0.7100000000000004	0.3051193469308366
-0.7000000000000004	0.3073206103731547
-0.6900000000000004	0.30950796737868885
-0.6800000000000004	0.31168088011961426
-0.6700000000000004	0.31383881079890363
-0.6600000000000004	0.3159812218628537
-0.6500000000000004	0.31810757621514624
-0.6400000000000003	0.32021733743262343
-0.6300000000000003	0.3223099699822925
-0.6200000000000003	0.32438493943998953
-0.6100000000000003	0.32644171270969535
-0.6000000000000003	0.32847975824431974
-0.5900000000000003	0.3304985462673384
-0.5800000000000003	0.33249754899525025
-0.5700000000000003	0.33447624086070704
-0.5600000000000003	0.336434098736165
-0.5500000000000003	0.3383706021581171
-0.5400000000000003	0.34028523355154777
-0.5300000000000002	0.3421774784545143
-0.5200000000000002	0.34404682574289275
-0.5100000000000002	0.3458927678549915
-0.5000000000000002	0.34771480101587615
-0.49000000000000027	0.34951242546145134
-0.48000000000000026	0.3512851456620225
-0.47000000000000025	0.3530324705451532
-0.46000000000000024	0.3547539137178544
-0.45000000000000023	0.3564489936878735
-0.4400000000000002	0.35811723408384777
-0.4300000000000002	0.3597581638743708
-0.4200000000000002	0.36137131758575064
-0.4100000000000002	0.36295623551823974
-0.4000000000000002	0.3645124639607292
-0.3900000000000002	0.36603955540374483
-0.38000000000000017	0.3675370687505059
-0.37000000000000016	0.36900456952601307
-0.36000000000000015	0.3704416300840519
-0.35000000000000014	0.3718478298118334
-0.34000000000000014	0.3732227553322581
-0.3300000000000001	0.3745660007036986
-0.3200000000000001	0.3758771676170217
-0.3100000000000001	0.3771558655898209
-0.3000000000000001	0.3784017121577751
-0.2900000000000001	0.3796143330628679
-0.2800000000000001	0.3807933624384235
-0.2700000000000001	0.3819384429907194
-0.26000000000000006	0.3830492261778323
-0.25000000000000006	0.3841253723834642
-0.24000000000000007	0.3851665510885763
-0.23000000000000007	0.3861724410384516
-0.22000000000000006	0.38714273040595065
-0.21000000000000005	0.38807711695079444
-0.20000000000000004	0.3889753081746584
-0.19000000000000003	0.38983702147196175
-0.18000000000000002	0.3906619842763588
-0.17	0.39144993420273166
-0.16	0.39220061918455384
-0.15	0.39291379760664136
-0.13999999999999999	0.3935892384331212
-0.12999999999999998	0.3942267213304797
-0.11999999999999998	0.3948260367857005
-0.10999999999999999	0.3953869862193653
-0.09999999999999999	0.39590938209356463
-0.09	0.3963930480146479
-0.08	0.39683781883069386
-0.07	0.3972435407235604
-0.060000000000000005	0.39761007129554105
-0.05	0.397937279650543
-0.04	0.3982250464696407
-0.03	0.3984732640810347
-0.02	0.39868183652435685
-0.01	0.3988506796092037
0	0.39897972096789036
0.01	0.399068900102427
0.02	0.39911816842557823
0.03	0.3991274892960317
0.04	0.39909683804766855
0.05	0.39902620201283523
0.060000000000000005	0.39891558053962267
0.07	0.3987649850031916
0.08	0.39857443881103755
0.09	0.39834397740220884
0.09999999999999999	0.3980736482405358
0.10999999999999999	0.3977635108017942
0.11999999999999998	0.3974136365547896
0.12999999999999998	0.3970241089364741
0.13999999999999999	0.3965950233210022
0.15	0.39612648698275515
0.16	0.3956186190534143
0.17	0.395071550473053
0.18000000000000002	0.39448542393525354
0.19000000000000003	0.39386039382634147
0.20000000000000004	0.3931966261587582
0.21000000000000005	0.39249429849853634
0.22000000000000006	0.3917535998870304
0.23000000000000007	0.39097473075690625
0.24000000000000007	0.39015790284238355
0.25000000000000006	0.3893033390838769
0.26000000000000006	0.38841127352707155
0.2700000000000001	0.38748195121642637
0.2800000000000001	0.38651562808327644
0.2900000000000001	0.3855125708285446
0.3000000000000001	0.3844730568001364
0.3100000000000001	0.3833973738651122
0.3200000000000001	0.38228582027674984
0.3300000000000001	0.38113870453650756
0.34000000000000014	0.37995634525102706
0.35000000000000014	0.3787390709843024
0.36000000000000015	0.37748722010502567
0.37000000000000016	0.3762011406292524
0.38000000000000017	0.37488119005854403
0.3900000000000002	0.37352773521358285
0.4000000000000002	0.3721411520634471
0.4100000000000002	0.37072182555064825
0.4200000000000002	0.36927014941202446
0.4300000000000002	0.36778652599559297
0.4400000000000002	0.3662713660735453
0.45000000000000023	0.3647250886514499
0.46000000000000024	0.36314812077377684
0.47000000000000025	0.36154089732594547
0.48000000000000026	0.3599038608330698
0.49000000000000027	0.3582374612548608
0.5000000000000002	0.35654215577854687
0.5100000000000002	0.35481840860768515
0.5200000000000002	0.35306669074863345
0.5300000000000002	0.3512874797942375
0.5400000000000003	0.34948125970492855
0.5500000000000003	0.3476485205873646
0.5600000000000003	0.3457897584707964
0.5700000000000003	0.3439054750812978
0.5800000000000003	0.34199617761395373
0.5900000000000003	0.34006237850321797
0.6000000000000003	0.3381045951915685
0.6100000000000003	0.336123349896568
0.6200000000000003	0.3341191693765262
0.6300000000000003	0.3320925846949217
0.6400000000000003	0.3300441309836575
0.6500000000000004	0.3279743472053737
0.6600000000000004	0.3258837759149591
0.6700000000000004	0.3237729630203636
0.6800000000000004	0.32164245754288956
0.6900000000000004	0.31949281137714364
0.7000000000000004	0.31732457905073846
0.7100000000000004	0.31513831748391197
0.7200000000000004	0.31293458574925276
0.7300000000000004	0.31071394483161074
0.7400000000000004	0.30847695738838204
0.7500000000000004	0.30622418751030467
0.7600000000000005	0.30395620048291705
0.7700000000000005	0.301673562548771
0.7800000000000005	0.2993768406706289
0.7900000000000005	0.2970666022957169
0.8000000000000005	0.2947434151211637
0.8100000000000005	0.29240784686082727
0.8200000000000005	0.2900604650135956
0.8300000000000005	0.287701836633275
0.8400000000000005	0.2853325281002603
0.8500000000000005	0.28295310489506803
0.8600000000000005	0.28056413137386493
0.8700000000000006	0.278166170546125
0.8800000000000006	0.27575978385455696
0.8900000000000006	0.27334553095735914
0.9000000000000006	0.2709239695129872
0.9100000000000006	0.26849565496753397
0.9200000000000006	0.2660611403447832
0.9300000000000006	0.26362097603910406
0.9400000000000006	0.2611757096112998
0.9500000000000006	0.25872588558743687
0.9600000000000006	0.25627204526084124
0.9700000000000006	0.25381472649731673
0.9800000000000006	0.2513544635436879
0.9900000000000007	0.2488917868397434
1.0000000000000007	0.24642722283371649
1.0100000000000007	0.24396129380133036
1.0200000000000007	0.24149451766850621
1.0300000000000007	0.23902740783786328
1.0400000000000007	0.23656047301900268
1.0500000000000007	0.2340942170623773
1.0600000000000007	0.2316291387987628
1.0700000000000007	0.22916573187951703
1.0800000000000007	0.22670448462413623
1.0900000000000007	0.2242458798704032
1.1000000000000008	0.2217903948290208
1.1100000000000008	0.21933850094251806
1.1200000000000008	0.21689066374846688
1.1300000000000008	0.21444734274705127
1.1400000000000008	0.2120089912730008
1.1500000000000008	0.20957605637198817
1.1600000000000008	0.2071489786814687
1.1700000000000008	0.2047281923160123
1.1800000000000008	0.20231412475715216
1.1900000000000008	0.19990719674779814
1.2000000000000008	0.19750782219117027
1.2100000000000009	0.19511640805433794
1.2200000000000009	0.19273335427635715
1.2300000000000009	0.1903590536809752
1.2400000000000009	0.18799389189395768
1.2500000000000009	0.18563824726477507
1.260000000000001	0.18329249079420828
1.270000000000001	0.18095698606384877
1.280000000000001	0.17863208917296347
1.290000000000001	0.17631814867851364
1.300000000000001	0.17401550554005984
1.310000000000001	0.1717244930692102
1.320000000000001	0.16944543688359442
1.330000000000001	0.16717865486534197
1.340000000000001	0.1649244571240759
1.350000000000001	0.16268314596432387
1.360000000000001	0.16045501585736494
1.370000000000001	0.15824035341747214
1.380000000000001	0.15603943738249842
1.390000000000001	0.15385253859875755
1.400000000000001	0.15167992001019814
1.410000000000001	0.14952183665178342
1.420000000000001	0.14737853564703968
1.430000000000001	0.1452502562097297
1.440000000000001	0.14313722964961498
1.450000000000001	0.1410396793821878
1.460000000000001	0.13895782094240683
1.470000000000001	0.1368918620023048
1.480000000000001	0.13484200239243324
1.490000000000001	0.13280843412707805
1.500000000000001	0.13079134143320117
1.5100000000000011	0.12879090078298708
1.5200000000000011	0.12680728092998364
1.5300000000000011	0.1248406429487383
1.5400000000000011	0.1228911402778572
1.5500000000000012	0.12095891876640509
1.5600000000000012	0.11904411672361509
1.5700000000000012	0.11714686497176362
1.5800000000000012	0.11526728690217929
1.5900000000000012	0.11340549853431926
1.6000000000000012	0.11156160857776316
1.6100000000000012	0.10973571849712581
1.6200000000000012	0.10792792257975992
1.6300000000000012	0.10613830800616382
1.6400000000000012	0.10436695492303075
1.6500000000000012	0.10261393651885417
1.6600000000000013	0.10087931910198003
1.6700000000000013	0.09916316218104126
1.6800000000000013	0.09746551854768909
1.6900000000000013	0.09578643436152662
1.7000000000000013	0.09412594923714433
1.7100000000000013	0.09248409633321132
1.7200000000000013	0.0908609024434965
1.7300000000000013	0.08925638808973653
1.7400000000000013	0.08767056761628265
1.7500000000000013	0.08610344928644188
1.7600000000000013	0.0845550353803812
1.7700000000000014	0.08302532229453004
1.7800000000000014	0.08151430064249038
1.7900000000000014	0.0800219553571625
1.8000000000000014	0.07854826579419596
1.8100000000000014	0.07709320583657644
1.8200000000000014	0.07565674400029251
1.8300000000000014	0.07423884354099955
1.8400000000000014	0.07283946256159836
1.8500000000000014	0.07145855412062135
1.8600000000000014	0.07009606634138596
1.8700000000000014	0.06875194252180426
1.8800000000000014	0.06742612124477047
1.8900000000000015	0.06611853648906145
1.9000000000000015	0.06482911774063697
1.9100000000000015	0.06355779010434746
1.9200000000000015	0.06230447441584835
1.9300000000000015	0.06106908735374872
1.9400000000000015	0.05985154155186679
1.9500000000000015	0.05865174571154978
1.9600000000000015	0.05746960471395823
1.9700000000000015	0.056305019732274746
1.9800000000000015	0.05515788834373358
1.9900000000000015	0.05402810464143812
2.0000000000000013	0.052915559345887216
2.010000000000001	0.05182013991611602
2.020000000000001	0.050741730660454364
2.0300000000000007	0.04968021284677615
2.0400000000000005	0.048635464812208054
2.0500000000000003	0.047607362072245446
2.06	0.04659577742920765
2.07	0.045600581079964106
2.0799999999999996	0.044621640722914434
2.0899999999999994	0.043658821664137516
2.099999999999999	0.04271198692265732
2.109999999999999	0.04178099733481185
2.1199999999999988	0.04086571165763806
2.1299999999999986	0.0399659866712435
2.1399999999999983	0.03908167728013057
2.149999999999998	0.03821263661340509
2.159999999999998	0.037358716123858646
2.1699999999999977	0.03651976568586564
2.1799999999999975	0.03569563369205717
2.1899999999999973	0.03488616714874605
2.199999999999997	0.03409121177006597
2.209999999999997	0.03331061207078485
2.2199999999999966	0.03254421145777546
2.2299999999999964	0.03179185232009202
2.239999999999996	0.031053376117655233
2.249999999999996	0.030328623468491977
2.259999999999996	0.029617434234520033
2.2699999999999956	0.028919647605851775
2.2799999999999954	0.028235102183597774
2.289999999999995	0.027563636061145425
2.299999999999995	0.026905086903885586
2.3099999999999947	0.02625929202742502
2.3199999999999945	0.02562608847416496
2.3299999999999943	0.025005313088348146
2.339999999999994	0.024396802589480054
2.349999999999994	0.023800393644148026
2.3599999999999937	0.02321592293622793
2.3699999999999934	0.02264322723546135
2.3799999999999932	0.022082143464402484
2.389999999999993	0.021532508763727563
2.399999999999993	0.020994160555912408
2.4099999999999926	0.020466936607245714
2.4199999999999924	0.01995067508822638
2.429999999999992	0.019445214632299174
2.439999999999992	0.018950394392947465
2.4499999999999917	0.0184660540991579
2.4599999999999915	0.017992034109235486
2.4699999999999913	0.017528175462998667
2.479999999999991	0.017074319932333902
2.489999999999991	0.01663031007014916
2.4999999999999907	0.01619598925770048
2.5099999999999905	0.015771201750328992
2.5199999999999902	0.015355792721595037
2.52999999999999	0.01494960830584227
2.53999999999999	0.01455249563917672
2.5499999999999896	0.014164302898909976
2.5599999999999894	0.013784879341440265
2.569999999999989	0.013414075338614514
2.579999999999989	0.0130517424125743
2.5899999999999888	0.012697733269103414
2.5999999999999885	0.012351901829494458
2.6099999999999883	0.01201410326095128
2.619999999999988	0.011684194005541706
2.629999999999988	0.011362031807739523
2.6399999999999877	0.01104747574052455
2.6499999999999875	0.010740386230128065
2.6599999999999873	0.010440625079385294
2.669999999999987	0.01014805548976391
2.679999999999987	0.00986254208203471
2.6899999999999866	0.009583950915674634
2.6999999999999864	0.009312149506945703
2.709999999999986	0.009047006845746526
2.719999999999986	0.008788393411212514
2.7299999999999858	0.00853618118609584
2.7399999999999856	0.008290243669973855
2.7499999999999853	0.008050455891261512
2.759999999999985	0.007816694418106397
2.769999999999985	0.007588837368146829
2.7799999999999847	0.007366764417182922
2.7899999999999845	0.007150356806771899
2.7999999999999843	0.006939497350784294
2.809999999999984	0.006734070440926602
2.819999999999984	0.006533962051281903
2.8299999999999836	0.006339059741863192
2.8399999999999834	0.006149252661234477
2.849999999999983	0.0059644315481922824
2.859999999999983	0.005784488732570774
2.869999999999983	0.005609318135157085
2.8799999999999826	0.005438815266761857
2.8899999999999824	0.005272877226481335
2.899999999999982	0.005111402699142385
2.909999999999982	0.004954291951978599
2.9199999999999817	0.0048014468305717
2.9299999999999815	0.004652770754046831
2.9399999999999813	0.004508168709582286
2.949999999999981	0.004367547246236563
2.959999999999981	0.004230814468123453
2.9699999999999807	0.004097880026958334
2.9799999999999804	0.003968655113997483
2.9899999999999802	0.003843052451398531
2.99999999999998	0.0037209862830129
3.00999999999998	0.0036023723646508164
3.0199999999999796	0.0034871279538239925
3.0299999999999794	0.0033751717990009025
3.039999999999979	0.0032664241283838027
3.049999999999979	0.0031608066382504464
3.0599999999999787	0.0030582424808500218
3.0699999999999785	0.0029586562519015947
3.0799999999999783	0.0028619739777098283
3.089999999999978	0.0027681231019030268
3.099999999999978	0.0026770324718303666
3.1099999999999777	0.002588632324639608
3.1199999999999775	0.0025028542730246915
3.1299999999999772	0.0024196312907167157
3.139999999999977	0.002338897697670356
3.149999999999977	0.0022605891450204097
3.1599999999999766	0.0021846425997948784
3.1699999999999764	0.002110996329413808
3.179999999999976	0.0020395898859805538
3.189999999999976	0.0019703640904030506
3.1999999999999758	0.0019032610163253983
3.2099999999999755	0.0018382239739282915
3.2199999999999753	0.0017751974935808288
3.229999999999975	0.001714127309374469
3.239999999999975	0.0016549603425485074
3.2499999999999747	0.0015976446848214767
3.2599999999999745	0.0015421295816488861
3.2699999999999743	0.0014883654153913619
3.279999999999974	0.001436303688511712
3.289999999999974	0.0013858970065789124
3.2999999999999736	0.0013370990614000639
3.3099999999999734	0.0012898646140504979
3.319999999999973	0.001244149477924875
3.329999999999973	0.0011999105017886102
3.3399999999999728	0.001157105552837584
3.3499999999999726	0.001115693499849402
3.3599999999999723	0.0010756341962426645
3.369999999999972	0.0010368884633111068
3.379999999999972	0.0009994180734543613
3.3899999999999717	0.0009631857334844112
3.3999999999999715	0.0009281550680071034
3.4099999999999713	0.0008942906028838563
3.419999999999971	0.000861557748792636
3.429999999999971	0.0008299227848701864
3.4399999999999706	0.0007993528424772334
3.4499999999999704	0.000769815889065518
3.45999999999997	0.0007412807121717654
3.46999999999997	0.0007137169035018012
3.47999999999997	0.0006870948432223388
3.4899999999999696	0.000661385684301002
3.4999999999999694	0.0006365613370456403
3.509999999999969	0.000612594453767247
3.519999999999969	0.0005894584136001977
3.5299999999999687	0.0005671273074851586
3.5399999999999685	0.0005455759232742011
3.5499999999999683	0.0005247797310749156
3.559999999999968	0.0005047148686872878
3.569999999999968	0.00048535812724872444
3.5799999999999677	0.00046668693704618263
3.5899999999999674	0.0004486793535019294
3.5999999999999672	0.00043131404334505587
3.609999999999967	0.00041457027096093415
3.619999999999967	0.00039842788492183316
3.6299999999999666	0.00038286730471820337
3.6399999999999664	0.0003678695076361289
3.649999999999966	0.0003534160158987679
3.659999999999966	0.0003394888839215177
3.6699999999999657	0.0003260706858083313
3.6799999999999655	0.00031314450301296495
3.6899999999999653	0.0003006939122120588
3.699999999999965	0.00028870297336784634
3.709999999999965	0.000277156217978371
3.7199999999999647	0.000266038637514855
3.7299999999999645	0.00025533567209849587
3.7399999999999642	0.00024503319931131395
3.749999999999964	0.00023511752324293262
3.759999999999964	0.000225575363716794
3.7699999999999636	0.00021639384571110398
3.7799999999999634	0.0002075604889754365
3.789999999999963	0.00019906319784428715
3.799999999999963	0.00019089025122598146
3.8099999999999627	0.0001830302928007707
3.8199999999999625	0.0001754723214040935
3.8299999999999623	0.00016820568158808328
3.839999999999962	0.0001612200543816262
3.849999999999962	0.00015450544823073005
3.8599999999999617	0.00014805219012117428
3.8699999999999615	0.00014185091691086457
3.8799999999999613	0.00013589256678080442
3.889999999999961	0.00013016837092579234
3.899999999999961	0.00012466984542541646
3.9099999999999606	0.00011938878322019113
3.9199999999999604	0.0001143172463491226
3.92999999999996	0.00010944755828460878
3.93999999999996	0.00010477229651207263
3.9499999999999598	0.0001002842852155014
3.9599999999999596	0.0000959765881403338
3.9699999999999593	0.00009184250166002866
3.979999999999959	0.00008787554795832725
3.989999999999959	0.00008406946838700609
3.9999999999999587	0.00008041821699246873
4.009999999999959	0.00007691595417811593
4.019999999999959	0.00007355704053374681
4.0299999999999585	0.00007033603080697305
4.039999999999958	0.00006724766802810453
4.049999999999958	0.00006428687777702652
4.059999999999958	0.00006144876259534767
4.069999999999958	0.00005872859653848897
4.079999999999957	0.000056121819866935756
4.089999999999957	0.00005362403387339556
4.099999999999957	0.000051230995843085995
4.109999999999957	0.0000489386141495186
4.119999999999957	0.00004674294346884071
4.129999999999956	0.00004464018013498719
4.139999999999956	0.00004262665760716542
4.149999999999956	0.0000406988420668631
4.159999999999956	0.00003885332812817536
4.1699999999999555	0.00003708683467267859
4.179999999999955	0.00003539620078755166
4.189999999999955	0.00003377838183090451
4.199999999999955	0.000032230445594854005
4.209999999999955	0.00003074956858260057
4.2199999999999545	0.000029333032388498833
4.229999999999954	0.000027978220182463823
4.239999999999954	0.00002668261329610804
4.249999999999954	0.00002544378790490291
4.259999999999954	0.00002425941181111127
4.269999999999953	0.00002312724131586566
4.279999999999953	0.00002204511818864855
4.289999999999953	0.000021010966723153243
4.299999999999953	0.000020022790878790015
4.3099999999999525	0.000019078671521001954
4.319999999999952	0.000018176763726161455
4.329999999999952	0.000017315294183374983
4.339999999999952	0.000016492558669066917
4.349999999999952	0.000015706919602231673
4.3599999999999515	0.00001495680367503448
4.369999999999951	0.000014240699551242974
4.379999999999951	0.000013557155653965473
4.389999999999951	0.000012904778001223978
4.399999999999951	0.000012282228123856143
4.40999999999995	0.00001168822105276606
4.41999999999995	0.000011121523354223752
4.42999999999995	0.000010580951249357614
4.43999999999995	0.000010065368783054383
4.4499999999999496	9.573686053322809e-6
4.459999999999949	9.104857496232559e-6
4.469999999999949	8.657880240734754e-6
4.479999999999949	8.231792503237247e-6
4.489999999999949	7.82567204025482e-6
4.4999999999999485	7.438634663408756e-6
4.509999999999948	7.069832785136999e-6
4.519999999999948	6.7184540267464664e-6
4.529999999999948	6.383719878186952e-6
4.539999999999948	6.064884393480913e-6
4.549999999999947	5.761232929482791e-6
4.559999999999947	5.472080943216315e-6
4.569999999999947	5.196772813094673e-6
4.579999999999947	4.934680721492262e-6
4.589999999999947	4.6852035514505744e-6
4.599999999999946	4.447765844806898e-6
4.609999999999946	4.221816788710564e-6
4.619999999999946	4.006829235941429e-6
4.629999999999946	3.8022987653011296e-6
4.6399999999999455	3.6077427683874895e-6
4.649999999999945	3.4226995834897207e-6
4.659999999999945	3.246727639505687e-6
4.669999999999945	3.0794046616083107e-6
4.679999999999945	2.9203268651030697e-6
4.689999999999944	2.769108227955624e-6
4.699999999999944	2.6253797465155185e-6
4.709999999999944	2.488788737143679e-6
4.719999999999944	2.3589981873704224e-6
4.729999999999944	2.235686074362223e-6
4.739999999999943	2.118544756613023e-6
4.749999999999943	2.007280397770184e-6
4.759999999999943	1.9016123511249248e-6
4.769999999999943	1.801272627274638e-6
4.7799999999999425	1.7060053639064527e-6
4.789999999999942	1.615566296211266e-6
4.799999999999942	1.5297222998986076e-6
4.809999999999942	1.4482508668364866e-6
4.819999999999942	1.3709397075686384e-6
4.8299999999999415	1.2975862607078862e-6
4.839999999999941	1.2279973079461176e-6
4.849999999999941	1.1619885615053775e-6
4.859999999999941	1.0993842763070079e-6
4.869999999999941	1.0400168795681045e-6
4.87999999999994	9.83726615373955e-7
4.88999999999994	9.303612006691063e-7
4.89999999999994	8.797754983394664e-7
4.90999999999994	8.31831200988727e-7
4.9199999999999395	7.863965318492041e-7
4.929999999999939	7.43345953361832e-7
4.939999999999939	7.025598871732611e-7
4.949999999999939	6.639244509483926e-7
4.959999999999939	6.273312017334477e-7
4.9699999999999385	5.926768926117221e-7
4.979999999999938	5.598632373531129e-7
4.989999999999938	5.287966853521193e-7
4.999999999999938	4.993882073686473e-7
5.009999999999938	4.715530893601152e-7
5.019999999999937	4.452107352050621e-7
5.029999999999937	4.2028448120046263e-7
5.039999999999937	3.967014049908155e-7
5.049999999999937	3.743921592869603e-7
5.0599999999999365	3.532908136192507e-7
5.069999999999936	3.3333468501870813e-7
5.079999999999936	3.14464190427279e-7
5.089999999999936	2.966227014021277e-7
5.099999999999936	2.797564057579678e-7
5.1099999999999355	2.6381417489603484e-7
5.119999999999935	2.4874743707035966e-7
5.129999999999935	2.3451005671686642e-7
5.139999999999935	2.2105822226615994e-7
5.149999999999935	2.083503259524143e-7
5.159999999999934	1.9634686017609773e-7
5.169999999999934	1.8501032839629163e-7
5.179999999999934	1.7430514049545517e-7
5.189999999999934	1.6419751964771622e-7
5.199999999999934	1.5465541593141093e-7
5.209999999999933	1.456484228944305e-7
5.219999999999933	1.371476968144034e-7
5.229999999999933	1.2912588075795883e-7
5.239999999999933	1.215570287528934e-7
5.2499999999999325	1.144165503966646e-7
5.259999999999932	1.0768112435979813e-7
5.269999999999932	1.0132865070393427e-7
5.279999999999932	9.53381634586779e-8