-5.769999999999921	9.727245506005903e-8
-5.759999999999922	1.0225656484385354e-7
-5.749999999999922	1.0748810966870132e-7
-5.739999999999922	1.1297895318371283e-7
-5.729999999999922	1.1874150181318334e-7
-5.7199999999999225	1.247887296874515e-7
-5.709999999999923	1.311342213761308e-7
-5.699999999999923	1.3779217031389056e-7
-5.689999999999923	1.4477742252205231e-7
-5.679999999999923	1.5210550344939028e-7
-5.6699999999999235	1.597926461400287e-7
-5.659999999999924	1.6785582023667924e-7
-5.649999999999924	1.763127650572363e-7
-5.639999999999924	1.851820254657461e-7
-5.629999999999924	1.944829824813814e-7
-5.619999999999925	2.0423589330897788e-7
-5.609999999999925	2.1446192653883125e-7
-5.599999999999925	2.2518320211373366e-7
-5.589999999999925	2.3642283519191597e-7
-5.5799999999999255	2.4820496884491635e-7
-5.569999999999926	2.6055482461293873e-7
-5.559999999999926	2.7349875291001835e-7
-5.549999999999926	2.8706427744024716e-7
-5.539999999999926	3.0128014381049507e-7
-5.5299999999999265	3.1617636661345585e-7
-5.519999999999927	3.317842900981772e-7
-5.509999999999927	3.4813664161604477e-7
-5.499999999999927	3.652675893934567e-7
-5.489999999999927	3.8321280339110794e-7
-5.479999999999928	4.02009517665903e-7
-5.469999999999928	4.2169659591981145e-7
-5.459999999999928	4.4231459905693253e-7
-5.449999999999928	4.6390585415628274e-7
-5.4399999999999284	4.865145336066653e-7
-5.429999999999929	5.101867207832299e-7
-5.419999999999929	5.349705010128629e-7
-5.409999999999929	5.609160330186321e-7
-5.399999999999929	5.880756401768139e-7
-5.3899999999999295	6.165038974632616e-7
-5.37999999999993	6.462577234727707e-7
-5.36999999999993	6.773964757643749e-7
-5.35999999999993	7.09982049921818e-7
-5.34999999999993	7.440789823862129e-7
-5.339999999999931	7.797545571733351e-7
-5.329999999999931	8.170789167221697e-7
-5.319999999999931	8.561251768296912e-7
-5.309999999999931	8.969695458809221e-7
-5.299999999999931	9.396914558392022e-7
-5.289999999999932	9.843736621619775e-7
-5.279999999999932	1.031102426683901e-6
-5.269999999999932	1.079967599176503e-6
-5.259999999999932	1.1310628100771912e-6
-5.2499999999999325	1.1844855907165927e-6
-5.239999999999933	1.2403375346144633e-6
-5.229999999999933	1.2987244571239263e-6
-5.219999999999933	1.3597565609986498e-6
-5.209999999999933	1.423548608092187e-6
-5.199999999999934	1.4902200972470595e-6
-5.189999999999934	1.5598954485414219e-6
-5.179999999999934	1.6327041944875573e-6
-5.169999999999934	1.7087811784359532e-6
-5.159999999999934	1.7882667579008692e-6
-5.149999999999935	1.8713070182754666e-6
-5.139999999999935	1.958053993707494e-6
-5.129999999999935	2.0486658935148667e-6
-5.119999999999935	2.14330733851071e-6
-5.1099999999999355	2.2421496076761662e-6
-5.099999999999936	2.34537088358372e-6
-5.089999999999936	2.453156522670788e-6
-5.079999999999936	2.565699322770942e-6
-5.069999999999936	2.6831997946697213e-6
-5.0599999999999365	2.8058664913751265e-6
-5.049999999999937	2.933916238142403e-6
-5.039999999999937	3.067574524722573e-6
-5.029999999999937	3.2070757554975997e-6
-5.019999999999937	3.3526636256759532e-6
-5.009999999999938	3.5045914453756727e-6
-4.999999999999938	3.663122504683572e-6
-4.989999999999938	3.828530429901661e-6
-4.979999999999938	4.001099603298639e-6
-4.9699999999999385	4.181125489645743e-6
-4.959999999999939	4.368915107820112e-6
-4.949999999999939	4.5647874005376465e-6
-4.939999999999939	4.769073701176715e-6
-4.929999999999939	4.982118162391022e-6
-4.9199999999999395	5.204278232971946e-6
-4.90999999999994	5.435925134973149e-6
-4.89999999999994	5.677444347104643e-6
-4.88999999999994	5.929236130178092e-6
-4.87999999999994	6.19171604250576e-6
-4.869999999999941	6.465315496863672e-6
-4.859999999999941	6.7504823093454735e-6
-4.849999999999941	7.047681290574532e-6
-4.839999999999941	7.357394843778535e-6
-4.8299999999999415	7.680123567823758e-6
-4.819999999999942	8.016386925530226e-6
-4.809999999999942	8.366723877477848e-6
-4.799999999999942	8.731693574833933e-6
-4.789999999999942	9.111876044997955e-6
-4.7799999999999425	9.507872937252777e-6
-4.769999999999943	9.920308250467833e-6
-4.759999999999943	0.000010349829113875607
-4.749999999999943	0.000010797106573839258
-4.739999999999943	0.000011262836406468882
-4.729999999999944	0.00001174773998434475
-4.719999999999944	0.000012252565114505115
-4.709999999999944	0.000012778086952932991
-4.699999999999944	0.000013325108924971131
-4.689999999999944	0.000013894463672448824
-4.679999999999945	0.000014487014038572414
-4.669999999999945	0.00001510365407275431
-4.659999999999945	0.000015745310073488996
-4.649999999999945	0.0000164129416541182
-4.6399999999999455	0.00001710754285144852
-4.629999999999946	0.00001783014326074359
-4.619999999999946	0.00001858180919471171
-4.609999999999946	0.000019363644897135314
-4.599999999999946	0.000020176793778702177
-4.589999999999947	0.00002102243968393199
-4.579999999999947	0.000021901808209996513
-4.569999999999947	0.000022816168057262605
-4.559999999999947	0.000023766832402627023
-4.549999999999947	0.000024755160339927793
-4.539999999999948	0.000025782558343691792
-4.529999999999948	0.00002685048177554705
-4.519999999999948	0.000027960436433413514
-4.509999999999948	0.000029113980156749967
-4.4999999999999485	0.000030312724453546906
-4.489999999999949	0.000031558336187423886
-4.479999999999949	0.00003285253932034238
-4.469999999999949	0.0000341971166705031
-4.459999999999949	0.00003559391175654361
-4.4499999999999496	0.00003704483066661401
-4.43999999999995	0.000038551843989008066
-4.42999999999995	0.00004011698878232804
-4.41999999999995	0.000041742370625951697
-4.40999999999995	0.000043430165686636045
-4.399999999999951	0.000045182622868731875
-4.389999999999951	0.000047002066015302425
-4.379999999999951	0.00004889089615539716
-4.369999999999951	0.00005085159381948259
-4.3599999999999515	0.00005288672141946499
-4.349999999999952	0.000054998925677384474
-4.339999999999952	0.00005719094012239552
-4.329999999999952	0.00005946558765351666
-4.319999999999952	0.00006182578316677318
-4.3099999999999525	0.00006427453623722307
-4.299999999999953	0.00006681495388671262
-4.289999999999953	0.0000694502434117805
-4.279999999999953	0.00007218371526739926
-4.269999999999953	0.00007501878604816737
-4.259999999999954	0.00007795898152811123
-4.249999999999954	0.00008100793976014417
-4.239999999999954	0.00008416941427898552
-4.229999999999954	0.00008744727736024864
-4.2199999999999545	0.00009084552336220493
-4.209999999999955	0.00009436827214886345
-4.199999999999955	0.00009801977258973818
-4.189999999999955	0.00010180440614144642
-4.179999999999955	0.00010572669051523551
-4.1699999999999555	0.00010979128342959078
-4.159999999999956	0.00011400298643564574
-4.149999999999956	0.00011836674884860964
-4.139999999999956	0.0001228876717493448
-4.129999999999956	0.00012757101209363888
-4.119999999999957	0.00013242218688859123
-4.109999999999957	0.0001374467774949469
-4.099999999999957	0.00014265053397421264
-4.089999999999957	0.00014803937958236097
-4.079999999999957	0.000153619415326189
-4.069999999999958	0.00015939692462539309
-4.059999999999958	0.0001653783780687815
-4.049999999999958	0.00017157043828746935
-4.039999999999958	0.0001779799649065009
-4.0299999999999585	0.00018461401960943906
-4.019999999999959	0.000191479871306915
-4.009999999999959	0.00019858500141089151
-3.9999999999999587	0.0002059371091980136
-3.989999999999959	0.00021354411730836073
-3.979999999999959	0.00022141417733090378
-3.9699999999999593	0.00022955567549886127
-3.9599999999999596	0.00023797723850046268
-3.9499999999999598	0.00024668773941040887
-3.93999999999996	0.00025569630370408366
-3.92999999999996	0.00026501231541544926
-3.9199999999999604	0.0002746454233976382
-3.9099999999999606	0.00028460554768123023
-3.899999999999961	0.00029490288598181503
-3.889999999999961	0.00030554792029549544
-3.8799999999999613	0.00031655142361936635
-3.8699999999999615	0.00032792446679447417
-3.8599999999999617	0.0003396784254717074
-3.849999999999962	0.00035182498717292244
-3.839999999999962	0.00036437615849731176
-3.8299999999999623	0.0003773442724404259
-3.8199999999999625	0.00039074199582453867
-3.8099999999999627	0.0004045823368561799
-3.799999999999963	0.0004188786528150796
-3.789999999999963	0.00043364465784394534
-3.7799999999999634	0.00044889443087038655
-3.7699999999999636	0.00046464242365488876
-3.759999999999964	0.00048090346895704206
-3.749999999999964	0.0004976927888120139
-3.7399999999999642	0.0005150260029422036
-3.7299999999999645	0.000532919137295769
-3.7199999999999647	0.0005513886326828102
-3.709999999999965	0.0005704513535516311
-3.699999999999965	0.0005901245968820489
-3.6899999999999653	0.0006104261011813724
-3.6799999999999655	0.0006313740556269272
-3.6699999999999657	0.0006529871093126366
-3.659999999999966	0.0006752843805829259
-3.649999999999966	0.0006982854665543393
-3.6399999999999664	0.0007220104526859372
-3.6299999999999666	0.0007464799224816391
-3.619999999999967	0.0007717149673198092
-3.609999999999967	0.0007977371963873017
-3.5999999999999672	0.0008245687467000472
-3.5899999999999674	0.0008522322932721159
-3.5799999999999677	0.0008807510593619538
-3.569999999999968	0.0009101488268076222
-3.559999999999968	0.0009404499465171147
-3.5499999999999683	0.0009716793490138047
-3.5399999999999685	0.0010038625550788812
-3.5299999999999687	0.001037025686510406
-3.519999999999969	0.0010711954769680513
-3.509999999999969	0.0011063992828791675
-3.4999999999999694	0.001142665094478949
-3.4899999999999696	0.0011800215469020704
-3.47999999999997	0.0012184979313471672
-3.46999999999997	0.0012581242063319695
-3.45999999999997	0.001298931009029596
-3.4499999999999704	0.0013409496666458908
-3.4399999999999706	0.001384212207874369
-3.429999999999971	0.0014287513744299855
-3.419999999999971	0.0014746006326027297
-3.4099999999999713	0.0015217941848781615
-3.3999999999999715	0.0015703669816330272
-3.3899999999999717	0.0016203547328119674
-3.379999999999972	0.0016717939196826354
-3.369999999999972	0.00172472180662308
-3.3599999999999723	0.001779176452914174
-3.3499999999999726	0.0018351967245554533
-3.3399999999999728	0.0018928223061077164
-3.329999999999973	0.0019520937125417116
-3.319999999999973	0.0020130523010543984
-3.3099999999999734	0.002075740282924508
-3.2999999999999736	0.0021402007353380163
-3.289999999999974	0.0022064776131725593
-3.279999999999974	0.0022746157607962877
-3.2699999999999743	0.002344660923798012
-3.2599999999999745	0.002416659760687717
-3.2499999999999747	0.0024906598545493814
-3.239999999999975	0.0025667097246391654
-3.229999999999975	0.002644858837895424
-3.2199999999999753	0.002725157620399601
-3.2099999999999755	0.002807657468744443
-3.1999999999999758	0.0028924107613004717
-3.189999999999976	0.0029794708693855086
-3.179999999999976	0.0030688921683392064
-3.1699999999999764	0.003160730048438783
-3.1599999999999766	0.0032550409257149707
-3.149999999999977	0.003351882252623038
-3.139999999999977	0.0034513125285413147
-3.1299999999999772	0.0035533913101189925
-3.1199999999999775	0.003658179221467091
-3.1099999999999777	0.003765737964131629
-3.099999999999978	0.0038761303268863494
-3.089999999999978	0.003989420195332403
-3.0799999999999783	0.004105672561249604
-3.0699999999999785	0.004224953531724792
-3.0599999999999787	0.004347330338057298
-3.049999999999979	0.004472871344379981
-3.039999999999979	0.004601646056012597
-3.0299999999999794	0.004733725127561069
-3.0199999999999796	0.004869180370688613
-3.00999999999998	0.005008084761590298
-2.99999999999998	0.005150512448148296
-2.9899999999999802	0.005296538756753374
-2.9799999999999804	0.005446240198753773
-2.9699999999999807	0.005599694476572416
-2.959999999999981	0.005756980489426343
-2.949999999999981	0.005918178338649872
-2.9399999999999813	0.0060833693326143475
-2.9299999999999815	0.0062526359912424
-2.9199999999999817	0.006426062050041442
-2.909999999999982	0.006603732463730245
-2.899999999999982	0.006785733409372743
-2.8899999999999824	0.006972152289028043
-2.8799999999999826	0.00716307773191254
-2.869999999999983	0.007358599596010202
-2.859999999999983	0.007558808969226884
-2.849999999999983	0.007763798169913617
-2.8399999999999834	0.007973660746882001
-2.8299999999999836	0.008188491478804816
-2.819999999999984	0.008408386373045293
-2.809999999999984	0.008633442663865554
-2.7999999999999843	0.008863758810003668
-2.7899999999999845	0.009099434491598066
-2.7799999999999847	0.009340570606479059
-2.769999999999985	0.009587269265744512
-2.759999999999985	0.00983963378866442
-2.7499999999999853	0.010097768696838188
-2.7399999999999856	0.010361779707710135
-2.7299999999999858	0.010631773727225246
-2.719999999999986	0.010907858841810628
-2.709999999999986	0.01119014430953434
-2.6999999999999864	0.011478740550480999
-2.6899999999999866	0.011773759136321308
-2.679999999999987	0.012075312779052992
-2.669999999999987	0.01238351531887813
-2.6599999999999873	0.01269848171125493
-2.6499999999999875	0.013020328013053289
-2.6399999999999877	0.013349171367802552
-2.629999999999988	0.013685129990067832
-2.619999999999988	0.014028323148885533
-2.6099999999999883	0.014378871150236599
-2.5999999999999885	0.014736895318611873
-2.5899999999999888	0.015102517977574894
-2.579999999999989	0.015475862429351919
-2.569999999999989	0.01585705293341971
-2.5599999999999894	0.01624621468410039
-2.5499999999999896	0.016643473787094368
-2.53999999999999	0.017048957235005477
-2.52999999999999	0.017462792881807684
-2.5199999999999902	0.017885109416230068
-2.5099999999999905	0.01831603633406327
-2.4999999999999907	0.018755703909424666
-2.489999999999991	0.019204243164850233
-2.479999999999991	0.019661785840309795
-2.4699999999999913	0.020128464361115945
-2.4599999999999915	0.020604411804660643
-2.4499999999999917	0.021089761866013888
-2.439999999999992	0.021584648822408892
-2.429999999999992	0.02208920749651631
-2.4199999999999924	0.022603573218560467
-2.4099999999999926	0.023127881787283387
-2.399999999999993	0.023662269429690862
-2.389999999999993	0.024206872759613644
-2.3799999999999932	0.02476182873508621
-2.3699999999999934	0.025327274614512094
-2.3599999999999937	0.025903347911601968
-2.349999999999994	0.026490186349141943
-2.339999999999994	0.027087927811519297
-2.3299999999999943	0.027696710296018064
-2.3199999999999945	0.028316671862932564
-2.3099999999999947	0.02894795058444267
-2.299999999999995	0.029590684492245237
-2.289999999999995	0.03024501152401127
-2.2799999999999954	0.030911069468600585
-2.2699999999999956	0.03158899591004753
-2.259999999999996	0.032278928170364214
-2.249999999999996	0.03298100325112907
-2.239999999999996	0.033695357773845185
-2.2299999999999964	0.034422127919131094
-2.2199999999999966	0.035161449364719974
-2.209999999999997	0.03591345722227021
-2.199999999999997	0.0366782859729707
-2.1899999999999973	0.037456069402055835
-2.1799999999999975	0.03824694053209709
-2.1699999999999977	0.03905103155518455
-2.159999999999998	0.039868473763996784
-2.149999999999998	0.04069939748171722
-2.1399999999999983	0.04154393199087449
-2.1299999999999986	0.042402205461106755
-2.1199999999999988	0.04327434487585042
-2.109999999999999	0.04416047595796331
-2.099999999999999	0.04506072309436828
-2.0899999999999994	0.045975209259636454
-2.0799999999999996	0.04690405593862239
-2.07	0.04784738304811065
-2.06	0.04880530885754608
-2.0500000000000003	0.04977794990881785
-2.0400000000000005	0.050765420935204426
-2.0300000000000007	0.05176783477941674
-2.020000000000001	0.05278530231081514
-2.010000000000001	0.053817932341850866
-2.0000000000000013	0.05486583154371741
-1.9900000000000015	0.05592910436124647
-1.9800000000000015	0.0570078529271369
-1.9700000000000015	0.0581021769754969
-1.9600000000000015	0.059212173754724484
-1.9500000000000015	0.06033793793983529
-1.9400000000000015	0.06147956154421517
-1.9300000000000015	0.06263713383082242
-1.9200000000000015	0.06381074122294848
-1.9100000000000015	0.06500046721453927
-1.9000000000000015	0.06620639228008007
-1.8900000000000015	0.06742859378417483
-1.8800000000000014	0.06866714589080072
-1.8700000000000014	0.06992211947229701
-1.8600000000000014	0.0711935820181424
-1.8500000000000014	0.072481597543593
-1.8400000000000014	0.07378622649815879
-1.8300000000000014	0.07510752567404894
-1.8200000000000014	0.07644554811460932
-1.8100000000000014	0.07780034302277192
-1.8000000000000014	0.07917195566960736
-1.7900000000000014	0.08056042730305789
-1.7800000000000014	0.08196579505683521
-1.7700000000000014	0.08338809185955312
-1.7600000000000013	0.08482734634428675
-1.7500000000000013	0.08628358275839348
-1.7400000000000013	0.08775682087380862
-1.7300000000000013	0.08924707589786963
-1.7200000000000013	0.09075435838465419
-1.7100000000000013	0.09227867414694649
-1.7000000000000013	0.0938200241689094
-1.6900000000000013	0.09537840451947802
-1.6800000000000013	0.09695380626654503
-1.6700000000000013	0.09854621539206562
-1.6600000000000013	0.10015561270807265
-1.6500000000000012	0.1017819737736728
-1.6400000000000012	0.10342526881316762
-1.6300000000000012	0.10508546263525448
-1.6200000000000012	0.10676251455347993
-1.6100000000000012	0.10845637830792375
-1.6000000000000012	0.11016700198825984
-1.5900000000000012	0.11189432795817678
-1.5800000000000012	0.11363829278131726
-1.5700000000000012	0.11539882714875453
-1.5600000000000012	0.11717585580805676
-1.5500000000000012	0.11896929749405223
-1.5400000000000011	0.1207790648613672
-1.5300000000000011	0.12260506441873034
-1.5200000000000011	0.12444719646520186
-1.5100000000000011	0.12630535502837942
-1.500000000000001	0.12817942780457936
-1.490000000000001	0.1300692961011386
-1.480000000000001	0.13197483478090935
-1.470000000000001	0.13389591220893227
-1.460000000000001	0.1358323902014295
-1.450000000000001	0.13778412397719078
-1.440000000000001	0.1397509621113484
-1.430000000000001	0.14173274649165996
-1.420000000000001	0.14372931227739155
-1.410000000000001	0.14574048786078786
-1.400000000000001	0.14776609483122988
-1.390000000000001	0.1498059479421998
-1.380000000000001	0.15185985508101624
-1.370000000000001	0.1539276172414406
-1.360000000000001	0.15600902849927012
-1.350000000000001	0.1581038759909017
-1.340000000000001	0.1602119398949242
-1.330000000000001	0.16233299341688148
-1.320000000000001	0.16446680277717277
-1.310000000000001	0.16661312720216453
-1.300000000000001	0.16877171891859574
-1.290000000000001	0.17094232315133348
-1.280000000000001	0.17312467812443966
-1.270000000000001	0.17531851506573254
-1.260000000000001	0.17752355821480614
-1.2500000000000009	0.1797395248345232
-1.2400000000000009	0.1819661252261215
-1.2300000000000009	0.1842030627479278
-1.2200000000000009	0.18645003383765696
-1.2100000000000009	0.1887067280384393
-1.2000000000000008	0.19097282802857884
-1.1900000000000008	0.19324800965500785
-1.1800000000000008	0.19553194197055843
-1.1700000000000008	0.1978242872750703
-1.1600000000000008	0.20012470116028347
-1.1500000000000008	0.2024328325586195
-1.1400000000000008	0.2047483237958876
-1.1300000000000008	0.20707081064783642
-1.1200000000000008	0.20939992240065192
-1.1100000000000008	0.2117352819154461
-1.1000000000000008	0.21407650569663753
-1.0900000000000007	0.21642320396430345
-1.0800000000000007	0.21877498073056628
-1.0700000000000007	0.2211314338798999
-1.0600000000000007	0.22349215525341184
-1.0500000000000007	0.22585673073716694
-1.0400000000000007	0.22822474035444706
-1.0300000000000007	0.2305957583619647
-1.0200000000000007	0.23296935335010924
-1.0100000000000007	0.23534508834710477
-1.0000000000000007	0.23772252092708093
-0.9900000000000007	0.24010120332213913
-0.9800000000000006	0.24248068253828753
-0.9700000000000006	0.24486050047521504
-0.9600000000000006	0.2472401940499974
-0.9500000000000006	0.24961929532461144
-0.9400000000000006	0.2519973316371886
-0.9300000000000006	0.2543738257371005
-0.9200000000000006	0.25674829592376713
-0.9100000000000006	0.2591202561890765
-0.9000000000000006	0.26148921636352496
-0.8900000000000006	0.2638546822659393
-0.8800000000000006	0.2662161558581028
-0.8700000000000006	0.2685731353957718
-0.8600000000000005	0.27092511559763854
-0.8500000000000005	0.2732715878029306
-0.8400000000000005	0.27561204013979895
-0.8300000000000005	0.27794595769550173
-0.8200000000000005	0.2802728226896788
-0.8100000000000005	0.2825921146507862
-0.8000000000000005	0.28490331059563073
-0.7900000000000005	0.2872058852117958
-0.7800000000000005	0.28949931104295695
-0.7700000000000005	0.29178305867709814
-0.7600000000000005	0.29405659693735364
-0.7500000000000004	0.2963193930755046
-0.7400000000000004	0.29857091296809096
-0.7300000000000004	0.30081062131491954
-0.7200000000000004	0.30303798183990105
-0.7100000000000004	0.30525245749427393
-0.7000000000000004	0.3074535106619021
-0.6900000000000004	0.30964060336658417
-0.6800000000000004	0.3118131974814585
-0.6700000000000004	0.3139707549401974
-0.6600000000000004	0.31611273794987993
-0.6500000000000004	0.31823860920560904
-0.6400000000000003	0.320347832106478
-0.6300000000000003	0.32243987097337834
-0.6200000000000003	0.32451419126733977
-0.6100000000000003	0.32657025980976295
-0.6000000000000003	0.3286075450032522
-0.5900000000000003	0.33062551705361753
-0.5800000000000003	0.33262364819252643
-0.5700000000000003	0.3346014129008606
-0.5600000000000003	0.336558288132718
-0.5500000000000003	0.3384937535397091
-0.5400000000000003	0.3404072916955376
-0.5300000000000002	0.342298388320848
-0.5200000000000002	0.3441665325080103
-0.5100000000000002	0.346011216945764
-0.5000000000000002	0.3478319381437207
-0.49000000000000027	0.34962819665642625
-0.48000000000000026	0.3513994973068619
-0.47000000000000025	0.3531453494093904
-0.46000000000000024	0.35486526699186144
-0.45000000000000023	0.3565587690167416
-0.4400000000000002	0.3582253796012673
-0.4300000000000002	0.3598646282363697
-0.4200000000000002	0.3614760500041886
-0.4100000000000002	0.3630591857941966
-0.4000000000000002	0.3646135825176956
-0.3900000000000002	0.36613879332048366
-0.38000000000000017	0.36763437779370006
-0.37000000000000016	0.36909990218265143
-0.36000000000000015	0.3705349395933983
-0.35000000000000014	0.37193907019709926
-0.34000000000000014	0.3733118814319341
-0.3300000000000001	0.37465296820239835
-0.3200000000000001	0.37596193307592635
-0.3100000000000001	0.37723838647672076
-0.3000000000000001	0.37848194687653974
-0.2900000000000001	0.379692240982427
-0.2800000000000001	0.3808689039211718
-0.2700000000000001	0.3820115794208161
-0.26000000000000006	0.3831199199877753
-0.25000000000000006	0.3841935870813575
-0.24000000000000007	0.3852322512840291
-0.23000000000000007	0.38623559246795913
-0.22000000000000006	0.38720329995765135
-0.21000000000000005	0.38813507268847375
-0.20000000000000004	0.3890306193610016
-0.19000000000000003	0.38988965859113406
-0.18000000000000002	0.3907119190557719
-0.17	0.3914971396339839
-0.16	0.3922450695436349
-0.15	0.39295546847328194
-0.13999999999999999	0.3936281067092414
-0.12999999999999998	0.39426276525784076
-0.11999999999999998	0.39485923596266576
-0.10999999999999999	0.3954173216167057
-0.09999999999999999	0.3959368360694115
-0.09	0.39641760432851336
-0.08	0.3968594626564994
-0.07	0.397262258661749
-0.060000000000000005	0.3976258513842394
-0.05	0.39795011137567754
-0.04	0.3982349207741091
-0.03	0.3984801733728943
-0.02	0.3986857746839578
-0.01	0.398851641995315
0	0.39897770442284936
0.01	0.39906390295619193
0.02	0.3991101904987648
0.03	0.3991165319019455
0.04	0.39908290399324603
0.05	0.3990092955985406
0.060000000000000005	0.3988957075583485
0.07	0.39874215273805463
0.08	0.39854865603212924
0.09	0.39831525436234533
0.09999999999999999	0.3980419966699212
0.10999999999999999	0.39772894390162195
0.11999999999999998	0.397376168989871
0.12999999999999998	0.39698375682679116
0.13999999999999999	0.3965518042322141
0.15	0.39608041991573506
0.16	0.3955697244327547
0.17	0.39501985013452934
0.18000000000000002	0.3944309411123444
0.19000000000000003	0.39380315313575753
0.20000000000000004	0.39313665358495253
0.21000000000000005	0.39243162137731125
0.22000000000000006	0.39168824688818665
0.23000000000000007	0.39090673186592384
0.24000000000000007	0.39008728934121595
0.25000000000000006	0.3892301435308606
0.26000000000000006	0.38833552973589247
0.2700000000000001	0.387403694234265
0.2800000000000001	0.3864348941681037
0.2900000000000001	0.38542939742555554
0.3000000000000001	0.3843874825173894
0.3100000000000001	0.3833094384484056
0.3200000000000001	0.3821955645836734
0.3300000000000001	0.3810461705097786
0.34000000000000014	0.37986157589111696
0.35000000000000014	0.3786421103213202
0.36000000000000015	0.3773881131699331
0.37000000000000016	0.37609993342446907
0.38000000000000017	0.374777929527864
0.3900000000000002	0.37342246921150707
0.4000000000000002	0.3720339293239614
0.4100000000000002	0.3706126956554226
0.4200000000000002	0.36915916275807237
0.4300000000000002	0.36767373376248047
0.4400000000000002	0.3661568201901002
0.45000000000000023	0.36460884176200903
0.46000000000000024	0.36303022620406855
0.47000000000000025	0.3614214090485585
0.48000000000000026	0.3597828334324991
0.49000000000000027	0.3581149498924568
0.5000000000000002	0.3564182161568686
0.5100000000000002	0.3546930969347406
0.5200000000000002	0.3529400637018871
0.5300000000000002	0.35115959448439193
0.5400000000000003	0.3493521736395005
0.5500000000000003	0.34751829163414577
0.5600000000000003	0.3456584448212007
0.5700000000000003	0.3437731352135783
0.5800000000000003	0.3418628702564018
0.5900000000000003	0.3399281625973323
0.6000000000000003	0.3379695298551996
0.6100000000000003	0.3359874943871175
0.6200000000000003	0.33398258305422324
0.6300000000000003	0.33195532698614755
0.6400000000000003	0.3299062613444202
0.6500000000000004	0.3278359250849452
0.6600000000000004	0.325744860719659
0.6700000000000004	0.3236336140775578
0.6800000000000004	0.3215027340652618
0.6900000000000004	0.3193527724271896
0.7000000000000004	0.3171842835055543
0.7100000000000004	0.31499782400033777
0.7200000000000004	0.3127939527293249
0.7300000000000004	0.31057323038839124
0.7400000000000004	0.30833621931220406
0.7500000000000004	0.306083483235435
0.7600000000000005	0.30381558705463985
0.7700000000000005	0.3015330965909932
0.7800000000000005	0.29923657835395073
0.7900000000000005	0.2969265993060073
0.8000000000000005	0.2946037266287147
0.8100000000000005	0.2922685274900578
0.8200000000000005	0.28992156881331216
0.8300000000000005	0.287563417047581
0.8400000000000005	0.28519463794007527
0.8500000000000005	0.28281579631027703
0.8600000000000005	0.28042745582614503
0.8700000000000006	0.2780301787824667
0.8800000000000006	0.2756245258814426
0.8900000000000006	0.27321105601569345
0.9000000000000006	0.2707903260537525
0.9100000000000006	0.268362890628167
0.9200000000000006	0.2659293019263296
0.9300000000000006	0.2634901094841627
0.9400000000000006	0.26104585998270396
0.9500000000000006	0.2585970970477645
0.9600000000000006	0.2561443610527362
0.9700000000000006	0.2536881889246051
0.9800000000000006	0.25122911395331976
0.9900000000000007	0.24876766560460267
1.0000000000000007	0.24630436933623262
1.0100000000000007	0.2438397464179451
1.0200000000000007	0.24137431375502558
1.0300000000000007	0.23890858371562856
1.0400000000000007	0.23644306396160328
1.0500000000000007	0.23397825728489405
1.0600000000000007	0.231514661444594
1.0700000000000007	0.22905276901130686
1.0800000000000007	0.22659306721400482
1.0900000000000007	0.22413603779133184
1.1000000000000008	0.22168215684710801
1.1100000000000008	0.21923189471012483
1.1200000000000008	0.21678571579821934
1.1300000000000008	0.2143440784866815
1.1400000000000008	0.21190743498109044
1.1500000000000008	0.2094762311945368
1.1600000000000008	0.20705090662931216
1.1700000000000008	0.20463189426309344
1.1800000000000008	0.20221962043963448
1.1900000000000008	0.19981450476397328
1.2000000000000008	0.1974169600022208
1.2100000000000009	0.19502739198590302
1.2200000000000009	0.19264619952088163
1.2300000000000009	0.19027377430086362
1.2400000000000009	0.18791050082523766
1.2500000000000009	0.18555675632291838
1.260000000000001	0.18321291067789047
1.270000000000001	0.18087932636229206
1.280000000000001	0.1785563583725678
1.290000000000001	0.1762443541705102
1.300000000000001	0.1739436536288698
1.310000000000001	0.17165458898147282
1.320000000000001	0.1693774847778706
1.330000000000001	0.1671126578425032
1.340000000000001	0.16486041723828854
1.350000000000001	0.1626210642346824
1.360000000000001	0.16039489228013876
1.370000000000001	0.15818218697892703
1.380000000000001	0.15598322607228202
1.390000000000001	0.1537982794238711
1.400000000000001	0.151627609009477
1.410000000000001	0.14947146891089672
1.420000000000001	0.14733010531399396
1.430000000000001	0.1452037565108632
1.440000000000001	0.14309265290601564
1.450000000000001	0.14099701702659417
1.460000000000001	0.13891706353650654
1.470000000000001	0.13685299925443464
1.480000000000001	0.1348050231756612
1.490000000000001	0.1327733264976662
1.500000000000001	0.13075809264936808
1.5100000000000011	0.12875949732402905
1.5200000000000011	0.12677770851568468
1.5300000000000011	0.12481288655905441
1.5400000000000011	0.12286518417285903
1.5500000000000012	0.12093474650648667
1.5600000000000012	0.11902171118988598
1.5700000000000012	0.1171262083866623
1.5800000000000012	0.115248360850273
1.5900000000000012	0.11338828398324217
1.6000000000000012	0.11154608589930992
1.6100000000000012	0.10972186748847274
1.6200000000000012	0.10791572248476967
1.6300000000000012	0.10612773753677963
1.6400000000000012	0.10435799228075379
1.6500000000000012	0.10260655941623104
1.6600000000000013	0.10087350478413942
1.6700000000000013	0.09915888744723803
1.6800000000000013	0.09746275977282971
1.6900000000000013	0.09578516751766365
1.7000000000000013	0.09412614991494722
1.7100000000000013	0.09248573976335436
1.7200000000000013	0.09086396351796727
1.7300000000000013	0.08926084138306102
1.7400000000000013	0.08767638740663876
1.7500000000000013	0.08611060957661881
1.7600000000000013	0.08456350991861673
1.7700000000000014	0.08303508459523601
1.7800000000000014	0.0815253240066998
1.7900000000000014	0.08003421289286972
1.8000000000000014	0.07856173043648007
1.8100000000000014	0.0771078503674917
1.8200000000000014	0.07567254106855197
1.8300000000000014	0.07425576568141064
1.8400000000000014	0.07285748221423952
1.8500000000000014	0.07147764364976912
1.8600000000000014	0.07011619805415852
1.8700000000000014	0.06877308868651558
1.8800000000000014	0.06744825410899259
1.8900000000000015	0.06614162829737875
1.9000000000000015	0.06485314075210952
1.9100000000000015	0.06358271660959555
1.9200000000000015	0.06233027675384921
1.9300000000000015	0.06109573792827419
1.9400000000000015	0.059879012847573826
1.9500000000000015	0.058680010309725014
1.9600000000000015	0.0574986353078857
1.9700000000000015	0.05633478914223797
1.9800000000000015	0.055188369531653104
1.9900000000000015	0.05405927072511666
2.0000000000000013	0.0529473836128708
2.010000000000001	0.05185259583718078
2.020000000000001	0.05077479190268252
2.0300000000000007	0.04971385328624166
2.0400000000000005	0.048669658546265475
2.0500000000000003	0.04764208343142055
2.06	0.04663100098866075
2.07	0.045636281670578746
2.0799999999999996	0.04465779344196109
2.0899999999999994	0.04369540188552237
2.099999999999999	0.04274897030677972
2.109999999999999	0.04181835983800293
2.1199999999999988	0.040903429541183235
2.1299999999999986	0.04000403651001047
2.1399999999999983	0.0391200359707895
2.149999999999998	0.03825128138221776
2.159999999999998	0.03739762453410217
2.1699999999999977	0.03655891564482707
2.1799999999999975	0.0357350034576337
2.1899999999999973	0.03492573533565088
2.199999999999997	0.03413095735564582
2.209999999999997	0.033350514400433594
2.2199999999999966	0.032584250249966085
2.2299999999999964	0.031832007671035285
2.239999999999996	0.03109362850556582
2.249999999999996	0.030368953757487844
2.259999999999996	0.02965782367814993
2.2699999999999956	0.02896007785026268
2.2799999999999954	0.028275555270332944
2.289999999999995	0.02760409442960283
2.299999999999995	0.026945533393415943
2.3099999999999947	0.02629970987908889
2.3199999999999945	0.025666461332168065
2.3299999999999943	0.02504562500113075
2.339999999999994	0.02443703801048711
2.349999999999994	0.023840537432287805
2.3599999999999937	0.023255960356015935
2.3699999999999934	0.02268314395686302
2.3799999999999932	0.022121925562379543
2.389999999999993	0.021572142717498976
2.399999999999993	0.021033633247922758
2.4099999999999926	0.02050623532187679
2.4199999999999924	0.019989787510231567
2.429999999999992	0.01948412884497372
2.439999999999992	0.018989098876060522
2.4499999999999917	0.018504537726635566
2.4599999999999915	0.01803028614660058
2.4699999999999913	0.017566185564590317
2.479999999999991	0.01711207813831062
2.489999999999991	0.016667806803265964
2.4999999999999907	0.016233215319896143
2.5099999999999905	0.015808148319104074
2.5199999999999902	0.015392451346212444
2.52999999999999	0.014985970903332807
2.53999999999999	0.014588554490189053
2.5499999999999896	0.014200050643377636
2.5599999999999894	0.013820308974104384
2.569999999999989	0.013449180204388424
2.579999999999989	0.013086516201771753
2.5899999999999888	0.012732170012524706
2.5999999999999885	0.012385995893396989
2.6099999999999883	0.012047849341886768
2.619999999999988	0.0117175871250843
2.629999999999988	0.011395067307137222
2.6399999999999877	0.011080149275205545
2.6499999999999875	0.010772693764142785
2.6599999999999873	0.010472562879774765
2.669999999999987	0.01017962012082793
2.679999999999987	0.009893730399539443
2.6899999999999866	0.00961476006102689
2.6999999999999864	0.009342576901259052
2.709999999999986	0.009077050183887842
2.719999999999986	0.00881805065580815
2.7299999999999858	0.008565450561493878
2.7399999999999856	0.008319123656168626
2.7499999999999853	0.008078945217808558
2.759999999999985	0.007844792058006058
2.769999999999985	0.007616542531721021
2.7799999999999847	0.007394076545941976
2.7899999999999845	0.007177275567282029
2.7999999999999843	0.00696602262853089
2.809999999999984	0.006760202334197511
2.819999999999984	0.006559700865051204
2.8299999999999836	0.00636440598170541
2.8399999999999834	0.006174207027247011
2.849999999999983	0.005988994928963459
2.859999999999983	0.0058086621991627506
2.869999999999983	0.005633102935133104
2.8799999999999826	0.005462212818255823
2.8899999999999824	0.005295889112303293
2.899999999999982	0.005134030660934883
2.909999999999982	0.004976537884432931
2.9199999999999817	0.0048233127756847054
2.9299999999999815	0.004674258895442754
2.9399999999999813	0.004529281366901319
2.949999999999981	0.004388286869578829
2.959999999999981	0.004251183632561
2.9699999999999807	0.004117881427125372
2.9799999999999804	0.003988291558743667
2.9899999999999802	0.0038623268585202225
2.99999999999998	0.003739901674064123
3.00999999999998	0.0036209318598311563
3.0199999999999796	0.003505334766947032
3.0299999999999794	0.003393029232544526
3.039999999999979	0.003283935568635366
3.049999999999979	0.0031779755505220194
3.0599999999999787	0.0030750724047945996
3.0699999999999785	0.0029751507969147353
3.0799999999999783	0.0028781368184191774
3.089999999999978	0.0027839579737496314
3.099999999999978	0.0026925431667510977
3.1099999999999777	0.0026038226868276017
3.1199999999999775	0.002517728194798746
3.1299999999999772	0.0024341927084740133
3.139999999999977	0.002353150587941895
3.149999999999977	0.002274537520617087
3.1599999999999766	0.002198290506057191
3.1699999999999764	0.0021243478405440675
3.179999999999976	0.002052649101485319
3.189999999999976	0.0019831351316194146
3.1999999999999758	0.0019157480230547555
3.2099999999999755	0.001850431101155915
3.2199999999999753	0.001787128908301822
3.229999999999975	0.0017257871875017842
3.239999999999975	0.0016663528659230102
3.2499999999999747	0.0016087740383214034
3.2599999999999745	0.0015529999503806988
3.2699999999999743	0.001498980982001917
3.279999999999974	0.0014466686305133045
3.289999999999974	0.001396015493881914
3.2999999999999736	0.001346975253852967
3.3099999999999734	0.0012995026590996552
3.319999999999973	0.0012535535083533548
3.329999999999973	0.0012090846335491155
3.3399999999999728	0.0011660538829793771
3.3499999999999726	0.0011244201044885093
3.3599999999999723	0.0010841431286720262
3.369999999999972	0.0010451837521725266
3.379999999999972	0.0010075037209829906
3.3899999999999717	0.0009710657138423414
3.3999999999999715	0.0009358333256907387
3.4099999999999713	0.0009017710512196436
3.419999999999971	0.0008688442684933584
3.429999999999971	0.0008370192226796847
3.4399999999999706	0.0008062630098844457
3.4499999999999704	0.0007765435610889249
3.45999999999997	0.0007478296262022334
3.46999999999997	0.0007200907582685889
3.47999999999997	0.0006932972977414335
3.4899999999999696	0.0006674203569550554
3.4999999999999694	0.0006424318047034983
3.509999999999969	0.00061830425096998
3.519999999999969	0.0005950110318091417
3.5299999999999687	0.0005725261943815797
3.5399999999999685	0.0005508244821557009
3.5499999999999683	0.000529881320245993
3.559999999999968	0.0005096728009492308
3.569999999999968	0.0004901756694302889
3.5799999999999677	0.0004713673095877693
3.5899999999999674	0.000453225730091738
3.5999999999999672	0.0004357295506013208
3.609999999999967	0.0004188579881616393
3.619999999999967	0.00040259084378528007
3.6299999999999666	0.00038690848920914215
3.6399999999999664	0.0003717918538680301
3.649999999999966	0.0003572224120018837
3.659999999999966	0.0003431821700056561
3.6699999999999657	0.00032965365393890255
3.6799999999999655	0.0003166198972409096
3.6899999999999653	0.0003040644286270074
3.699999999999965	0.00029197126018808584
3.709999999999965	0.0002803248756680958
3.7199999999999647	0.0002691102189733579
3.7299999999999645	0.00025831268280817785
3.7399999999999642	0.0002479180975686043
3.749999999999964	0.00023791272040220017
3.759999999999964	0.00022828322445298576
3.7699999999999636	0.0002190166883184323
3.7799999999999634	0.000210100585687714
3.789999999999963	0.00020152277516629415
3.799999999999963	0.00019327149030404033
3.8099999999999627	0.00018533532980464208
3.8199999999999625	0.00017770324792205867
3.8299999999999623	0.00017036454505144001
3.839999999999962	0.00016330885849965608
3.849999999999962	0.000156526153444113
3.8599999999999617	0.00015000671407422594
3.8699999999999615	0.00014374113491156588
3.8799999999999613	0.0001377203123180041
3.889999999999961	0.0001319354361750342
3.899999999999961	0.00012637798173982507
3.9099999999999606	0.00012103970168733155
3.9199999999999604	0.00011591261830453086
3.92999999999996	0.00011098901588455455
3.93999999999996	0.00010626143326167041
3.9499999999999598	0.00010172265652813475
3.9599999999999596	0.00009736571192378193
3.9699999999999593	0.0000931838588690016
3.979999999999959	0.00008917058316975092
3.989999999999959	0.00008531959038867258
3.9999999999999587	0.00008162479935751997
4.009999999999959	0.00007808033585291464
4.019999999999959	0.00007468052642421391
4.0299999999999585	0.00007141989236818448
4.039999999999958	0.0000682931438511495
4.049999999999958	0.00006529517417949519
4.059999999999958	0.00006242105420987662
4.069999999999958	0.00005966602690138457
4.079999999999957	0.00005702550200350322
4.089999999999957	0.000054495050887087295
4.099999999999957	0.00005207040149380753
4.109999999999957	0.000049747433434532165
4.119999999999957	0.00004752217320393826
4.129999999999956	0.00004539078952511653
4.139999999999956	0.00004334958881903148
4.149999999999956	0.00004139501079172978
4.159999999999956	0.00003952362414883271
4.1699999999999555	0.00003773212241478369
4.179999999999955	0.0000360173198767418
4.189999999999955	0.00003437614763657256
4.199999999999955	0.00003280564977363365
4.209999999999955	0.000031302979612809124
4.2199999999999545	0.000029865396102343643
4.229999999999954	0.000028490260284519622
4.239999999999954	0.00002717503188548092
4.249999999999954	0.000025917265986982002
4.259999999999954	0.000024714609794796324
4.269999999999953	0.000023564799517145448
4.279999999999953	0.000022465657319917347
4.289999999999953	0.000021415088372283664
4.299999999999953	0.00002041107799339595
4.3099999999999525	0.000019451688868892024
4.319999999999952	0.000018535058361047895
4.329999999999952	0.00001765939589837309
4.339999999999952	0.00001682298044409557
4.349999999999952	0.0000160241580390558
4.3599999999999515	0.000015261339433180485
4.369999999999951	0.000014532997772701083
4.379999999999951	0.000013837666373418076
4.389999999999951	0.000013173936558492046
4.399999999999951	0.000012540455565770058
4.40999999999995	0.000011935924522555751
4.41999999999995	0.00001135909648184658
4.42999999999995	0.000010808774524985049
4.43999999999995	0.000010283809928523647
4.4499999999999496	9.78310038700803e-6
4.459999999999949	9.305588284697057e-6
4.469999999999949	8.850259049369529e-6
4.479999999999949	8.416139533558792e-6
4.489999999999949	8.002296467385723e-6
4.4999999999999485	7.607834956193635e-6
4.509999999999948	7.231897023089727e-6
4.519999999999948	6.87366022049604e-6
4.529999999999948	6.532336263847762e-6
4.539999999999948	6.2071697301536e-6
4.549999999999947	5.897436794204312e-6
4.559999999999947	5.602444008486804e-6
4.569999999999947	5.321527121197524e-6
4.579999999999947	5.054049964901436e-6
4.589999999999947	4.7994033242418516e-6
4.599999999999946	4.557003900659671e-6
4.609999999999946	4.326293286057922e-6
4.619999999999946	4.106736997527717e-6
4.629999999999946	3.897823495374077e-6
4.6399999999999455	3.699063294473376e-6
4.649999999999945	3.5099880771205545e-6
4.659999999999945	3.330149833618955e-6
4.669999999999945	3.1591200628755078e-6
4.679999999999945	2.9964889715646736e-6
4.689999999999944	2.8418647153850356e-6
4.699999999999944	2.6948726674389565e-6
4.709999999999944	2.5551547213631104e-6
4.719999999999944	2.4223686160514424e-6
4.729999999999944	2.296187247545479e-6
4.739999999999943	2.176298108485859e-6
4.749999999999943	2.0624026086243764e-6
4.759999999999943	1.954215556539206e-6
4.769999999999943	1.8514645641340846e-6
4.7799999999999425	1.7538895435817225e-6
4.789999999999942	1.6612420826629962e-6
4.799999999999942	1.5732851749451313e-6
4.809999999999942	1.4897924570850112e-6
4.819999999999942	1.410547974083174e-6
4.8299999999999415	1.3353456336902488e-6
4.839999999999941	1.2639888018211502e-6
4.849999999999941	1.196289915359824e-6
4.859999999999941	1.1320700607914485e-6
4.869999999999941	1.071158614778786e-6
4.87999999999994	1.0133928861318008e-6
4.88999999999994	9.586177651895505e-7
4.89999999999994	9.066853952157359e-7
4.90999999999994	8.574548508458564e-7
4.9199999999999395	8.107918362744229e-7
4.929999999999939	7.665683880214227e-7
4.939999999999939	7.246625923582813e-7
4.949999999999939	6.849583309569258e-7
4.959999999999939	6.473450124205996e-7
4.9699999999999385	6.117173109155778e-7
4.979999999999938	5.779749483888592e-7
4.989999999999938	5.460224609135623e-7
4.999999999999938	5.157689806467646e-7
5.009999999999938	4.871280275103053e-7
5.019999999999937	4.6001730909956993e-7
5.029999999999937	4.3435852951470824e-7
5.039999999999937	4.100772062430936e-7
5.049999999999937	3.871024946035244e-7
5.0599999999999365	3.653670228730385e-7
5.069999999999936	3.448067232915773e-7
5.079999999999936	3.253606840709989e-7
5.089999999999936	3.069710077843125e-7
5.099999999999936	2.895826625859547e-7
5.1099999999999355	2.731433505908588e-7
5.119999999999935	2.57603379042193e-7
5.129999999999935	2.4291554167789283e-7
5.139999999999935	2.2903498602089015e-7
5.149999999999935	2.1591912329079884e-7
5.159999999999934	2.0352750636369475e-7
5.169999999999934	1.918217317772628e-7
5.179999999999934	1.8076534093107622e-7
5.189999999999934	1.7032372712300477e-7
5.199999999999934	1.604640386613004e-7
5.209999999999933	1.51155123294883e-7
5.219999999999933	1.4236740271094675e-7
5.229999999999933	1.3407282421516377e-7
5.239999999999933	1.2624478333949055e-7
5.2499999999999325	1.1885803755482312e-7
5.259999999999932	1.1188866254510976e-7
5.269999999999932	1.0531397129143078e-7
5.279999999999932	9.911245852762813e-8