-5.769999999999921	9.68503462110014e-8
-5.759999999999922	1.0181516516740253e-7
-5.749999999999922	1.070265795558132e-7
-5.739999999999922	1.1249641344331325e-7
-5.729999999999922	1.1823703917042698e-7
-5.7199999999999225	1.2426139900608984e-7
-5.709999999999923	1.3058302870200947e-7
-5.699999999999923	1.372160845868089e-7
-5.689999999999923	1.441753721686208e-7
-5.679999999999923	1.514763718212417e-7
-5.6699999999999235	1.591352706435156e-7
-5.659999999999924	1.6716899113816595e-7
-5.649999999999924	1.7559522485789214e-7
-5.639999999999924	1.8443246493689563e-7
-5.629999999999924	1.9370004070812662e-7
-5.619999999999925	2.034181541427207e-7
-5.609999999999925	2.1360791548988217e-7
-5.599999999999925	2.2429138908128842e-7
-5.589999999999925	2.3549162243095653e-7
-5.5799999999999255	2.4723270132510086e-7
-5.569999999999926	2.595397844945965e-7
-5.559999999999926	2.724391520343689e-7
-5.549999999999926	2.859582558937332e-7
-5.539999999999926	3.001257659584759e-7
-5.5299999999999265	3.149716230930241e-7
-5.519999999999927	3.3052709304309876e-7
-5.509999999999927	3.468248213933431e-7
-5.499999999999927	3.6389889225787836e-7
-5.489999999999927	3.817848879889847e-7
-5.479999999999928	4.0051995220594714e-7
-5.469999999999928	4.2014285466647314e-7
-5.459999999999928	4.406940571127898e-7
-5.449999999999928	4.622157914021927e-7
-5.4399999999999284	4.847521187408234e-7
-5.429999999999929	5.083490218056996e-7
-5.419999999999929	5.33054469014613e-7
-5.409999999999929	5.589185050216436e-7
-5.399999999999929	5.859933335517701e-7
-5.3899999999999295	6.143334058139786e-7
-5.37999999999993	6.439955121612587e-7
-5.36999999999993	6.750388776741941e-7
-5.35999999999993	7.075252607099476e-7
-5.34999999999993	7.4151905587755e-7
-5.339999999999931	7.770874005496139e-7
-5.329999999999931	8.143002853962203e-7
-5.319999999999931	8.5323066928932e-7
-5.309999999999931	8.939545800975755e-7
-5.299999999999931	9.365512934435956e-7
-5.289999999999932	9.811034241313438e-7
-5.279999999999932	1.0276970222566418e-6
-5.269999999999932	1.0764217667246036e-6
-5.259999999999932	1.127371089590618e-6
-5.2499999999999325	1.1806423246459359e-6
-5.239999999999933	1.2363368614361384e-6
-5.229999999999933	1.2945603044466744e-6
-5.219999999999933	1.355422638794724e-6
-5.209999999999933	1.419038401598769e-6
-5.199999999999934	1.4855268596268164e-6
-5.189999999999934	1.555012193434955e-6
-5.179999999999934	1.6276236878860788e-6
-5.169999999999934	1.7034959313242394e-6
-5.159999999999934	1.7827690178878143e-6
-5.149999999999935	1.8655887622604964e-6
-5.139999999999935	1.9521069174820413e-6
-5.129999999999935	2.0424814036443696e-6
-5.119999999999935	2.1368765455411124e-6
-5.1099999999999355	2.2354633075203662e-6
-5.099999999999936	2.338419564029235e-6
-5.089999999999936	2.445930338781175e-6
-5.079999999999936	2.5581880761329544e-6
-5.069999999999936	2.675392986303277e-6
-5.0599999999999365	2.7977532253978427e-6
-5.049999999999937	2.9254852503724983e-6
-5.039999999999937	3.058814190420428e-6
-5.029999999999937	3.197974046724236e-6
-5.019999999999937	3.3432081086845367e-6
-5.009999999999938	3.4947692767197526e-6
-4.999999999999938	3.6529204120917863e-6
-4.989999999999938	3.817934722287649e-6
-4.979999999999938	3.9900960945182865e-6
-4.9699999999999385	4.169699563573759e-6
-4.959999999999939	4.357051631199522e-6
-4.949999999999939	4.552470768525772e-6
-4.939999999999939	4.756287793675496e-6
-4.929999999999939	4.968846340824502e-6
-4.9199999999999395	5.190503321191893e-6
-4.90999999999994	5.421629398692577e-6
-4.89999999999994	5.662609487868563e-6
-4.88999999999994	5.913843260755072e-6
-4.87999999999994	6.175745679135324e-6
-4.869999999999941	6.448747531376752e-6
-4.859999999999941	6.733296001395792e-6
-4.849999999999941	7.0298552477513015e-6
-4.839999999999941	7.3389069933602605e-6
-4.8299999999999415	7.660951164271316e-6
-4.819999999999942	7.996506507851968e-6
-4.809999999999942	8.346111255802805e-6
-4.799999999999942	8.710323808833733e-6
-4.789999999999942	9.089723442160717e-6
-4.7799999999999425	9.48491100846357e-6
-4.769999999999943	9.896509703115262e-6
-4.759999999999943	0.000010325165826376456
-4.749999999999943	0.000010771549570624756
-4.739999999999943	0.000011236355848789802
-4.729999999999944	0.000011720305132135677
-4.719999999999944	0.000012224144312118335
-4.709999999999944	0.000012748647606075053
-4.699999999999944	0.000013294617475408593
-4.689999999999944	0.000013862885573588814
-4.679999999999945	0.000014454313729109981
-4.669999999999945	0.000015069794958458239
-4.659999999999945	0.000015710254492712654
-4.649999999999945	0.0000163766508579762
-4.6399999999999455	0.000017069976979844364
-4.629999999999946	0.000017791261305263553
-4.619999999999946	0.00001854156898110447
-4.609999999999946	0.000019322003055845167
-4.599999999999946	0.00002013370571137072
-4.589999999999947	0.00002097785954329861
-4.579999999999947	0.000021855688865473287
-4.569999999999947	0.00002276846106383996
-4.559999999999947	0.000023717487975970433
-4.549999999999947	0.000024704127321706424
-4.539999999999948	0.00002572978417854488
-4.529999999999948	0.000026795912466767072
-4.519999999999948	0.000027904016526696633
-4.509999999999948	0.000029055652696559495
-4.4999999999999485	0.000030252430953502123
-4.489999999999949	0.000031496016600913574
-4.479999999999949	0.000032788132006284476
-4.469999999999949	0.000034130558356473396
-4.459999999999949	0.00003552513750833774
-4.4499999999999496	0.000036973773853583224
-4.43999999999995	0.000038478436243167864
-4.42999999999995	0.00004004115997669535
-4.41999999999995	0.000041664048824756866
-4.40999999999995	0.00004334927711742549
-4.399999999999951	0.00004509909188674641
-4.389999999999951	0.00004691581506246663
-4.379999999999951	0.000048801845726043006
-4.369999999999951	0.000050759662424700575
-4.3599999999999515	0.000052791825550130335
-4.349999999999952	0.00005490097976293763
-4.339999999999952	0.000057089856495012705
-4.329999999999952	0.00005936127651548714
-4.319999999999952	0.0000617181525407653
-4.3099999999999525	0.00006416349193774301
-4.299999999999953	0.00006670039948075018
-4.289999999999953	0.00006933208017483044
-4.279999999999953	0.00007206184214791717
-4.269999999999953	0.00007489309963501017
-4.259999999999954	0.0000778293759971113
-4.249999999999954	0.00008087430684746937
-4.239999999999954	0.00008403164323818
-4.229999999999954	0.0000873052549257382
-4.2199999999999545	0.00009069913370280689
-4.209999999999955	0.00009421739683858605
-4.199999999999955	0.00009786429056387771
-4.189999999999955	0.0001016441936571906
-4.179999999999955	0.00010556162111869839
-4.1699999999999555	0.00010962122791185824
-4.159999999999956	0.00011382781279491219
-4.149999999999956	0.00011818632227207984
-4.139999999999956	0.00012270185453030528
-4.129999999999956	0.00012737966363169647
-4.119999999999957	0.00013222516365084375
-4.109999999999957	0.0001372439329840717
-4.099999999999957	0.00014244171865353134
-4.089999999999957	0.0001478244408843452
-4.079999999999957	0.00015339819760135735
-4.069999999999958	0.00015916926910782415
-4.059999999999958	0.00016514412284292343
-4.049999999999958	0.00017132941826748178
-4.039999999999958	0.00017773201178826166
-4.0299999999999585	0.00018435896184459168
-4.019999999999959	0.00019121753407494191
-4.009999999999959	0.00019831520659117382
-3.9999999999999587	0.000205659675339225
-3.989999999999959	0.00021325885960498005
-3.979999999999959	0.00022112090759127988
-3.9699999999999593	0.00022925420212030985
-3.9599999999999596	0.000237667366459533
-3.9499999999999598	0.0002463692702214861
-3.93999999999996	0.0002553690354113474
-3.92999999999996	0.0002646760425735429
-3.9199999999999604	0.0002742999370442108
-3.9099999999999606	0.0002842506353328432
-3.899999999999961	0.00029453833161139487
-3.889999999999961	0.0003051735043214298
-3.8799999999999613	0.00031616692289603736
-3.8699999999999615	0.0003275296546061757
-3.8599999999999617	0.0003392730715175606
-3.849999999999962	0.00035140885756584705
-3.839999999999962	0.00036394901576466683
-3.8299999999999623	0.00037690587551926535
-3.8199999999999625	0.00039029210006067484
-3.8099999999999627	0.00040412069401822874
-3.799999999999963	0.0004184050110909798
-3.789999999999963	0.0004331587618520151
-3.7799999999999634	0.00044839602167455066
-3.7699999999999636	0.0004641312387804772
-3.759999999999964	0.0004803792423948522
-3.749999999999964	0.0004971552510512523
-3.7399999999999642	0.0005144748810000044
-3.7299999999999645	0.0005323541547264375
-3.7199999999999647	0.000550809509613638
-3.709999999999965	0.0005698578067230315
-3.699999999999965	0.0005895163396689219
-3.6899999999999653	0.0006098028436436365
-3.6799999999999655	0.000630735504553962
-3.6699999999999657	0.0006523329682522908
-3.659999999999966	0.0006746143499226946
-3.649999999999966	0.0006975992435554664
-3.6399999999999664	0.0007213077315379662
-3.6299999999999666	0.0007457603943743826
-3.619999999999967	0.0007709783205119774
-3.609999999999967	0.0007969831162649104
-3.5999999999999672	0.0008237969158618771
-3.5899999999999674	0.0008514423916084935
-3.5799999999999677	0.0008799427641495494
-3.569999999999968	0.000909321812753748
-3.559999999999968	0.0009396038859067724
-3.5499999999999683	0.0009708139117808152
-3.5399999999999685	0.0010029774089137583
-3.5299999999999687	0.0010361204969716409
-3.519999999999969	0.0010702699076078227
-3.509999999999969	0.0011054529953140135
-3.4999999999999694	0.0011416977485679302
-3.4899999999999696	0.001179032800852011
-3.47999999999997	0.0012174874418481288
-3.46999999999997	0.001257091628703531
-3.45999999999997	0.0012978759973637476
-3.4499999999999704	0.0013398718739505752
-3.4399999999999706	0.0013831112862491446
-3.429999999999971	0.0014276269752141256
-3.419999999999971	0.00147345240654904
-3.4099999999999713	0.0015206217823308787
-3.3999999999999715	0.001569170052710507
-3.3899999999999717	0.0016191329275839204
-3.379999999999972	0.0016705468883785424
-3.369999999999972	0.0017234491998269655
-3.3599999999999723	0.0017778779217662965
-3.3499999999999726	0.00183387192097347
-3.3399999999999728	0.0018914708830050165
-3.329999999999973	0.001950715324048799
-3.319999999999973	0.002011646602755648
-3.3099999999999734	0.00207430693210369
-3.2999999999999736	0.0021387393912108863
-3.289999999999974	0.0022049879371500588
-3.279999999999974	0.0022730974167451705
-3.2699999999999743	0.002343113578303609
-3.2599999999999745	0.0024150830833257653
-3.2499999999999747	0.002489053518175913
-3.239999999999975	0.002565073405666168
-3.229999999999975	0.002643192216589861
-3.2199999999999753	0.0027234603811872545
-3.2099999999999755	0.002805929300515082
-3.1999999999999758	0.002890651357715733
-3.189999999999976	0.0029776799292180758
-3.179999999999976	0.0030670693957836545
-3.1699999999999764	0.0031588751534524203
-3.1599999999999766	0.0032531536243644073
-3.149999999999977	0.0033499622674277077
-3.139999999999977	0.0034493595888220366
-3.1299999999999772	0.0035514051523772164
-3.1199999999999775	0.003656159589738389
-3.1099999999999777	0.003763684610362438
-3.099999999999978	0.003874043011322322
-3.089999999999978	0.0039872986869009235
-3.0799999999999783	0.004103516637946807
-3.0699999999999785	0.004222762981028178
-3.0599999999999787	0.004345104957322482
-3.049999999999979	0.004470610941249476
-3.039999999999979	0.004599350448842804
-3.0299999999999794	0.004731394145839745
-3.0199999999999796	0.004866813855460089
-3.00999999999998	0.005005682565890557
-2.99999999999998	0.005148074437450518
-2.9899999999999802	0.005294064809397508
-2.9799999999999804	0.005443730206402958
-2.9699999999999807	0.005597148344670424
-2.959999999999981	0.005754398137645053
-2.949999999999981	0.005915559701350177
-2.9399999999999813	0.006080714359326537
-2.9299999999999815	0.006249944647110901
-2.9199999999999817	0.006423334316316349
-2.909999999999982	0.006600968338235211
-2.899999999999982	0.006782932906984914
-2.8899999999999824	0.0069693154421500226
-2.8799999999999826	0.007160204590936204
-2.869999999999983	0.0073556902298989105
-2.859999999999983	0.007555863465891649
-2.849999999999983	0.007760816636748421
-2.8399999999999834	0.007970643311245374
-2.8299999999999836	0.00818543828850689
-2.819999999999984	0.008405297596848896
-2.809999999999984	0.008630318491970912
-2.7999999999999843	0.008860599454533519
-2.7899999999999845	0.009096240187100929
-2.7799999999999847	0.009337341610409344
-2.769999999999985	0.00958400585894241
-2.759999999999985	0.00983633627581694
-2.7499999999999853	0.010094437407074941
-2.7399999999999856	0.010358414994954742
-2.7299999999999858	0.010628375970726842
-2.719999999999986	0.010904428446612319
-2.709999999999986	0.011186681706938425
-2.6999999999999864	0.011475246198515017
-2.6899999999999866	0.011770233520206235
-2.679999999999987	0.012071756411642447
-2.669999999999987	0.012379928741117817
-2.6599999999999873	0.012694865492625556
-2.6499999999999875	0.013016682751994918
-2.6399999999999877	0.013345497692148581
-2.629999999999988	0.01368142855747119
-2.619999999999988	0.014024594647212578
-2.6099999999999883	0.014375116297978587
-2.5999999999999885	0.014733114865279682
-2.5899999999999888	0.015098712704075305
-2.579999999999989	0.015472033148352148
-2.569999999999989	0.015853200489723395
-2.5599999999999894	0.016242339954978736
-2.5499999999999896	0.016639577682626444
-2.53999999999999	0.017045040698405664
-2.52999999999999	0.017458856889725635
-2.5199999999999902	0.017881154979042385
-2.5099999999999905	0.01831206449616589
-2.4999999999999907	0.01875171574948343
-2.489999999999991	0.01920023979604589
-2.479999999999991	0.019657768410584493
-2.4699999999999913	0.020124434053375485
-2.4599999999999915	0.020600369836962833
-2.4499999999999917	0.02108570949175955
-2.439999999999992	0.021580587330496965
-2.429999999999992	0.022085138211469832
-2.4199999999999924	0.02259949750065979
-2.4099999999999926	0.02312380103265762
-2.399999999999993	0.02365818507038832
-2.389999999999993	0.024202786263660372
-2.3799999999999932	0.024757741606522162
-2.3699999999999934	0.025323188393381903
-2.3599999999999937	0.025899264173954602
-2.349999999999994	0.026486106706988585
-2.339999999999994	0.02708385391275572
-2.3299999999999943	0.02769264382434338
-2.3199999999999945	0.028312614537738572
-2.3099999999999947	0.028943904160651818
-2.299999999999995	0.0295866507601526
-2.289999999999995	0.030240992309087136
-2.2799999999999954	0.030907066631254584
-2.2699999999999956	0.0315850113453769
-2.259999999999996	0.03227496380787975
-2.249999999999996	0.03297706105442385
-2.239999999999996	0.033691439740260225
-2.2299999999999964	0.03441823607938615
-2.2199999999999966	0.03515758578249082
-2.209999999999997	0.03590962399376645
-2.199999999999997	0.036674485226468996
-2.1899999999999973	0.03745230329738975
-2.1799999999999975	0.03824321126012004
-2.1699999999999977	0.03904734133722121
-2.159999999999998	0.03986482485123337
-2.149999999999998	0.04069579215456205
-2.1399999999999983	0.041540372558305304
-2.1299999999999986	0.04239869425996998
-2.1199999999999988	0.04327088427011057
-2.109999999999999	0.044157068337955664
-2.099999999999999	0.04505737087598717
-2.0899999999999994	0.045971914883485905
-2.0799999999999996	0.04690082186916945
-2.07	0.04784421177276374
-2.06	0.04880220288570173
-2.0500000000000003	0.04977491177090073
-2.0400000000000005	0.050762453181653726
-2.0300000000000007	0.051764939979627334
-2.020000000000001	0.05278248305206509
-2.010000000000001	0.05381519122819133
-2.0000000000000013	0.05486317119479927
-1.9900000000000015	0.05592652741115369
-1.9800000000000015	0.05700536202316535
-1.9700000000000015	0.05809977477688441
-1.9600000000000015	0.059209862931373494
-1.9500000000000015	0.06033572117099896
-1.9400000000000015	0.06147744151712329
-1.9300000000000015	0.06263511323929936
-1.9200000000000015	0.06380882276600651
-1.9100000000000015	0.06499865359490586
-1.9000000000000015	0.06620468620271608
-1.8900000000000015	0.06742699795476988
-1.8800000000000014	0.06866566301422036
-1.8700000000000014	0.06992075225099617
-1.8600000000000014	0.07119233315057837
-1.8500000000000014	0.0724804697225764
-1.8400000000000014	0.07378522240918897
-1.8300000000000014	0.07510664799363252
-1.8200000000000014	0.07644479950854069
-1.8100000000000014	0.07779972614437657
-1.8000000000000014	0.07917147315799612
-1.7900000000000014	0.08056008178132407
-1.7800000000000014	0.0819655891302232
-1.7700000000000014	0.08338802811365144
-1.7600000000000013	0.08482742734315389
-1.7500000000000013	0.08628381104266478
-1.7400000000000013	0.08775719895882189
-1.7300000000000013	0.08924760627173485
-1.7200000000000013	0.09075504350631988
-1.7100000000000013	0.09227951644425549
-1.7000000000000013	0.09382102603664023
-1.6900000000000013	0.0953795683173496
-1.6800000000000013	0.09695513431724412
-1.6700000000000013	0.09854770997924962
-1.6600000000000013	0.1001572760743413
-1.6500000000000012	0.10178380811856409
-1.6400000000000012	0.10342727629113914
-1.6300000000000012	0.1050876453536532
-1.6200000000000012	0.10676487457049555
-1.6100000000000012	0.10845891763057774
-1.6000000000000012	0.11016972257035079
-1.5900000000000012	0.11189723169824943
-1.5800000000000012	0.11364138152064593
-1.5700000000000012	0.1154021026693032
-1.5600000000000012	0.11717931983045382
-1.5500000000000012	0.11897295167559806
-1.5400000000000011	0.12078291079401048
-1.5300000000000011	0.1226091036270727
-1.5200000000000011	0.12445143040453924
-1.5100000000000011	0.12630978508271845
-1.500000000000001	0.12818405528467955
-1.490000000000001	0.13007412224260534
-1.480000000000001	0.13197986074226623
-1.470000000000001	0.13390113906972456
-1.460000000000001	0.13583781896037228
-1.450000000000001	0.13778975555032183
-1.440000000000001	0.13975679733019844
-1.430000000000001	0.14173878610149038
-1.420000000000001	0.1437355569354253
-1.410000000000001	0.14574693813448036
-1.400000000000001	0.1477727511965973
-1.390000000000001	0.14981281078216546
-1.380000000000001	0.15186692468377636
-1.370000000000001	0.15393489379890865
-1.360000000000001	0.1560165121055523
-1.350000000000001	0.15811156664078224
-1.340000000000001	0.1602198374824394
-1.330000000000001	0.16234109773393313
-1.320000000000001	0.16447511351216398
-1.310000000000001	0.16662164393870457
-1.300000000000001	0.16878044113428048
-1.290000000000001	0.17095125021652724
-1.280000000000001	0.17313380930115602
-1.270000000000001	0.17532784950656988
-1.260000000000001	0.17753309496191436
-1.2500000000000009	0.17974926281865206
-1.2400000000000009	0.1819760632657532
-1.2300000000000009	0.18421319954842352
-1.2200000000000009	0.18646036799049515
-1.2100000000000009	0.1887172580205466
-1.2000000000000008	0.19098355220168697
-1.1900000000000008	0.19325892626509095
-1.1800000000000008	0.19554304914737586
-1.1700000000000008	0.1978355830317404
-1.1600000000000008	0.20013618339294129
-1.1500000000000008	0.20244449904617962
-1.1400000000000008	0.20476017219984724
-1.1300000000000008	0.20708283851215645
-1.1200000000000008	0.20941212715176188
-1.1100000000000008	0.21174766086228308
-1.1000000000000008	0.21408905603076434
-1.0900000000000007	0.2164359227601548
-1.0800000000000007	0.21878786494574584
-1.0700000000000007	0.22114448035553785
-1.0600000000000007	0.22350536071465657
-1.0500000000000007	0.2258700917937441
-1.0400000000000007	0.22823825350127197
-1.0300000000000007	0.23060941997988915
-1.0200000000000007	0.23298315970673925
-1.0100000000000007	0.23535903559767818
-1.0000000000000007	0.23773660511546835
-0.9900000000000007	0.2401154203819328
-0.9800000000000006	0.2424950282939315
-0.9700000000000006	0.24487497064327388
-0.9600000000000006	0.2472547842405151
-0.9500000000000006	0.24963400104250488
-0.9400000000000006	0.25201214828377233
-0.9300000000000006	0.25438874861171723
-0.9200000000000006	0.2567633202254466
-0.9100000000000006	0.25913537701831824
-0.9000000000000006	0.2615044287241842
-0.8900000000000006	0.2638699810671559
-0.8800000000000006	0.2662315359163306
-0.8700000000000006	0.2685885914369447
-0.8600000000000005	0.2709406422593324
-0.8500000000000005	0.27328717963665433
-0.8400000000000005	0.2756276916134018
-0.8300000000000005	0.2779616631955979
-0.8200000000000005	0.280288576524163
-0.8100000000000005	0.28260791105148814
-0.8000000000000005	0.2849191437209924
-0.7900000000000005	0.28722174914960225
-0.7800000000000005	0.2895151998132251
-0.7700000000000005	0.29179896623498164
-0.7600000000000005	0.294072517176097
-0.7500000000000004	0.2963353198295354
-0.7400000000000004	0.29858684001614855
-0.7300000000000004	0.30082654238320294
-0.7200000000000004	0.303053890605373
-0.7100000000000004	0.3052683475879842
-0.7000000000000004	0.30746937567231325
-0.6900000000000004	0.30965643684305616
-0.6800000000000004	0.31182899293776867
-0.6700000000000004	0.313986505858014
-0.6600000000000004	0.31612843778241545
-0.6500000000000004	0.3182542513813218
-0.6400000000000003	0.3203634100325838
-0.6300000000000003	0.3224553780398327
-0.6200000000000003	0.324529620850499
-0.6100000000000003	0.32658560527618347
-0.6000000000000003	0.32862279971361724
-0.5900000000000003	0.3306406743666029
-0.5800000000000003	0.3326387014686954
-0.5700000000000003	0.3346163555066753
-0.5600000000000003	0.3365731134445034
-0.5500000000000003	0.3385084549476069
-0.5400000000000003	0.34042186260757656
-0.5300000000000002	0.3423128221669816
-0.5200000000000002	0.34418082274411826
-0.5100000000000002	0.34602535705774706
-0.5000000000000002	0.3478459216515804
-0.49000000000000027	0.3496420171182937
-0.48000000000000026	0.3514131483230931
-0.47000000000000025	0.3531588246266461
-0.46000000000000024	0.35487856010713237
-0.45000000000000023	0.35657187378142235
-0.4400000000000002	0.35823828982520983
-0.4300000000000002	0.35987733779187114
-0.4200000000000002	0.3614885528300108
-0.4100000000000002	0.36307147589957534
-0.4000000000000002	0.36462565398625985
-0.3900000000000002	0.3661506403141849
-0.38000000000000017	0.36764599455673996
-0.37000000000000016	0.3691112830453107
-0.36000000000000015	0.370546078975852
-0.35000000000000014	0.37194996261322766
-0.34000000000000014	0.3733225214930302
-0.3300000000000001	0.3746633506208455
-0.3200000000000001	0.37597205266886063
-0.3100000000000001	0.37724823816958636
-0.3000000000000001	0.37849152570659755
-0.2900000000000001	0.3797015421022435
-0.2800000000000001	0.38087792260198905
-0.2700000000000001	0.3820203110558826
-0.26000000000000006	0.38312836009561174
-0.25000000000000006	0.3842017313089382
-0.24000000000000007	0.38524009540987003
-0.23000000000000007	0.38624313240516517
-0.22000000000000006	0.38721053175686615
-0.21000000000000005	0.3881419925407183
-0.20000000000000004	0.38903722360047155
-0.19000000000000003	0.3898959436978827
-0.18000000000000002	0.3907178816582887
-0.17	0.391502776511709
-0.16	0.3922503776293686
-0.15	0.3929604448554587
-0.13999999999999999	0.3936327486341553
-0.12999999999999998	0.39426707013174955
-0.11999999999999998	0.39486320135376074
-0.10999999999999999	0.39542094525700644
-0.09999999999999999	0.3959401158565628
-0.09	0.3964205383274257
-0.08	0.3968620491009044
-0.07	0.3972644959556604
-0.060000000000000005	0.3976277381032532
-0.05	0.39795164626818047
-0.04	0.39823610276238464
-0.03	0.3984810015540765
-0.02	0.3986862483308709
-0.01	0.3988517605572281
0	0.3989774675260607
0.01	0.399063310404502
0.02	0.39910924227385786
0.03	0.3991152281636127
0.04	0.3990812450794788
0.05	0.3990072820255393
0.060000000000000005	0.3988933400203708
0.07	0.3987394321071402
0.08	0.39854558335772405
0.09	0.3983118308707809
0.09999999999999999	0.39803822376375847
0.10999999999999999	0.3977248231589063
0.11999999999999998	0.39737170216323675
0.12999999999999998	0.3969789458424366
0.13999999999999999	0.39654665118878074
0.15	0.3960749270830579
0.16	0.39556389425046007
0.17	0.3950136852105525
0.18000000000000002	0.3944244442213237
0.19000000000000003	0.39379632721727953
0.20000000000000004	0.39312950174171357
0.21000000000000005	0.3924241468731662
0.22000000000000006	0.39168045314605476
0.23000000000000007	0.390898622465602
0.24000000000000007	0.39007886801710423
0.25000000000000006	0.38922141416953276
0.26000000000000006	0.3883264963735916
0.2700000000000001	0.38739436105430886
0.2800000000000001	0.38642526549815026
0.2900000000000001	0.38541947773479013
0.3000000000000001	0.38437727641363456
0.3100000000000001	0.38329895067510084
0.3200000000000001	0.3821848000167788
0.3300000000000001	0.3810351341545993
0.34000000000000014	0.3798502728790292
0.35000000000000014	0.37863054590640577
0.36000000000000015	0.3773762927255643
0.37000000000000016	0.3760878624397806
0.38000000000000017	0.3747656136041671
0.3900000000000002	0.3734099140586343
0.4000000000000002	0.3720211407565387
0.4100000000000002	0.37059967958905865
0.4200000000000002	0.3691459252055211
0.4300000000000002	0.3676602808297231
0.4400000000000002	0.36614315807235553
0.45000000000000023	0.36459497673972535
0.46000000000000024	0.36301616463885344
0.47000000000000025	0.36140715737903994
0.48000000000000026	0.35976839817018547
0.49000000000000027	0.3581003376175175
0.5000000000000002	0.35640343351390363
0.5100000000000002	0.3546781506285172
0.5200000000000002	0.35292496049305067
0.5300000000000002	0.35114434118512794
0.5400000000000003	0.3493367771092017
0.5500000000000003	0.347502758775064
0.5600000000000003	0.34564278257405534
0.5700000000000003	0.3437573505531784
0.5800000000000003	0.3418469701872664
0.5900000000000003	0.3399121541492893
0.6000000000000003	0.3379534200789877
0.6100000000000003	0.3359712903500161
0.6200000000000003	0.33396629183565346
0.6300000000000003	0.3319389556733095
0.6400000000000003	0.3298898170279429
0.6500000000000004	0.327819414854545
0.6600000000000004	0.3257282916598166
0.6700000000000004	0.32361699326324656
0.6800000000000004	0.3214860685576742
0.6900000000000004	0.31933606926950003
0.7000000000000004	0.3171675497187409
0.7100000000000004	0.3149810665790184
0.7200000000000004	0.3127771786376296
0.7300000000000004	0.3105564465559073
0.7400000000000004	0.3083194326299503
0.7500000000000004	0.30606670055187557
0.7600000000000005	0.30379881517177865
0.7700000000000005	0.3015163422605117
0.7800000000000005	0.29921984827338993
0.7900000000000005	0.2969099001150384
0.8000000000000005	0.2945870649054652
0.8100000000000005	0.29225190974748544
0.8200000000000005	0.2899050014956778
0.8300000000000005	0.28754690652698617
0.8400000000000005	0.2851781905130551
0.8500000000000005	0.2827994181944887
0.8600000000000005	0.2804111531571439
0.8700000000000006	0.2780139576105328
0.8800000000000006	0.275608392168516
0.8900000000000006	0.27319501563239207
0.9000000000000006	0.270774384776467
0.9100000000000006	0.2683470541362454
0.9200000000000006	0.26591357579937186
0.9300000000000006	0.26347449919937704
0.9400000000000006	0.26103037091237585
0.9500000000000006	0.2585817344568255
0.9600000000000006	0.2561291300964101
0.9700000000000006	0.2536730946461568
0.9800000000000006	0.2512141612819277
0.9900000000000007	0.24875285935329133
1.0000000000000007	0.24628971419992912
1.0100000000000007	0.24382524697163543
1.0200000000000007	0.24135997445201002
1.0300000000000007	0.23889440888586608
1.0400000000000007	0.23642905781018636
1.0500000000000007	0.23396442389060892
1.0600000000000007	0.23150100475857344
1.0700000000000007	0.2290392928558171
1.0800000000000007	0.2265797752813133
1.0900000000000007	0.2241229336426764
1.1000000000000008	0.2216692439117896
1.1100000000000008	0.2192191762846918
1.1200000000000008	0.21677319504574027
1.1300000000000008	0.21433175843615365
1.1400000000000008	0.21189531852692353
1.1500000000000008	0.2094643210961476
1.1600000000000008	0.20703920551082003
1.1700000000000008	0.20462040461312409
1.1800000000000008	0.20220834461120288
1.1900000000000008	0.1998034449744846
1.2000000000000008	0.19740611833356309
1.2100000000000009	0.19501677038463486
1.2200000000000009	0.19263579979850706
1.2300000000000009	0.1902635981342286
1.2400000000000009	0.1879005497569825
1.2500000000000009	0.18554703176204454
1.260000000000001	0.18320341390042255
1.270000000000001	0.18087005851200763
1.280000000000001	0.17854732046182184
1.290000000000001	0.17623554708116412
1.300000000000001	0.17393507811327358
1.310000000000001	0.17164624566354678
1.320000000000001	0.1693693741542699
1.330000000000001	0.16710478028384315
1.340000000000001	0.16485277299046647
1.350000000000001	0.16261365342026318
1.360000000000001	0.16038771489981074
1.370000000000001	0.15817524291302842
1.380000000000001	0.15597651508240853
1.390000000000001	0.15379180115453306
1.400000000000001	0.15162136298982362
1.410000000000001	0.14946545455650634
1.420000000000001	0.14732432192873024
1.430000000000001	0.1451982032887622
1.440000000000001	0.1430873289332605
1.450000000000001	0.140991921283523
1.460000000000001	0.13891219489967035
1.470000000000001	0.136848356498706
1.480000000000001	0.13480060497640206
1.490000000000001	0.13276913143290678
1.500000000000001	0.13075411920205826
1.5100000000000011	0.12875574388431077
1.5200000000000011	0.1267741733832056
1.5300000000000011	0.12480956794530525
1.5400000000000011	0.1228620802035663
1.5500000000000012	0.12093185522400453
1.5600000000000012	0.11901903055562789
1.5700000000000012	0.11712373628356261
1.5800000000000012	0.11524609508526377
1.5900000000000012	0.11338622228973533
1.6000000000000012	0.11154422593972842
1.6100000000000012	0.10972020685676377
1.6200000000000012	0.1079142587089427
1.6300000000000012	0.10612646808146918
1.6400000000000012	0.10435691454975711
1.6500000000000012	0.10260567075508073
1.6600000000000013	0.1008728024826653
1.6700000000000013	0.09915836874213045
1.6800000000000013	0.09746242185020353
1.6900000000000013	0.0957850075156216
1.7000000000000013	0.0941261649261354
1.7100000000000013	0.0924859268375052
1.7200000000000013	0.09086431966444189
1.7300000000000013	0.08926136357337569
1.7400000000000013	0.08767707257697464
1.7500000000000013	0.08611145463032467
1.7600000000000013	0.08456451172869751
1.7700000000000014	0.08303624000679216
1.7800000000000014	0.08152662983938487
1.7900000000000014	0.08003566594331948
1.8000000000000014	0.0785633274806852
1.8100000000000014	0.07710958816318442
1.8200000000000014	0.07567441635754378
1.8300000000000014	0.07425777519190889
1.8400000000000014	0.07285962266312336
1.8500000000000014	0.07147991174485438
1.8600000000000014	0.07011859049641023
1.8700000000000014	0.06877560217223454
1.8800000000000014	0.06745088533197126
1.8900000000000015	0.0661443739510108
1.9000000000000015	0.06485599753146154
1.9100000000000015	0.0635856812134577
1.9200000000000015	0.06233334588672482
1.9300000000000015	0.061098908302339876
1.9400000000000015	0.05988228118459993
1.9500000000000015	0.058683373342940305
1.9600000000000015	0.057502089783815664
1.9700000000000015	0.05633833182249027
1.9800000000000015	0.05519199719465628
1.9900000000000015	0.0540629801678234
2.0000000000000013	0.05295117165240127
2.010000000000001	0.0518564593124354
2.020000000000001	0.0507787276758956
2.0300000000000007	0.04971785824449305
2.0400000000000005	0.04867372960294623
2.0500000000000003	0.047646217527641255
2.06	0.04663519509462748
2.07	0.045640532786911645
2.0799999999999996	0.04466209860095803
2.0899999999999994	0.04369975815238294
2.099999999999999	0.0427533747807855
2.109999999999999	0.04182280965363163
2.1199999999999988	0.040907921869191975
2.1299999999999986	0.04000856855846403
2.1399999999999983	0.039124604986032874
2.149999999999998	0.038255884649806664
2.159999999999998	0.03740225937969063
2.1699999999999977	0.0365635794349985
2.1799999999999975	0.0357396936006906
2.1899999999999973	0.03493044928235483
2.199999999999997	0.03413569259990279
2.209999999999997	0.03335526847994871
2.2199999999999966	0.032589020746842425
2.2299999999999964	0.03183679221232533
2.239999999999996	0.031098424763783803
2.249999999999996	0.030373759451073953
2.259999999999996	0.02966263657189233
2.2699999999999956	0.028964895755671946
2.2799999999999954	0.028280376045982995
2.289999999999995	0.027608915981424013
2.299999999999995	0.02695035367493368
2.3099999999999947	0.02630452689164718
2.3199999999999945	0.02567127312510102
2.3299999999999943	0.025050429671887146
2.339999999999994	0.024441833704728085
2.349999999999994	0.023845322343940916
2.3599999999999937	0.023260732727294463
2.3699999999999934	0.022687902078245174
2.3799999999999932	0.022126667772562954
2.389999999999993	0.02157686740330536
2.399999999999993	0.021038338844182408
2.4099999999999926	0.020510920311276746
2.4199999999999924	0.019994450423123405
2.429999999999992	0.01948876825916505
2.439999999999992	0.018993713416570825
2.4499999999999917	0.018509126065409914
2.4599999999999915	0.018034847002220113
2.4699999999999913	0.017570717701935915
2.479999999999991	0.017116580368207047
2.489999999999991	0.016672277982100383
2.4999999999999907	0.016237654349214595
2.5099999999999905	0.015812554145180884
2.5199999999999902	0.015396822959595914
2.52999999999999	0.014990307338376386
2.53999999999999	0.014592854824554895
2.5499999999999896	0.014204313997523933
2.5599999999999894	0.013824534510750408
2.569999999999989	0.013453367127969887
2.579999999999989	0.013090663757865726
2.5899999999999888	0.012736277487274296
2.5999999999999885	0.01239006261290538
2.6099999999999883	0.012051874671611775
2.619999999999988	0.011721570469249213
2.629999999999988	0.011399008107970217
2.6399999999999877	0.011084047012410487
2.6499999999999875	0.010776547954203112
2.6599999999999873	0.010476373075275998
2.669999999999987	0.010183385909810837
2.679999999999987	0.00989745140473469
2.6899999999999866	0.009618435939212822
2.6999999999999864	0.009346207342562052
2.709999999999986	0.009080634911069333
2.719999999999986	0.00882158942354216
2.7299999999999858	0.00856894315565514
2.7399999999999856	0.008322569893107843
2.7499999999999853	0.008082344943633291
2.759999999999985	0.007848145147845738
2.769999999999985	0.007619848889003898
2.7799999999999847	0.007397336101664548
2.7899999999999845	0.007180488279278455
2.7999999999999843	0.006969188480745737
2.809999999999984	0.006763321335953933
2.819999999999984	0.0065627730503304334
2.8299999999999836	0.006367431408412175
2.8399999999999834	0.006177185776496825
2.849999999999983	0.005991927104358766
2.859999999999983	0.005811547926078964
2.869999999999983	0.005635942360007279
2.8799999999999826	0.005465006107884342
2.8899999999999824	0.005298636453132123
2.899999999999982	0.005136732258374837
2.909999999999982	0.0049791939621631085
2.9199999999999817	0.004825923574971697
2.9299999999999815	0.004676824674468337
2.9399999999999813	0.004531802400087747
2.949999999999981	0.0043907634469310735
2.959999999999981	0.004253616059016592
2.9699999999999807	0.004120270021903552
2.9799999999999804	0.003990636654713809
2.9899999999999802	0.0038646288015737186
2.99999999999998	0.0037421608224963896
3.00999999999998	0.0036231485837286384
3.0199999999999796	0.003507509447595381
3.0299999999999794	0.003395162261836687
3.039999999999979	0.003286027348490073
3.049999999999979	0.0031800264923170945
3.0599999999999787	0.003077082928807835
3.0699999999999785	0.0029771213317781784
3.0799999999999783	0.0028800678005757086
3.089999999999978	0.0027858498469374524
3.099999999999978	0.0026943963814784998
3.1099999999999777	0.0026056376998733247
3.1199999999999775	0.0025195054687208547
3.1299999999999772	0.0024359327111227497
3.139999999999977	0.0023548537919922392
3.149999999999977	0.002276204403112584
3.1599999999999766	0.0021999215479559875
3.1699999999999764	0.002125943526288492
3.179999999999976	0.0020542099185741044
3.189999999999976	0.0019846615701954694
3.1999999999999758	0.001917240575499651
3.2099999999999755	0.0018518902617060367
3.2199999999999753	0.0017885551726612183
3.229999999999975	0.0017271810524788268
3.239999999999975	0.0016677148290763668
3.2499999999999747	0.001610104597608682
3.2599999999999745	0.001554299603824759
3.2699999999999743	0.0015002502273709305
3.279999999999974	0.0014479079650077326
3.289999999999974	0.001397225413830619
3.2999999999999736	0.0013481562544251458
3.3099999999999734	0.0013006552340221141
3.319999999999973	0.001254678149642866
3.329999999999973	0.001210181831252292
3.3399999999999728	0.0011671241249260208
3.3499999999999726	0.001125463876049623
3.3599999999999723	0.001085160912533819
3.369999999999972	0.0010461760281160798
3.379999999999972	0.0010084709656774775
3.3899999999999717	0.0009720084006406241
3.3999999999999715	0.0009367519244473873
3.4099999999999713	0.0009026660281029743
3.419999999999971	0.0008697160858143103
3.429999999999971	0.0008378683387356376
3.4399999999999706	0.0008070898787986723
3.4499999999999704	0.0007773486326648419
3.45999999999997	0.0007486133457795173
3.46999999999997	0.000720853566627414
3.47999999999997	0.0006940396309468547
3.4899999999999696	0.0006681426462538084
3.4999999999999694	0.0006431344764212586
3.509999999999969	0.0006189877264120853
3.519999999999969	0.0005956757271729764
3.5299999999999687	0.0005731725206532823
3.5399999999999685	0.0005514528450845692
3.5499999999999683	0.0005304921202261938
3.559999999999968	0.0005102664329738059
3.569999999999968	0.0004907525230342804
3.5799999999999677	0.00047192776879733056
3.5899999999999674	0.00045377017338052493
3.5999999999999672	0.00043625835085182163
3.609999999999967	0.0004193715126325207
3.619999999999967	0.0004030894540834251
3.6299999999999666	0.0003873925412778442
3.6399999999999664	0.0003722616979417785
3.649999999999966	0.0003576783926245979
3.659999999999966	0.00034362462601021616
3.6699999999999657	0.0003300829184477996
3.6799999999999655	0.0003170362976660339
3.6899999999999653	0.00030446828667869414
3.699999999999965	0.0002923628918803388
3.709999999999965	0.00028070459134809457
3.7199999999999647	0.0002694783233084509
3.7299999999999645	0.0002586694748356181
3.7399999999999642	0.0002482638707114071
3.749999999999964	0.00023824776249699713
3.759999999999964	0.00022860781778108376
3.7699999999999636	0.00021933110964442423
3.7799999999999634	0.00021040510628925
3.789999999999963	0.00020181766088134373
3.799999999999963	0.0001935570015693904
3.8099999999999627	0.00018561172170196636
3.8199999999999625	0.000177970770225498
3.8299999999999623	0.00017062344227834086
3.839999999999962	0.00016355936995892398
3.849999999999962	0.0001567685132921571
3.8599999999999617	0.0001502411513715375
3.8699999999999615	0.000143967873673139
3.8799999999999613	0.00013793957157794506
3.889999999999961	0.0001321474300482135
3.899999999999961	0.00012658291947372923
3.9099999999999606	0.00012123778773087358
3.9199999999999604	0.00011610405236178616
3.92999999999996	0.00011117399301216096
3.93999999999996	0.00010644014389636542
3.9499999999999598	0.0001018952865573749
3.9599999999999596	0.00009753244278630347
3.9699999999999593	0.00009334486758489669
3.979999999999959	0.000089326042425977
3.989999999999959	0.00008546966860238968
3.9999999999999587	0.00008176966074810354
4.009999999999959	0.0000782201405089265
4.019999999999959	0.00007481543037732125
4.0299999999999585	0.00007155004765806038
4.039999999999958	0.00006841869859889323
4.049999999999958	0.00006541627265620585
4.059999999999958	0.0000625378369069307
4.069999999999958	0.000059778630599135256
4.079999999999957	0.0000571340598454556
4.089999999999957	0.00005459969244128858
4.099999999999957	0.00005217125283037095
4.109999999999957	0.00004984461719004089
4.119999999999957	0.00004761580865156662
4.129999999999956	0.00004548099264255488
4.139999999999956	0.000043436472355553145
4.149999999999956	0.00004147868433886626
4.159999999999956	0.00003960419420104698
4.1699999999999555	0.00003780969244081509
4.179999999999955	0.000036091990385659866
4.189999999999955	0.00003444801623980388
4.199999999999955	0.00003287481124968879
4.209999999999955	0.00003136952597452682
4.2199999999999545	0.000029929416653264845
4.229999999999954	0.000028551841689344342
4.239999999999954	0.00002723425822809346
4.249999999999954	0.00002597421882681707
4.259999999999954	0.00002476936823489158
4.269999999999953	0.000023617440259566814
4.279999999999953	0.000022516254719945216
4.289999999999953	0.00002146371450470594
4.299999999999953	0.00002045780270201246
4.3099999999999525	0.00001949657982536556
4.319999999999952	0.000018578181119772636
4.329999999999952	0.000017700813950985785
4.339999999999952	0.00001686275526943163
4.349999999999952	0.00001606234916208289
4.3599999999999515	0.000015298004468870845
4.369999999999951	0.00001456819248233868
4.379999999999951	0.000013871444710671886
4.389999999999951	0.000013206350719877865
4.399999999999951	0.000012571556037941607
4.40999999999995	0.000011965760128271458
4.41999999999995	0.00001138771442822507
4.42999999999995	0.000010836220447803811
4.43999999999995	0.00001031012793515178
4.4499999999999496	9.808333097479038e-6
4.459999999999949	9.329776883582808e-6
4.469999999999949	8.873443315489733e-6
4.479999999999949	8.4383578878616e-6
4.489999999999949	8.02358601034078e-6
4.4999999999999485	7.628231504525273e-6
4.509999999999948	7.2514351535592955e-6
4.519999999999948	6.892373302337759e-6
4.529999999999948	6.550256494948088e-6
4.539999999999948	6.224328174889887e-6
4.549999999999947	5.913863416285968e-6
4.559999999999947	5.618167706439741e-6
4.569999999999947	5.336575763920378e-6
4.579999999999947	5.0684504138162554e-6
4.589999999999947	4.813181467950275e-6
4.599999999999946	4.5701846946131625e-6
4.609999999999946	4.338900782814735e-6
4.619999999999946	4.118794352338741e-6
4.629999999999946	3.909353020406879e-6
4.6399999999999455	3.7100864771622303e-6
4.649999999999945	3.5205256032000694e-6
4.659999999999945	3.340221625792104e-6
4.669999999999945	3.168745291500516e-6
4.679999999999945	3.0056860858664187e-6
4.689999999999944	2.850651466812246e-6
4.699999999999944	2.7032661356696643e-6
4.709999999999944	2.563171334498964e-6
4.719999999999944	2.4300241492549275e-6
4.729999999999944	2.303496913238461e-6
4.739999999999943	2.183276500988054e-6
4.749999999999943	2.069063759774405e-6
4.759999999999943	1.960572966795694e-6
4.769999999999943	1.8575312148181067e-6
4.7799999999999425	1.7596778290334474e-6
4.789999999999942	1.6667640226321985e-6
4.799999999999942	1.578552249425813e-6
4.809999999999942	1.4948156815203985e-6
4.819999999999942	1.4153379352846572e-6
4.8299999999999415	1.3399124964065696e-6
4.839999999999941	1.2683423251785752e-6
4.849999999999941	1.2004394534048225e-6
4.859999999999941	1.1360245914447662e-6
4.869999999999941	1.0749267515212372e-6
4.87999999999994	1.0169828895564511e-6
4.88999999999994	9.620375563212361e-7
4.89999999999994	9.099425678170941e-7
4.90999999999994	8.60556684620362e-7
4.9199999999999395	8.137453061067194e-7
4.929999999999939	7.693801806735378e-7
4.939999999999939	7.273391176222191e-7
4.949999999999939	6.875057254021505e-7
4.959999999999939	6.497691458097528e-7
4.9699999999999385	6.140238103075156e-7
4.979999999999938	5.801692187651294e-7
4.989999999999938	5.481096597493056e-7
4.999999999999938	5.177540270071376e-7
5.009999999999938	4.890156451253003e-7
5.019999999999937	4.6181201770064383e-7
5.029999999999937	4.360646528469411e-7
5.039999999999937	4.1169887996889735e-7
5.049999999999937	3.886436736707861e-7
5.0599999999999365	3.6683148606036423e-7
5.069999999999936	3.4619808966577464e-7
5.079999999999936	3.2668241196195935e-7
5.089999999999936	3.0822639577070644e-7
5.099999999999936	2.9077486631917554e-7
5.1099999999999355	2.742753848105031e-7
5.119999999999935	2.586781235073722e-7
5.129999999999935	2.4393574299342127e-7
5.139999999999935	2.3000327372091544e-7
5.149999999999935	2.1683800483684826e-7
5.159999999999934	2.043993760062366e-7
5.169999999999934	1.9264887400322363e-7
5.179999999999934	1.81549935374294e-7
5.189999999999934	1.7106785363950458e-7
5.199999999999934	1.611696902986936e-7
5.209999999999933	1.5182418524589928e-7
5.219999999999933	1.4300167821844196e-7
5.229999999999933	1.3467403411573545e-7
5.239999999999933	1.2681456421873747e-7
5.2499999999999325	1.1939795711786887e-7
5.259999999999932	1.1240021085188137e-7
5.269999999999932	1.0579856858597364e-7
5.279999999999932	9.957145714776471e-8