-5.759999999999922	9.928903757457888e-8
-5.749999999999922	1.0438504583182328e-7
-5.739999999999922	1.0973443099668397e-7
-5.729999999999922	1.1534936985492343e-7
-5.7199999999999225	1.2124258068935698e-7
-5.709999999999923	1.2742737513367022e-7
-5.699999999999923	1.3391767024125406e-7
-5.689999999999923	1.407280408314368e-7
-5.679999999999923	1.4787370347240107e-7
-5.6699999999999235	1.553705963982541e-7
-5.659999999999924	1.632353639577166e-7
-5.649999999999924	1.7148541677188517e-7
-5.639999999999924	1.8013895469606948e-7
-5.629999999999924	1.8921500411483398e-7
-5.619999999999925	1.9873345214427966e-7
-5.609999999999925	2.0871508411565387e-7
-5.599999999999925	2.1918162344934666e-7
-5.589999999999925	2.301557681385027e-7
-5.5799999999999255	2.4166123550428524e-7
-5.569999999999926	2.537228089610734e-7
-5.559999999999926	2.663663766578548e-7
-5.549999999999926	2.7961898182216826e-7
-5.539999999999926	2.93508874723175e-7
-5.5299999999999265	3.0806555928887197e-7
-5.519999999999927	3.233198478639343e-7
-5.509999999999927	3.393039172926935e-7
-5.499999999999927	3.5605136534574455e-7
-5.489999999999927	3.735972705122598e-7
-5.479999999999928	3.919782544186235e-7
-5.469999999999928	4.112325460637911e-7
-5.459999999999928	4.314000491537036e-7
-5.449999999999928	4.525224115810797e-7
-5.4399999999999284	4.746430979549965e-7
-5.429999999999929	4.978074647835392e-7
-5.419999999999929	5.220628473849506e-7
-5.409999999999929	5.474586069558465e-7
-5.399999999999929	5.740462657203128e-7
-5.3899999999999295	6.018795609014302e-7
-5.37999999999993	6.310145441621458e-7
-5.36999999999993	6.615096759799431e-7
-5.35999999999993	6.934259241258411e-7
-5.34999999999993	7.268268650296577e-7
-5.339999999999931	7.617787899394774e-7
-5.329999999999931	7.983508145527746e-7
-5.319999999999931	8.366149929929521e-7
-5.309999999999931	8.76646435980403e-7
-5.299999999999931	9.185234307283608e-7
-5.289999999999932	9.623275795554582e-7
-5.279999999999932	1.008143912244522e-6
-5.269999999999932	1.0560610454102833e-6
-5.259999999999932	1.1061713050778185e-6
-5.2499999999999325	1.1585708851209427e-6
-5.239999999999933	1.2133599974962596e-6
-5.229999999999933	1.2706430304515594e-6
-5.219999999999933	1.3305287128598932e-6
-5.209999999999933	1.3931302847294542e-6
-5.199999999999934	1.45856567338979e-6
-5.189999999999934	1.526957676738158e-6
-5.179999999999934	1.5984341525843435e-6
-5.169999999999934	1.6731282149125012e-6
-5.159999999999934	1.7511784387454663e-6
-5.149999999999935	1.8327290699189242e-6
-5.139999999999935	1.91793024274068e-6
-5.129999999999935	2.006938207681093e-6
-5.119999999999935	2.099915565199153e-6
-5.1099999999999355	2.197031510515638e-6
-5.099999999999936	2.298462077198735e-6
-5.089999999999936	2.404390407604917e-6
-5.079999999999936	2.5150070149861317e-6
-5.069999999999936	2.6305100638415664e-6
-5.0599999999999365	2.7511056653348693e-6
-5.049999999999937	2.8770081614678786e-6
-5.039999999999937	3.0084404460074245e-6
-5.029999999999937	3.1456342850046224e-6
-5.019999999999937	3.2888306286913287e-6
-5.009999999999938	3.4382799801417696e-6
-4.999999999999938	3.5942427287559064e-6
-4.989999999999938	3.756989525559368e-6
-4.979999999999938	3.926801660341034e-6
-4.9699999999999385	4.103971449944647e-6
-4.959999999999939	4.2888026411368645e-6
-4.949999999999939	4.481610833077688e-6
-4.939999999999939	4.682723912147567e-6
-4.929999999999939	4.8924824857695295e-6
-4.9199999999999395	5.1112403517922475e-6
-4.90999999999994	5.3393649784528525e-6
-4.89999999999994	5.577237987920086e-6
-4.88999999999994	5.825255671497223e-6
-4.87999999999994	6.083829510410849e-6
-4.869999999999941	6.353386721585752e-6
-4.859999999999941	6.634370812706387e-6
-4.849999999999941	6.927242165661471e-6
-4.839999999999941	7.232478633242541e-6
-4.8299999999999415	7.550576142983309e-6
-4.819999999999942	7.882049354869653e-6
-4.809999999999942	8.227432300781304e-6
-4.799999999999942	8.587279063381242e-6
-4.789999999999942	8.962164478516896e-6
-4.7799999999999425	9.3526848596467e-6
-4.769999999999943	9.759458727945252e-6
-4.759999999999943	0.000010183127591675038
-4.749999999999943	0.00001062435673228925
-4.739999999999943	0.000011083836018755375
-4.729999999999944	0.000011562280739122262
-4.719999999999944	0.000012060432486951758
-4.709999999999944	0.000012579060038405252
-4.699999999999944	0.000013118960276428931
-4.689999999999944	0.000013680959145331976
-4.679999999999945	0.00001426591260118738
-4.669999999999945	0.00001487470765934721
-4.659999999999945	0.000015508263403332848
-4.649999999999945	0.000016167532055338368
-4.6399999999999455	0.000016853500081953426
-4.629999999999946	0.000017567189326877916
-4.619999999999946	0.0000183096581669988
-4.609999999999946	0.00001908200272092427
-4.599999999999946	0.000019885358082436336
-4.589999999999947	0.000020720899588793175
-4.579999999999947	0.00002158984412893814
-4.569999999999947	0.0000224934514935856
-4.559999999999947	0.00002343302575517527
-4.549999999999947	0.000024409916688652472
-4.539999999999948	0.000025425521245640906
-4.529999999999948	0.000026481285049630204
-4.519999999999948	0.00002757870394740194
-4.509999999999948	0.000028719325609994944
-4.4999999999999485	0.00002990475115735031
-4.489999999999949	0.00003113663684388666
-4.479999999999949	0.00003241669578425585
-4.469999999999949	0.000033746699740601574
-4.459999999999949	0.00003512848092753878
-4.4499999999999496	0.00003656393390479903
-4.43999999999995	0.00003805501749254207
-4.42999999999995	0.00003960375674447059
-4.41999999999995	0.000041212244990448865
-4.40999999999995	0.0000428826459087161
-4.399999999999951	0.00004461719566771203
-4.389999999999951	0.000046418205124347096
-4.379999999999951	0.000048288062078452095
-4.369999999999951	0.000050229233573461824
-4.3599999999999515	0.00005224426828113405
-4.349999999999952	0.00005433579893209413
-4.339999999999952	0.000056506544803852955
-4.329999999999952	0.0000587593142860697
-4.319999999999952	0.00006109700750723187
-4.3099999999999525	0.0000635226190125798
-4.299999999999953	0.00006603924053233245
-4.289999999999953	0.00006865006380619536
-4.279999999999953	0.00007135838347600666
-4.269999999999953	0.00007416760004869724
-4.259999999999954	0.00007708122295200078
-4.249999999999954	0.00008010287362668953
-4.239999999999954	0.0000832362887281179
-4.229999999999954	0.0000864853233891406
-4.2199999999999545	0.00008985395456195993
-4.209999999999955	0.00009334628443186621
-4.199999999999955	0.0000969665439361167
-4.189999999999955	0.00010071909633256211
-4.179999999999955	0.00010460844086803229
-4.1699999999999555	0.0001086392165399782
-4.159999999999956	0.00011281620592240924
-4.149999999999956	0.0001171443390876598
-4.139999999999956	0.00012162869763764509
-4.129999999999956	0.00012627451876847312
-4.119999999999957	0.00013108719950089375
-4.109999999999957	0.00013607230095795717
-4.099999999999957	0.00014123555271105395
-4.089999999999957	0.00014658285729733875
-4.079999999999957	0.0001521202947639918
-4.069999999999958	0.00015785412733953507
-4.059999999999958	0.0001637908041911447
-4.049999999999958	0.00016993696632336104
-4.039999999999958	0.0001762994514994274
-4.0299999999999585	0.00018288529933624696
-4.019999999999959	0.00018970175646306384
-4.009999999999959	0.00019675628183847484
-3.9999999999999587	0.00020405655207024923
-3.989999999999959	0.0002116104669497347
-3.979999999999959	0.0002194261550447744
-3.9699999999999593	0.00022751197939393624
-3.9599999999999596	0.0002358765433336822
-3.9499999999999598	0.0002445286964351703
-3.93999999999996	0.00025347754052798164
-3.92999999999996	0.0002627324358683092
-3.9199999999999604	0.0002723030074053464
-3.9099999999999606	0.00028219915116500837
-3.899999999999961	0.00029243104074900167
-3.889999999999961	0.0003030091339536508
-3.8799999999999613	0.00031394417950543225
-3.8699999999999615	0.00032524722390641877
-3.8599999999999617	0.00033692961842096025
-3.849999999999962	0.00034900302615189306
-3.839999999999962	0.0003614794292545703
-3.8299999999999623	0.00037437113627577113
-3.8199999999999625	0.00038769078960079463
-3.8099999999999627	0.0004014513730226437
-3.799999999999963	0.0004156662194506644
-3.789999999999963	0.00043034901871649977
-3.7799999999999634	0.0004455138255165047
-3.7699999999999636	0.0004611750674753951
-3.759999999999964	0.0004773475533314518
-3.749999999999964	0.0004940464812326453
-3.7399999999999642	0.00051128744717647
-3.7299999999999645	0.0005290864535548181
-3.7199999999999647	0.00054745991782477
-3.709999999999965	0.0005664246812982324
-3.699999999999965	0.0005859980180667613
-3.6899999999999653	0.0006061976440138834
-3.6799999999999655	0.0006270417259831729
-3.6699999999999657	0.0006485488910499122
-3.659999999999966	0.0006707382358977931
-3.649999999999966	0.0006936293363250888
-3.6399999999999664	0.0007172422568840003
-3.6299999999999666	0.000741597560590613
-3.619999999999967	0.0007667163187858667
-3.609999999999967	0.0007926201210973179
-3.5999999999999672	0.000819331085496955
-3.5899999999999674	0.0008468718684834167
-3.5799999999999677	0.0008752656753733487
-3.569999999999968	0.0009045362706835379
-3.559999999999968	0.0009347079886101423
-3.5499999999999683	0.0009658057436410441
-3.5399999999999685	0.0009978550412257365
-3.5299999999999687	0.001030881988559869
-3.519999999999969	0.0010649133054671438
-3.509999999999969	0.001099976335364411
-3.4999999999999694	0.0011360990562962407
-3.4899999999999696	0.0011733100920889425
-3.47999999999997	0.0012116387235538665
-3.46999999999997	0.0012511148997728326
-3.45999999999997	0.0012917692494679868
-3.4499999999999704	0.0013336330924361153
-3.4399999999999706	0.0013767384510255797
-3.429999999999971	0.0014211180617167603
-3.419999999999971	0.0014668053867190301
-3.4099999999999713	0.0015138346256331153
-3.3999999999999715	0.0015622407271736044
-3.3899999999999717	0.0016120594009131632
-3.379999999999972	0.0016633271290611368
-3.369999999999972	0.0017160811782992497
-3.3599999999999723	0.0017703596116217513
-3.3499999999999726	0.0018262013001907923
-3.3399999999999728	0.0018836459352211197
-3.329999999999973	0.0019427340398818398
-3.319999999999973	0.002003506981150117
-3.3099999999999734	0.0020660069817156823
-3.2999999999999736	0.002130277131850586
-3.289999999999974	0.0021963614012446273
-3.279999999999974	0.00226430465083486
-3.2699999999999743	0.002334152644605268
-3.2599999999999745	0.002405952061316975
-3.2499999999999747	0.0024797505062081632
-3.239999999999975	0.0025555965226460842
-3.229999999999975	0.0026335396036838506
-3.2199999999999753	0.0027136302035596503
-3.2099999999999755	0.0027959197491173537
-3.1999999999999758	0.002880460651122409
-3.189999999999976	0.0029673063154715272
-3.179999999999976	0.0030565111543138547
-3.1699999999999764	0.0031481305970226608
-3.1599999999999766	0.003242221101044887
-3.149999999999977	0.003338840162619975
-3.139999999999977	0.0034380463273338303
-3.1299999999999772	0.0035398992004982907
-3.1199999999999775	0.0036444594573931256
-3.1099999999999777	0.0037517888532846485
-3.099999999999978	0.00386195023325811
-3.089999999999978	0.003975007541857314
-3.0799999999999783	0.00409102583248887
-3.0699999999999785	0.0042100712765833674
-3.0599999999999787	0.004332211172539454
-3.049999999999979	0.004457513954389947
-3.039999999999979	0.004586049200198553
-3.0299999999999794	0.004717887640182261
-3.0199999999999796	0.004853101164535156
-3.00999999999998	0.004991762830929688
-2.99999999999998	0.005133946871708749
-2.9899999999999802	0.005279728700742337
-2.9799999999999804	0.005429184919910056
-2.9699999999999807	0.0055823933252406
-2.959999999999981	0.00573943291267371
-2.949999999999981	0.005900383883401142
-2.9399999999999813	0.00606532764881872
-2.9299999999999815	0.006234346835061091
-2.9199999999999817	0.006407525287068685
-2.909999999999982	0.006584948072219563
-2.899999999999982	0.006766701483496442
-2.8899999999999824	0.006952873042152433
-2.8799999999999826	0.007143551499880705
-2.869999999999983	0.007338826840452679
-2.859999999999983	0.007538790280875683
-2.849999999999983	0.007743534271921715
-2.8399999999999834	0.007953152498158169
-2.8299999999999836	0.008167739877358162
-2.819999999999984	0.00838739255931453
-2.809999999999984	0.008612207924069686
-2.7999999999999843	0.008842284579476578
-2.7899999999999845	0.009077722358126015
-2.7799999999999847	0.009318622313622413
-2.769999999999985	0.009565086716161493
-2.759999999999985	0.009817219047413716
-2.7499999999999853	0.010075123994663837
-2.7399999999999856	0.010338907444317647
-2.7299999999999858	0.010608676474528185
-2.719999999999986	0.010884539347150625
-2.709999999999986	0.011166605498884097
-2.6999999999999864	0.01145498553160688
-2.6899999999999866	0.011749791201911745
-2.679999999999987	0.012051135409816964
-2.669999999999987	0.012359132186599169
-2.6599999999999873	0.012673896681793783
-2.6499999999999875	0.012995545149310356
-2.6399999999999877	0.01332419493263652
-2.629999999999988	0.013659964449137477
-2.619999999999988	0.014002973173452508
-2.6099999999999883	0.01435334161990467
-2.5999999999999885	0.014711191323982508
-2.5899999999999888	0.015076644822859017
-2.579999999999989	0.015449825634888
-2.569999999999989	0.01583085823812025
-2.5599999999999894	0.01621986804781987
-2.5499999999999896	0.01661698139291384
-2.53999999999999	0.01702232549141882
-2.52999999999999	0.017436028424821764
-2.5199999999999902	0.017858219111370983
-2.5099999999999905	0.018289027278271804
-2.4999999999999907	0.018728583432849766
-2.489999999999991	0.019177018832535964
-2.479999999999991	0.019634465453775465
-2.4699999999999913	0.020101055959796946
-2.4599999999999915	0.020576923667249548
-2.4499999999999917	0.02106220251166885
-2.439999999999992	0.021557027011823535
-2.429999999999992	0.022061532232870544
-2.4199999999999924	0.022575853748322636
-2.4099999999999926	0.02310012760086934
-2.399999999999993	0.023634490261986052
-2.389999999999993	0.024179078590341775
-2.3799999999999932	0.024734029789011736
-2.3699999999999934	0.02529948136150416
-2.3599999999999937	0.025875571066526375
-2.349999999999994	0.026462436871580834
-2.339999999999994	0.02706021690533237
-2.3299999999999943	0.027669049408726956
-2.3199999999999945	0.028289072684920074
-2.3099999999999947	0.02892042504798164
-2.299999999999995	0.029563244770342296
-2.289999999999995	0.03021767002905013
-2.2799999999999954	0.030883838850805524
-2.2699999999999956	0.031561889055754196
-2.259999999999996	0.032251958200077833
-2.249999999999996	0.03295418351739262
-2.239999999999996	0.033668701858903034
-2.2299999999999964	0.03439564963238285
-2.2199999999999966	0.035135162739970104
-2.209999999999997	0.0358873765147234
-2.199999999999997	0.03665242565608346
-2.1899999999999973	0.03743044416411643
-2.1799999999999975	0.038221565272605514
-2.1699999999999977	0.039025921380998335
-2.159999999999998	0.039843643985255195
-2.149999999999998	0.040674863607548406
-2.1399999999999983	0.0415197097248564
-2.1299999999999986	0.042378310696510116
-2.1199999999999988	0.04325079369064432
-2.109999999999999	0.04413728460958974
-2.099999999999999	0.045037908014273195
-2.0899999999999994	0.04595278704759571
-2.0799999999999996	0.046882043356758635
-2.07	0.04782579701476044
-2.06	0.04878416644084389
-2.0500000000000003	0.049757268320047364
-2.0400000000000005	0.050745217521903085
-2.0300000000000007	0.05174812701826358
-2.020000000000001	0.05276610780026596
-2.010000000000001	0.05379926879453285
-2.0000000000000013	0.05484771677860206
-1.9900000000000015	0.05591155629557736
-1.9800000000000015	0.056990889568125404
-1.9700000000000015	0.058085816411782724
-1.9600000000000015	0.05919643414761616
-1.9500000000000015	0.060322837514304416
-1.9400000000000015	0.061465118579676334
-1.9300000000000015	0.06262336665169004
-1.9200000000000015	0.06379766818896142
-1.9100000000000015	0.06498810671087392
-1.9000000000000015	0.06619476270725379
-1.8900000000000015	0.06741771354771633
-1.8800000000000014	0.06865703339073727
-1.8700000000000014	0.06991279309242175
-1.8600000000000014	0.07118506011508278
-1.8500000000000014	0.07247389843568103
-1.8400000000000014	0.07377936845412417
-1.8300000000000014	0.07510152690150758
-1.8200000000000014	0.07644042674837383
-1.8100000000000014	0.07779611711300273
-1.8000000000000014	0.07916864316977437
-1.7900000000000014	0.08055804605774135
-1.7800000000000014	0.08196436278937504
-1.7700000000000014	0.08338762615955714
-1.7600000000000013	0.08482786465496087
-1.7500000000000013	0.0862851023637691
-1.7400000000000013	0.08775935888582136
-1.7300000000000013	0.08925064924331595
-1.7200000000000013	0.09075898379204213
-1.7100000000000013	0.09228436813323382
-1.7000000000000013	0.09382680302613472
-1.6900000000000013	0.09538628430131779
-1.6800000000000013	0.09696280277478286
-1.6700000000000013	0.09855634416298005
-1.6600000000000013	0.10016688899877267
-1.6500000000000012	0.10179441254837979
-1.6400000000000012	0.10343888472943265
-1.6300000000000012	0.10510027003018763
-1.6200000000000012	0.10677852742990239
-1.6100000000000012	0.10847361032053038
-1.6000000000000012	0.11018546642978021
-1.5900000000000012	0.11191403774554641
-1.5800000000000012	0.11365926044184875
-1.5700000000000012	0.11542106480635465
-1.5600000000000012	0.11719937516948163
-1.5500000000000012	0.1189941098352047
-1.5400000000000011	0.12080518101366139
-1.5300000000000011	0.12263249475554092
-1.5200000000000011	0.12447595088838773
-1.5100000000000011	0.12633544295490304
-1.500000000000001	0.1282108581532532
-1.490000000000001	0.13010207727947737
-1.480000000000001	0.1320089746721195
-1.470000000000001	0.13393141815906343
-1.460000000000001	0.13586926900666552
-1.450000000000001	0.1378223818713178
-1.440000000000001	0.1397906047534212
-1.430000000000001	0.1417737789538497
-1.420000000000001	0.14377173903304508
-1.410000000000001	0.1457843127727114
-1.400000000000001	0.14781132114021747
-1.390000000000001	0.14985257825578552
-1.380000000000001	0.1519078913625096
-1.370000000000001	0.15397706079922455
-1.360000000000001	0.15605987997637777
-1.350000000000001	0.1581561353549037
-1.340000000000001	0.16026560642812102
-1.330000000000001	0.16238806570680403
-1.320000000000001	0.1645232787074423
-1.310000000000001	0.1666710039436799
-1.300000000000001	0.16883099292108433
-1.290000000000001	0.1710029901352727
-1.280000000000001	0.17318673307337037
-1.270000000000001	0.1753819522189448
-1.260000000000001	0.17758837106044043
-1.2500000000000009	0.17980570610310298
-1.2400000000000009	0.1820336668844859
-1.2300000000000009	0.18427195599361507
-1.2200000000000009	0.18652026909374525
-1.2100000000000009	0.1887782949488278
-1.2000000000000008	0.19104571545374677
-1.1900000000000008	0.1933222056682618
-1.1800000000000008	0.19560743385474688
-1.1700000000000008	0.1979010615198046
-1.1600000000000008	0.2002027434596744
-1.1500000000000008	0.20251212780951727
-1.1400000000000008	0.2048288560966371
-1.1300000000000008	0.20715256329758694
-1.1200000000000008	0.20948287789918604
-1.1100000000000008	0.2118194219635509
-1.1000000000000008	0.21416181119704433
-1.0900000000000007	0.2165096550231762
-1.0800000000000007	0.2188625566595436
-1.0700000000000007	0.2212201131987311
-1.0600000000000007	0.22358191569315006
-1.0500000000000007	0.22594754924393684
-1.0400000000000007	0.22831659309381658
-1.0300000000000007	0.23068862072389318
-1.0200000000000007	0.2330631999544709
-1.0100000000000007	0.23543989304982915
-1.0000000000000007	0.2378182568268865
-0.9900000000000007	0.24019784276784134
-0.9800000000000006	0.24257819713672837
-0.9700000000000006	0.24495886109979306
-0.9600000000000006	0.24733937084977436
-0.9500000000000006	0.24971925773403883
-0.9400000000000006	0.2520980483864342
-0.9300000000000006	0.25447526486294947
-0.9200000000000006	0.2568504247811376
-0.9100000000000006	0.25922304146313957
-0.9000000000000006	0.2615926240823744
-0.8900000000000006	0.2639586778138787
-0.8800000000000006	0.26632070398949725
-0.8700000000000006	0.2686782002495472
-0.8600000000000005	0.27103066071221144
-0.8500000000000005	0.2733775761318289
-0.8400000000000005	0.27571843406778995
-0.8300000000000005	0.2780527190552755
-0.8200000000000005	0.2803799127791004
-0.8100000000000005	0.28269949425065893
-0.8000000000000005	0.28501093998799437
-0.7900000000000005	0.2873137241987607
-0.7800000000000005	0.28960731896602865
-0.7700000000000005	0.2918911944369959
-0.7600000000000005	0.2941648190143561
-0.7500000000000004	0.29642765955023376
-0.7400000000000004	0.29867918154276873
-0.7300000000000004	0.30091884933510354
-0.7200000000000004	0.30314612631664256
-0.7100000000000004	0.30536047512667674
-0.7000000000000004	0.30756135786013383
-0.6900000000000004	0.3097482362752633
-0.6800000000000004	0.3119205720034124
-0.6700000000000004	0.31407782676070645
-0.6600000000000004	0.3162194625610528
-0.6500000000000004	0.318344941931273
-0.6400000000000003	0.32045372812733985
-0.6300000000000003	0.3225452853524324
-0.6200000000000003	0.32461907897567815
-0.6100000000000003	0.3266745757525322
-0.6000000000000003	0.3287112440459071
-0.5900000000000003	0.33072855404839485
-0.5800000000000003	0.33272597800516845
-0.5700000000000003	0.33470299043748974
-0.5600000000000003	0.3366590683668643
-0.5500000000000003	0.33859369153952884
-0.5400000000000003	0.3405063426511449
-0.5300000000000002	0.3423965075717406
-0.5200000000000002	0.3442636755706142
-0.5100000000000002	0.3461073395410321
-0.5000000000000002	0.3479269962247575
-0.49000000000000027	0.3497221464361625
-0.48000000000000026	0.35149229528573733
-0.47000000000000025	0.3532369524029751
-0.46000000000000024	0.3549556321584746
-0.45000000000000023	0.35664785388500275
-0.4400000000000002	0.3583131420975404
-0.4300000000000002	0.35995102671210744
-0.4200000000000002	0.3615610432631661
-0.4100000000000002	0.36314273311955836
-0.4000000000000002	0.364695643698845
-0.3900000000000002	0.36621932867978385
-0.38000000000000017	0.36771334821292834
-0.37000000000000016	0.36917726912922727
-0.36000000000000015	0.3706106651463566
-0.35000000000000014	0.37201311707274776
-0.34000000000000014	0.3733842130092199
-0.3300000000000001	0.37472354854794876
-0.3200000000000001	0.3760307269687206
-0.3100000000000001	0.3773053594323883
-0.3000000000000001	0.37854706517128495
-0.2900000000000001	0.37975547167651424
-0.2800000000000001	0.3809302148819645
-0.2700000000000001	0.382070939345411
-0.26000000000000006	0.3831772984250915
-0.25000000000000006	0.3842489544537565
-0.24000000000000007	0.38528557890843407
-0.23000000000000007	0.38628685257641143
-0.22000000000000006	0.387252465717316
-0.21000000000000005	0.38818211822108867
-0.20000000000000004	0.3890755197617221
-0.19000000000000003	0.3899323899467626
-0.18000000000000002	0.3907524584623662
-0.17	0.3915354652138415
-0.16	0.39228116046158434
-0.15	0.39298930495232576
-0.13999999999999999	0.39365967004550995
-0.12999999999999998	0.39429203783482475
-0.11999999999999998	0.39488620126474927
-0.10999999999999999	0.3954419642419674
-0.09999999999999999	0.3959591417416693
-0.09	0.3964375599086309
-0.08	0.3968770561529209
-0.07	0.3972774792402549
-0.060000000000000005	0.3976386893769155
-0.05	0.39796055828910176
-0.04	0.39824296929671354
-0.03	0.3984858173815266
-0.02	0.3986890092496265
-0.01	0.39885246338810276
0	0.3989761101159904
0.01	0.399059891629331
0.02	0.39910376204035686
0.03	0.3991076874108168
0.04	0.3990716457793173
0.05	0.3989956271826897
0.060000000000000005	0.39887963367142193
0.07	0.3987236793190437
0.08	0.3985277902254836
0.09	0.3982920045144334
0.09999999999999999	0.3980163723246574
0.10999999999999999	0.3977009557952436
0.11999999999999998	0.3973458290448642
0.12999999999999998	0.3969510781449891
0.13999999999999999	0.3965168010870711
0.15	0.39604310774375223
0.16	0.39553011982410363
0.17	0.394977970822861
0.18000000000000002	0.3943868059637792
0.19000000000000003	0.39375678213709536
0.20000000000000004	0.39308806783109324
0.21000000000000005	0.39238084305788273
0.22000000000000006	0.39163529927342716
0.23000000000000007	0.3908516392917971
0.24000000000000007	0.39003007719378874
0.25000000000000006	0.3891708382299449
0.26000000000000006	0.38827415871798426
0.2700000000000001	0.387340285934765
0.2800000000000001	0.38636947800285815
0.2900000000000001	0.3853620037717326
0.3000000000000001	0.3843181426936848
0.3100000000000001	0.38323818469461607
0.3200000000000001	0.3821224300396604
0.3300000000000001	0.38097118919380246
0.34000000000000014	0.3797847826775985
0.35000000000000014	0.37856354091804584
0.36000000000000015	0.37730780409469483
0.37000000000000016	0.37601792198117406
0.38000000000000017	0.37469425378215226
0.3900000000000002	0.37333716796587774
0.4000000000000002	0.37194704209240964
0.4100000000000002	0.37052426263766436
0.4200000000000002	0.36906922481332705
0.4300000000000002	0.36758233238285004
0.4400000000000002	0.36606399747357615
0.45000000000000023	0.36451464038512954
0.46000000000000024	0.3629346893942214
0.47000000000000025	0.3613245805559978
0.48000000000000026	0.35968475750206924
0.49000000000000027	0.3580156712350226
0.5000000000000002	0.3563177799205591
0.5100000000000002	0.35459154867595005
0.5200000000000002	0.3528374493560774
0.5300000000000002	0.3510559603367416
0.5400000000000003	0.3492475662954164
0.5500000000000003	0.3474127579896381
0.5600000000000003	0.3455520320331799
0.5700000000000003	0.343665890670086
0.5800000000000003	0.34175484154677704
0.5900000000000003	0.3398193974823809
0.6000000000000003	0.3378600762373586
0.6100000000000003	0.33587740028064067
0.6200000000000003	0.3338718965554285
0.6300000000000003	0.3318440962437384
0.6400000000000003	0.3297945345299098
0.6500000000000004	0.3277237503631949
0.6600000000000004	0.32563228621957796
0.6700000000000004	0.3235206878629616
0.6800000000000004	0.32138950410592815
0.6900000000000004	0.3192392865701291
0.7000000000000004	0.31707058944652505
0.7100000000000004	0.3148839692556075
0.7200000000000004	0.31267998460773067
0.7300000000000004	0.31045919596368954
0.7400000000000004	0.3082221653957472
0.7500000000000004	0.30596945634919864
0.7600000000000005	0.30370163340461015
0.7700000000000005	0.3014192620409308
0.7800000000000005	0.29912290839957273
0.7900000000000005	0.29681313904958156
0.8000000000000005	0.29449052075409377
0.8100000000000005	0.29215562023817404
0.8200000000000005	0.28980900395815096
0.8300000000000005	0.2874512378726327
0.8400000000000005	0.28508288721531017
0.8500000000000005	0.2827045162696346
0.8600000000000005	0.28031668814555977
0.8700000000000006	0.2779199645584518
0.8800000000000006	0.2755149056102414
0.8900000000000006	0.2731020695729986
0.9000000000000006	0.27068201267502917
0.9100000000000006	0.2682552888895749
0.9200000000000006	0.26582244972625724
0.9300000000000006	0.26338404402538795
0.9400000000000006	0.2609406177551976
0.9500000000000006	0.25849271381212957
0.9600000000000006	0.25604087182429847
0.9700000000000006	0.253585627958178
0.9800000000000006	0.2511275147286253
0.9900000000000007	0.248667060812368
1.0000000000000007	0.2462047908649782
1.0100000000000007	0.2437412253414535
1.0200000000000007	0.24127688032048786
1.0300000000000007	0.2388122673325122
1.0400000000000007	0.23634789319118965
1.0500000000000007	0.2338842598305533
1.0600000000000007	0.2314218641427195
1.0700000000000007	0.22896119782298308
1.0800000000000007	0.22650274721736566
1.0900000000000007	0.22404699317463256
1.1000000000000008	0.2215944109024993
1.1100000000000008	0.2191454698281214
1.1200000000000008	0.2167006334628773
1.1300000000000008	0.21426035927147244
1.1400000000000008	0.2118250985454638
1.1500000000000008	0.20939529628118042
1.1600000000000008	0.20697139106209722
1.1700000000000008	0.20455381494569352
1.1800000000000008	0.2021429933548299
1.1900000000000008	0.1997393449736237
1.2000000000000008	0.19734328164789144
1.2100000000000009	0.19495520829015456
1.2200000000000009	0.19257552278920745
1.2300000000000009	0.19020461592426
1.2400000000000009	0.18784287128340205
1.2500000000000009	0.18549066518809823
1.260000000000001	0.18314836661929387
1.270000000000001	0.18081633715113307
1.280000000000001	0.17849493088769725
1.290000000000001	0.1761844944046158
1.300000000000001	0.1738853666952511
1.310000000000001	0.1715978791213705
1.320000000000001	0.16932235536833692
1.330000000000001	0.1670591114047997
1.340000000000001	0.16480845544680936
1.350000000000001	0.1625706879263761
1.360000000000001	0.16034610146441466
1.370000000000001	0.15813498084804592
1.380000000000001	0.15593760301221032
1.390000000000001	0.15375423702556743
1.400000000000001	0.15158514408063203
1.410000000000001	0.14943057748806854
1.420000000000001	0.1472907826751629
1.430000000000001	0.14516599718836368
1.440000000000001	0.14305645069984274
1.450000000000001	0.14096236501806425
1.460000000000001	0.13888395410225624
1.470000000000001	0.13682142408074496
1.480000000000001	0.13477497327308915
1.490000000000001	0.13274479221596514
1.500000000000001	0.13073106369268964
1.5100000000000011	0.1287339627663737
1.5200000000000011	0.1267536568166003
1.5300000000000011	0.12479030557956532
1.5400000000000011	0.12284406119159427
1.5500000000000012	0.12091506823601084
1.5600000000000012	0.11900346379320459
1.5700000000000012	0.11710937749388617
1.5800000000000012	0.11523293157543044
1.5900000000000012	0.11337424094122134
1.6000000000000012	0.11153341322290916
1.6100000000000012	0.10971054884555177
1.6200000000000012	0.10790574109548409
1.6300000000000012	0.1061190761908804
1.6400000000000012	0.10435063335493198
1.6500000000000012	0.10260048489151011
1.6600000000000013	0.10086869626327719
1.6700000000000013	0.0991553261721397
1.6800000000000013	0.09746042664195272
1.6900000000000013	0.09578404310340002
1.7000000000000013	0.09412621448096159
1.7100000000000013	0.09248697328188449
1.7200000000000013	0.09086634568704845
1.7300000000000013	0.08926435164367898
1.7400000000000013	0.0876810049597864
1.7500000000000013	0.08611631340026057
1.7600000000000013	0.08457027878453105
1.7700000000000014	0.08304289708570733
1.7800000000000014	0.08153415853111663
1.7900000000000014	0.08004404770413534
1.8000000000000014	0.07857254364727409
1.8100000000000014	0.07711961996635676
1.8200000000000014	0.07568524493579372
1.8300000000000014	0.07426938160480741
1.8400000000000014	0.07287198790454895
1.8500000000000014	0.07149301675601033
1.8600000000000014	0.0701324161786918
1.8700000000000014	0.068790129399875
1.8800000000000014	0.06746609496448398
1.8900000000000015	0.06616024684543316
1.9000000000000015	0.06487251455437053
1.9100000000000015	0.06360282325276256
1.9200000000000015	0.062351093863238505
1.9300000000000015	0.06111724318110761
1.9400000000000015	0.05990118398598574
1.9500000000000015	0.05870282515347789
1.9600000000000015	0.05752207176680611
1.9700000000000015	0.056358825228334256
1.9800000000000015	0.05521298337094585
1.9900000000000015	0.05408444056915932
2.0000000000000013	0.052973087849957134
2.010000000000001	0.05187881300323482
2.020000000000001	0.050801500691842146
2.0300000000000007	0.049741032561110635
2.0400000000000005	0.04869728734784949
2.0500000000000003	0.047670140988729064
2.06	0.046659466728001954
2.07	0.04566513522450275
2.0799999999999996	0.04468701465789054
2.0899999999999994	0.04372497083404746
2.099999999999999	0.04277886728961794
2.109999999999999	0.04184856539564184
2.1199999999999988	0.040933924460179995
2.1299999999999986	0.04003480182996807
2.1399999999999983	0.03915105299098596
2.149999999999998	0.038282531667973
2.159999999999998	0.037429089922722154
2.1699999999999977	0.0365905782512845
2.1799999999999975	0.03576684567991655
2.1899999999999973	0.034957739859786306
2.199999999999997	0.034163107160398144
2.209999999999997	0.03338279276170396
2.2199999999999966	0.03261664074486826
2.2299999999999964	0.031864494181662456
2.239999999999996	0.031126195222455705
2.249999999999996	0.030401585182783544
2.259999999999996	0.02969050462846207
2.2699999999999956	0.028992793459237512
2.2799999999999954	0.02830829099093326
2.289999999999995	0.02763683603608757
2.299999999999995	0.0269782669830881
2.3099999999999947	0.02633242187369672
2.3199999999999945	0.025699138479079994
2.3299999999999943	0.025078254374234527
2.339999999999994	0.024469607010827024
2.349999999999994	0.023873033788446085
2.3599999999999937	0.023288372124244897
2.3699999999999934	0.02271545952097254
2.3799999999999932	0.022154133633381267
2.389999999999993	0.021604232333026642
2.399999999999993	0.021065593771415213
2.4099999999999926	0.020538056441546205
2.4199999999999924	0.020021459237812712
2.429999999999992	0.01951564151426733
2.439999999999992	0.019020443141270903
2.4499999999999917	0.018535704560511474
2.4599999999999915	0.01806126683838772
2.4699999999999913	0.017596971717797193
2.479999999999991	0.017142661668296203
2.489999999999991	0.016698179934659337
2.4999999999999907	0.01626337058384506
2.5099999999999905	0.015838078550369644
2.5199999999999902	0.015422149680105707
2.52999999999999	0.01501543077251244
2.53999999999999	0.014617769621311292
2.5499999999999896	0.01422901505361865
2.5599999999999894	0.013849016967548805
2.569999999999989	0.01347762636830271
2.579999999999989	0.013114695402759714
2.5899999999999888	0.012760077392574303
2.5999999999999885	0.012413626865819772
2.6099999999999883	0.012075199587175813
2.619999999999988	0.011744652586656941
2.629999999999988	0.01142184418702031
2.6399999999999877	0.011106634029618454
2.6499999999999875	0.010798883099022107
2.6599999999999873	0.01049845374622145
2.669999999999987	0.01020520971048656
2.679999999999987	0.009919016139986424
2.6899999999999866	0.009639739610971835
2.6999999999999864	0.009367248145834879
2.709999999999986	0.009101411229837026
2.719999999999986	0.008842099826638538
2.7299999999999858	0.008589186392614585
2.7399999999999856	0.00834254488999631
2.7499999999999853	0.008102050798850574
2.759999999999985	0.007867581127937008
2.769999999999985	0.007639014424433725
2.7799999999999847	0.00741623078260607
2.7899999999999845	0.007199111851392865
2.7999999999999843	0.006987540840963768
2.809999999999984	0.006781402528265182
2.819999999999984	0.006580583261573863
2.8299999999999836	0.006384970964096465
2.8399999999999834	0.006194455136612592
2.849999999999983	0.006008926859226267
2.859999999999983	0.0058282787922118665
2.869999999999983	0.0056524051760007375
2.8799999999999826	0.0054812018303267785
2.8899999999999824	0.005314566152559674
2.899999999999982	0.005152397115239568
2.909999999999982	0.004994595262851371
2.9199999999999817	0.004841062707853804
2.9299999999999815	0.004691703125985805
2.9399999999999813	0.004546421750889561
2.949999999999981	0.004405125368048556
2.959999999999981	0.004267722308080699
2.9699999999999807	0.00413412243942099
2.9799999999999804	0.004004237160381512
2.9899999999999802	0.003877979390652107
2.99999999999998	0.0037552635622298373
3.00999999999998	0.0036360056098281275
3.0199999999999796	0.0035201229607627594
3.0299999999999794	0.0034075345243639353
3.039999999999979	0.0032981606809023662
3.049999999999979	0.0031919232700821825
3.0599999999999787	0.003088745579103341
3.0699999999999785	0.002988552330319193
3.0799999999999783	0.0028912696685119295
3.089999999999978	0.0027968251477953738
3.099999999999978	0.0027051477181902484
3.1099999999999777	0.002616167711851053
3.1199999999999775	0.0025298168290044465
3.1299999999999772	0.0024460281235914034
3.139999999999977	0.002364735988640268
3.149999999999977	0.0022858761413883915
3.1599999999999766	0.0022093856081719957
3.1699999999999764	0.0021352027090942214
3.179999999999976	0.002063267042494279
3.189999999999976	0.0019935194692345184
3.1999999999999758	0.0019259020968193188
3.2099999999999755	0.0018603582633520493
3.2199999999999753	0.0017968325213731826
3.229999999999975	0.0017352706215581196
3.239999999999975	0.001675619496313751
3.2499999999999747	0.0016178272432874994
3.2599999999999745	0.0015618431087841376
3.2699999999999743	0.0015076174711232866
3.279999999999974	0.0014551018239388107
3.289999999999974	0.0014042487594456028
3.2999999999999736	0.0013550119516645895
3.3099999999999734	0.0013073461396373325
3.319999999999973	0.0012612071106367208
3.329999999999973	0.001216551683372537
3.3399999999999728	0.0011733376912211432
3.3499999999999726	0.001131523965489536
3.3599999999999723	0.0010910703186826141
3.369999999999972	0.0010519375278596123
3.379999999999972	0.0010140873180122813
3.3899999999999717	0.0009774823455199093
3.3999999999999715	0.0009420861816699754
3.4099999999999713	0.0009078632962709239
3.419999999999971	0.0008747790413371392
3.429999999999971	0.0008427996348763591
3.4399999999999706	0.0008118921447884085
3.4499999999999704	0.0007820244728559481
3.45999999999997	0.0007531653388637082
3.46999999999997	0.0007252842648364118
3.47999999999997	0.000698351559402853
3.4899999999999696	0.0006723383022978539
3.4999999999999694	0.0006472163289980479
3.509999999999969	0.0006229582155050722
3.519999999999969	0.0005995372632740846
3.5299999999999687	0.0005769274843032717
3.5399999999999685	0.0005551035863634927
3.5499999999999683	0.0005340409584111614
3.559999999999968	0.0005137156561510756
3.569999999999968	0.000494104387769656
3.5799999999999677	0.00047518449984143053
3.5899999999999674	0.0004569339634096991
3.5999999999999672	0.0004393313602428357
3.609999999999967	0.00042235586927017707
3.619999999999967	0.00040598725319944954
3.6299999999999666	0.0003902058453147775
3.6399999999999664	0.00037499253647379143
3.649999999999966	0.00036032876225964807
3.659999999999966	0.0003461964903611882
3.6699999999999657	0.0003325782081110593
3.6799999999999655	0.0003194569102294328
3.6899999999999653	0.000306816086755289
3.699999999999965	0.0002946397111681415
3.709999999999965	0.00028291222869772543
3.7199999999999647	0.00027161854484736146
3.7299999999999645	0.0002607440140699549
3.7399999999999642	0.0002502744286778268
3.749999999999964	0.00024019600791824646
3.759999999999964	0.00023049538725583688
3.7699999999999636	0.00022115960783226484
3.7799999999999634	0.00021217610613490272
3.789999999999963	0.00020353270383774598
3.799999999999963	0.0001952175978458064
3.8099999999999627	0.0001872193505196155
3.8199999999999625	0.0001795268800925778
3.8299999999999623	0.00017212945127011902
3.839999999999962	0.0001650166660206419
3.849999999999962	0.00015817845453951082
3.8599999999999617	0.0001516050664151471
3.8699999999999615	0.00014528706193697515
3.8799999999999613	0.00013921530364518125
3.889999999999961	0.00013338094800271165
3.899999999999961	0.0001277754372491275
3.9099999999999606	0.00012239049147516647
3.9199999999999604	0.00011721810081011517
3.92999999999996	0.00011225051783303907
3.93999999999996	0.00010748025009865219
3.9499999999999598	0.00010290005286637926
3.9599999999999596	0.00009850292200937862
3.9699999999999593	0.00009428208702729202
3.979999999999959	0.00009023100427378686
3.989999999999959	0.00008634335032064998
3.9999999999999587	0.00008261301547907126
4.009999999999959	0.00007903409747623718
4.019999999999959	0.00007560089527983807
4.0299999999999585	0.00007230790308375548
4.039999999999958	0.00006914980442136278
4.049999999999958	0.00006612146644155472
4.059999999999958	0.0000632179343192305
4.069999999999958	0.00006043442580196391
4.079999999999957	0.000057766325903345396
4.089999999999957	0.000055209181728154083
4.099999999999957	0.00005275869742286584
4.109999999999957	0.000050410729270531896
4.119999999999957	0.000048161280902982605
4.129999999999956	0.00004600649864443748
4.139999999999956	0.00004394266697444582
4.149999999999956	0.00004196620412063351
4.159999999999956	0.00004007365775524894
4.1699999999999555	0.00003826170082318119
4.179999999999955	0.000036527127478996195
4.189999999999955	0.000034866849132844084
4.199999999999955	0.000033277890607208804
4.209999999999955	0.00003175738640399978
4.2199999999999545	0.000030302577074802632
4.229999999999954	0.00002891080569677707
4.239999999999954	0.000027579514437934713
4.249999999999954	0.00002630624123717217
4.259999999999954	0.000025088616573315547
4.269999999999953	0.000023924360319559332
4.279999999999953	0.000022811278706773283
4.289999999999953	0.000021747261360704065
4.299999999999953	0.00002073027844107749
4.3099999999999525	0.000019758377853427928
4.319999999999952	0.00001882968255525382
4.329999999999952	0.00001794238793487021
4.339999999999952	0.000017094759277583768
4.349999999999952	0.000016285129304823194
4.3599999999999515	0.00001551189579106495
4.369999999999951	0.000014773519253336842
4.379999999999951	0.000014068520715978599
4.389999999999951	0.00001339547953945334
4.399999999999951	0.000012753031324814023
4.40999999999995	0.00001213986588003965
4.41999999999995	0.000011554725246767672
4.42999999999995	0.000010996401819873733
4.43999999999995	0.000010463736469822306
4.4499999999999496	9.95561677650041e-6
4.459999999999949	9.47097532240858e-6
4.469999999999949	9.008787993723418e-6
4.479999999999949	8.568072381521095e-6
4.489999999999949	8.14788622611726e-6
4.4999999999999485	7.74732590433753e-6
4.509999999999948	7.365524977528291e-6
4.519999999999948	7.001652777399265e-6
4.529999999999948	6.654913052894612e-6
4.539999999999948	6.324542652393334e-6
4.549999999999947	6.009810256624867e-6
4.559999999999947	5.710015157295237e-6
4.569999999999947	5.424486067719733e-6
4.579999999999947	5.152579984869861e-6
4.589999999999947	4.8936810961468555e-6
4.599999999999946	4.647199702044974e-6
4.609999999999946	4.412571202024468e-6
4.619999999999946	4.18925510373483e-6
4.629999999999946	3.976734066904725e-6
4.6399999999999455	3.7745129853080113e-6
4.649999999999945	3.5821181019179613e-6
4.659999999999945	3.399096153881404e-6
4.669999999999945	3.225013550891994e-6
4.679999999999945	3.059455579124985e-6
4.689999999999944	2.902025640609784e-6
4.699999999999944	2.752344515027631e-6
4.709999999999944	2.6100496563959817e-6
4.719999999999944	2.474794500895878e-6
4.729999999999944	2.3462478201525353e-6
4.739999999999943	2.2240930870062376e-6
4.749999999999943	2.1080278617701945e-6
4.759999999999943	1.997763216337005e-6
4.769999999999943	1.8930231635932244e-6
4.7799999999999425	1.793544117480983e-6
4.789999999999942	1.6990743764660057e-6
4.799999999999942	1.6093736173975751e-6
4.809999999999942	1.5242124214155088e-6
4.819999999999942	1.4433718038100957e-6
4.8299999999999415	1.3666427763310695e-6
4.839999999999941	1.2938259149769369e-6
4.849999999999941	1.2247309486320745e-6
4.859999999999941	1.1591763835176693e-6
4.869999999999941	1.0969890946793495e-6
4.87999999999994	1.0380039826862886e-6
4.88999999999994	9.820636213382551e-7
4.89999999999994	9.290179223469932e-7
4.90999999999994	8.787238133755347e-7
4.9199999999999395	8.31044929096311e-7
4.929999999999939	7.858513202808398e-7
4.939999999999939	7.430191666852224e-7
4.949999999999939	7.02430505336976e-7
4.959999999999939	6.639729661351211e-7
4.9699999999999385	6.275395258027469e-7
4.979999999999938	5.930282734168129e-7
4.989999999999938	5.603421731441561e-7
4.999999999999938	5.29388846916535e-7
5.009999999999938	5.000803631863535e-7
5.019999999999937	4.7233303592472974e-7
5.029999999999937	4.4606723038414197e-7
5.039999999999937	4.212071706292641e-7
5.049999999999937	3.976807858752897e-7
5.0599999999999365	3.754195250405237e-7
5.069999999999936	3.543581782294815e-7
5.079999999999936	3.344347457017084e-7
5.089999999999936	3.15590280756781e-7
5.099999999999936	2.977687478859185e-7
5.1099999999999355	2.809168865740774e-7
5.119999999999935	2.6498408123391753e-7
5.129999999999935	2.499222370906688e-7
5.139999999999935	2.3568566092962045e-7
5.149999999999935	2.2223094768264507e-7
5.159999999999934	2.0951687204238616e-7
5.169999999999934	1.9750428263865772e-7
5.179999999999934	1.8615600732883112e-7
5.189999999999934	1.754367591521232e-7
5.199999999999934	1.653130358826807e-7
5.209999999999933	1.557530437329217e-7
5.219999999999933	1.4672661139567768e-7
5.229999999999933	1.3820511218254047e-7
5.239999999999933	1.3016138800299199e-7
5.2499999999999325	1.225696788592954e-7
5.259999999999932	1.1540555922331976e-7
5.269999999999932	1.0864585671004157e-7
5.279999999999932	1.0226859999277942e-7
5.289999999999932	9.625297428716221e-8