-5.759999999999922	9.849079171128921e-8
-5.749999999999922	1.0355026253922286e-7
-5.739999999999922	1.088615186134974e-7
-5.729999999999922	1.144366577231762e-7
-5.7199999999999225	1.202883432308311e-7
-5.709999999999923	1.2642980802361194e-7
-5.699999999999923	1.3287489420956113e-7
-5.689999999999923	1.3963809409486414e-7
-5.679999999999923	1.467345565339153e-7
-5.6699999999999235	1.5418012376135508e-7
-5.659999999999924	1.6199136099276647e-7
-5.649999999999924	1.7018558831194024e-7
-5.639999999999924	1.7878091348691267e-7
-5.629999999999924	1.8779626600411e-7
-5.619999999999925	1.9725143280099504e-7
-5.609999999999925	2.0716710024828633e-7
-5.599999999999925	2.175648727109232e-7
-5.589999999999925	2.284673477659756e-7
-5.5799999999999255	2.398981143583641e-7
-5.569999999999926	2.518818450513022e-7
-5.559999999999926	2.64444297521116e-7
-5.549999999999926	2.776123936852752e-7
-5.539999999999926	2.914142445023683e-7
-5.5299999999999265	3.0587921542989177e-7
-5.519999999999927	3.21037974711039e-7
-5.509999999999927	3.3692254949831553e-7
-5.499999999999927	3.5356638292095485e-7
-5.489999999999927	3.7100439297951787e-7
-5.479999999999928	3.8927303488449275e-7
-5.469999999999928	4.084103657453901e-7
-5.459999999999928	4.284561089657631e-7
-5.449999999999928	4.4945173110457667e-7
-5.4399999999999284	4.714405018449884e-7
-5.429999999999929	4.944675833954735e-7
-5.419999999999929	5.185800954626531e-7
-5.409999999999929	5.438272038161109e-7
-5.399999999999929	5.702602025246222e-7
-5.3899999999999295	5.979326013548908e-7
-5.37999999999993	6.26900216479844e-7
-5.36999999999993	6.57221264802225e-7
-5.35999999999993	6.889564620436538e-7
-5.34999999999993	7.221691238798143e-7
-5.339999999999931	7.569252718113791e-7
-5.329999999999931	7.932937427141252e-7
-5.319999999999931	8.313463021203117e-7
-5.309999999999931	8.711577625600594e-7
-5.299999999999931	9.128061107835863e-7
-5.289999999999932	9.56372619583791e-7
-5.279999999999932	1.0019419898010603e-6
-5.269999999999932	1.049602497029021e-6
-5.259999999999932	1.0994461181744697e-6
-5.2499999999999325	1.1515686835685627e-6
-5.239999999999933	1.206070029582934e-6
-5.229999999999933	1.263054156414092e-6
-5.219999999999933	1.3226293922842826e-6
-5.209999999999933	1.3849085632773492e-6
-5.199999999999934	1.4500091694448772e-6
-5.189999999999934	1.5180535673946175e-6
-5.179999999999934	1.5891691596711665e-6
-5.169999999999934	1.6634885908534934e-6
-5.159999999999934	1.7411499497669629e-6
-5.149999999999935	1.8222969808005848e-6
-5.139999999999935	1.907079302595929e-6
-5.129999999999935	1.995652632720582e-6
-5.119999999999935	2.088179021884973e-6
-5.1099999999999355	2.184827098295615e-6
-5.099999999999936	2.2857723099756083e-6
-5.089999999999936	2.3911971989790844e-6
-5.079999999999936	2.501291653942862e-6
-5.069999999999936	2.6162532021832443e-6
-5.0599999999999365	2.7362872898584877e-6
-5.049999999999937	2.8616075825062072e-6
-5.039999999999937	2.992436271226981e-6
-5.029999999999937	3.129004392584099e-6
-5.019999999999937	3.271552161518185e-6
-5.009999999999938	3.4203293122507536e-6
-4.999999999999938	3.5755954430740076e-6
-4.989999999999938	3.737620395720332e-6
-4.979999999999938	3.906684614375135e-6
-4.9699999999999385	4.083079557226267e-6
-4.959999999999939	4.26710809566118e-6
-4.949999999999939	4.459084909961061e-6
-4.939999999999939	4.659336938629281e-6
-4.929999999999939	4.868203830357043e-6
-4.9199999999999395	5.086038388503698e-6
-4.90999999999994	5.313207056034696e-6
-4.89999999999994	5.550090406759915e-6
-4.88999999999994	5.797083648992169e-6
-4.87999999999994	6.054597148452476e-6
-4.869999999999941	6.3230569838450526e-6
-4.859999999999941	6.602905488109854e-6
-4.849999999999941	6.894601834370207e-6
-4.839999999999941	7.1986226334187776e-6
-4.8299999999999415	7.5154625428479055e-6
-4.819999999999942	7.845634913321754e-6
-4.809999999999942	8.189672428633114e-6
-4.799999999999942	8.548127790877718e-6
-4.789999999999942	8.921574426242512e-6
-4.7799999999999425	9.310607183187103e-6
-4.769999999999943	9.715843098026463e-6
-4.759999999999943	0.000010137922141098994
-4.749999999999943	0.000010577508020653945
-4.739999999999943	0.000011035288986411905
-4.729999999999944	0.000011511978686991563
-4.719999999999944	0.000012008317009593805
-4.709999999999944	0.000012525070990760174
-4.699999999999944	0.00001306303572754878
-4.689999999999944	0.000013623035323012983
-4.679999999999945	0.000014205923884240538
-4.669999999999945	0.00001481258648929165
-4.659999999999945	0.000015443940252019464
-4.649999999999945	0.00001610093538149608
-4.6399999999999455	0.000016784556278123632
-4.629999999999946	0.00001749582266236739
-4.619999999999946	0.00001823579075289248
-4.609999999999946	0.000019005554447497488
-4.599999999999946	0.000019806246568490167
-4.589999999999947	0.000020639040132646792
-4.579999999999947	0.000021505149650770232
-4.569999999999947	0.000022405832480536664
-4.559999999999947	0.000023342390205160017
-4.549999999999947	0.00002431617005919377
-4.539999999999948	0.000025328566389199585
-4.529999999999948	0.000026381022161030952
-4.519999999999948	0.000027475030508860494
-4.509999999999948	0.00002861213631910835
-4.4999999999999485	0.000029793937874903788
-4.489999999999949	0.000031022088533821755
-4.479999999999949	0.000032298298450355305
-4.469999999999949	0.00003362433635679017
-4.459999999999949	0.00003500203139034094
-4.4499999999999496	0.000036433274953705984
-4.43999999999995	0.00003792002265015582
-4.42999999999995	0.00003946429626116866
-4.41999999999995	0.00004106818576006988
-4.40999999999995	0.00004273385141485028
-4.399999999999951	0.000044463525914927646
-4.389999999999951	0.00004625951656594696
-4.379999999999951	0.00004812420754689515
-4.369999999999951	0.00005006006222336865
-4.3599999999999515	0.00005206962550711958
-4.349999999999952	0.00005415552630043462
-4.339999999999952	0.00005632047998779913
-4.329999999999952	0.00005856729099230585
-4.319999999999952	0.00006089885539697032
-4.3099999999999525	0.00006331816364361643
-4.299999999999953	0.00006582830328131462
-4.289999999999953	0.00006843246179220037
-4.279999999999953	0.00007113392949159464
-4.269999999999953	0.00007393610249388547
-4.259999999999954	0.00007684248574369328
-4.249999999999954	0.00007985669614510473
-4.239999999999954	0.00008298246573552942
-4.229999999999954	0.00008622364495521309
-4.2199999999999545	0.0000895842059927055
-4.209999999999955	0.00009306824620472457
-4.199999999999955	0.00009667999161245041
-4.189999999999955	0.00010042380049504045
-4.179999999999955	0.00010430416705115866
-4.1699999999999555	0.00010832572515034203
-4.159999999999956	0.00011249325217048806
-4.149999999999956	0.00011681167292359408
-4.139999999999956	0.00012128606366114237
-4.129999999999956	0.00012592165619556466
-4.119999999999957	0.00013072384207144883
-4.109999999999957	0.000135698176850051
-4.099999999999957	0.0001408503845179839
-4.089999999999957	0.00014618636193172602
-4.079999999999957	0.00015171218339433615
-4.069999999999958	0.00015743410533207243
-4.059999999999958	0.00016335857107684226
-4.049999999999958	0.00016949221565285978
-4.039999999999958	0.0001758418708608663
-4.0299999999999585	0.00018241457027538477
-4.019999999999959	0.0001892175544501105
-4.009999999999959	0.0001962582761319283
-3.9999999999999587	0.0002035444057515024
-3.989999999999959	0.00021108383684181466
-3.979999999999959	0.00021888469165383905
-3.9699999999999593	0.00022695532687941949
-3.9599999999999596	0.00023530433945595936
-3.9499999999999598	0.0002439405725026094
-3.93999999999996	0.0002528731213763907
-3.92999999999996	0.0002621113398147819
-3.9199999999999604	0.00027166484621367316
-3.9099999999999606	0.00028154353001738993
-3.899999999999961	0.0002917575582196909
-3.889999999999961	0.00030231738197802237
-3.8799999999999613	0.0003132337433638587
-3.8699999999999615	0.0003245176822109718
-3.8599999999999617	0.00033618054308605323
-3.849999999999962	0.0003482339823985193
-3.839999999999962	0.0003606899756014839
-3.8299999999999623	0.00037356082453190206
-3.8199999999999625	0.00038685916486903236
-3.8099999999999627	0.0004005979737165793
-3.799999999999963	0.000414790577286416
-3.789999999999963	0.00042945065874310683
-3.7799999999999634	0.0004445922661329483
-3.7699999999999636	0.00046022982045361286
-3.759999999999964	0.00047637812384618424
-3.749999999999964	0.0004930523679134367
-3.7399999999999642	0.0005102681421246408
-3.7299999999999645	0.0005280414424077838
-3.7199999999999647	0.0005463886798064983
-3.709999999999965	0.0005653266892794225
-3.699999999999965	0.0005848727386207004
-3.6899999999999653	0.0006050445375086757
-3.6799999999999655	0.0006258602466480681
-3.6699999999999657	0.0006473384870567889
-3.659999999999966	0.0006694983494667005
-3.649999999999966	0.0006923594038190585
-3.6399999999999664	0.0007159417089060857
-3.6299999999999666	0.000740265822116256
-3.619999999999967	0.0007653528092779098
-3.609999999999967	0.0007912242546282972
-3.5999999999999672	0.0008179022709031527
-3.5899999999999674	0.0008454095095081905
-3.5799999999999677	0.0008737691708262825
-3.569999999999968	0.0009030050145679471
-3.559999999999968	0.0009331413703486098
-3.5499999999999683	0.0009642031482226808
-3.5399999999999685	0.0009962158494137919
-3.5299999999999687	0.0010292055770905503
-3.519999999999969	0.0010631990472688192
-3.509999999999969	0.0010982235997327426
-3.4999999999999694	0.001134307209179975
-3.4899999999999696	0.0011714784962977957
-3.47999999999997	0.0012097667390160603
-3.46999999999997	0.0012492018838006886
-3.45999999999997	0.001289814557024165
-3.4499999999999704	0.0013316360764078496
-3.4399999999999706	0.0013746984625379436
-3.429999999999971	0.0014190344504140056
-3.419999999999971	0.001464677501088349
-3.4099999999999713	0.0015116618133555004
-3.3999999999999715	0.0015600223353944955
-3.3899999999999717	0.0016097947766463253
-3.379999999999972	0.0016610156195465517
-3.369999999999972	0.0017137221313635617
-3.3599999999999723	0.001767952376059748
-3.3499999999999726	0.0018237452261763932
-3.3399999999999728	0.0018811403747273762
-3.329999999999973	0.001940178347030641
-3.319999999999973	0.002000900512726702
-3.3099999999999734	0.0020633490975857484
-3.2999999999999736	0.002127567195407762
-3.289999999999974	0.0021935987799011395
-3.279999999999974	0.002261488716499482
-3.2699999999999743	0.002331282774165248
-3.2599999999999745	0.0024030276371636047
-3.2499999999999747	0.002476770916758485
-3.239999999999975	0.0025525611628609587
-3.229999999999975	0.0026304478756316047
-3.2199999999999753	0.002710481516974312
-3.2099999999999755	0.002792713521966459
-3.1999999999999758	0.002877196310193427
-3.189999999999976	0.002963983296983434
-3.179999999999976	0.003053128904506471
-3.1699999999999764	0.003144688572793561
-3.1599999999999766	0.0032387187705903396
-3.149999999999977	0.0033352770060721204
-3.139999999999977	0.0034344218374259866
-3.1299999999999772	0.0035362128832544006
-3.1199999999999775	0.003640710832788474
-3.1099999999999777	0.003747977455958972
-3.099999999999978	0.003858075613229832
-3.089999999999978	0.0039710692652329205
-3.0799999999999783	0.004087023482195701
-3.0699999999999785	0.004206004453130865
-3.0599999999999787	0.004328079494760253
-3.049999999999979	0.004453317060208315
-3.039999999999979	0.004581786747418472
-3.0299999999999794	0.004713559307263548
-3.0199999999999796	0.0048487066513931
-3.00999999999998	0.004987301859749165
-2.99999999999998	0.0051294191877592574
-2.9899999999999802	0.005275134073194399
-2.9799999999999804	0.005424523142689431
-2.9699999999999807	0.005577664217866729
-2.959999999999981	0.00573463632109972
-2.949999999999981	0.0058955196808876485
-2.9399999999999813	0.006060395736801092
-2.9299999999999815	0.006229347144007992
-2.9199999999999817	0.006402457777379703
-2.909999999999982	0.0065798127351108645
-2.899999999999982	0.006761498341882994
-2.8899999999999824	0.0069476021515508316
-2.8799999999999826	0.00713821294932644
-2.869999999999983	0.0073334207533662064
-2.859999999999983	0.007533316816001554
-2.849999999999983	0.007737993624243475
-2.8399999999999834	0.007947544899791546
-2.8299999999999836	0.008162065598475493
-2.819999999999984	0.008381651909074233
-2.809999999999984	0.008606401251509375
-2.7999999999999843	0.008836412274439135
-2.7899999999999845	0.009071784852182753
-2.7799999999999847	0.009312620080968472
-2.769999999999985	0.009559020274528514
-2.759999999999985	0.009811088958997504
-2.7499999999999853	0.010068930866994603
-2.7399999999999856	0.01033265193116988
-2.7299999999999858	0.010602359276826881
-2.719999999999986	0.010878161213837789
-2.709999999999986	0.011160167227792346
-2.6999999999999864	0.011448487970341903
-2.6899999999999866	0.011743235248706017
-2.679999999999987	0.012044522014365636
-2.669999999999987	0.012352462350919056
-2.6599999999999873	0.012667171461039623
-2.6499999999999875	0.012988765652579443
-2.6399999999999877	0.01331736232377406
-2.629999999999988	0.013653079947527897
-2.619999999999988	0.013996038054762818
-2.6099999999999883	0.014346357216857614
-2.5999999999999885	0.01470415902708709
-2.5899999999999888	0.015069566081104565
-2.579999999999989	0.015442701956456166
-2.569999999999989	0.01582369119105956
-2.5599999999999894	0.01621265926067209
-2.5499999999999896	0.0166097325553594
-2.53999999999999	0.01701503835487899
-2.52999999999999	0.0174287048030192
-2.5199999999999902	0.01785086088089038
-2.5099999999999905	0.01828163637909219
-2.4999999999999907	0.01872116186881616
-2.489999999999991	0.019169568671831016
-2.479999999999991	0.01962698882936508
-2.4699999999999913	0.020093555069806868
-2.4599999999999915	0.020569400775337407
-2.4499999999999917	0.021054659947375497
-2.439999999999992	0.021549467170848432
-2.429999999999992	0.022053957577331397
-2.4199999999999924	0.022568266806998066
-2.4099999999999926	0.02309253096936199
-2.399999999999993	0.023626886602868127
-2.389999999999993	0.02417147063326161
-2.3799999999999932	0.024726420330756144
-2.3699999999999934	0.025291873265997765
-2.3599999999999937	0.02586796726482793
-2.349999999999994	0.026454840361797276
-2.339999999999994	0.027052630752486737
-2.3299999999999943	0.027661476744613583
-2.3199999999999945	0.028281516707878478
-2.3099999999999947	0.028912889022612236
-2.299999999999995	0.02955573202721847
-2.289999999999995	0.0302101839643393
-2.2799999999999954	0.03087638292583733
-2.2699999999999956	0.031554466796561216
-2.259999999999996	0.03224457319686991
-2.249999999999996	0.032946839423951005
-2.239999999999996	0.033661402391960527
-2.2299999999999964	0.034388398570924246
-2.2199999999999966	0.03512796392443067
-2.209999999999997	0.035880233846290625
-2.199999999999997	0.03664534309573265
-2.1899999999999973	0.037423425731687915
-2.1799999999999975	0.0382146150458247
-2.1699999999999977	0.039019043494436294
-2.159999999999998	0.03983684262918728
-2.149999999999998	0.04066814302678467
-2.1399999999999983	0.041513074217517584
-2.1299999999999986	0.04237176461270689
-2.1199999999999988	0.04324434143110879
-2.109999999999999	0.04413093062426546
-2.099999999999999	0.045031656800798146
-2.0899999999999994	0.04594664314970653
-2.0799999999999996	0.04687601136278693
-2.07	0.04781988155582732
-2.06	0.04877837218912832
-2.0500000000000003	0.04975159998699471
-2.0400000000000005	0.05073967985631888
-2.0300000000000007	0.051742724804356176
-2.020000000000001	0.052760845855652744
-2.010000000000001	0.05379415196814859
-2.0000000000000013	0.05484274994853524
-1.9900000000000015	0.05590674436688984
-1.9800000000000015	0.0569862374705644
-1.9700000000000015	0.05808132909743223
-1.9600000000000015	0.05919211658851547
-1.9500000000000015	0.06031869469998188
-1.9400000000000015	0.06146115551460073
-1.9300000000000015	0.06261958835270491
-1.9200000000000015	0.0637940796826391
-1.9100000000000015	0.06498471303078159
-1.9000000000000015	0.06619156889120757
-1.8900000000000015	0.06741472463496502
-1.8800000000000014	0.06865425441905068
-1.8700000000000014	0.06991022909516927
-1.8600000000000014	0.07118271611824994
-1.8500000000000014	0.07247177945479666
-1.8400000000000014	0.0737774794911712
-1.8300000000000014	0.07509987294178376
-1.8200000000000014	0.07643901275728039
-1.8100000000000014	0.07779494803278693
-1.8000000000000014	0.07916772391626346
-1.7900000000000014	0.08055738151697371
-1.7800000000000014	0.08196395781422826
-1.7700000000000014	0.0833874855663183
-1.7600000000000013	0.0848279932198675
-1.7500000000000013	0.08628550481949315
-1.7400000000000013	0.08776003991796309
-1.7300000000000013	0.08925161348680458
-1.7200000000000013	0.09076023582753553
-1.7100000000000013	0.09228591248350396
-1.7000000000000013	0.09382864415239686
-1.6900000000000013	0.09538842659953131
-1.6800000000000013	0.0969652505719736
-1.6700000000000013	0.09855910171350393
-1.6600000000000013	0.1001699604805547
-1.6500000000000012	0.10179780205918634
-1.6400000000000012	0.10344259628310476
-1.6300000000000012	0.10510430755280309
-1.6200000000000012	0.10678289475605111
-1.6100000000000012	0.10847831118951452
-1.6000000000000012	0.11019050448179508
-1.5900000000000012	0.11191941651791629
-1.5800000000000012	0.11366498336525192
-1.5700000000000012	0.11542713520102017
-1.5600000000000012	0.11720579624144048
-1.5500000000000012	0.11900088467255215
-1.5400000000000011	0.12081231258279307
-1.5300000000000011	0.12263998589745866
-1.5200000000000011	0.12448380431502126
-1.5100000000000011	0.12634366124542576
-1.500000000000001	0.128219443750459
-1.490000000000001	0.13011103248620637
-1.480000000000001	0.13201830164766473
-1.470000000000001	0.13394111891565338
-1.460000000000001	0.13587934540601646
-1.450000000000001	0.13783283562117554
-1.440000000000001	0.13980143740417958
-1.430000000000001	0.14178499189525912
-1.420000000000001	0.1437833334909139
-1.410000000000001	0.1457962898057059
-1.400000000000001	0.14782368163673698
-1.390000000000001	0.14986532293087113
-1.380000000000001	0.15192102075482794
-1.370000000000001	0.1539905752681738
-1.360000000000001	0.15607377969922184
-1.350000000000001	0.15817042032398093
-1.340000000000001	0.16028027644820003
-1.330000000000001	0.16240312039247712
-1.320000000000001	0.16453871748059232
-1.310000000000001	0.16668682603110474
-1.300000000000001	0.1688471973521838
-1.290000000000001	0.171019575739809
-1.280000000000001	0.17320369847939465
-1.270000000000001	0.17539929585080244
-1.260000000000001	0.17760609113686032
-1.2500000000000009	0.17982380063544282
-1.2400000000000009	0.1820521336750906
-1.2300000000000009	0.18429079263424358
-1.2200000000000009	0.1865394729641833
-1.2100000000000009	0.1887978632156191
-1.2000000000000008	0.19106564506899557
-1.1900000000000008	0.1933424933686256
-1.1800000000000008	0.1956280761605674
-1.1700000000000008	0.1979220547343112
-1.1600000000000008	0.20022408366837816
-1.1500000000000008	0.20253381087975492
-1.1400000000000008	0.20485087767720586
-1.1300000000000008	0.2071749188185594
-1.1200000000000008	0.2095055625719027
-1.1100000000000008	0.21184243078069206
-1.1000000000000008	0.21418513893288904
-1.0900000000000007	0.21653329623405063
-1.0800000000000007	0.21888650568435383
-1.0700000000000007	0.22124436415967094
-1.0600000000000007	0.22360646249662647
-1.0500000000000007	0.22597238558158353
-1.0400000000000007	0.22834171244367008
-1.0300000000000007	0.23071401635179614
-1.0200000000000007	0.23308886491557565
-1.0100000000000007	0.23546582019025314
-1.0000000000000007	0.23784443878559142
-0.9900000000000007	0.24022427197864032
-0.9800000000000006	0.2426048658304199
-0.9700000000000006	0.24498576130654467
-0.9600000000000006	0.2473664944016195
-0.9500000000000006	0.2497465962675003
-0.9400000000000006	0.25212559334539497
-0.9300000000000006	0.25450300750165106
-0.9200000000000006	0.25687835616728266
-0.9100000000000006	0.25925115248124564
-0.9000000000000006	0.26162090543726996
-0.8900000000000006	0.2639871200342955
-0.8800000000000006	0.2663492974318875
-0.8700000000000006	0.26870693510208793
-0.8600000000000005	0.2710595269988419
-0.8500000000000005	0.2734065637165478
-0.8400000000000005	0.2757475326591065
-0.8300000000000005	0.2780819182107252
-0.8200000000000005	0.28040920190998375
-0.8100000000000005	0.28272886262695757
-0.8000000000000005	0.28504037674332533
-0.7900000000000005	0.2873432183355323
-0.7800000000000005	0.28963685936079536
-0.7700000000000005	0.29192076984583126
-0.7600000000000005	0.2941944180783999
-0.7500000000000004	0.2964572708014586
-0.7400000000000004	0.29870879340975376
-0.7300000000000004	0.3009484501489566
-0.7200000000000004	0.30317570431714447
-0.7100000000000004	0.3053900184684175
-0.7000000000000004	0.30759085461875657
-0.6900000000000004	0.3097776744539655
-0.6800000000000004	0.31194993953943845
-0.6700000000000004	0.3141071115318401
-0.6600000000000004	0.31624865239242755
-0.6500000000000004	0.31837402460222736
-0.6400000000000003	0.3204826913781326
-0.6300000000000003	0.3225741168913949
-0.6200000000000003	0.32464776648611315
-0.6100000000000003	0.3267031068998487
-0.6000000000000003	0.3287396064848894
-0.5900000000000003	0.33075673543037887
-0.5800000000000003	0.33275396598534007
-0.5700000000000003	0.33473077268230794
-0.5600000000000003	0.3366866325614012
-0.5500000000000003	0.33862102539489525
-0.5400000000000003	0.3405334339120367
-0.5300000000000002	0.34242334402390184
-0.5200000000000002	0.3442902450483391
-0.5100000000000002	0.3461336299347834
-0.5000000000000002	0.34795299548869874
-0.49000000000000027	0.3497478425956947
-0.48000000000000026	0.351517676445106
-0.47000000000000025	0.35326200675283
-0.46000000000000024	0.3549803479833736
-0.45000000000000023	0.3566722195709953
-0.4400000000000002	0.3583371461396675
-0.4300000000000002	0.3599746577218457
-0.4200000000000002	0.3615842899759094
-0.4100000000000002	0.36316558440202246
-0.4000000000000002	0.3647180885563681
-0.3900000000000002	0.36624135626366083
-0.38000000000000017	0.367734947827663
-0.37000000000000016	0.3691984302396525
-0.36000000000000015	0.3706313773847575
-0.35000000000000014	0.3720333702459079
-0.34000000000000014	0.3734039971053054
-0.3300000000000001	0.37474285374336763
-0.3200000000000001	0.3760495436348944
-0.3100000000000001	0.3773236781423522
-0.3000000000000001	0.3785648767062308
-0.2900000000000001	0.37977276703224383
-0.2800000000000001	0.3809469852750893
-0.2700000000000001	0.38208717621971344
-0.26000000000000006	0.3831929934574232
-0.25000000000000006	0.384264099559967
-0.24000000000000007	0.3853001662491281
-0.23000000000000007	0.3863008745626076
-0.22000000000000006	0.387265915015884
-0.21000000000000005	0.3881949877600438
-0.20000000000000004	0.3890878027354122
-0.19000000000000003	0.38994407982082235
-0.18000000000000002	0.3907635489785205
-0.17	0.3915459503945566
-0.16	0.39229103461451287
-0.15	0.39299856267454913
-0.13999999999999999	0.39366830622765364
-0.12999999999999998	0.39430004766493676
-0.11999999999999998	0.39489358023196114
-0.10999999999999999	0.39544870814002164
-0.09999999999999999	0.39596524667220495
-0.09	0.3964430222842285
-0.08	0.3968818727000045
-0.07	0.39728164700175594
-0.060000000000000005	0.3976422057146839
-0.05	0.39796342088615627
-0.04	0.3982451761592599
-0.03	0.39848736684071145
-0.02	0.39868989996311205
-0.01	0.3988526943414178
0	0.3989756806236034
0.01	0.3990588013355405
0.02	0.3991020109199647
0.03	0.3991052757695118
0.04	0.3990685742538679
0.05	0.39899189674092733
0.060000000000000005	0.3988752456119297
0.07	0.39871863527065016
0.08	0.39852209214653733
0.09	0.39828565469181076
0.09999999999999999	0.39800937337254877
0.10999999999999999	0.39769331065374514
0.11999999999999998	0.39733754097828855
0.12999999999999998	0.39694215073996497
0.13999999999999999	0.3965072382504392
0.15	0.39603291370020666
0.16	0.39551929911359623
0.17	0.3949665282978389
0.18000000000000002	0.39437474678616063
0.19000000000000003	0.39374411177501356
0.20000000000000004	0.3930747920554771
0.21000000000000005	0.39236696793879466
0.22000000000000006	0.39162083117616886
0.23000000000000007	0.39083658487285255
0.24000000000000007	0.3900144433965532
0.25000000000000006	0.3891546322802188
0.26000000000000006	0.38825738811932514
0.2700000000000001	0.38732295846362186
0.2800000000000001	0.38635160170350474
0.2900000000000001	0.3853435869510382
0.3000000000000001	0.3842991939157161
0.3100000000000001	0.38321871277501657
0.3200000000000001	0.38210244403990484
0.3300000000000001	0.3809506984152886
0.34000000000000014	0.3797637966555432
0.35000000000000014	0.3785420694152461
0.36000000000000015	0.37728585709516327
0.37000000000000016	0.3759955096835828
0.38000000000000017	0.3746713865931676
0.3900000000000002	0.3733138564933614
0.4000000000000002	0.37192329713848676
0.4100000000000002	0.3705000951916563
0.4200000000000002	0.3690446460446127
0.4300000000000002	0.36755735363356895
0.4400000000000002	0.36603863025124334
0.45000000000000023	0.36448889635517806
0.46000000000000024	0.3629085803724244
0.47000000000000025	0.36129811850079757
0.48000000000000026	0.35965795450693644
0.49000000000000027	0.35798853952046483
0.5000000000000002	0.356290331826417
0.5100000000000002	0.3545637966534373
0.5200000000000002	0.3528094059597975
0.5300000000000002	0.3510276382166496
0.5400000000000003	0.34921897818877295
0.5500000000000003	0.3473839167129245
0.5600000000000003	0.3455229504739528
0.5700000000000003	0.3436365817788643
0.5800000000000003	0.3417253183289011
0.5900000000000003	0.33978967298983154
0.6000000000000003	0.33783016356062506
0.6100000000000003	0.33584731254058525
0.6200000000000003	0.33384164689513063
0.6300000000000003	0.3318136978204088
0.6400000000000003	0.3297640005068065
0.6500000000000004	0.3276930939015696
0.6600000000000004	0.32560152047067387
0.6700000000000004	0.32348982596007325
0.6800000000000004	0.32135855915646744
0.6900000000000004	0.31920827164779475
0.7000000000000004	0.31703951758352555
0.7100000000000004	0.31485285343494207
0.7200000000000004	0.31264883775555097
0.7300000000000004	0.31042803094177546
0.7400000000000004	0.3081909949940281
0.7500000000000004	0.30593829327838085
0.7600000000000005	0.30367049028893334
0.7700000000000005	0.30138815141099234
0.7800000000000005	0.29909184268526695
0.7900000000000005	0.29678213057318553
0.8000000000000005	0.2944595817234441
0.8100000000000005	0.29212476273996313
0.8200000000000005	0.2897782399513912
0.8300000000000005	0.2874205791822231
0.8400000000000005	0.28505234552573266
0.8500000000000005	0.28267410311883323
0.8600000000000005	0.28028641491893974
0.8700000000000006	0.2778898424830153
0.8800000000000006	0.2754849457489176
0.8900000000000006	0.2730722828191088
0.9000000000000006	0.27065240974690563
0.9100000000000006	0.2682258803253636
0.9200000000000006	0.2657932458788872
0.9300000000000006	0.26335505505768353
0.9400000000000006	0.2609118536351994
0.9500000000000006	0.25846418430858215
0.9600000000000006	0.2560125865022963
0.9700000000000006	0.2535575961750159
0.9800000000000006	0.25109974562983656
0.9900000000000007	0.24863956332791134
1.0000000000000007	0.24617757370564114
1.0100000000000007	0.24371429699543978
1.0200000000000007	0.24125024905018705
1.0300000000000007	0.23878594117144863
1.0400000000000007	0.23632187994119414
1.0500000000000007	0.2338585670590988
1.0600000000000007	0.23139649918044472
1.0700000000000007	0.22893616776144157
1.0800000000000007	0.2264780589069298
1.0900000000000007	0.22402265322260048
1.1000000000000008	0.22157042567141516
1.1100000000000008	0.21912184543426577
1.1200000000000008	0.21667737577493892
1.1300000000000008	0.21423747390945252
1.1400000000000008	0.21180259087972678
1.1500000000000008	0.20937317143170497
1.1600000000000008	0.20694965389793224
1.1700000000000008	0.2045324700845851
1.1800000000000008	0.20212204516301785
1.1900000000000008	0.19971879756585548
1.2000000000000008	0.1973231388875955
1.2100000000000009	0.1949354737897897
1.2200000000000009	0.19255619991079792
1.2300000000000009	0.19018570778011068
1.2400000000000009	0.18782438073695776
1.2500000000000009	0.1854725948550042
1.260000000000001	0.18313071886861723
1.270000000000001	0.18079911410672053
1.280000000000001	0.1784781344297267
1.290000000000001	0.1761681261713056
1.300000000000001	0.17386942808468905
1.310000000000001	0.1715823712935266
1.320000000000001	0.16930727924722602
1.330000000000001	0.16704446768075826
1.340000000000001	0.16479424457894207
1.350000000000001	0.16255691014513518
1.360000000000001	0.1603327567743001
1.370000000000001	0.15812206903044337
1.380000000000001	0.1559251236283661
1.390000000000001	0.15374218941966186
1.400000000000001	0.15157352738298144
1.410000000000001	0.14941939061845494
1.420000000000001	0.1472800243462544
1.430000000000001	0.14515566590923526
1.440000000000001	0.14304654477963363
1.450000000000001	0.1409528825696904
1.460000000000001	0.13887489304623635
1.470000000000001	0.13681278214911702
1.480000000000001	0.13476674801340346
1.490000000000001	0.13273698099534567
1.500000000000001	0.13072366370200064
1.5100000000000011	0.12872697102443306
1.5200000000000011	0.12674707017446138
1.5300000000000011	0.12478412072486575
1.5400000000000011	0.12283827465297105
1.5500000000000012	0.120909676387535
1.5600000000000012	0.11899846285890385
1.5700000000000012	0.11710476355229262
1.5800000000000012	0.11522870056416425
1.5900000000000012	0.11337038866160948
1.6000000000000012	0.11152993534465985
1.6100000000000012	0.10970744091141395
1.6200000000000012	0.10790299852595907
1.6300000000000012	0.10611669428895285
1.6400000000000012	0.10434860731078467
1.6500000000000012	0.10259880978728493
1.6600000000000013	0.10086736707782303
1.6700000000000013	0.09915433778575722
1.6800000000000013	0.09745977384114857
1.6900000000000013	0.09578372058563744
1.7000000000000013	0.09412621685938267
1.7100000000000013	0.09248729509003034
1.7200000000000013	0.09086698138356741
1.7300000000000013	0.08926529561700085
1.7400000000000013	0.08768225153278243
1.7500000000000013	0.08611785683486685
1.7600000000000013	0.0845721132863395
1.7700000000000014	0.0830450168085517
1.7800000000000014	0.08153655758156497
1.7900000000000014	0.08004672014599036
1.8000000000000014	0.07857548350598897
1.8100000000000014	0.07712282123344773
1.8200000000000014	0.07568870157316894
1.8300000000000014	0.0742730875490514
1.8400000000000014	0.07287593707115526
1.8500000000000014	0.07149720304356305
1.8600000000000014	0.07013683347296013
1.8700000000000014	0.06879477157787368
1.8800000000000014	0.06747095589845703
1.8900000000000015	0.0661653204067546
1.9000000000000015	0.06487779461742364
1.9100000000000015	0.0636083036986868
1.9200000000000015	0.06235676858363598
1.9300000000000015	0.06112310608167061
1.9400000000000015	0.059907228990057036
1.9500000000000015	0.05870904620550317
1.9600000000000015	0.05752846283573129
1.9700000000000015	0.056365380310927755
1.9800000000000015	0.055219696495009116
1.9900000000000015	0.05409130579668068
2.0000000000000013	0.05298009928016475
2.010000000000001	0.051885964775577206
2.020000000000001	0.05080878698886538
2.0300000000000007	0.049748447611264394
2.0400000000000005	0.048704825428193474
2.0500000000000003	0.04767779642756051
2.06	0.046667233907384885
2.07	0.045673008582718284
2.0799999999999996	0.04469498869178047
2.0899999999999994	0.043733040101287174
2.099999999999999	0.04278702641089412
2.109999999999999	0.04185680905672286
2.1199999999999988	0.040942247413923154
2.1299999999999986	0.04004319889821912
2.1399999999999983	0.03915951906642563
2.149999999999998	0.038291061715743126
2.159999999999998	0.03743767898216358
2.1699999999999977	0.03659922143744906
2.1799999999999975	0.0357755381850291
2.1899999999999973	0.03496647695461706
2.199999999999997	0.03417188419554223
2.209999999999997	0.03339160516879033
2.2199999999999966	0.0326254840376686
2.2299999999999964	0.03187336395712059
2.239999999999996	0.03113508716163705
2.249999999999996	0.030410495051737315
2.259999999999996	0.029699428279007293
2.2699999999999956	0.02900172682965891
2.2799999999999954	0.028317230106614338
2.289999999999995	0.027645777010080797
2.299999999999995	0.026987206016490507
2.3099999999999947	0.026341355256140283
2.3199999999999945	0.025708062589020024
2.3299999999999943	0.025087165679193273
2.339999999999994	0.024478502067575774
2.349999999999994	0.023881909243106004
2.3599999999999937	0.023297224712325267
2.3699999999999934	0.022724286067345688
2.3799999999999932	0.02216293105219004
2.389999999999993	0.021612997627517318
2.399999999999993	0.021074324033728633
2.4099999999999926	0.020546748852434644
2.4199999999999924	0.020030111066294414
2.429999999999992	0.019524250117242868
2.439999999999992	0.019029005963066028
2.4499999999999917	0.018544219132366414
2.4599999999999915	0.018069730777912504
2.4699999999999913	0.01760538272835737
2.479999999999991	0.017151017538356007
2.489999999999991	0.01670647853708403
2.4999999999999907	0.01627160987514982
2.5099999999999905	0.015846256569930006
2.5199999999999902	0.015430264549323513
2.52999999999999	0.015023480693945232
2.53999999999999	0.014625752877758766
2.5499999999999896	0.014236930007178671
2.5599999999999894	0.013856862058632078
2.569999999999989	0.013485400114620504
2.579999999999989	0.01312239639827056
2.5899999999999888	0.012767704306417058
2.5999999999999885	0.012421178441203998
2.6099999999999883	0.01208267464024733
2.619999999999988	0.011752050005345136
2.629999999999988	0.011429162929868134
2.6399999999999877	0.011113873124566609
2.6499999999999875	0.010806041642198116
2.6599999999999873	0.010505530900696992
2.669999999999987	0.010212204705017429
2.679999999999987	0.009925928267756538
2.6899999999999866	0.009646568228292629
2.6999999999999864	0.00937399267085045
2.709999999999986	0.009108071141219642
2.719999999999986	0.008848674662266678
2.7299999999999858	0.008595675748247567
2.7399999999999856	0.00834894841793991
2.7499999999999853	0.008108368206620543
2.759999999999985	0.007873812176905822
2.769999999999985	0.007645158928498313
2.7799999999999847	0.007422288606830225
2.7899999999999845	0.0072050829106577036
2.7999999999999843	0.00699342509862464
2.809999999999984	0.0067871999947995
2.819999999999984	0.006586293993240754
2.8299999999999836	0.006390595061590417
2.8399999999999834	0.006199992743736421
2.849999999999983	0.006014378161555161
2.859999999999983	0.005833644015774379
2.869999999999983	0.005657684585960349
2.8799999999999826	0.005486395729679108
2.8899999999999824	0.0053196748808297676
2.899999999999982	0.005157421047204102
2.909999999999982	0.0049995348072541645
2.9199999999999817	0.004845918306147584
2.9299999999999815	0.004696475251086245
2.9399999999999813	0.004551110905925901
2.949999999999981	0.00440973208514515
2.959999999999981	0.0042722471471558585
2.9699999999999807	0.004138565986981925
2.9799999999999804	0.004008600028352661
2.9899999999999802	0.003882262215213707
2.99999999999998	0.003759467002671297
3.00999999999998	0.0036401303474199046
3.0199999999999796	0.0035241696976553967
3.0299999999999794	0.003411503982483552
3.039999999999979	0.0033020536008864267
3.049999999999979	0.003195740410224696
3.0599999999999787	0.0030924877143177418
3.0699999999999785	0.0029922202511260014
3.0799999999999783	0.0028948641800408226
3.089999999999978	0.00280034706881467
3.099999999999978	0.0027085978801450416
3.1099999999999777	0.002619546957934831
3.1199999999999775	0.0025331260132436875
3.1299999999999772	0.002449268109947251
3.139999999999977	0.0023679076501414613
3.149999999999977	0.00228898035928156
3.1599999999999766	0.0022124232710863017
3.1699999999999764	0.0021381747122346047
3.179999999999976	0.00206617428685536
3.189999999999976	0.001996362860828111
3.1999999999999758	0.0019286825459290243
3.2099999999999755	0.0018630766838163325
3.2199999999999753	0.0017994898298720062
3.229999999999975	0.0017378677369322443
3.239999999999975	0.0016781573389089337
3.2499999999999747	0.0016203067343016557
3.2599999999999745	0.0015642651696522508
3.2699999999999743	0.0015099830228997237
3.279999999999974	0.0014574117867712465
3.289999999999974	0.0014065040519567978
3.2999999999999736	0.001357213490433683
3.3099999999999734	0.0013094948386768268
3.319999999999973	0.0012633038808886816
3.329999999999973	0.0012185974322353526
3.3399999999999728	0.00117533332208088
3.3499999999999726	0.0011334703772496652
3.3599999999999723	0.0010929684054117675
3.369999999999972	0.0010537881783149999
3.379999999999972	0.0010158914152730996
3.3899999999999717	0.0009792407666138721
3.3999999999999715	0.0009437997972254762
3.4099999999999713	0.0009095329701706119
3.419999999999971	0.0008764056304031681
3.429999999999971	0.000844383988569073
3.4399999999999706	0.0008134351049128662
3.4499999999999704	0.0007835268732935627
3.45999999999997	0.0007546280053040212
3.46999999999997	0.000726708014573864
3.47999999999997	0.0006997372010742827
3.4899999999999696	0.0006736866356812743
3.4999999999999694	0.0006485281448169848
3.509999999999969	0.000624234295244808
3.519999999999969	0.0006007783790153639
3.5299999999999687	0.0005781343985428247
3.5399999999999685	0.0005562770519262924
3.5499999999999683	0.0005351817182686984
3.559999999999968	0.0005148244433177125
3.569999999999968	0.0004951819251963564
3.5799999999999677	0.0004762315003211732
3.5899999999999674	0.0004579511294929724
3.5999999999999672	0.0004403193841645644
3.609999999999967	0.0004233154328869856
3.619999999999967	0.00040691902793673273
3.6299999999999666	0.0003911104921237693
3.6399999999999664	0.0003758707057997364
3.649999999999966	0.00036118109401968437
3.659999999999966	0.00034702361392320997
3.6699999999999657	0.0003333807422921664
3.6799999999999655	0.0003202354632953476
3.6899999999999653	0.0003075712564316261
3.699999999999965	0.00029537208465541204
3.709999999999965	0.0002836223826997454
3.7199999999999647	0.00027230704559839117
3.7299999999999645	0.00026141141737713526
3.7399999999999642	0.0002509212799619612
3.749999999999964	0.00024082284226796056
3.759999999999964	0.0002311027294801881
3.7699999999999636	0.00022174797252935848
3.7799999999999634	0.00021274599775186973
3.789999999999963	0.00020408461675064767
3.799999999999963	0.0001957520164330899
3.8099999999999627	0.00018773674924416766
3.8199999999999625	0.00018002772358964968
3.8299999999999623	0.00017261419443798733
3.839999999999962	0.00016548575410869491
3.849999999999962	0.00015863232325608227
3.8599999999999617	0.0001520441420025686
3.8699999999999615	0.00014571176133414444
3.8799999999999613	0.00013962603453827438
3.889999999999961	0.00013377810893434885
3.899999999999961	0.00012815941779012986
3.9099999999999606	0.00012276167227703936
3.9199999999999604	0.00011757685375538375
3.92999999999996	0.00011259720612474426
3.93999999999996	0.00010781522840444543
3.9499999999999598	0.00010322366744647791
3.9599999999999596	0.00009881551080900632
3.9699999999999593	0.00009458397982689039
3.979999999999959	0.00009052252280998259
3.989999999999959	0.00008662480841000459
3.9999999999999587	0.00008288471914556372
4.009999999999959	0.00007929634507908826
4.019999999999959	0.0000758539776450814
4.0299999999999585	0.00007255210362621974
4.039999999999958	0.00006938539928059439
4.049999999999958	0.0000663487246088942
4.059999999999958	0.000063437117761148
4.069999999999958	0.00006064578959892624
4.079999999999957	0.00005797011837346908
4.089999999999957	0.000055405644551827895
4.099999999999957	0.00005294806577837102
4.109999999999957	0.00005059323195654984
4.119999999999957	0.000048337140466886164
4.129999999999956	0.00004617593150779468
4.139999999999956	0.000044105883561330565
4.149999999999956	0.00004212340897326512
4.159999999999956	0.000040225049668311126
4.1699999999999555	0.00003840747296458959
4.179999999999955	0.00003666746750484517
4.189999999999955	0.000035001939312306036
4.199999999999955	0.000033407907941920866
4.209999999999955	0.00003188250274692614
4.2199999999999545	0.000030422959241836663
4.229999999999954	0.000029026615588300562
4.239999999999954	0.000027690909150739946
4.249999999999954	0.00002641337317525755
4.259999999999954	0.00002519163356066639
4.269999999999953	0.000024023405711035744
4.279999999999953	0.000022906491491997092
4.289999999999953	0.000021838776278482318
4.299999999999953	0.00002081822607529562
4.3099999999999525	0.00001984288474353152
4.319999999999952	0.000018910871295530906
4.329999999999952	0.000018020377274305526
4.339999999999952	0.000017169664219589257
4.349999999999952	0.000016357061204064423
4.3599999999999515	0.00001558096244865186
4.369999999999951	0.000014839825011273527
4.379999999999951	0.00001413216654720807
4.389999999999951	0.000013456563141089781
4.399999999999951	0.000012811647204246045
4.40999999999995	0.00001219610544530498
4.41999999999995	0.000011608676898228275
4.42999999999995	0.000011048151005451363
4.43999999999995	0.000010513365797308325
4.4499999999999496	0.000010003206089773113
4.459999999999949	9.516601767688136e-6
4.469999999999949	9.052526097314336e-6
4.479999999999949	8.609994138154339e-6
4.489999999999949	8.188061164675093e-6
4.4999999999999485	7.785821163537458e-6
4.509999999999948	7.402405369046582e-6
4.519999999999948	7.0369808629836636e-6
4.529999999999948	6.6887492083128175e-6
4.539999999999948	6.356945132299193e-6
4.549999999999947	6.040835261965708e-6
4.559999999999947	5.7397168935949784e-6
4.569999999999947	5.452916811113218e-6
4.579999999999947	5.179790149463804e-6
4.589999999999947	4.919719263793919e-6
4.599999999999946	4.672112710253804e-6
4.609999999999946	4.436404191479997e-6
4.619999999999946	4.212051555148536e-6
4.629999999999946	3.998535874642266e-6
4.6399999999999455	3.795360500487945e-6
4.649999999999945	3.602050182602671e-6
4.659999999999945	3.418150219334265e-6
4.669999999999945	3.2432256149246077e-6
4.679999999999945	3.0768603093769746e-6
4.689999999999944	2.9186564014376927e-6
4.699999999999944	2.7682334047704193e-6
4.709999999999944	2.6252275512865605e-6
4.719999999999944	2.4892911031493286e-6
4.729999999999944	2.360091700766658e-6
4.739999999999943	2.237311706943161e-6
4.749999999999943	2.120647617681268e-6
4.759999999999943	2.009809483191065e-6
4.769999999999943	1.904520326820624e-6
4.7799999999999425	1.8045156106753452e-6
4.789999999999942	1.7095427055773316e-6
4.799999999999942	1.6193604065986084e-6
4.809999999999942	1.5337384329872011e-6
4.819999999999942	1.452456977756997e-6
4.8299999999999415	1.3753062511729566e-6
4.839999999999941	1.3020860624505388e-6
4.849999999999941	1.2326054063596e-6
4.859999999999941	1.1666820628581237e-6
4.869999999999941	1.1041422256948666e-6
4.87999999999994	1.0448201340635166e-6
4.88999999999994	9.885577234462799e-7
4.89999999999994	9.352042919280527e-7
4.90999999999994	8.846161761085226e-7
4.9199999999999395	8.366564446530059e-7
4.929999999999939	7.91194597993442e-7
4.939999999999939	7.481062870828506e-7
4.949999999999939	7.072730373984942e-7
4.959999999999939	6.685819991860709e-7
4.9699999999999385	6.319256883011073e-7
4.979999999999938	5.972017359602259e-7
4.989999999999938	5.643126735204203e-7
4.999999999999938	5.331657067582823e-7
5.009999999999938	5.036725046761206e-7
5.019999999999937	4.757489970337317e-7
5.029999999999937	4.493151803849513e-7
5.039999999999937	4.2429493244021826e-7
5.049999999999937	4.006158345240814e-7
5.0599999999999365	3.782090009990461e-7
5.069999999999936	3.570089214286131e-7
5.079999999999936	3.369532905467816e-7
5.089999999999936	3.1798286880411217e-7
5.099999999999936	3.000413485340302e-7
5.1099999999999355	2.8307520383398084e-7
5.119999999999935	2.670335646588675e-7
5.129999999999935	2.5186809217737786e-7
5.139999999999935	2.375328593535198e-7
5.149999999999935	2.2398423948224653e-7
5.159999999999934	2.1118078976952043e-7
5.169999999999934	1.9908315274695058e-7
5.179999999999934	1.8765396045820889e-7
5.189999999999934	1.768577274655852e-7
5.199999999999934	1.6666077971254763e-7
5.209999999999933	1.5703115635500652e-7
5.219999999999933	1.479385144772254e-7
5.229999999999933	1.3935406865901329e-7
5.239999999999933	1.31250509655108e-7
5.2499999999999325	1.2360193187633895e-7
5.259999999999932	1.1638376533409972e-7
5.269999999999932	1.09572710231606e-7
5.279999999999932	1.031466741223164e-7
5.289999999999932	9.708471262402324e-8