-5.759999999999922	9.639880484271409e-8
-5.749999999999922	1.0136235096459934e-7
-5.739999999999922	1.0657348847443982e-7
-5.729999999999922	1.1204412577674759e-7
-5.7199999999999225	1.1778675069027072e-7
-5.709999999999923	1.23814405022248e-7
-5.699999999999923	1.301407437012869e-7
-5.689999999999923	1.3678005121854666e-7
-5.679999999999923	1.4374726329468038e-7
-5.6699999999999235	1.510580051661631e-7
-5.659999999999924	1.5872861602234235e-7
-5.649999999999924	1.6677617848761137e-7
-5.639999999999924	1.7521855598009725e-7
-5.629999999999924	1.8407442226279616e-7
-5.619999999999925	1.9336330067172575e-7
-5.609999999999925	2.031055988872987e-7
-5.599999999999925	2.1332264663714646e-7
-5.589999999999925	2.2403673648204076e-7
-5.5799999999999255	2.352711648364895e-7
-5.569999999999926	2.470502725671926e-7
-5.559999999999926	2.5939949758262985e-7
-5.549999999999926	2.723454160168265e-7
-5.539999999999926	2.8591578622329945e-7
-5.5299999999999265	3.00139606808308e-7
-5.519999999999927	3.150471659453269e-7
-5.509999999999927	3.306700963746911e-7
-5.499999999999927	3.47041432056873e-7
-5.489999999999927	3.6419566811836206e-7
-5.479999999999928	3.821688211242099e-7
-5.469999999999928	4.009984936180664e-7
-5.459999999999928	4.2072393993524954e-7
-5.449999999999928	4.413861356914969e-7
-5.4399999999999284	4.630278478504178e-7
-5.429999999999929	4.856937142841316e-7
-5.419999999999929	5.094303126028312e-7
-5.409999999999929	5.342862504543473e-7
-5.399999999999929	5.603122403771105e-7
-5.3899999999999295	5.875611913584702e-7
-5.37999999999993	6.160882979619525e-7
-5.36999999999993	6.459511338410437e-7
-5.35999999999993	6.772097489907822e-7
-5.34999999999993	7.099267705150026e-7
-5.339999999999931	7.441675076856937e-7
-5.329999999999931	7.800000604586737e-7
-5.319999999999931	8.174954325266142e-7
-5.309999999999931	8.567276484438631e-7
-5.299999999999931	8.977738748303016e-7
-5.289999999999932	9.40714548242928e-7
-5.279999999999932	9.856335032609808e-7
-5.269999999999932	1.032618111482105e-6
-5.259999999999932	1.0817594195230327e-6
-5.2499999999999325	1.1331522970932072e-6
-5.239999999999933	1.1868955878013124e-6
-5.229999999999933	1.2430922664820523e-6
-5.219999999999933	1.301849602249885e-6
-5.209999999999933	1.3632793272938713e-6
-5.199999999999934	1.427497812065545e-6
-5.189999999999934	1.4946262470237888e-6
-5.179999999999934	1.564790830494387e-6
-5.169999999999934	1.6381229639888227e-6
-5.159999999999934	1.7147594539132545e-6
-5.149999999999935	1.7948427211582402e-6
-5.139999999999935	1.8785210180301185e-6
-5.129999999999935	1.965948652748246e-6
-5.119999999999935	2.0572862222948437e-6
-5.1099999999999355	2.152700855328802e-6
-5.099999999999936	2.252366453175231e-6
-5.089999999999936	2.356463964143353e-6
-5.079999999999936	2.4651816318655005e-6
-5.069999999999936	2.578715302306843e-6
-5.0599999999999365	2.6972686492262015e-6
-5.049999999999937	2.821053559656857e-6
-5.039999999999937	2.950290347308516e-6
-5.029999999999937	3.085208151618698e-6
-5.019999999999937	3.226045214357181e-6
-5.009999999999938	3.373049240072301e-6
-4.999999999999938	3.5264777434373408e-6
-4.989999999999938	3.6865984083616582e-6
-4.979999999999938	3.853689474370652e-6
-4.9699999999999385	4.028040113910107e-6
-4.959999999999939	4.20995083531253e-6
-4.949999999999939	4.3997339143509355e-6
-4.939999999999939	4.597713809184168e-6
-4.929999999999939	4.804227601926119e-6
-4.9199999999999395	5.019625466568269e-6
-4.90999999999994	5.244271142215304e-6
-4.89999999999994	5.478542412533299e-6
-4.88999999999994	5.72283162602055e-6
-4.87999999999994	5.977546208922814e-6
-4.869999999999941	6.243109207391988e-6
-4.859999999999941	6.519959845085381e-6
-4.849999999999941	6.808554102854386e-6
-4.839999999999941	7.109365301700396e-6
-4.8299999999999415	7.422884724139228e-6
-4.819999999999942	7.749622257766488e-6
-4.809999999999942	8.090107023006297e-6
-4.799999999999942	8.444888065410923e-6
-4.789999999999942	8.814535056620799e-6
-4.7799999999999425	9.199638993746406e-6
-4.769999999999943	9.600812949373991e-6
-4.759999999999943	0.000010018692838314479
-4.749999999999943	0.000010453938201740507
-4.739999999999943	0.000010907233018945711
-4.729999999999944	0.000011379286538492122
-4.719999999999944	0.000011870834158057627
-4.709999999999944	0.000012382638298176287
-4.699999999999944	0.000012915489327965292
-4.689999999999944	0.000013470206514962007
-4.679999999999945	0.000014047638968236413
-4.669999999999945	0.000014648666688198624
-4.659999999999945	0.000015274201569715817
-4.649999999999945	0.000015925188469099577
-4.6399999999999455	0.000016602606314418314
-4.629999999999946	0.00001730746921900781
-4.619999999999946	0.000018040827651129103
-4.609999999999946	0.00001880376963267591
-4.599999999999946	0.000019597421966985637
-4.589999999999947	0.00002042295150496446
-4.579999999999947	0.00002128156645900477
-4.569999999999947	0.00002217451773603475
-4.559999999999947	0.00002310310032142189
-4.549999999999947	0.000024068654702052538
-4.539999999999948	0.00002507256833359797
-4.529999999999948	0.00002611627711818687
-4.519999999999948	0.00002720126698228841
-4.509999999999948	0.000028329075450061993
-4.4999999999999485	0.000029501293273398162
-4.489999999999949	0.00003071956612004214
-4.479999999999949	0.000031985596289831666
-4.469999999999949	0.00003330114449446275
-4.459999999999949	0.00003466803167734511
-4.4499999999999496	0.00003608814088548446
-4.43999999999995	0.00003756341919109061
-4.42999999999995	0.000039095879661847376
-4.41999999999995	0.00004068760339889621
-4.40999999999995	0.0000423407416071185
-4.399999999999951	0.0000440575177339586
-4.389999999999951	0.0000458402296741594
-4.379999999999951	0.000047691252002350276
-4.369999999999951	0.000049613038294578785
-4.3599999999999515	0.00005160812349963157
-4.349999999999952	0.00005367912636392592
-4.339999999999952	0.000055828751923321264
-4.329999999999952	0.000058059794073592424
-4.319999999999952	0.00006037513817805342
-4.3099999999999525	0.00006277776376340963
-4.299999999999953	0.00006527074727626359
-4.289999999999953	0.00006785726490486151
-4.279999999999953	0.00007054059547428934
-4.269999999999953	0.00007332412341629581
-4.259999999999954	0.00007621134180684425
-4.249999999999954	0.00007920585547604409
-4.239999999999954	0.00008231138419826701
-4.229999999999954	0.0000855317659624808
-4.2199999999999545	0.00008887096030173944
-4.209999999999955	0.00009233305172627234
-4.199999999999955	0.00009592225322780984
-4.189999999999955	0.00009964290985069014
-4.179999999999955	0.00010349950237082451
-4.1699999999999555	0.0001074966510516225
-4.159999999999956	0.00011163911946627438
-4.149999999999956	0.00011593181843678961
-4.139999999999956	0.00012037981004650968
-4.129999999999956	0.0001249883117327729
-4.119999999999957	0.0001297627004983951
-4.109999999999957	0.00013470851719255044
-4.099999999999957	0.00013983147088319041
-4.089999999999957	0.00014513744334640558
-4.079999999999957	0.00015063249364151652
-4.069999999999958	0.00015632286276934956
-4.059999999999958	0.00016221497845536704
-4.049999999999958	0.00016831545999662487
-4.039999999999958	0.0001746311232706007
-4.0299999999999585	0.00018116898577770493
-4.019999999999959	0.0001879362718474337
-4.009999999999959	0.00019494041788106344
-3.9999999999999587	0.00020218907778799173
-3.989999999999959	0.0002096901284576371
-3.979999999999959	0.00021745167537162656
-3.9699999999999593	0.00022548205831113006
-3.9599999999999596	0.00023378985720056008
-3.9499999999999598	0.00024238389803074323
-3.93999999999996	0.00025127325891683854
-3.92999999999996	0.0002604672762599369
-3.9199999999999604	0.0002699755510355637
-3.9099999999999606	0.00027980795517180154
-3.899999999999961	0.00028997463807541886
-3.889999999999961	0.0003004860332605774
-3.8799999999999613	0.0003113528650830816
-3.8699999999999615	0.00032258615561692677
-3.8599999999999617	0.0003341972316424137
-3.849999999999962	0.0003461977317364081
-3.839999999999962	0.0003585996135094434
-3.8299999999999623	0.0003714151609542156
-3.8199999999999625	0.0003846569919000235
-3.8099999999999627	0.0003983380656176431
-3.799999999999963	0.0004124716905250098
-3.789999999999963	0.00042707153202065947
-3.7799999999999634	0.00044215162044057506
-3.7699999999999636	0.00045772635914915333
-3.759999999999964	0.00047381053272675
-3.749999999999964	0.0004904193152964125
-3.7399999999999642	0.0005075682789969887
-3.7299999999999645	0.0005252734025188857
-3.7199999999999647	0.00054355107981276
-3.709999999999965	0.0005624181289123082
-3.699999999999965	0.000581891800858743
-3.6899999999999653	0.0006019897887573947
-3.6799999999999655	0.0006227302369589596
-3.6699999999999657	0.0006441317503581497
-3.659999999999966	0.00066621340378512
-3.649999999999966	0.0006889947515829943
-3.6399999999999664	0.0007124958372048805
-3.6299999999999666	0.0007367372030024203
-3.619999999999967	0.0007617399000967428
-3.609999999999967	0.00078752549837394
-3.5999999999999672	0.0008141160965664449
-3.5899999999999674	0.0008415343324771013
-3.5799999999999677	0.0008698033932977753
-3.569999999999968	0.0008989470259872224
-3.559999999999968	0.0009289895478533855
-3.5499999999999683	0.0009599558571445082
-3.5399999999999685	0.0009918714437657857
-3.5299999999999687	0.0010247624001065018
-3.519999999999969	0.0010586554319614884
-3.509999999999969	0.001093577869483676
-3.4999999999999694	0.0011295576783286578
-3.4899999999999696	0.001166623470800292
-3.47999999999997	0.0012048045170937412
-3.46999999999997	0.0012441307566298193
-3.45999999999997	0.0012846328094654367
-3.4499999999999704	0.001326341987748393
-3.4399999999999706	0.0013692903072590897
-3.429999999999971	0.0014135104990105512
-3.419999999999971	0.0014590360208985673
-3.4099999999999713	0.001505901069387316
-3.3999999999999715	0.0015541405913283405
-3.3899999999999717	0.001603790295663912
-3.379999999999972	0.0016548866653108192
-3.369999999999972	0.0017074669690188892
-3.3599999999999723	0.0017615692732536466
-3.3499999999999726	0.001817232454096456
-3.3399999999999728	0.0018744962091752717
-3.329999999999973	0.0019334010696301415
-3.319999999999973	0.0019939884119685647
-3.3099999999999734	0.002056300470054737
-3.2999999999999736	0.0021203803470064442
-3.289999999999974	0.0021862720270808948
-3.279999999999974	0.0022540203875588624
-3.2699999999999743	0.0023236712105730384
-3.2599999999999745	0.0023952711948972017
-3.2499999999999747	0.00246886796769778
-3.239999999999975	0.0025445100962175633
-3.229999999999975	0.002622247099388463
-3.2199999999999753	0.0027021294593806804
-3.2099999999999755	0.0027842086330680392
-3.1999999999999758	0.00286853706337723
-3.189999999999976	0.0029551681905707686
-3.179999999999976	0.003044156463388955
-3.1699999999999764	0.0031355573500802115
-3.1599999999999766	0.003229427349298053
-3.149999999999977	0.003325824000866347
-3.139999999999977	0.0034248058963650993
-3.1299999999999772	0.0035264326895776874
-3.1199999999999775	0.0036307651067554406
-3.1099999999999777	0.0037378649566940044
-3.099999999999978	0.003847795140603339
-3.089999999999978	0.003960619661798907
-3.0799999999999783	0.004076403635132922
-3.0699999999999785	0.004195213296209901
-3.0599999999999787	0.004317116010372154
-3.049999999999979	0.004442180281398103
-3.039999999999979	0.004570475759937466
-3.0299999999999794	0.00470207325168622
-3.0199999999999796	0.004837044725228926
-3.00999999999998	0.004975463319585277
-2.99999999999998	0.005117403351444953
-2.9899999999999802	0.0052629403220428245
-2.9799999999999804	0.005412150923680434
-2.9699999999999807	0.005565113045906515
-2.959999999999981	0.005721905781292668
-2.949999999999981	0.005882609430806531
-2.9399999999999813	0.006047305508804434
-2.9299999999999815	0.00621607674757257
-2.9199999999999817	0.0063890071014291085
-2.909999999999982	0.0065661817503771544
-2.899999999999982	0.006747687103291341
-2.8899999999999824	0.006933610800590008
-2.8799999999999826	0.007124041716428988
-2.869999999999983	0.007319069960393218
-2.859999999999983	0.007518786878585695
-2.849999999999983	0.007723285054227278
-2.8399999999999834	0.007932658307681986
-2.8299999999999836	0.0081470016958561
-2.819999999999984	0.008366411511043467
-2.809999999999984	0.008590985279130716
-2.7999999999999843	0.008820821757170201
-2.7899999999999845	0.00905602093029556
-2.7799999999999847	0.009296684007999968
-2.769999999999985	0.00954291341968757
-2.759999999999985	0.009794812809545536
-2.7499999999999853	0.010052487030730231
-2.7399999999999856	0.01031604213874112
-2.7299999999999858	0.010585585384109789
-2.719999999999986	0.010861225204310928
-2.709999999999986	0.01114307121486505
-2.6999999999999864	0.011431234199648825
-2.6899999999999866	0.011725826100410326
-2.679999999999987	0.012026960005419564
-2.669999999999987	0.012334750137271156
-2.6599999999999873	0.01264931183984909
-2.6499999999999875	0.012970761564380344
-2.6399999999999877	0.013299216854585903
-2.629999999999988	0.013634796330947396
-2.619999999999988	0.01397761967401687
-2.6099999999999883	0.014327807606782969
-2.5999999999999885	0.014685481876084662
-2.5899999999999888	0.01505076523305295
-2.579999999999989	0.015423781412532134
-2.569999999999989	0.01580465511153554
-2.5599999999999894	0.016193511966662584
-2.5499999999999896	0.016590478530464095
-2.53999999999999	0.016995682246791908
-2.52999999999999	0.01740925142508129
-2.5199999999999902	0.017831315213529493
-2.5099999999999905	0.018262003571218443
-2.4999999999999907	0.018701447239149654
-2.489999999999991	0.019149777710122884
-2.479999999999991	0.019607127197540743
-2.4699999999999913	0.020073628603055865
-2.4599999999999915	0.02054941548307436
-2.4499999999999917	0.02103462201411907
-2.439999999999992	0.021529382957030052
-2.429999999999992	0.02203383361998057
-2.4199999999999924	0.02254810982031916
-2.4099999999999926	0.023072347845248708
-2.399999999999993	0.023606684411274878
-2.389999999999993	0.024151256622467664
-2.3799999999999932	0.024706201927541135
-2.3699999999999934	0.025271658075687823
-2.3599999999999937	0.02584776307120274
-2.349999999999994	0.026434655126914487
-2.339999999999994	0.027032472616368427
-2.3299999999999943	0.027641354024779637
-2.3199999999999945	0.028261437898792163
-2.3099999999999947	0.02889286279498259
-2.299999999999995	0.029535767227135787
-2.289999999999995	0.030190289612312775
-2.2799999999999954	0.030856568215689426
-2.2699999999999956	0.03153474109414534
-2.259999999999996	0.03222494603866521
-2.249999999999996	0.03292732051556479
-2.239999999999996	0.03364200160636946
-2.2299999999999964	0.034369125946643014
-2.2199999999999966	0.03510882966355294
-2.209999999999997	0.035861248312226576
-2.199999999999997	0.03662651681097646
-2.1899999999999973	0.03740476937533366
-2.1799999999999975	0.03819613945091087
-2.1699999999999977	0.03900075964514262
-2.159999999999998	0.03981876165789762
-2.149999999999998	0.04065027621093847
-2.1399999999999983	0.04149543297630767
-2.1299999999999986	0.042354360503637244
-2.1199999999999988	0.04322718614633679
-2.109999999999999	0.04411403598682151
-2.099999999999999	0.04501503476059911
-2.0899999999999994	0.04593030577943649
-2.0799999999999996	0.04685997085348752
-2.07	0.047804150212509514
-2.06	0.04876296242606971
-2.0500000000000003	0.049736524322883155
-2.0400000000000005	0.05072495090926183
-2.0300000000000007	0.05172835528669651
-2.020000000000001	0.052746848568584574
-2.010000000000001	0.05378053979620885
-2.0000000000000013	0.05482953585390433
-1.9900000000000015	0.055893941383494586
-1.9800000000000015	0.056973858698042903
-1.9700000000000015	0.05806938769493365
-1.9600000000000015	0.05918062576828738
-1.9500000000000015	0.06030766772083792
-1.9400000000000015	0.061450605675214584
-1.9300000000000015	0.06260952898471021
-1.9200000000000015	0.06378452414359666
-1.9100000000000015	0.06497567469699979
-1.9000000000000015	0.06618306115035848
-1.8900000000000015	0.06740676087857744
-1.8800000000000014	0.06864684803487067
-1.8700000000000014	0.0699033934593227
-1.8600000000000014	0.0711764645872835
-1.8500000000000014	0.0724661253576037
-1.8400000000000014	0.07377243612073113
-1.8300000000000014	0.07509545354678093
-1.8200000000000014	0.07643523053361574
-1.8100000000000014	0.07779181611493256
-1.8000000000000014	0.07916525536849058
-1.7900000000000014	0.0805555893244954
-1.7800000000000014	0.08196285487418549
-1.7700000000000014	0.08338708467869829
-1.7600000000000013	0.08482830707828368
-1.7500000000000013	0.08628654600187957
-1.7400000000000013	0.08776182087714972
-1.7300000000000013	0.08925414654105254
-1.7200000000000013	0.09076353315095459
-1.7100000000000013	0.09228998609637508
-1.7000000000000013	0.09383350591147192
-1.6900000000000013	0.0953940881882453
-1.6800000000000013	0.09697172349056617
-1.6700000000000013	0.09856639726913649
-1.6600000000000013	0.10017808977737136
-1.6500000000000012	0.10180677598829363
-1.6400000000000012	0.10345242551256066
-1.6300000000000012	0.1051150025176202
-1.6200000000000012	0.10679446564807041
-1.6100000000000012	0.10849076794735775
-1.6000000000000012	0.11020385678081142
-1.5900000000000012	0.11193367376008101
-1.5800000000000012	0.11368015466911843
-1.5700000000000012	0.11544322939171095
-1.5600000000000012	0.11722282184061411
-1.5500000000000012	0.11901884988843811
-1.5400000000000011	0.12083122530030019
-1.5300000000000011	0.12265985366828396
-1.5200000000000011	0.12450463434784534
-1.5100000000000011	0.1263654603962097
-1.500000000000001	0.12824221851277215
-1.490000000000001	0.13013478898165842
-1.480000000000001	0.13204304561647293
-1.470000000000001	0.13396685570727654
-1.460000000000001	0.1359060799698965
-1.450000000000001	0.13786057249766276
-1.440000000000001	0.13983018071554137
-1.430000000000001	0.14181474533682142
-1.420000000000001	0.14381410032241793
-1.410000000000001	0.1458280728427778
-1.400000000000001	0.14785648324251713
-1.390000000000001	0.14989914500787885
-1.380000000000001	0.15195586473698258
-1.370000000000001	0.15402644211298844
-1.360000000000001	0.15611066988025835
-1.350000000000001	0.15820833382350488
-1.340000000000001	0.16031921275001418
-1.330000000000001	0.16244307847505685
-1.320000000000001	0.16457969581044918
-1.310000000000001	0.16672882255635268
-1.300000000000001	0.1688902094964249
-1.290000000000001	0.17106360039628965
-1.280000000000001	0.17324873200537905
-1.270000000000001	0.17544533406228652
-1.260000000000001	0.17765312930358926
-1.2500000000000009	0.17987183347617722
-1.2400000000000009	0.1821011553532213
-1.2300000000000009	0.1843407967537505
-1.2200000000000009	0.1865904525658577
-1.2100000000000009	0.18884981077365176
-1.2000000000000008	0.19111855248794388
-1.1900000000000008	0.19339635198065705
-1.1800000000000008	0.19568287672308698
-1.1700000000000008	0.19797778742799887
-1.1600000000000008	0.20028073809552394
-1.1500000000000008	0.2025913760629856
-1.1400000000000008	0.20490934205864567
-1.1300000000000008	0.2072342702593149
-1.1200000000000008	0.20956578835193568
-1.1100000000000008	0.2119035175991572
-1.1000000000000008	0.21424707290881342
-1.0900000000000007	0.21659606290740677
-1.0800000000000007	0.2189500900176175
-1.0700000000000007	0.22130875053973986
-1.0600000000000007	0.2236716347371296
-1.0500000000000007	0.22603832692568926
-1.0400000000000007	0.22840840556727865
-1.0300000000000007	0.2307814433671139
-1.0200000000000007	0.23315700737519982
-1.0100000000000007	0.23553465909166313
-1.0000000000000007	0.23791395457602013
-0.9900000000000007	0.24029444456044494
-0.9800000000000006	0.2426756745668897
-0.9700000000000006	0.24505718502806853
-0.9600000000000006	0.24743851141236345
-0.9500000000000006	0.24981918435252481
-0.9400000000000006	0.25219872977812846
-0.9300000000000006	0.2545766690518678
-0.9200000000000006	0.2569525191095298
-0.9100000000000006	0.25932579260361766
-0.9000000000000006	0.26169599805066646
-0.8900000000000006	0.2640626399821406
-0.8800000000000006	0.26642521910016487
-0.8700000000000006	0.2687832324299057
-0.8600000000000005	0.2711361734893679
-0.8500000000000005	0.27348353244833074
-0.8400000000000005	0.27582479629781226
-0.8300000000000005	0.27815944902135253
-0.8200000000000005	0.28048697176937304
-0.8100000000000005	0.28280684303670356
-0.8000000000000005	0.28511853884316546
-0.7900000000000005	0.28742153291701406
-0.7800000000000005	0.28971529688130443
-0.7700000000000005	0.2919993004431013
-0.7600000000000005	0.29427301158527963
-0.7500000000000004	0.2965358967609879
-0.7400000000000004	0.2987874210907144
-0.7300000000000004	0.3010270485616642
-0.7200000000000004	0.303254242229485
-0.7100000000000004	0.3054684644223444
-0.7000000000000004	0.30766917694703166
-0.6900000000000004	0.30985584129711236
-0.6800000000000004	0.31202791886309533
-0.6700000000000004	0.3141848711442981
-0.6600000000000004	0.31632615996248575
-0.6500000000000004	0.3184512476770731
-0.6400000000000003	0.3205595974019997
-0.6300000000000003	0.32265067322360963
-0.6200000000000003	0.32472394042013175
-0.6100000000000003	0.3267788656820646
-0.6000000000000003	0.32881491733366985
-0.5900000000000003	0.33083156555539894
-0.5800000000000003	0.33282828260694636
-0.5700000000000003	0.3348045430509991
-0.5600000000000003	0.3367598239775607
-0.5500000000000003	0.33869360522854064
-0.5400000000000003	0.34060536962262816
-0.5300000000000002	0.34249460318033775
-0.5200000000000002	0.3443607953489565
-0.5100000000000002	0.3462034392273421
-0.5000000000000002	0.348022031790513
-0.49000000000000027	0.34981607411373444
-0.48000000000000026	0.3515850715960384
-0.47000000000000025	0.35332853418313337
-0.46000000000000024	0.3550459765894098
-0.45000000000000023	0.3567369185189506
-0.4400000000000002	0.35840088488551414
-0.4300000000000002	0.3600374060312239
-0.4200000000000002	0.3616460179438329
-0.4100000000000002	0.36322626247254036
-0.4000000000000002	0.36477768754211354
-0.3900000000000002	0.36629984736517907
-0.38000000000000017	0.3677923026526235
-0.37000000000000016	0.3692546208219204
-0.36000000000000015	0.37068637620318573
-0.35000000000000014	0.3720871502429588
-0.34000000000000014	0.37345653170549464
-0.3300000000000001	0.37479411687138625
-0.3200000000000001	0.3760995097334968
-0.3100000000000001	0.3773723221900286
-0.3000000000000001	0.3786121742345165
-0.2900000000000001	0.37981869414273495
-0.2800000000000001	0.38099151865629255
-0.2700000000000001	0.38213029316312486
-0.26000000000000006	0.38323467187381616
-0.25000000000000006	0.38430431799500847
-0.24000000000000007	0.3853389038986623
-0.23000000000000007	0.386338111287523
-0.22000000000000006	0.3873016313566525
-0.21000000000000005	0.3882291649507936
-0.20000000000000004	0.3891204227175394
-0.19000000000000003	0.38997512525623196
-0.18000000000000002	0.39079300326237604
-0.17	0.3915737976675291
-0.16	0.39231725977461196
-0.15	0.39302315138844285
-0.13999999999999999	0.3936912449414483
-0.12999999999999998	0.3943213236144966
-0.11999999999999998	0.39491318145270393
-0.10999999999999999	0.3954666234761281
-0.09999999999999999	0.39598146578534504
-0.09	0.3964575356617454
-0.08	0.3968946716624801
-0.07	0.3972927237100626
-0.060000000000000005	0.3976515531764799
-0.05	0.3979710329617422
-0.04	0.398251047566886
-0.03	0.3984914931613246
-0.02	0.39869227764444887
-0.01	0.3988533207015221
0	0.39897455385377784
0.01	0.3990559205026355
0.02	0.3990973759680644
0.03	0.39909888752106026
0.04	0.3990604344101203
0.05	0.3989820078817905
0.060000000000000005	0.39886361119524044
0.07	0.3987052596307801
0.08	0.3985069804923857
0.09	0.3982688131042248
0.09999999999999999	0.39799080880109244
0.10999999999999999	0.3976730309128405
0.11999999999999998	0.3973155547427948
0.12999999999999998	0.39691846754012683
0.13999999999999999	0.3964818684662026
0.15	0.39600586855499026
0.16	0.3954905906674467
0.17	0.39493616943996246
0.18000000000000002	0.39434275122692186
0.19000000000000003	0.3937104940373478
0.20000000000000004	0.3930395674656878
0.21000000000000005	0.3923301526168389
0.22000000000000006	0.39158244202538445
0.23000000000000007	0.3907966395691002
0.24000000000000007	0.38997296037685014
0.25000000000000006	0.38911163073086363
0.26000000000000006	0.388212887963447
0.2700000000000001	0.3872769803482685
0.2800000000000001	0.3863041669862283
0.2900000000000001	0.38529471768597107
0.3000000000000001	0.3842489128391816
0.3100000000000001	0.38316704329071116
0.3200000000000001	0.3820494102035806
0.3300000000000001	0.38089632491901
0.34000000000000014	0.3797081088115601
0.35000000000000014	0.37848509313940837
0.36000000000000015	0.3772276188899432
0.37000000000000016	0.3759360366207603
0.38000000000000017	0.37461070629610216
0.3900000000000002	0.37325199711891777
0.4000000000000002	0.37186028735865556
0.4100000000000002	0.3704359641748205
0.4200000000000002	0.36897942343650925
0.4300000000000002	0.3674910695379863
0.4400000000000002	0.36597131521043164
0.45000000000000023	0.36442058132997696
0.46000000000000024	0.36283929672219983
0.47000000000000025	0.36122789796313376
0.48000000000000026	0.35958682917700296
0.49000000000000027	0.35791654183060073
0.5000000000000002	0.3562174945249908
0.5100000000000002	0.3544901527838777
0.5200000000000002	0.3527349888394419
0.5300000000000002	0.35095248141546614
0.5400000000000003	0.3491431155079517
0.5500000000000003	0.3473073821634103
0.5600000000000003	0.3454457782549265
0.5700000000000003	0.3435588062561291
0.5800000000000003	0.3416469740132709
0.5900000000000003	0.3397107945155212
0.6000000000000003	0.3377507856635982
0.6100000000000003	0.33576747003695356
0.6200000000000003	0.3337613746596135
0.6300000000000003	0.33173303076480204
0.6400000000000003	0.3296829735585501
0.6500000000000004	0.32761174198242593
0.6600000000000004	0.3255198784754757
0.6700000000000004	0.32340792873560964
0.6800000000000004	0.32127644148053647
0.6900000000000004	0.3191259682083805
0.7000000000000004	0.31695706295815634
0.7100000000000004	0.31477028207026153
0.7200000000000004	0.31256618394707025
0.7300000000000004	0.31034532881383875
0.7400000000000004	0.3081082784800489
0.7500000000000004	0.3058555961013052
0.7600000000000005	0.30358784594195126
0.7700000000000005	0.30130559313857225
0.7800000000000005	0.29900940346445926
0.7900000000000005	0.29669984309521363
0.8000000000000005	0.29437747837565115
0.8100000000000005	0.2920428755880836
0.8200000000000005	0.289696600722133
0.8300000000000005	0.2873392192462502
0.8400000000000005	0.2849712958810074
0.8500000000000005	0.2825933943743053
0.8600000000000005	0.2802060772786662
0.8700000000000006	0.2778099057306756
0.8800000000000006	0.2754054392327069
0.8900000000000006	0.27299323543708354
0.9000000000000006	0.27057384993276035
0.9100000000000006	0.2681478360346127
0.9200000000000006	0.2657157445755242
0.9300000000000006	0.26327812370129217
0.9400000000000006	0.26083551866850346
0.9500000000000006	0.25838847164547446
0.9600000000000006	0.2559375215163619
0.9700000000000006	0.25348320368849625
0.9800000000000006	0.2510260499030959
0.9900000000000007	0.2485665880494085
1.0000000000000007	0.24610534198237147
1.0100000000000007	0.24364283134387554
1.0200000000000007	0.24117957138774015
1.0300000000000007	0.23871607280807608
1.0400000000000007	0.23625284157320245
1.0500000000000007	0.23379037876009454
1.0600000000000007	0.23132918039615266
1.0700000000000007	0.22886973730333474
1.0800000000000007	0.22641253494674515
1.0900000000000007	0.2239580532873369
1.1000000000000008	0.22150676663883248
1.1100000000000008	0.2190591435289179
1.1200000000000008	0.21661564656470936
1.1300000000000008	0.21417673230256262
1.1400000000000008	0.21174285112228794
1.1500000000000008	0.20931444710576058
1.1600000000000008	0.20689195791996778
1.1700000000000008	0.20447581470456522
1.1800000000000008	0.20206644196391055
1.1900000000000008	0.19966425746360647
1.2000000000000008	0.1972696721316167
1.2100000000000009	0.1948830899639165
1.2200000000000009	0.1925049079346924
1.2300000000000009	0.19013551591115033
1.2400000000000009	0.18777529657257178
1.2500000000000009	0.1854246253354681
1.260000000000001	0.18308387028025974
1.270000000000001	0.18075339208560973
1.280000000000001	0.17843354396573913
1.290000000000001	0.1761246716126339
1.300000000000001	0.17382711314277013
1.310000000000001	0.1715411990483547
1.320000000000001	0.1692672521530505
1.330000000000001	0.16700558757219966
1.340000000000001	0.16475651267744618
1.350000000000001	0.16252032706579694
1.360000000000001	0.16029732253306428
1.370000000000001	0.1580877830516276
1.380000000000001	0.15589198475250973
1.390000000000001	0.15371019591173252
1.400000000000001	0.1515426769408613
1.410000000000001	0.14938968038173392
1.420000000000001	0.1472514509053308
1.430000000000001	0.1451282253146825
1.440000000000001	0.14302023255182272
1.450000000000001	0.1409276937086975
1.460000000000001	0.13885082204197902
1.470000000000001	0.13678982299171066
1.480000000000001	0.13474489420376778
1.490000000000001	0.1327162255560109
1.500000000000001	0.13070399918809422
1.5100000000000011	0.12870838953487562
1.5200000000000011	0.1267295633633357
1.5300000000000011	0.12476767981292956
1.5400000000000011	0.12282289043933702
1.5500000000000012	0.12089533926149999
1.5600000000000012	0.11898516281188051
1.5700000000000012	0.117092490189868
1.5800000000000012	0.11521744311827947
1.5900000000000012	0.11336013600280566
1.6000000000000012	0.11152067599441523
1.6100000000000012	0.10969916305456459
1.6200000000000012	0.10789569002316243
1.6300000000000012	0.10611034268919203
1.6400000000000012	0.10434319986394328
1.6500000000000012	0.10259433345670703
1.6600000000000013	0.10086380855290746
1.6700000000000013	0.0991516834945628
1.6800000000000013	0.09745800996297874
1.6900000000000013	0.09578283306360495
1.7000000000000013	0.09412619141297236
1.7100000000000013	0.09248811722759931
1.7200000000000013	0.09086863641480132
1.7300000000000013	0.08926776866533273
1.7400000000000013	0.08768552754772672
1.7500000000000013	0.08612192060428138
1.7600000000000013	0.0845769494486232
1.7700000000000014	0.08305060986469433
1.7800000000000014	0.08154289190717029
1.7900000000000014	0.08005378000314073
1.8000000000000014	0.07858325305501483
1.8100000000000014	0.07713128454454761
1.8200000000000014	0.07569784263791735
1.8300000000000014	0.07428289029176646
1.8400000000000014	0.07288638536009967
1.8500000000000014	0.07150828070200717
1.8600000000000014	0.07014852429008997
1.8700000000000014	0.06880705931951273
1.8800000000000014	0.0674838243176219
1.8900000000000015	0.06617875325406103
1.9000000000000015	0.06489177565122792
1.9100000000000015	0.06362281669513636
1.9200000000000015	0.06237179734647144
1.9300000000000015	0.061138634451829536
1.9400000000000015	0.059923240855081876
1.9500000000000015	0.05872552550875072
1.9600000000000015	0.057545393585354
1.9700000000000015	0.05638274658864173
1.9800000000000015	0.05523748246466304
1.9900000000000015	0.054109495712573265
2.0000000000000013	0.0529986774951616
2.010000000000001	0.05190491574898894
2.020000000000001	0.050828095294100574
2.0300000000000007	0.04976809794324798
2.0400000000000005	0.04872480261055753
2.0500000000000003	0.047698085419591515
2.06	0.04668781981074343
2.07	0.04569387664791786
2.0799999999999996	0.044716124324429674
2.0899999999999994	0.04375442886809193
2.099999999999999	0.04280865404542208
2.109999999999999	0.04187866146493216
2.1199999999999988	0.04096431067944673
2.1299999999999986	0.04006545928741464
2.1399999999999983	0.03918196303318136
2.149999999999998	0.03831367590607815
2.159999999999998	0.03746045023853657
2.1699999999999977	0.03662213680287975
2.1799999999999975	0.03579858490696178
2.1899999999999973	0.0349896424885623
2.199999999999997	0.034195156208496454
2.209999999999997	0.03341497154240331
2.2199999999999966	0.03264893287120859
2.2299999999999964	0.03189688357021137
2.239999999999996	0.031158666096761434
2.249999999999996	0.03043412207653698
2.259999999999996	0.02972309238836077
2.2699999999999956	0.029025417247550013
2.2799999999999954	0.028340936287779565
2.289999999999995	0.027669488641460356
2.299999999999995	0.027010913018507214
2.3099999999999947	0.026365047783706807
2.3199999999999945	0.02573173103240632
2.3299999999999943	0.025110800664687124
2.339999999999994	0.02450209445794999
2.349999999999994	0.023905450137907725
2.3599999999999937	0.023320705447984147
2.3699999999999934	0.022747698217093073
2.3799999999999932	0.022186266425820122
2.389999999999993	0.021636248270979406
2.399999999999993	0.021097482228540954
2.4099999999999926	0.020569807114951436
2.4199999999999924	0.020053062146818523
2.429999999999992	0.01954708699897197
2.439999999999992	0.01905172186090784
2.4499999999999917	0.01856680749160751
2.4599999999999915	0.018092185272742253
2.4699999999999913	0.017627697260266462
2.479999999999991	0.01717318623440666
2.489999999999991	0.01672849574804687
2.4999999999999907	0.016293470173531364
2.5099999999999905	0.015867954747879734
2.5199999999999902	0.015451795616432649
2.52999999999999	0.015044839874935375
2.53999999999999	0.014646935610080725
2.5499999999999896	0.014257931938494374
2.5599999999999894	0.013877679044224617
2.569999999999989	0.013506028214705278
2.579999999999989	0.013142831875226649
2.5899999999999888	0.012787943621936457
2.5999999999999885	0.012441218253369399
2.6099999999999883	0.012102511800542727
2.619999999999988	0.011771681555614434
2.629999999999988	0.011448586099127701
2.6399999999999877	0.01113308532589849
2.6499999999999875	0.01082504046949392
2.6599999999999873	0.010524314125378562
2.669999999999987	0.010230770272738474
2.679999999999987	0.009944274294960014
2.6899999999999866	0.009664692998884663
2.6999999999999864	0.009391894632739492
2.709999999999986	0.009125748902846278
2.719999999999986	0.008866126989119663
2.7299999999999858	0.008612901559348298
2.7399999999999856	0.008365946782306498
2.7499999999999853	0.008125138339727507
2.759999999999985	0.007890353437125715
2.769999999999985	0.007661470813530526
2.7799999999999847	0.007438370750133244
2.7899999999999845	0.007220935077879123
2.7999999999999843	0.0070090471840198116
2.809999999999984	0.006802592017675846
2.819999999999984	0.006601456094390543
2.8299999999999836	0.0064055274997428975
2.8399999999999834	0.006214695892019067
2.849999999999983	0.00602885250397361
2.859999999999983	0.005847890143705277
2.869999999999983	0.005671703194671388
2.8799999999999826	0.005500187614865913
2.8899999999999824	0.005333240935181262
2.899999999999982	0.005170762256992513
2.909999999999982	0.005012652248960108
2.9199999999999817	0.004858813143108319
2.9299999999999815	0.00470914873017967
2.9399999999999813	0.004563564354299004
2.949999999999981	0.004421966906968067
2.959999999999981	0.004284264820416265
2.9699999999999807	0.004150368060325779
2.9799999999999804	0.004020188117964154
2.9899999999999802	0.0038936380017302445
2.99999999999998	0.003770632228158369
3.00999999999998	0.0036510868123810084
3.0199999999999796	0.003534919258083798
3.0299999999999794	0.003422048546982583
3.039999999999979	0.0033123951278183675
3.049999999999979	0.003205880904914601
3.0599999999999787	0.003102429226318741
3.0699999999999785	0.0030019648715222435
3.0799999999999783	0.0029044140388102204
3.089999999999978	0.0028097043322436043
3.099999999999978	0.00271776474829857
3.1099999999999777	0.0026285256621744377
3.1199999999999775	0.0025419188138020854
3.1299999999999772	0.0024578772935710458
3.139999999999977	0.002376335527767759
3.149999999999977	0.002297229263780655
3.1599999999999766	0.002220495555063028
3.1699999999999764	0.002146072745880171
3.179999999999976	0.002073900455852018
3.189999999999976	0.0020039195643243276
3.1999999999999758	0.0019360721945542202
3.2099999999999755	0.0018703016977526872
3.2199999999999753	0.001806552636994837
3.229999999999975	0.0017447707709940796
3.239999999999975	0.001684903037775816
3.2499999999999747	0.0016268975382625304
3.2599999999999745	0.0015707035197606604
3.2699999999999743	0.0015162713594121797
3.279999999999974	0.0014635525475164917
3.289999999999974	0.0014124996709398414
3.2999999999999736	0.0013630663963669764
3.3099999999999734	0.0013152074536028802
3.319999999999973	0.0012688786188476675
3.329999999999973	0.0012240366979777242
3.3399999999999728	0.0011806395098489613
3.3499999999999726	0.0011386458696253105
3.3599999999999723	0.0010980155720881541
3.369999999999972	0.0010587093751120709
3.379999999999972	0.0010206889830703448
3.3899999999999717	0.0009839170303631028
3.3999999999999715	0.0009483570650079936
3.4099999999999713	0.0009139735323043015
3.419999999999971	0.0008807317585895016
3.429999999999971	0.0008485979350824646
3.4399999999999706	0.0008175391018417473
3.4499999999999704	0.0007875231318143597
3.45999999999997	0.000758518715005428
3.46999999999997	0.000730495342800632
3.47999999999997	0.0007034232923415262
3.4899999999999696	0.0006772736111052659
3.4999999999999694	0.0006520181015941234
3.509999999999969	0.0006276293061586765
3.519999999999969	0.0006040804919875073
3.5299999999999687	0.000581345636223651
3.5399999999999685	0.0005593994112900951
3.5499999999999683	0.0005382171702830469
3.559999999999968	0.0005177749326236385
3.569999999999968	0.0004980493698183754
3.5799999999999677	0.0004790177914147222
3.5899999999999674	0.0004606581311185198
3.5999999999999672	0.00044294893309053043
3.609999999999967	0.000425869338420581
3.619999999999967	0.00040939907178598445
3.6299999999999666	0.00039351842828579255
3.6399999999999664	0.0003782082604447405
3.649999999999966	0.0003634499654529506
3.659999999999966	0.000349225472534849
3.6699999999999657	0.00033551723053519995
3.6799999999999655	0.0003223081956904206
3.6899999999999653	0.00030958181958754927
3.699999999999965	0.0002973220373147305
3.709999999999965	0.0002855132558085667
3.7199999999999647	0.0002741403423646863
3.7299999999999645	0.00026318861339225385
3.7399999999999642	0.000252643823311268
3.749999999999964	0.0002424921536638692
3.759999999999964	0.00023272020240901843
3.7699999999999636	0.0002233149734146561
3.7799999999999634	0.0002142638661340696
3.789999999999963	0.00020555466547513782
3.799999999999963	0.00019717553185286783
3.8099999999999627	0.00018911499144179893
3.8199999999999625	0.00018136192659669315
3.8299999999999623	0.00017390556647551124
3.839999999999962	0.00016673547784084664
3.849999999999962	0.00015984155603726604
3.8599999999999617	0.00015321401615862195
3.8699999999999615	0.00014684338441343638
3.8799999999999613	0.00014072048961347161
3.889999999999961	0.00013483645489712723
3.899999999999961	0.00012918268961904122
3.9099999999999606	0.00012375088136950833
3.9199999999999604	0.0001185329882174718
3.92999999999996	0.00011352123109869827
3.93999999999996	0.0001087080863814411
3.9499999999999598	0.00010408627857441139
3.9599999999999596	0.0000996487732467351
3.9699999999999593	0.00009538877005107506
3.979999999999959	0.00009129969595186567
3.989999999999959	0.00008737519859088448
3.9999999999999587	0.00008360913981654218
4.009999999999959	0.00007999558935413637
4.019999999999959	0.00007652881864308917
4.0299999999999585	0.00007320329481438906
4.039999999999958	0.0000700136748101845
4.049999999999958	0.00006695479965887226
4.059999999999958	0.00006402168888552241
4.069999999999958	0.0000612095350567219
4.079999999999957	0.000058513698477986563
4.089999999999957	0.00005592970200928501
4.099999999999957	0.000053453226023844373
4.109999999999957	0.00005108010349336458
4.119999999999957	0.00004880631520206074
4.129999999999956	0.00004662798508590268
4.139999999999956	0.000044541375695334976
4.149999999999956	0.00004254288377848653
4.159999999999956	0.000040629035984954295
4.1699999999999555	0.00003879648468154286
4.179999999999955	0.00003704200388743482
4.189999999999955	0.000035362485316522014
4.199999999999955	0.00003375493453227597
4.209999999999955	0.00003221646720744053
4.2199999999999545	0.00003074430548640127
4.229999999999954	0.0000293357744692239
4.239999999999954	0.000027988298755763706
4.249999999999954	0.00002669939912854454
4.259999999999954	0.00002546668932029806
4.269999999999953	0.000024287872854949868
4.279999999999953	0.000023160740008592312
4.289999999999953	0.000022083164845207944
4.299999999999953	0.00002105310234243746
4.3099999999999525	0.000020068585607240683
4.319999999999952	0.000019127723163465422
4.329999999999952	0.000018228696337910658
4.339999999999952	0.000017369756714905485
4.349999999999952	0.00001654922366545481
4.3599999999999515	0.000015765481964898542
4.369999999999951	0.000015016979473930727
4.379999999999951	0.000014302224893119657
4.389999999999951	0.000013619785594685974
4.399999999999951	0.000012968285512148254
4.40999999999995	0.000012346403105002723
4.41999999999995	0.00001175286937825086
4.42999999999995	0.000011186465996146041
4.43999999999995	0.00001064602339583541
4.4499999999999496	0.000010130419028192886
4.459999999999949	9.6385756085539e-6
4.469999999999949	9.169459469810943e-6
4.479999999999949	8.722078907007726e-6
4.489999999999949	8.295482637626045e-6
4.4999999999999485	7.888758281809076e-6
4.509999999999948	7.501030894527106e-6
4.519999999999948	7.131461564084055e-6
4.529999999999948	6.779246035367175e-6
4.539999999999948	6.443613396608722e-6
4.549999999999947	6.1238248025183195e-6
4.559999999999947	5.819172247149037e-6
4.569999999999947	5.5289773724856264e-6
4.579999999999947	5.2525903299045095e-6
4.589999999999947	4.98938865357631e-6
4.599999999999946	4.738776219456496e-6
4.609999999999946	4.500182197849217e-6
4.619999999999946	4.273060068462126e-6
4.629999999999946	4.056886643624905e-6
4.6399999999999455	3.851161172351311e-6
4.649999999999945	3.655404429991536e-6
4.659999999999945	3.469157863701096e-6
4.669999999999945	3.291982764186843e-6
4.679999999999945	3.1234594720680152e-6
4.689999999999944	2.963186605084278e-6
4.699999999999944	2.810780317661486e-6
4.709999999999944	2.6658735923337993e-6
4.719999999999944	2.528115550023834e-6
4.729999999999944	2.3971707867854712e-6
4.739999999999943	2.2727187496741154e-6
4.749999999999943	2.1544531038792584e-6
4.759999999999943	2.0420811668519004e-6
4.769999999999943	1.935323323431463e-6
4.7799999999999425	1.8339124745673156e-6
4.789999999999942	1.7375935526199125e-6
4.799999999999942	1.6461229911269858e-6
4.809999999999942	1.5592682140020483e-6
4.819999999999942	1.4768072046708332e-6
4.8299999999999415	1.398528053794212e-6
4.839999999999941	1.324228520610066e-6
4.849999999999941	1.2537156220696764e-6
4.859999999999941	1.1868052390011224e-6
4.869999999999941	1.123321730343458e-6
4.87999999999994	1.0630975686991635e-6
4.88999999999994	1.0059729901965562e-6
4.89999999999994	9.517956531909194e-7
4.90999999999994	9.004203191324592e-7
4.9199999999999395	8.517085368295975e-7
4.929999999999939	8.055283482757144e-7
4.939999999999939	7.617540006736481e-7
4.949999999999939	7.202656714421613e-7
4.959999999999939	6.8094920527745e-7
4.9699999999999385	6.436958620983134e-7
4.979999999999938	6.084020766952224e-7
4.989999999999938	5.749692246457283e-7
4.999999999999938	5.433034012473159e-7
5.009999999999938	5.133152082849157e-7
5.019999999999937	4.849195501570377e-7
5.029999999999937	4.580354386015975e-7
5.039999999999937	4.325858054790823e-7
5.049999999999937	4.084973238027946e-7
5.0599999999999365	3.8570023865475015e-7
5.069999999999936	3.641281954905425e-7
5.079999999999936	3.437180878094218e-7
5.089999999999936	3.2440991262839403e-7
5.099999999999936	3.061466182519115e-7
5.1099999999999355	2.8887396965362125e-7
5.119999999999935	2.725404166610976e-7
5.129999999999935	2.5709696830457797e-7
5.139999999999935	2.424970725913873e-7
5.149999999999935	2.2869650246132211e-7
5.159999999999934	2.156532411080362e-7
5.169999999999934	2.0332738426395722e-7
5.179999999999934	1.9168103481609366e-7
5.189999999999934	1.806782084016729e-7
5.199999999999934	1.7028474621235166e-7
5.209999999999933	1.6046820910908497e-7
5.219999999999933	1.5119782203162868e-7
5.229999999999933	1.424443765853582e-7
5.239999999999933	1.3418015664579842e-7
5.2499999999999325	1.2637887221744308e-7
5.259999999999932	1.1901557382299639e-7
5.269999999999932	1.1206661002861115e-7
5.279999999999932	1.0550954464206836e-7
5.289999999999932	9.932311524394859e-8