-5.749999999999922	9.84351779619983e-8
-5.739999999999922	1.0351195354837449e-7
-5.729999999999922	1.0884234234418947e-7
-5.7199999999999225	1.1443858085467531e-7
-5.709999999999923	1.2031346745710538e-7
-5.699999999999923	1.2648039696503055e-7
-5.689999999999923	1.3295335601940847e-7
-5.679999999999923	1.3974700926520792e-7
-5.6699999999999235	1.4687668378218655e-7
-5.659999999999924	1.5435840917313222e-7
-5.649999999999924	1.6220895116313063e-7
-5.639999999999924	1.7044584217223327e-7
-5.629999999999924	1.7908741262193726e-7
-5.619999999999925	1.8815282829648754e-7
-5.609999999999925	1.9766212584140125e-7
-5.599999999999925	2.0763625130947106e-7
-5.589999999999925	2.1809709840665918e-7
-5.5799999999999255	2.2906754877332546e-7
-5.569999999999926	2.405715191514118e-7
-5.559999999999926	2.526339972980669e-7
-5.549999999999926	2.652810973502828e-7
-5.539999999999926	2.785401008356897e-7
-5.5299999999999265	2.9243950901069576e-7
-5.519999999999927	3.0700910056339646e-7
-5.509999999999927	3.222799658878477e-7
-5.499999999999927	3.3828459511589886e-7
-5.489999999999927	3.550569013432918e-7
-5.479999999999928	3.7263231172053677e-7
-5.469999999999928	3.910478134794046e-7
-5.459999999999928	4.103420235719409e-7
-5.449999999999928	4.3055525734639096e-7
-5.4399999999999284	4.5172959899010296e-7
-5.429999999999929	4.7390897573945296e-7
-5.419999999999929	4.971392341223691e-7
-5.409999999999929	5.214682197895033e-7
-5.399999999999929	5.469458592895208e-7
-5.3899999999999295	5.736242485421813e-7
-5.37999999999993	6.015577408825868e-7
-5.36999999999993	6.308030371121072e-7
-5.35999999999993	6.614192849755546e-7
-5.34999999999993	6.934681782555327e-7
-5.339999999999931	7.270140604804289e-7
-5.329999999999931	7.621240326145417e-7
-5.319999999999931	7.988680653047378e-7
-5.309999999999931	8.37319114533972e-7
-5.299999999999931	8.77553242646787e-7
-5.289999999999932	9.196497576863735e-7
-5.279999999999932	9.636912994629843e-7
-5.269999999999932	1.0097640033979831e-6
-5.259999999999932	1.0579576698061767e-6
-5.2499999999999325	1.1083658646303118e-6
-5.239999999999933	1.1610860845548465e-6
-5.229999999999933	1.216219912691379e-6
-5.219999999999933	1.2738731805795352e-6
-5.209999999999933	1.3341561355493433e-6
-5.199999999999934	1.3971836146161807e-6
-5.189999999999934	1.4630752247003863e-6
-5.179999999999934	1.5319555292464335e-6
-5.169999999999934	1.6039542431458637e-6
-5.159999999999934	1.6792064281832987e-6
-5.149999999999935	1.7578527097134125e-6
-5.139999999999935	1.8400394820906537e-6
-5.129999999999935	1.9259191403487227e-6
-5.119999999999935	2.015650306160209e-6
-5.1099999999999355	2.109398070841471e-6
-5.099999999999936	2.207334234356221e-6
-5.089999999999936	2.3096375776672957e-6
-5.079999999999936	2.416494109679631e-6
-5.069999999999936	2.528097350116895e-6
-5.0599999999999365	2.644648641651956e-6
-5.049999999999937	2.766357381928867e-6
-5.039999999999937	2.8934414042487587e-6
-5.029999999999937	3.0261272255912566e-6
-5.019999999999937	3.1646504085063894e-6
-5.009999999999938	3.309255903755302e-6
-4.999999999999938	3.4601983767323476e-6
-4.989999999999938	3.6177425908588705e-6
-4.979999999999938	3.7821637768080536e-6
-4.9699999999999385	3.953747997041766e-6
-4.959999999999939	4.1327925586454535e-6
-4.949999999999939	4.319606457832745e-6
-4.939999999999939	4.5145107671536885e-6
-4.929999999999939	4.717839087599556e-6
-4.9199999999999395	4.9299380129649275e-6
-4.90999999999994	5.151167592344522e-6
-4.89999999999994	5.381901823939156e-6
-4.88999999999994	5.622529156127838e-6
-4.87999999999994	5.873453007494534e-6
-4.869999999999941	6.13509230122872e-6
-4.859999999999941	6.4078820292315416e-6
-4.849999999999941	6.692273815689118e-6
-4.839999999999941	6.988736508232197e-6
-4.8299999999999415	7.297756796080265e-6
-4.819999999999942	7.619839835030485e-6
-4.809999999999942	7.95550990036041e-6
-4.799999999999942	8.305311055605875e-6
-4.789999999999942	8.669807852267555e-6
-4.7799999999999425	9.049586033803566e-6
-4.769999999999943	9.4452532823762e-6
-4.759999999999943	9.857439979426374e-6
-4.749999999999943	0.000010286799982077941
-4.739999999999943	0.000010734011441149854
-4.729999999999944	0.000011199777628358801
-4.719999999999944	0.000011684827811177152
-4.709999999999944	0.00001218991811664511
-4.699999999999944	0.000012715832466285919
-4.689999999999944	0.000013263383504081292
-4.679999999999945	0.000013833413570511579
-4.669999999999945	0.000014426795720067677
-4.659999999999945	0.000015044434723507025
-4.649999999999945	0.000015687268142592373
-4.6399999999999455	0.000016356267432196594
-4.629999999999946	0.00001705243905250747
-4.619999999999946	0.000017776825633980475
-4.609999999999946	0.000018530507173070445
-4.599999999999946	0.00001931460225702315
-4.589999999999947	0.00002013026933152552
-4.579999999999947	0.000020978707999930674
-4.569999999999947	0.00002186116036738371
-4.559999999999947	0.00002277891241251981
-4.549999999999947	0.00002373329541089502
-4.539999999999948	0.000024725687395525644
-4.529999999999948	0.000025757514640245947
-4.519999999999948	0.000026830253226400815
-4.509999999999948	0.000027945430614179996
-4.4999999999999485	0.000029104627274746256
-4.489999999999949	0.000030309478367329155
-4.479999999999949	0.00003156167546547552
-4.469999999999949	0.00003286296832018608
-4.459999999999949	0.00003421516668488237
-4.4499999999999496	0.00003562014218644619
-4.43999999999995	0.00003707983023166947
-4.42999999999995	0.00003859623199671441
-4.41999999999995	0.00004017141644068343
-4.40999999999995	0.00004180752238484817
-4.399999999999951	0.000043506760651522746
-4.389999999999951	0.0000452714162576404
-4.379999999999951	0.000047103850652813827
-4.369999999999951	0.00004900650403579251
-4.3599999999999515	0.00005098189772191733
-4.349999999999952	0.00005303263657037215
-4.339999999999952	0.00005516141147324442
-4.329999999999952	0.000057371001920726114
-4.319999999999952	0.000059664278614010786
-4.3099999999999525	0.00006204420615199611
-4.299999999999953	0.00006451384579101102
-4.289999999999953	0.00006707635826939239
-4.279999999999953	0.0000697350066902611
-4.269999999999953	0.00007249315950532278
-4.259999999999954	0.00007535429353910948
-4.249999999999954	0.00007832199710470357
-4.239999999999954	0.00008139997319459033
-4.229999999999954	0.00008459204274664758
-4.2199999999999545	0.00008790214797734715
-4.209999999999955	0.00009133435581560912
-4.199999999999955	0.00009489286140126997
-4.189999999999955	0.00009858199166878013
-4.179999999999955	0.0001024062090165112
-4.1699999999999555	0.00010637011506428514
-4.159999999999956	0.00011047845448732638
-4.149999999999956	0.00011473611894594876
-4.139999999999956	0.00011914815109687562
-4.129999999999956	0.00012371974872677025
-4.119999999999957	0.0001284562688998052
-4.109999999999957	0.00013336323228201947
-4.099999999999957	0.00013844632754257888
-4.089999999999957	0.00014371141578493597
-4.079999999999957	0.00014916453516350232
-4.069999999999958	0.00015481190554094567
-4.059999999999958	0.0001606599332700591
-4.049999999999958	0.00016671521606571456
-4.039999999999958	0.00017298454798405692
-4.0299999999999585	0.000179474924497781
-4.019999999999959	0.00018619354769080574
-4.009999999999959	0.00019314783153688998
-3.9999999999999587	0.00020034540729974265
-3.989999999999959	0.00020779412904249904
-3.979999999999959	0.00021550207923977144
-3.9699999999999593	0.00022347757449003869
-3.9599999999999596	0.00023172917137127125
-3.9499999999999598	0.0002402656723705135
-3.93999999999996	0.0002490961319514196
-3.92999999999996	0.0002582298627285663
-3.9199999999999604	0.00026767644175936927
-3.9099999999999606	0.00027744571693996933
-3.899999999999961	0.00028754781354157414
-3.889999999999961	0.00029799314084361615
-3.8799999999999613	0.00030879239888843396
-3.8699999999999615	0.00031995658537145084
-3.8599999999999617	0.00033149700263022377
-3.849999999999962	0.0003434252647640365
-3.839999999999962	0.0003557533048754242
-3.8299999999999623	0.0003684933824372923
-3.8199999999999625	0.0003816580907610684
-3.8099999999999627	0.00039526036461639066
-3.799999999999963	0.0004093134879602927
-3.789999999999963	0.00042383110177827814
-3.7799999999999634	0.00043882721206894864
-3.7699999999999636	0.0004543161979430412
-3.759999999999964	0.00047031281983423746
-3.749999999999964	0.0004868322278513623
-3.7399999999999642	0.0005038899702641029
-3.7299999999999645	0.0005215020020610989
-3.7199999999999647	0.0005396846936830349
-3.709999999999965	0.0005584548398668681
-3.699999999999965	0.0005778296685890394
-3.6899999999999653	0.0005978268501496372
-3.6799999999999655	0.0006184645063791774
-3.6699999999999657	0.0006397612199565636
-3.659999999999966	0.0006617360438314656
-3.649999999999966	0.0006844085108249427
-3.6399999999999664	0.0007077986432535203
-3.6299999999999666	0.000731926962742985
-3.619999999999967	0.0007568145001385799
-3.609999999999967	0.0007824828055111705
-3.5999999999999672	0.0008089539582824963
-3.5899999999999674	0.0008362505774757805
-3.5799999999999677	0.0008643958320421695
-3.569999999999968	0.0008934134513496545
-3.559999999999968	0.0009233277356867561
-3.5499999999999683	0.0009541635669520153
-3.5399999999999685	0.0009859464193972
-3.5299999999999687	0.001018702370482371
-3.519999999999969	0.0010524581118127483
-3.509999999999969	0.0010872409602017948
-3.4999999999999694	0.0011230788687459686
-3.4899999999999696	0.0011600004380705553
-3.47999999999997	0.0011980349276024009
-3.46999999999997	0.0012372122669352806
-3.45999999999997	0.0012775630672822987
-3.4499999999999704	0.0013191186329638126
-3.4399999999999706	0.001361910972998956
-3.429999999999971	0.0014059728127391543
-3.419999999999971	0.0014513376055577754
-3.4099999999999713	0.0014980395445904585
-3.3999999999999715	0.0015461135745601692
-3.3899999999999717	0.0015955954035691857
-3.379999999999972	0.0016465215149994966
-3.369999999999972	0.0016989291794200301
-3.3599999999999723	0.0017528564665060115
-3.3499999999999726	0.0018083422570000756
-3.3399999999999728	0.0018654262546750012
-3.329999999999973	0.0019241489983253845
-3.319999999999973	0.001984551873712748
-3.3099999999999734	0.002046677125571533
-3.2999999999999736	0.002110567869550986
-3.289999999999974	0.002176268104154345
-3.279999999999974	0.0022438227226703974
-3.2699999999999743	0.002313277525041701
-3.2599999999999745	0.0023846792297045356
-3.2499999999999747	0.002458075485388916
-3.239999999999975	0.0025335148828436026
-3.229999999999975	0.0026110469665009016
-3.2199999999999753	0.0026907222460712484
-3.2099999999999755	0.0027725922080524853
-3.1999999999999758	0.002856709327129508
-3.189999999999976	0.002943127077502051
-3.179999999999976	0.003031899944076772
-3.1699999999999764	0.0031230834335355933
-3.1599999999999766	0.00321673408528923
-3.149999999999977	0.003312909482281735
-3.139999999999977	0.003411668261619021
-3.1299999999999772	0.003513070125069314
-3.1199999999999775	0.0036171758493714827
-3.1099999999999777	0.0037240472963432697
-3.099999999999978	0.0038337474228127932
-3.089999999999978	0.003946340290340423
-3.0799999999999783	0.004061891074693005
-3.0699999999999785	0.004180466075111523
-3.0599999999999787	0.004302132723325701
-3.049999999999979	0.004426959592294165
-3.039999999999979	0.0045550164046864695
-3.0299999999999794	0.004686374041090368
-3.0199999999999796	0.004821104547890848
-3.00999999999998	0.004959281144854907
-2.99999999999998	0.005100978232403546
-2.9899999999999802	0.005246271398514663
-2.9799999999999804	0.005395237425284409
-2.9699999999999807	0.005547954295134597
-2.959999999999981	0.005704501196617245
-2.949999999999981	0.005864958529820925
-2.9399999999999813	0.006029407911388733
-2.9299999999999815	0.006197932179082062
-2.9199999999999817	0.006370615395906598
-2.909999999999982	0.0065475428537942635
-2.899999999999982	0.006728801076800315
-2.8899999999999824	0.0069144778237976625
-2.8799999999999826	0.007104662090704944
-2.869999999999983	0.007299444112136174
-2.859999999999983	0.007498915362571902
-2.849999999999983	0.007703168556936619
-2.8399999999999834	0.007912297650626388
-2.8299999999999836	0.008126397838922283
-2.819999999999984	0.008345565555838546
-2.809999999999984	0.008569898472329692
-2.7999999999999843	0.008799495493850945
-2.7899999999999845	0.009034456757288615
-2.7799999999999847	0.00927488362721604
-2.769999999999985	0.009520878691439243
-2.759999999999985	0.009772545755872629
-2.7499999999999853	0.010029989838656403
-2.7399999999999856	0.010293317163586144
-2.7299999999999858	0.010562635152734904
-2.719999999999986	0.010838052418350584
-2.709999999999986	0.01111967875392815
-2.6999999999999864	0.011407625124494102
-2.6899999999999866	0.011702003656086049
-2.679999999999987	0.012002927624361297
-2.669999999999987	0.012310511442370033
-2.6599999999999873	0.012624870647464134
-2.6499999999999875	0.012946121887310369
-2.6399999999999877	0.013274382904988101
-2.629999999999988	0.013609772523205513
-2.619999999999988	0.01395241062754439
-2.6099999999999883	0.014302418148763006
-2.5999999999999885	0.01465991704415866
-2.5899999999999888	0.015025030277922322
-2.579999999999989	0.015397881800495153
-2.569999999999989	0.01577859652695138
-2.5599999999999894	0.01616730031432125
-2.5499999999999896	0.01656411993788298
-2.53999999999999	0.016969183066422113
-2.52999999999999	0.017382618236412545
-2.5199999999999902	0.017804554825107875
-2.5099999999999905	0.018235123022557108
-2.4999999999999907	0.018674453802535743
-2.489999999999991	0.01912267889232243
-2.479999999999991	0.019579930741371272
-2.4699999999999913	0.020046342488864756
-2.4599999999999915	0.020522047930079033
-2.4499999999999917	0.02100718148162766
-2.439999999999992	0.021501878145536613
-2.429999999999992	0.02200627347211432
-2.4199999999999924	0.022520503521673254
-2.4099999999999926	0.023044704825047335
-2.399999999999993	0.023579014342906744
-2.389999999999993	0.02412356942387019
-2.3799999999999932	0.024678507761426143
-2.3699999999999934	0.025243967349604525
-2.3599999999999937	0.0258200864374485
-2.349999999999994	0.026407003482278864
-2.339999999999994	0.02700485710169639
-2.3299999999999943	0.027613786024371922
-2.3199999999999945	0.02823392903962957
-2.3099999999999947	0.028865424945757976
-2.299999999999995	0.02950841249711056
-2.289999999999995	0.03016303034998841
-2.2799999999999954	0.030829417007274963
-2.2699999999999956	0.03150771076183993
-2.259999999999996	0.0321980496387326
-2.249999999999996	0.03290057133623959
-2.239999999999996	0.03361541316550248
-2.2299999999999964	0.034342711989184614
-2.2199999999999966	0.03508260415880415
-2.209999999999997	0.03583522545088556
-2.199999999999997	0.03660071100196807
-2.1899999999999973	0.03737919524242004
-2.1799999999999975	0.038170811829076355
-2.1699999999999977	0.03897569357676571
-2.159999999999998	0.03979397238868703
-2.149999999999998	0.04062577918564956
-2.1399999999999983	0.04147124383422724
-2.1299999999999986	0.042330495073835836
-2.1199999999999988	0.04320366044267611
-2.109999999999999	0.044090866202784844
-2.099999999999999	0.04499223726380399
-2.0899999999999994	0.0459078971059624
-2.0799999999999996	0.046837967701964446
-2.07	0.04778256943795236
-2.06	0.04874182103348814
-2.0500000000000003	0.04971583946064794
-2.0400000000000005	0.050704739862243414
-2.0300000000000007	0.0517086354691443
-2.020000000000001	0.05272763751678929
-2.010000000000001	0.0537618551609209
-2.0000000000000013	0.05481139539251091
-1.9900000000000015	0.055876362951967004
-1.9800000000000015	0.056956860242658024
-1.9700000000000015	0.058052987243742075
-1.9600000000000015	0.05916484142236985
-1.9500000000000015	0.06029251764532712
-1.9400000000000015	0.061436108090088495
-1.9300000000000015	0.06259570215535921
-1.9200000000000015	0.06377138637118027
-1.9100000000000015	0.06496324430857187
-1.9000000000000015	0.0661713564887817
-1.8900000000000015	0.06739580029223083
-1.8800000000000014	0.06863664986714196
-1.8700000000000014	0.06989397603789778
-1.8600000000000014	0.07116784621324262
-1.8500000000000014	0.07245832429431014
-1.8400000000000014	0.07376547058253799
-1.8300000000000014	0.07508934168755034
-1.8200000000000014	0.07642999043505523
-1.8100000000000014	0.07778746577475219
-1.8000000000000014	0.07916181268840024
-1.7900000000000014	0.08055307209803525
-1.7800000000000014	0.08196128077439088
-1.7700000000000014	0.08338647124562192
-1.7600000000000013	0.08482867170637709
-1.7500000000000013	0.08628790592722445
-1.7400000000000013	0.0877641931645756
-1.7300000000000013	0.08925754807112103
-1.7200000000000013	0.09076798060682796
-1.7100000000000013	0.09229549595059007
-1.7000000000000013	0.09384009441260772
-1.6900000000000013	0.09540177134749606
-1.6800000000000013	0.09698051706824487
-1.6700000000000013	0.09857631676110529
-1.6600000000000013	0.10018915040139677
-1.6500000000000012	0.10181899267036057
-1.6400000000000012	0.10346581287314705
-1.6300000000000012	0.10512957485791921
-1.6200000000000012	0.10681023693620537
-1.6100000000000012	0.1085077518045841
-1.6000000000000012	0.11022206646770462
-1.5900000000000012	0.11195312216274061
-1.5800000000000012	0.11370085428539312
-1.5700000000000012	0.11546519231744201
-1.5600000000000012	0.11724605975592892
-1.5500000000000012	0.11904337404410145
-1.5400000000000011	0.12085704650411315
-1.5300000000000011	0.12268698227156705
-1.5200000000000011	0.12453308023201654
-1.5100000000000011	0.1263952329594493
-1.500000000000001	0.1282733266567994
-1.490000000000001	0.13016724109863997
-1.480000000000001	0.13207684957606577
-1.470000000000001	0.13400201884380397
-1.460000000000001	0.13594260906970504
-1.450000000000001	0.13789847378663916
-1.440000000000001	0.13986945984680876
-1.430000000000001	0.14185540737865665
-1.420000000000001	0.14385614974635433
-1.410000000000001	0.14587151351193553
-1.400000000000001	0.14790131840018167
-1.390000000000001	0.14994537726631949
-1.380000000000001	0.1520034960665231
-1.370000000000001	0.15407547383135992
-1.360000000000001	0.1561611026422429
-1.350000000000001	0.15826016761086034
-1.340000000000001	0.16037244686172186
-1.330000000000001	0.16249771151789127
-1.320000000000001	0.16463572568987306
-1.310000000000001	0.1667862464677683
-1.300000000000001	0.16894902391678462
-1.290000000000001	0.1711238010760614
-1.280000000000001	0.17331031396091282
-1.270000000000001	0.1755082915685692
-1.260000000000001	0.17771745588739357
-1.2500000000000009	0.17993752190963394
-1.2400000000000009	0.18216819764782885
-1.2300000000000009	0.184409184154806
-1.2200000000000009	0.1866601755473364
-1.2100000000000009	0.18892085903355954
-1.2000000000000008	0.1911909149441244
-1.1900000000000008	0.19347001676707679
-1.1800000000000008	0.1957578311866224
-1.1700000000000008	0.1980540181256977
-1.1600000000000008	0.2003582307923847
-1.1500000000000008	0.2026701157302572
-1.1400000000000008	0.20498931287263514
-1.1300000000000008	0.2073154556007206
-1.1200000000000008	0.20964817080574183
-1.1100000000000008	0.2119870789550525
-1.1000000000000008	0.21433179416215498
-1.0900000000000007	0.21668192426076
-1.0800000000000007	0.2190370708828506
-1.0700000000000007	0.2213968295406766
-1.0600000000000007	0.2237607897127886
-1.0500000000000007	0.2261285349340971
-1.0400000000000007	0.2284996428898556
-1.0300000000000007	0.23087368551366
-1.0200000000000007	0.23325022908945936
-1.0100000000000007	0.23562883435747697
-1.0000000000000007	0.23800905662408245
-0.9900000000000007	0.24039044587565458
-0.9800000000000006	0.2427725468962796
-0.9700000000000006	0.2451548993893468
-0.9600000000000006	0.24753703810306085
-0.9500000000000006	0.24991849295971555
-0.9400000000000006	0.25229878918875664
-0.9300000000000006	0.25467744746367854
-0.9200000000000006	0.2570539840425795
-0.9100000000000006	0.25942791091237194
-0.9000000000000006	0.26179873593670183
-0.8900000000000006	0.26416596300882983
-0.8800000000000006	0.26652909220081583
-0.8700000000000006	0.2688876199308072
-0.8600000000000005	0.2712410391190076
-0.8500000000000005	0.27358883935439393
-0.8400000000000005	0.27593050706331457
-0.8300000000000005	0.27826552568129415
-0.8200000000000005	0.2805933758279301
-0.8100000000000005	0.28291353548498077
-0.8000000000000005	0.28522548017745863
-0.7900000000000005	0.2875286831575756
-0.7800000000000005	0.28982261559163963
-0.7700000000000005	0.29210674674974885
-0.7600000000000005	0.2943805441980676
-0.7500000000000004	0.29664347399378693
-0.7400000000000004	0.2988950008826339
-0.7300000000000004	0.3011345884986736
-0.7200000000000004	0.3033616995665032
-0.7100000000000004	0.30557579610577545
-0.7000000000000004	0.3077763396377185
-0.6900000000000004	0.30996279139345184
-0.6800000000000004	0.31213461252503616
-0.6700000000000004	0.31429126431710247
-0.6600000000000004	0.3164322084012626
-0.6500000000000004	0.31855690697154837
-0.6400000000000003	0.32066482300145593
-0.6300000000000003	0.32275542046228334
-0.6200000000000003	0.32482816454282604
-0.6100000000000003	0.32688252187003647
-0.6000000000000003	0.32891796073076873
-0.5900000000000003	0.33093395129440406
-0.5800000000000003	0.33292996583611156
-0.5700000000000003	0.334905478960815
-0.5600000000000003	0.336859967827659
-0.5500000000000003	0.3387929123747383
-0.5400000000000003	0.3407037955441172
-0.5300000000000002	0.3425921035069782
-0.5200000000000002	0.34445732588863104
-0.5100000000000002	0.3462989559934037
-0.5000000000000002	0.34811649102925313
-0.49000000000000027	0.34990943233187516
-0.48000000000000026	0.35167728558823386
-0.47000000000000025	0.35341956105944355
-0.46000000000000024	0.35513577380271133
-0.45000000000000023	0.35682544389230725
-0.4400000000000002	0.3584880966394518
-0.4300000000000002	0.3601232628108749
-0.4200000000000002	0.361730478845961
-0.4100000000000002	0.3633092870724223
-0.4000000000000002	0.36485923592022124
-0.3900000000000002	0.36637988013365985
-0.38000000000000017	0.3678707809815803
-0.37000000000000016	0.3693315064654245
-0.36000000000000015	0.37076163152503006
-0.35000000000000014	0.37216073824212925
-0.34000000000000014	0.37352841604131654
-0.3300000000000001	0.37486426188834404
-0.3200000000000001	0.3761678804857116
-0.3100000000000001	0.3774388844653403
-0.3000000000000001	0.3786768945781758
-0.2900000000000001	0.37988153988054546
-0.2800000000000001	0.3810524579179511
-0.2700000000000001	0.3821892949039506
-0.26000000000000006	0.38329170589701617
-0.25000000000000006	0.3843593549730162
-0.24000000000000007	0.3853919153940134
-0.23000000000000007	0.38638906977321663
-0.22000000000000006	0.3873505102359473
-0.21000000000000005	0.3882759385764254
-0.20000000000000004	0.3891650664103657
-0.19000000000000003	0.3900176153232533
-0.18000000000000002	0.3908333170141326
-0.17	0.39161191343487006
-0.16	0.392353156924803
-0.15	0.3930568103405929
-0.13999999999999999	0.393722647181256
-0.12999999999999998	0.39435045170830857
-0.11999999999999998	0.39494001906083814
-0.10999999999999999	0.3954911553654813
-0.09999999999999999	0.39600367784126833
-0.09	0.39647741489915356
-0.08	0.3969122062362093
-0.07	0.3973079029244572
-0.060000000000000005	0.397664367494188
-0.05	0.3979814740117266
-0.04	0.39825910815164267
-0.03	0.39849716726327844
-0.02	0.398695560431542
-0.01	0.3988542085319939
0	0.3989730442801037
0.01	0.399052012274633
0.02	0.3990910690351844
0.03	0.3990901830338215
0.04	0.3990493347207069
0.05	0.39896851654381993
0.060000000000000005	0.398847732962668
0.07	0.3986870004559733
0.08	0.39848634752335677
0.09	0.39824581468101383
0.09999999999999999	0.3979654544513093
0.10999999999999999	0.3976453313463795
0.11999999999999998	0.39728552184571264
0.12999999999999998	0.39688611436767807
0.13999999999999999	0.39644720923506876
0.15	0.3959689186346852
0.16	0.39545136657090124
0.17	0.3948946888133129
0.18000000000000002	0.3942990328385016
0.19000000000000003	0.393664557765885
0.20000000000000004	0.39299143428772965
0.21000000000000005	0.3922798445934078
0.22000000000000006	0.3915299822878695
0.23000000000000007	0.3907420523044094
0.24000000000000007	0.38991627081183206
0.25000000000000006	0.38905286511599435
0.26000000000000006	0.3881520735558197
0.2700000000000001	0.3872141453938933
0.2800000000000001	0.3862393407016424
0.2900000000000001	0.3852279302391883
0.3000000000000001	0.38418019533000564
0.3100000000000001	0.38309642773040387
0.3200000000000001	0.3819769294939207
0.3300000000000001	0.38082201283076583
0.34000000000000014	0.37963199996236957
0.35000000000000014	0.3784072229711045
0.36000000000000015	0.3771480236453526
0.37000000000000016	0.3758547533199569
0.38000000000000017	0.37452777271218035
0.3900000000000002	0.37316745175328264
0.4000000000000002	0.3717741694158473
0.4100000000000002	0.37034831353690606
0.4200000000000002	0.3688902806370519
0.4300000000000002	0.36740047573563617
0.4400000000000002	0.365879312162125
0.45000000000000023	0.3643272113637995
0.46000000000000024	0.3627446027099225
0.47000000000000025	0.36113192329243743
0.48000000000000026	0.35948961772350485
0.49000000000000027	0.3578181379293299
0.5000000000000002	0.3561179429420617
0.5100000000000002	0.3543894986876751
0.5200000000000002	0.3526332777716868
0.5300000000000002	0.3508497592621193
0.5400000000000003	0.34903942846998004
0.5500000000000003	0.3472027767274528
0.5600000000000003	0.34534030116384845
0.5700000000000003	0.34345250447953257
0.5800000000000003	0.3415398947179588
0.5900000000000003	0.3396029850359401
0.6000000000000003	0.337642293472291
0.6100000000000003	0.33565834271505673
0.6200000000000003	0.33365165986738354
0.6300000000000003	0.3316227762122444
0.6400000000000003	0.32957222697614785
0.6500000000000004	0.3275005510919822
0.6600000000000004	0.32540829096111296
0.6700000000000004	0.32329599221494776
0.6800000000000004	0.3211642034760518
0.6900000000000004	0.3190134761189901
0.7000000000000004	0.316844364031042
0.7100000000000004	0.31465742337295133
0.7200000000000004	0.3124532123397997
0.7300000000000004	0.3102322909222185
0.7400000000000004	0.3079952206680596
0.7500000000000004	0.3057425644446249
0.7600000000000005	0.30347488620165736
0.7700000000000005	0.301192750735222
0.7800000000000005	0.2988967234525665
0.7900000000000005	0.2965873701381554
0.8000000000000005	0.2942652567210083
0.8100000000000005	0.29193094904342837
0.8200000000000005	0.2895850126313008
0.8300000000000005	0.28722801246609786
0.8400000000000005	0.28486051275866653
0.8500000000000005	0.28248307672496387
0.8600000000000005	0.28009626636388485
0.8700000000000006	0.2777006422372417
0.8800000000000006	0.2752967632520639
0.8900000000000006	0.2728851864453269
0.9000000000000006	0.2704664667712198
0.9100000000000006	0.268041156891037
0.9200000000000006	0.2656098069658707
0.9300000000000006	0.2631729644521408
0.9400000000000006	0.26073117390009865
0.9500000000000006	0.258284976755403
0.9600000000000006	0.2558349111638809
0.9700000000000006	0.2533815117795106
0.9800000000000006	0.25092530957580733
0.9900000000000007	0.2484668316606249
1.0000000000000007	0.2460066010944902
1.0100000000000007	0.24354513671255115
1.0200000000000007	0.24108295295023122
1.0300000000000007	0.23862055967226975
1.0400000000000007	0.23615846200737112
1.0500000000000007	0.23369716018328549
1.0600000000000007	0.23123714936930725
1.0700000000000007	0.2287789195211043
1.0800000000000007	0.22632295522999146
1.0900000000000007	0.2238697355763349
1.1000000000000008	0.2214197339871663
1.1100000000000008	0.21897341809807516
1.1200000000000008	0.21653124961935835
1.1300000000000008	0.21409368420652578
1.1400000000000008	0.2116611713352026
1.1500000000000008	0.20923415418041277
1.1600000000000008	0.20681306950031145
1.1700000000000008	0.20439834752441405
1.1800000000000008	0.20199041184628577
1.1900000000000008	0.19958967932076252
1.2000000000000008	0.1971965599657065
1.2100000000000009	0.19481145686830678
1.2200000000000009	0.19243476609591995
1.2300000000000009	0.1900668766111888
1.2400000000000009	0.18770817019331013
1.2500000000000009	0.1853590213606304
1.260000000000001	0.18301979730108847
1.270000000000001	0.18069085780556435
1.280000000000001	0.17837255520608966
1.290000000000001	0.176065234318629
1.300000000000001	0.1737692323903661
1.310000000000001	0.17148487905147672
1.320000000000001	0.16921249627141008
1.330000000000001	0.16695239831961795
1.340000000000001	0.16470489173069272
1.350000000000001	0.1624702752739266
1.360000000000001	0.1602488399272327
1.370000000000001	0.15804086885537197
1.380000000000001	0.15584663739249777
1.390000000000001	0.15366641302893427
1.400000000000001	0.15150045540215779
1.410000000000001	0.14934901629193176
1.420000000000001	0.14721233961957503
1.430000000000001	0.14509066145124572
1.440000000000001	0.1429842100052638
1.450000000000001	0.14089320566336785
1.460000000000001	0.1388178609858561
1.470000000000001	0.13675838073056282
1.480000000000001	0.1347149618756122
1.490000000000001	0.13268779364585598
1.500000000000001	0.13067705754295758
1.5100000000000011	0.1286829273790541
1.5200000000000011	0.12670556931391172
1.5300000000000011	0.12474514189550157
1.5400000000000011	0.12280179610395558
1.5500000000000012	0.12087567539879393
1.5600000000000012	0.11896691576935363
1.5700000000000012	0.1170756457883599
1.5800000000000012	0.11520198666856139
1.5900000000000012	0.11334605232230835
1.6000000000000012	0.11150794942406482
1.6100000000000012	0.10968777747571729
1.6200000000000012	0.1078856288746047
1.6300000000000012	0.10610158898423269
1.6400000000000012	0.10433573620752522
1.6500000000000012	0.10258814206257111
1.6600000000000013	0.1008588712607708
1.6700000000000013	0.09914798178730812
1.6800000000000013	0.09745552498382137
1.6900000000000013	0.09578154563325089
1.7000000000000013	0.09412608204672877
1.7100000000000013	0.09248916615243911
1.7200000000000013	0.0908708235863707
1.7300000000000013	0.08927107378486265
1.7400000000000013	0.087689930078871
1.7500000000000013	0.0861273997898491
1.7600000000000013	0.0845834843271865
1.7700000000000014	0.08305817928709308
1.7800000000000014	0.0815514745528446
1.7900000000000014	0.08006335439634507
1.8000000000000014	0.07859379758085179
1.8100000000000014	0.07714277746483535
1.8200000000000014	0.07571026210688568
1.8300000000000014	0.07429621437154586
1.8400000000000014	0.07290059203601895
1.8500000000000014	0.07152334789768
1.8600000000000014	0.07016442988227582
1.8700000000000014	0.06882378115275693
1.8800000000000014	0.06750134021866064
1.8900000000000015	0.06619704104596706
1.9000000000000015	0.06491081316733364
1.9100000000000015	0.06364258179266938
1.9200000000000015	0.062392267919936406
1.9300000000000015	0.061159788446122514
1.9400000000000015	0.059945056278323916
1.9500000000000015	0.05874798044483596
1.9600000000000015	0.057568466206207584
1.9700000000000015	0.05640641516619087
1.9800000000000015	0.05526172538250442
1.9900000000000015	0.05413429147734247
2.0000000000000013	0.053024004747590184
2.010000000000001	0.05193075327465877
2.020000000000001	0.05085442203387915
2.0300000000000007	0.049794893003418106
2.0400000000000005	0.048752045272617006
2.0500000000000003	0.04772575514974307
2.06	0.04671589626905298
2.07	0.04572233969716223
2.0799999999999996	0.044744954038612186
2.0899999999999994	0.043783605540627386
2.099999999999999	0.04283815819701548
2.109999999999999	0.041908473851112994
2.1199999999999988	0.040994412297786345
2.1299999999999986	0.04009583138442324
2.1399999999999983	0.03921258711087915
2.149999999999998	0.038344533728215134
2.159999999999998	0.0374915238365495
2.1699999999999977	0.036653408481482005
2.1799999999999975	0.0358300372494305
2.1899999999999973	0.03502125836171657
2.199999999999997	0.034226918767347264
2.209999999999997	0.033446864234507226
2.2199999999999966	0.032680939440707595
2.2299999999999964	0.031928988061563836
2.239999999999996	0.031190852858183182
2.249999999999996	0.030466375763137103
2.259999999999996	0.029755397964983905
2.2699999999999956	0.02905775999133068
2.2799999999999954	0.02837330179041624
2.289999999999995	0.027701862811204677
2.299999999999995	0.027043282081846073
2.3099999999999947	0.026397398286836155
2.3199999999999945	0.025764049842391216
2.3299999999999943	0.02514307497036766
2.339999999999994	0.024534311770597686
2.349999999999994	0.023937598291623965
2.3599999999999937	0.023352772599854573
2.3699999999999934	0.022779672847100106
2.3799999999999932	0.0222181373365231
2.389999999999993	0.021668004586958715
2.399999999999993	0.021129113395623334
2.4099999999999926	0.02060130289921944
2.4199999999999924	0.020084412633400023
2.429999999999992	0.019578282590627466
2.439999999999992	0.019082753276421675
2.4499999999999917	0.018597665763978272
2.4599999999999915	0.01812286174718735
2.4699999999999913	0.017658183592048994
2.479999999999991	0.017203474386479286
2.489999999999991	0.016758577988533887
2.4999999999999907	0.01632333907304224
2.5099999999999905	0.01589760317666802
2.5199999999999902	0.015481216741403646
2.52999999999999	0.015074027156511058
2.53999999999999	0.014675882798918757
2.5499999999999896	0.01428663307209043
2.5599999999999894	0.013906128443370469
2.569999999999989	0.013534220479841364
2.579999999999989	0.013170761882674537
2.5899999999999888	0.012815606520021547
2.5999999999999885	0.01246860945844928
2.6099999999999883	0.01212962699293036
2.619999999999988	0.011798516675406545
2.629999999999988	0.011475137342000613
2.6399999999999877	0.011159349138739677
2.6499999999999875	0.010851013546020496
2.6599999999999873	0.010549993401675754
2.669999999999987	0.01025615292271649
2.679999999999987	0.0099693577258163
2.6899999999999866	0.009689474846431333
2.6999999999999864	0.009416372756737327
2.709999999999986	0.009149921382291523
2.719999999999986	0.00888999211748461
2.7299999999999858	0.008636457839801694
2.7399999999999856	0.008389192922904576
2.7499999999999853	0.008148073248584256
2.759999999999985	0.007912976217567362
2.769999999999985	0.007683780759238621
2.7799999999999847	0.007460367340281571
2.7899999999999845	0.007242617972264555
2.7999999999999843	0.007030416218203649
2.809999999999984	0.006823647198113834
2.819999999999984	0.006622197593591773
2.8299999999999836	0.006425955651429231
2.8399999999999834	0.0062348111863072125
2.849999999999983	0.006048655582574194
2.859999999999983	0.005867381795149711
2.869999999999983	0.00569088434956448
2.8799999999999826	0.005519059341169016
2.8899999999999824	0.0053518044335315335
2.899999999999982	0.005189018856055276
2.909999999999982	0.0050306034008249165
2.9199999999999817	0.004876460418725779
2.9299999999999815	0.0047264938148414955
2.9399999999999813	0.0045806090431731545
2.949999999999981	0.004438713100673624
2.959999999999981	0.0043007145206581604
2.9699999999999807	0.0041665233655840345
2.9799999999999804	0.004036051219232505
2.9899999999999802	0.003909211178324565
2.99999999999998	0.0037859178435787405
3.00999999999998	0.0036660873102318096
3.0199999999999796	0.0035496371580697635
3.0299999999999794	0.003436486440957452
3.039999999999979	0.0033265556759074096
3.049999999999979	0.0032197668317071573
3.0599999999999787	0.0031160433171189745
3.0699999999999785	0.003015309968685512
3.0799999999999783	0.002917493038135008
3.089999999999978	0.002822520179448236
3.099999999999978	0.0027303204355605616
3.1099999999999777	0.0026408242247524197
3.1199999999999775	0.002553963326728198
3.1299999999999772	0.002469670868413118
3.139999999999977	0.0023878813094735853
3.149999999999977	0.002308530427594851
3.1599999999999766	0.0022315553035191656
3.1699999999999764	0.0021568943058685552
3.179999999999976	0.002084487075766898
3.189999999999976	0.0020142745112804576
3.1999999999999758	0.0019461987516835595
3.2099999999999755	0.0018802031615796466
3.2199999999999753	0.0018162323148790348
3.229999999999975	0.001754231978655391
3.239999999999975	0.0016941490968929028
3.2499999999999747	0.0016359317741424895
3.2599999999999745	0.0015795292590873717
3.2699999999999743	0.0015248919280564678
3.279999999999974	0.0014719712684565036
3.289999999999974	0.0014207198621981082
3.2999999999999736	0.0013710913690592069
3.3099999999999734	0.0013230405100436145
3.319999999999973	0.00127652305073069
3.329999999999973	0.0012314957846228094
3.3399999999999728	0.0011879165165208092
3.3499999999999726	0.001145744045907639
3.3599999999999723	0.001104938150361749
3.369999999999972	0.0010654595690461532
3.379999999999972	0.0010272699862165
3.3899999999999717	0.0009903320147976963
3.3999999999999715	0.0009546091800432326
3.4099999999999713	0.00092006590326147
3.419999999999971	0.0008866674856277198
3.429999999999971	0.0008543800920950464
3.4399999999999706	0.0008231707354035066
3.4499999999999704	0.0007930072601881287
3.45999999999997	0.0007638583272280019
3.46999999999997	0.000735693397747217
3.47999999999997	0.0007084827179510008
3.4899999999999696	0.0006821973035912841
3.4999999999999694	0.0006568089247197273
3.509999999999969	0.0006322900905649384
3.519999999999969	0.0006086140345714579
3.5299999999999687	0.0005857546995810681
3.5399999999999685	0.0005636867231310674
3.5499999999999683	0.0005423854230061382
3.559999999999968	0.0005218267828547508
3.569999999999968	0.0005019874380195942
3.5799999999999677	0.0004828446615271841
3.5899999999999674	0.00046437635024937536
3.5999999999999672	0.0004465610112392926
3.609999999999967	0.00042937774824303095
3.619999999999967	0.0004128062483921974
3.6299999999999666	0.0003968267690814736
3.6399999999999664	0.0003814201249989972
3.649999999999966	0.00036656767540395877
3.659999999999966	0.0003522513115249495
3.6699999999999657	0.00033845344418074834
3.6799999999999655	0.00032515699157740433
3.6899999999999653	0.0003123453673009567
3.699999999999965	0.000300002468489038
3.709999999999965	0.00028811266421072666
3.7199999999999647	0.0002766607839984705
3.7299999999999645	0.00026563210663197557
3.7399999999999642	0.00025501234905330936
3.749999999999964	0.0002447876555046152
3.759999999999964	0.0002349445868403597
3.7699999999999636	0.00022547011004534206
3.7799999999999634	0.00021635158792544072
3.789999999999963	0.00020757676899606903
3.799999999999963	0.00019913377755757905
3.8099999999999627	0.00019101110395460297
3.8199999999999625	0.0001831975950191954
3.8299999999999623	0.00017568244471101956
3.839999999999962	0.00016845518492280786
3.849999999999962	0.00016150567648228538
3.8599999999999617	0.00015482410032857584
3.8699999999999615	0.00014840094886911704
3.8799999999999613	0.00014222701751915576
3.889999999999961	0.00013629339640516916
3.899999999999961	0.00013059146226060848
3.9099999999999606	0.00012511287047707416
3.9199999999999604	0.00011984954733768647
3.92999999999996	0.0001147936824273178
3.93999999999996	0.00010993772116162658
3.9499999999999598	0.0001052743575711352
3.9599999999999596	0.00010079652717541366
3.9699999999999593	0.00009649740000744624
3.979999999999959	0.00009237037388685989
3.989999999999959	0.00008840906775616986
3.9999999999999587	0.00008460731521853988
4.009999999999959	0.00008095915821733413
4.019999999999959	0.00007745884087049711
4.0299999999999585	0.00007410080344863402
4.039999999999958	0.00007087967649714733
4.049999999999958	0.00006779027511608965
4.059999999999958	0.00006482759336151584
4.069999999999958	0.00006198679879879015
4.079999999999957	0.00005926322719375298
4.089999999999957	0.00005665237732970513
4.099999999999957	0.00005414990596341896
4.109999999999957	0.00005175162291026243
4.119999999999957	0.00004945348625495003
4.129999999999956	0.00004725159768839068
4.139999999999956	0.00004514219796821907
4.149999999999956	0.00004312166249871576
4.159999999999956	0.000041186497030657905
4.1699999999999555	0.00003933333347559011
4.179999999999955	0.0000375589258355382
4.189999999999955	0.000035860146242425564
4.199999999999955	0.00003423398110502077
4.209999999999955	0.0000326775273729153
4.2199999999999545	0.000031187988888237564
4.229999999999954	0.000029762672857597205
4.239999999999954	0.000028398986409891253
4.249999999999954	0.00002709443325999669
4.259999999999954	0.000025846610470079255
4.269999999999953	0.000024653205299170343
4.279999999999953	0.000023511992143630807
4.289999999999953	0.00002242082957559497
4.299999999999953	0.00002137765746197852
4.3099999999999525	0.0000203804941708891
4.319999999999952	0.000019427433859523424
4.329999999999952	0.000018516643851625054
4.339999999999952	0.000017646362080404156
4.349999999999952	0.00001681489462407437
4.3599999999999515	0.000016020613306345365
4.369999999999951	0.000015261953377467306
4.379999999999951	0.000014537411262503097
4.389999999999951	0.000013845542382743565
4.399999999999951	0.000013184959044649613
4.40999999999995	0.000012554328395638254
4.41999999999995	0.000011952370444029215
4.42999999999995	0.00001137785614864903
4.43999999999995	0.000010829605543173404
4.4499999999999496	0.000010306485970694798
4.459999999999949	9.807410335745626e-6
4.469999999999949	9.33133540480343e-6
4.479999999999949	8.877260214628673e-6
4.489999999999949	8.444224479560028e-6
4.4999999999999485	8.031307079593795e-6
4.509999999999948	7.637624588450817e-6
4.519999999999948	7.262329859729638e-6
4.529999999999948	6.904610651477008e-6
4.539999999999948	6.563688303058365e-6
4.549999999999947	6.23881645569882e-6
4.559999999999947	5.929279817365548e-6
4.569999999999947	5.634392966462054e-6
4.579999999999947	5.353499206274927e-6
4.589999999999947	5.085969445523783e-6
4.599999999999946	4.831201130065684e-6
4.609999999999946	4.588617206855398e-6
4.619999999999946	4.357665122949747e-6
4.629999999999946	4.137815864880699e-6
4.6399999999999455	3.928563029727994e-6
4.649999999999945	3.7294219242159825e-6
4.659999999999945	3.539928709723103e-6
4.669999999999945	3.3596395566209835e-6
4.679999999999945	3.1881298582113946e-6
4.689999999999944	3.0249934489304494e-6
4.699999999999944	2.869841853803959e-6
4.709999999999944	2.722303585095374e-6
4.719999999999944	2.582023441986297e-6
4.729999999999944	2.4486618387660263e-6
4.739999999999943	2.3218942016062335e-6
4.749999999999943	2.20141028739327e-6
4.759999999999943	2.086913664366782e-6
4.769999999999943	1.978121079094352e-6
4.7799999999999425	1.8747619498223902e-6
4.789999999999942	1.776577792262328e-6
4.799999999999942	1.6833217855995132e-6
4.809999999999942	1.594758193773616e-6
4.819999999999942	1.5106619784437766e-6
4.8299999999999415	1.4308182953797985e-6
4.839999999999941	1.3550220842213947e-6
4.849999999999941	1.283077637082328e-6
4.859999999999941	1.2147982120566954e-6
4.869999999999941	1.1500056416488902e-6
4.87999999999994	1.0885299631923578e-6
4.88999999999994	1.0302090661777104e-6
4.89999999999994	9.74888352061337e-7
4.90999999999994	9.224204060213119e-7
4.9199999999999395	8.72664684273229e-7
4.929999999999939	8.254872128904125e-7
4.939999999999939	7.807602995386358e-7
4.949999999999939	7.383622423029466e-7
4.959999999999939	6.981771054135888e-7
4.9699999999999385	6.600944372042494e-7
4.979999999999938	6.240089984620912e-7
4.989999999999938	5.898205692002597e-7
4.999999999999938	5.574337109416147e-7
5.009999999999938	5.267575513675514e-7
5.019999999999937	4.977055786879754e-7
5.029999999999937	4.7019544382817275e-7
5.039999999999937	4.441487717956508e-7
5.049999999999937	4.1949098045973736e-7
5.0599999999999365	3.9615110996316266e-7
5.069999999999936	3.7406164851457685e-7
5.079999999999936	3.531583793673754e-7
5.089999999999936	3.3338023382854517e-7
5.099999999999936	3.146691378432174e-7
5.1099999999999355	2.969698756366356e-7
5.119999999999935	2.802299562747738e-7
5.129999999999935	2.643994831251334e-7
5.139999999999935	2.4943104267359676e-7
5.149999999999935	2.3527958135356994e-7
5.159999999999934	2.2190228634251776e-7
5.169999999999934	2.092584905947929e-7
5.179999999999934	1.973095675343429e-7
5.189999999999934	1.8601883384170879e-7
5.199999999999934	1.753514568103325e-7
5.209999999999933	1.6527436679605528e-7
5.219999999999933	1.5575616910939387e-7
5.229999999999933	1.4676706651837393e-7
5.239999999999933	1.3827878156188626e-7
5.2499999999999325	1.302644829778636e-7
5.259999999999932	1.2269871438141258e-7
5.269999999999932	1.1555732017252236e-7
5.279999999999932	1.0881740644706144e-7
5.289999999999932	1.024572609382544e-7
5.299999999999931	9.6456280554701e-8