-5.749999999999922	9.740777007372965e-8
-5.739999999999922	1.024372803751378e-7
-5.729999999999922	1.0771832723695211e-7
-5.7199999999999225	1.1326305435543253e-7
-5.709999999999923	1.1908417514562893e-7
-5.699999999999923	1.2519498802571337e-7
-5.689999999999923	1.3160939736032526e-7
-5.679999999999923	1.383419529226064e-7
-5.6699999999999235	1.4540788099414858e-7
-5.659999999999924	1.5282310281919922e-7
-5.649999999999924	1.6060427053253973e-7
-5.639999999999924	1.6876879814518357e-7
-5.629999999999924	1.7733489534068608e-7
-5.619999999999925	1.863216020761868e-7
-5.609999999999925	1.957488239006472e-7
-5.599999999999925	2.0563737033961756e-7
-5.589999999999925	2.160089942551534e-7
-5.5799999999999255	2.2688643208535428e-7
-5.569999999999926	2.3829344888841714e-7
-5.559999999999926	2.502548746292586e-7
-5.549999999999926	2.627966551306484e-7
-5.539999999999926	2.759459060098398e-7
-5.5299999999999265	2.8973095292397477e-7
-5.519999999999927	3.0418138772157627e-7
-5.509999999999927	3.1932811631817854e-7
-5.499999999999927	3.3520342876256474e-7
-5.489999999999927	3.518410481040647e-7
-5.479999999999928	3.692761824970944e-7
-5.469999999999928	3.875456012473295e-7
-5.459999999999928	4.066876954629142e-7
-5.449999999999928	4.267425465137031e-7
-5.4399999999999284	4.477519961950288e-7
-5.429999999999929	4.697597207124641e-7
-5.419999999999929	4.928113067061827e-7
-5.409999999999929	5.16954330567472e-7
-5.399999999999929	5.422384421223874e-7
-5.3899999999999295	5.687154459512689e-7
-5.37999999999993	5.964393975907703e-7
-5.36999999999993	6.254666875629944e-7
-5.35999999999993	6.558561447044526e-7
-5.34999999999993	6.876691319534781e-7
-5.339999999999931	7.209696500702681e-7
-5.329999999999931	7.558244460814074e-7
-5.319999999999931	7.92303123888563e-7
-5.309999999999931	8.304782605690168e-7
-5.299999999999931	8.70425526368992e-7
-5.289999999999932	9.122238101124724e-7
-5.279999999999932	9.559553465677457e-7
-5.269999999999932	1.0017058521312068e-6
-5.259999999999932	1.0495646653246503e-6
-5.2499999999999325	1.0996248894352163e-6
-5.239999999999933	1.1519835429564545e-6
-5.229999999999933	1.2067417150081534e-6
-5.219999999999933	1.2640047268152443e-6
-5.209999999999933	1.3238822985160469e-6
-5.199999999999934	1.3864887226979835e-6
-5.189999999999934	1.4519430439831984e-6
-5.179999999999934	1.5203692452636625e-6
-5.169999999999934	1.5918964402305763e-6
-5.159999999999934	1.6666590756163956e-6
-5.149999999999935	1.744797134666896e-6
-5.139999999999935	1.8264563558904857e-6
-5.129999999999935	1.9117884525068697e-6
-5.119999999999935	2.0009513445030483e-6
-5.1099999999999355	2.094109399195455e-6
-5.099999999999936	2.191433673201902e-6
-5.089999999999936	2.2931021679736564e-6
-5.079999999999936	2.399300107047139e-6
-5.069999999999936	2.510220194284631e-6
-5.0599999999999365	2.6260629174170657e-6
-5.049999999999937	2.747036818523706e-6
-5.039999999999937	2.8733588123305673e-6
-5.029999999999937	3.0052545076386e-6
-5.019999999999937	3.142958515892712e-6
-5.009999999999938	3.2867147978092193e-6
-4.999999999999938	3.43677701739367e-6
-4.989999999999938	3.5934088866975084e-6
-4.979999999999938	3.756884558848497e-6
-4.9699999999999385	3.927489006629488e-6
-4.959999999999939	4.105518405786062e-6
-4.949999999999939	4.291280580827651e-6
-4.939999999999939	4.485095393694634e-6
-4.929999999999939	4.687295210011086e-6
-4.9199999999999395	4.89822534751759e-6
-4.90999999999994	5.118244544520006e-6
-4.89999999999994	5.347725450162033e-6
-4.88999999999994	5.587055127931313e-6
-4.87999999999994	5.8366355673008e-6
-4.869999999999941	6.096884226416968e-6
-4.859999999999941	6.3682345883887695e-6
-4.849999999999941	6.6511367269338235e-6
-4.839999999999941	6.946057895986439e-6
-4.8299999999999415	7.2534831536882095e-6
-4.819999999999942	7.573915968726527e-6
-4.809999999999942	7.907878890201364e-6
-4.799999999999942	8.255914210797429e-6
-4.789999999999942	8.618584657272646e-6
-4.7799999999999425	8.996474102099544e-6
-4.769999999999943	9.390188307419067e-6
-4.759999999999943	9.800355682427844e-6
-4.749999999999943	0.000010227628061944836
-4.739999999999943	0.000010672681520410253
-4.729999999999944	0.000011136217213977167
-4.719999999999944	0.00001161896219690247
-4.709999999999944	0.000012121670369663597
-4.699999999999944	0.000012645123353306263
-4.689999999999944	0.000013190131437360193
-4.679999999999945	0.00001375753455754232
-4.669999999999945	0.000014348203269725388
-4.659999999999945	0.000014963039816103433
-4.649999999999945	0.00001560297916242064
-4.6399999999999455	0.00001626899009925958
-4.629999999999946	0.000016962076354629075
-4.619999999999946	0.00001768327776814799
-4.609999999999946	0.000018433671475042352
-4.599999999999946	0.0000192143731322051
-4.589999999999947	0.0000200265381853467
-4.579999999999947	0.000020871363175456333
-4.569999999999947	0.000021750087063583726
-4.559999999999947	0.00002266399261765375
-4.549999999999947	0.0000236144078281766
-4.539999999999948	0.000024602707359910378
-4.529999999999948	0.000025630314065115992
-4.519999999999948	0.00002669870050762375
-4.509999999999948	0.000027809390558058226
-4.4999999999999485	0.00002896396101770137
-4.489999999999949	0.00003016404329484915
-4.479999999999949	0.00003141132514373728
-4.469999999999949	0.00003270755239732537
-4.459999999999949	0.00003405453082023508
-4.4499999999999496	0.00003545412795874239
-4.43999999999995	0.00003690827506288478
-4.42999999999995	0.00003841896905808905
-4.41999999999995	0.00003998827457391101
-4.40999999999995	0.00004161832600984508
-4.399999999999951	0.00004331132968231804
-4.389999999999951	0.000045069566007408726
-4.379999999999951	0.00004689539175132249
-4.369999999999951	0.000048791242335456946
-4.3599999999999515	0.00005075963420856226
-4.349999999999952	0.00005280316726953999
-4.339999999999952	0.00005492452736116232
-4.329999999999952	0.00005712648883083134
-4.319999999999952	0.000059411917137359416
-4.3099999999999525	0.00006178377154936273
-4.299999999999953	0.00006424510790200884
-4.289999999999953	0.00006679908140736844
-4.279999999999953	0.00006944894955895546
-4.269999999999953	0.00007219807509704168
-4.259999999999954	0.0000750499290385937
-4.249999999999954	0.00007800809379621394
-4.239999999999954	0.00008107626636625756
-4.229999999999954	0.00008425826159083941
-4.2199999999999545	0.00008755801549894904
-4.209999999999955	0.00009097958873751153
-4.199999999999955	0.00009452717006695868
-4.189999999999955	0.00009820507994489186
-4.179999999999955	0.00010201777420269819
-4.1699999999999555	0.0001059698477982199
-4.159999999999956	0.00011006603864432517
-4.149999999999956	0.00011431123155675875
-4.139999999999956	0.0001187104622572808
-4.129999999999956	0.0001232689214754339
-4.119999999999957	0.00012799195916480998
-4.109999999999957	0.0001328850887883708
-4.099999999999957	0.00013795399168487003
-4.089999999999957	0.0001432045215822218
-4.079999999999957	0.000148642709156596
-4.069999999999958	0.00015427476670797947
-4.059999999999958	0.00016010709294746737
-4.049999999999958	0.0001661462778620585
-4.039999999999958	0.00017239910770840012
-4.0299999999999585	0.0001788725700753341
-4.019999999999959	0.00018557385908989535
-4.009999999999959	0.00019251038068827597
-3.9999999999999587	0.00019968975804082522
-3.989999999999959	0.00020711983704016694
-3.979999999999959	0.00021480869191992886
-3.9699999999999593	0.00022276463098698252
-3.9599999999999596	0.00023099620246027402
-3.9499999999999598	0.00023951220041013398
-3.93999999999996	0.0002483216708329795
-3.92999999999996	0.00025743391782755316
-3.9199999999999604	0.0002668585098838923
-3.9099999999999606	0.0002766052862924856
-3.899999999999961	0.0002866843636827207
-3.889999999999961	0.0002971061426527889
-3.8799999999999613	0.00030788131453711833
-3.8699999999999615	0.0003190208682948997
-3.8599999999999617	0.0003305360975111898
-3.849999999999962	0.0003424386075092034
-3.839999999999962	0.00035474032261515023
-3.8299999999999623	0.00036745349350964115
-3.8199999999999625	0.00038059070471829423
-3.8099999999999627	0.00039416488223364255
-3.799999999999963	0.0004081893012408691
-3.789999999999963	0.0004226775939734128
-3.7799999999999634	0.00043764375770372977
-3.7699999999999636	0.00045310216284415725
-3.759999999999964	0.00046906756116954653
-3.749999999999964	0.0004855550941840489
-3.7399999999999642	0.0005025803015800071
-3.7299999999999645	0.0005201591298494003
-3.7199999999999647	0.000538307941000624
-3.709999999999965	0.0005570435214082871
-3.699999999999965	0.0005763830907680485
-3.6899999999999653	0.0005963443111962686
-3.6799999999999655	0.0006169452964389113
-3.6699999999999657	0.0006382046211942094
-3.659999999999966	0.0006601413305636806
-3.649999999999966	0.0006827749496239499
-3.6399999999999664	0.000706125493100137
-3.6299999999999666	0.0007302134751739056
-3.619999999999967	0.0007550599194007377
-3.609999999999967	0.0007806863687243619
-3.5999999999999672	0.0008071148956225625
-3.5899999999999674	0.0008343681123651233
-3.5799999999999677	0.0008624691813571852
-3.569999999999968	0.0008914418255945334
-3.559999999999968	0.0009213103392546324
-3.5499999999999683	0.0009520995983471998
-3.5399999999999685	0.0009838350714806304
-3.5299999999999687	0.0010165428307303945
-3.519999999999969	0.001050249562599643
-3.509999999999969	0.0010849825790423485
-3.4999999999999694	0.0011207698286399422
-3.4899999999999696	0.001157639907792263
-3.47999999999997	0.0011956220720194292
-3.46999999999997	0.001234746247357191
-3.45999999999997	0.0012750430417977137
-3.4499999999999704	0.0013165437568122315
-3.4399999999999706	0.0013592803989500891
-3.429999999999971	0.0014032856914825852
-3.419999999999971	0.0014485930861107602
-3.4099999999999713	0.0014952367747262684
-3.3999999999999715	0.0015432517012358656
-3.3899999999999717	0.0015926735733812428
-3.379999999999972	0.001643538874655726
-3.369999999999972	0.0016958848762177062
-3.3599999999999723	0.0017497496488352562
-3.3499999999999726	0.0018051720748533567
-3.3399999999999728	0.0018621918601884175
-3.329999999999973	0.0019208495463094903
-3.319999999999973	0.0019811865222292904
-3.3099999999999734	0.0020432450365067746
-3.2999999999999736	0.0021070682092076596
-3.289999999999974	0.0021727000438705787
-3.279999999999974	0.0022401854394473596
-3.2699999999999743	0.002309570202184566
-3.2599999999999745	0.0023809010574898067
-3.2499999999999747	0.0024542256617423788
-3.239999999999975	0.0025295926140319566
-3.229999999999975	0.0026070514678432563
-3.2199999999999753	0.0026866527426765595
-3.2099999999999755	0.002768447935556051
-3.1999999999999758	0.0028524895324617697
-3.189999999999976	0.002938831019667527
-3.179999999999976	0.003027526894948517
-3.1699999999999764	0.003118632678667509
-3.1599999999999766	0.003212204924749013
-3.149999999999977	0.0033083012314893746
-3.139999999999977	0.0034069802522133956
-3.1299999999999772	0.0035083017057895532
-3.1199999999999775	0.0036123263869465285
-3.1099999999999777	0.003719116176400895
-3.099999999999978	0.0038287340508123763
-3.089999999999978	0.003941244092507933
-3.0799999999999783	0.004056711498975506
-3.0699999999999785	0.004175202592153551
-3.0599999999999787	0.00429678482745294
-3.049999999999979	0.0044215268025140034
-3.039999999999979	0.004549498265703762
-3.0299999999999794	0.004680770124336655
-3.0199999999999796	0.004815414452558767
-3.00999999999998	0.004953504498963531
-2.99999999999998	0.005095114693858711
-2.9899999999999802	0.005240320656184616
-2.9799999999999804	0.005389199200098407
-2.9699999999999807	0.005541828341186085
-2.959999999999981	0.005698287302268422
-2.949999999999981	0.005858656518835753
-2.9399999999999813	0.006023017644063248
-2.9299999999999815	0.006191453553381189
-2.9199999999999817	0.006364048348617097
-2.909999999999982	0.006540887361688997
-2.899999999999982	0.006722057157795874
-2.8899999999999824	0.0069076455381322545
-2.8799999999999826	0.007097741542131788
-2.869999999999983	0.007292435449063251
-2.859999999999983	0.007491818779291378
-2.849999999999983	0.007695984294804028
-2.8399999999999834	0.007905025999251063
-2.8299999999999836	0.008119039137366136
-2.819999999999984	0.008338120193818585
-2.809999999999984	0.008562366891410867
-2.7999999999999843	0.008791878188643618
-2.7899999999999845	0.009026754276651696
-2.7799999999999847	0.00926709657544373
-2.769999999999985	0.009513007729448157
-2.759999999999985	0.009764591602411988
-2.7499999999999853	0.010021953271438722
-2.7399999999999856	0.010285199020501894
-2.7299999999999858	0.010554436333013856
-2.719999999999986	0.010829773883713987
-2.709999999999986	0.01111132152973204
-2.6999999999999864	0.011399190300875632
-2.6899999999999866	0.011693492389083404
-2.679999999999987	0.011994341137019773
-2.669999999999987	0.012301851025847056
-2.6599999999999873	0.012616137662112701
-2.6499999999999875	0.012937317763733814
-2.6399999999999877	0.013265509145095599
-2.629999999999988	0.013600830701237344
-2.619999999999988	0.013943402391069773
-2.6099999999999883	0.014293345219674809
-2.5999999999999885	0.014650781219626373
-2.5899999999999888	0.015015833431326222
-2.579999999999989	0.015388625882341597
-2.569999999999989	0.015769283565754504
-2.5599999999999894	0.016157932417450636
-2.5499999999999896	0.01655469929238869
-2.53999999999999	0.016959711939825702
-2.52999999999999	0.017373098977461143
-2.5199999999999902	0.017794989864495285
-2.5099999999999905	0.018225514873619335
-2.4999999999999907	0.0186648050618879
-2.489999999999991	0.019112992240475447
-2.479999999999991	0.019570208943303725
-2.4699999999999913	0.020036588394542258
-2.4599999999999915	0.020512264474937515
-2.4499999999999917	0.020997371687021506
-2.439999999999992	0.021492045119118713
-2.429999999999992	0.02199642040818474
-2.4199999999999924	0.022510633701477753
-2.4099999999999926	0.023034821617022732
-2.399999999999993	0.02356912120286241
-2.389999999999993	0.024113669895137257
-2.3799999999999932	0.024668605474934754
-2.3699999999999934	0.025234066023904732
-2.3599999999999937	0.025810189878688557
-2.349999999999994	0.026397115584108885
-2.339999999999994	0.026994981845115652
-2.3299999999999943	0.02760392747752028
-2.3199999999999945	0.028224091357507062
-2.3099999999999947	0.028855612369877978
-2.299999999999995	0.029498629355095916
-2.289999999999995	0.0301532810550963
-2.2799999999999954	0.030819706057846227
-2.2699999999999956	0.0314980427406919
-2.259999999999996	0.03218842921248183
-2.249999999999996	0.03289100325452094
-2.239999999999996	0.03360590226015742
-2.2299999999999964	0.03433326317335637
-2.2199999999999966	0.03507322242594742
-2.209999999999997	0.03582591587371507
-2.199999999999997	0.03659147873133036
-2.1899999999999973	0.03737004550607134
-2.1799999999999975	0.03816174993039896
-2.1699999999999977	0.038966724893400834
-2.159999999999998	0.03978510237107563
-2.149999999999998	0.04061701335549573
-2.1399999999999983	0.04146258778289776
-2.1299999999999986	0.04232195446064872
-2.1199999999999988	0.04319524099312911
-2.109999999999999	0.04408257370668278
-2.099999999999999	0.0449840775733232
-2.0899999999999994	0.04589987613360536
-2.0799999999999996	0.04683009141845362
-2.07	0.04777484387002095
-2.06	0.04873425226158879
-2.0500000000000003	0.049708433616590934
-2.0400000000000005	0.050697503126732
-2.0300000000000007	0.051701574069231905
-2.020000000000001	0.05272075772325793
-2.010000000000001	0.05375516328556647
-2.0000000000000013	0.05480489778533796
-1.9900000000000015	0.05587006599831559
-1.9800000000000015	0.056950770360239454
-1.9700000000000015	0.05804711087958134
-1.9600000000000015	0.05915918504968478
-1.9500000000000015	0.06028708776031759
-1.9400000000000015	0.06143091120863319
-1.9300000000000015	0.06259074480965114
-1.9200000000000015	0.06376667510627157
-1.9100000000000015	0.06495878567883473
-1.9000000000000015	0.06616715705430631
-1.8900000000000015	0.06739186661514732
-1.8800000000000014	0.06863298850784959
-1.8700000000000014	0.0698905935512406
-1.8600000000000014	0.0711647491446128
-1.8500000000000014	0.0724555191756643
-1.8400000000000014	0.0737629639283515
-1.8300000000000014	0.07508713999072501
-1.8200000000000014	0.07642810016273249
-1.8100000000000014	0.07778589336407965
-1.8000000000000014	0.07916056454223167
-1.7900000000000014	0.08055215458060809
-1.7800000000000014	0.08196070020687367
-1.7700000000000014	0.08338623390167277
-1.7600000000000013	0.08482878380761683
-1.7500000000000013	0.08628837363867012
-1.7400000000000013	0.08776502259003562
-1.7300000000000013	0.08925874524853875
-1.7200000000000013	0.09076955150358172
-1.7100000000000013	0.0922974464587641
-1.7000000000000013	0.09384243034422446
-1.6900000000000013	0.09540449842970312
-1.6800000000000013	0.09698364093849596
-1.6700000000000013	0.09857984296230222
-1.6600000000000013	0.10019308437700318
-1.6500000000000012	0.10182333975949992
-1.6400000000000012	0.10347057830573883
-1.6300000000000012	0.10513476374969426
-1.6200000000000012	0.10681585428380426
-1.6100000000000012	0.1085138024806145
-1.6000000000000012	0.11022855521579251
-1.5900000000000012	0.1119600535926037
-1.5800000000000012	0.11370823286791866
-1.5700000000000012	0.11547302237975582
-1.5600000000000012	0.11725434547649934
-1.5500000000000012	0.11905211944786227
-1.5400000000000011	0.12086625545759189
-1.5300000000000011	0.12269665847804959
-1.5200000000000011	0.1245432272267543
-1.5100000000000011	0.12640585410488023
-1.500000000000001	0.12828442513782354
-1.490000000000001	0.13017881991794794
-1.480000000000001	0.1320889115494912
-1.470000000000001	0.1340145665957436
-1.460000000000001	0.13595564502860488
-1.450000000000001	0.13791200018051922
-1.440000000000001	0.13988347869886728
-1.430000000000001	0.1418699205029519
-1.420000000000001	0.1438711587435535
-1.410000000000001	0.14588701976513627
-1.400000000000001	0.14791732307084055
-1.390000000000001	0.149961881290248
-1.380000000000001	0.15202050014997429
-1.370000000000001	0.1540929784472396
-1.360000000000001	0.15617910802639237
-1.350000000000001	0.15827867375845536
-1.340000000000001	0.16039145352380085
-1.330000000000001	0.1625172181979819
-1.320000000000001	0.16465573164072939
-1.310000000000001	0.1668067506882567
-1.300000000000001	0.16897002514888523
-1.290000000000001	0.17114529780198784
-1.280000000000001	0.17333230440039063
-1.270000000000001	0.17553077367625683
-1.260000000000001	0.1777404273504239
-1.2500000000000009	0.17996098014532858
-1.2400000000000009	0.18219213980156357
-1.2300000000000009	0.1844336070980091
-1.2200000000000009	0.1866850758756724
-1.2100000000000009	0.18894623306527228
-1.2000000000000008	0.1912167587185314
-1.1900000000000008	0.19349632604325212
-1.1800000000000008	0.19578460144225987
-1.1700000000000008	0.19808124455612797
-1.1600000000000008	0.20038590830978784
-1.1500000000000008	0.20269823896306557
-1.1400000000000008	0.20501787616510328
-1.1300000000000008	0.20734445301269208
-1.1200000000000008	0.20967759611262451
-1.1100000000000008	0.21201692564796662
-1.1000000000000008	0.21436205544828424
-1.0900000000000007	0.21671259306392063
-1.0800000000000007	0.2190681398442331
-1.0700000000000007	0.22142829101979553
-1.0600000000000007	0.22379263578866437
-1.0500000000000007	0.22616075740661062
-1.0400000000000007	0.2285322332813165
-1.0300000000000007	0.2309066350706125
-1.0200000000000007	0.233283528784679
-1.0100000000000007	0.23566247489215736
-1.0000000000000007	0.2380430284302756
-0.9900000000000007	0.2404247391189019
-0.9800000000000006	0.24280715147843884
-0.9700000000000006	0.24518980495166673
-0.9600000000000006	0.2475722340294559
-0.9500000000000006	0.2499539683802351
-0.9400000000000006	0.25233453298330133
-0.9300000000000006	0.2547134482659156
-0.9200000000000006	0.25709023024404226
-0.9100000000000006	0.25946439066680604
-0.9000000000000006	0.2618354371646188
-0.8900000000000006	0.2642028734022243
-0.8800000000000006	0.2665661992281602
-0.8700000000000006	0.2689249108422055
-0.8600000000000005	0.2712785009515509
-0.8500000000000005	0.2736264589377303
-0.8400000000000005	0.2759682710254325
-0.8300000000000005	0.27830342045446005
-0.8200000000000005	0.28063138765484585
-0.8100000000000005	0.28295165042515125
-0.8000000000000005	0.2852636841137001
-0.7900000000000005	0.2875669618027385
-0.7800000000000005	0.28986095449553567
-0.7700000000000005	0.29214513130620273
-0.7600000000000005	0.29441895965215215
-0.7500000000000004	0.2966819054492739
-0.7400000000000004	0.29893343330955396
-0.7300000000000004	0.3011730067410285
-0.7200000000000004	0.3034000883502088
-0.7100000000000004	0.30561414004674936
-0.7000000000000004	0.307814623249909
-0.6900000000000004	0.31000099909746875
-0.6800000000000004	0.31217272865626633
-0.6700000000000004	0.31432927313453096
-0.6600000000000004	0.3164700940961793
-0.6500000000000004	0.31859465367632545
-0.6400000000000003	0.3207024147985203
-0.6300000000000003	0.3227928413932167
-0.6200000000000003	0.32486539861748526
-0.6100000000000003	0.32691955307579706
-0.6000000000000003	0.3289547730419004
-0.5900000000000003	0.3309705286814603
-0.5800000000000003	0.3329662922754179
-0.5700000000000003	0.3349415384440539
-0.5600000000000003	0.33689574437147285
-0.5500000000000003	0.33882839003038495
-0.5400000000000003	0.34073895840720847
-0.5300000000000002	0.34262693572721276
-0.5200000000000002	0.34449181167956405
-0.5100000000000002	0.3463330796422689
-0.5000000000000002	0.348150236906781
-0.49000000000000027	0.34994278490209296
-0.48000000000000026	0.3517102294183145
-0.47000000000000025	0.3534520808295156
-0.46000000000000024	0.3551678543156364
-0.45000000000000023	0.3568570700834663
-0.4400000000000002	0.35851925358649095
-0.4300000000000002	0.3601539357433874
-0.4200000000000002	0.36176065315515504
-0.4100000000000002	0.36333894832072117
-0.4000000000000002	0.3648883698507772
-0.3900000000000002	0.36640847267982724
-0.38000000000000017	0.36789881827629717
-0.37000000000000016	0.36935897485048513
-0.36000000000000015	0.37078851756028963
-0.35000000000000014	0.37218702871460935
-0.34000000000000014	0.3735540979741666
-0.3300000000000001	0.37488932254970686
-0.3200000000000001	0.37619230739747234
-0.3100000000000001	0.3774626654117098
-0.3000000000000001	0.3787000176141431
-0.2900000000000001	0.37990399334024577
-0.2800000000000001	0.38107423042267696
-0.2700000000000001	0.3822103753702628
-0.26000000000000006	0.38331208354453317
-0.25000000000000006	0.38437901933204066
-0.24000000000000007	0.38541085631297956
-0.23000000000000007	0.38640727742596714
-0.22000000000000006	0.3873679751287833
-0.21000000000000005	0.3882926515549556
-0.20000000000000004	0.3891810186661672
-0.19000000000000003	0.39003279840029875
-0.18000000000000002	0.39084772281498403
-0.17	0.3916255342266692
-0.16	0.39236598534501066
-0.15	0.39306883940247767
-0.13999999999999999	0.39373387027916384
-0.12999999999999998	0.3943608626226614
-0.11999999999999998	0.3949496119628795
-0.10999999999999999	0.39549992482177837
-0.09999999999999999	0.3960116188179381
-0.09	0.3964845227658087
-0.08	0.3969184767696573
-0.07	0.39731333231210886
-0.060000000000000005	0.3976689523371761
-0.05	0.39798521132775966
-0.04	0.3982619953775757
-0.03	0.3984992022573759
-0.02	0.3986967414754652
-0.01	0.39885453433249873
0	0.3989725139704259
0.01	0.3990506254155857
0.02	0.39908882561597003
0.03	0.3990870834725192
0.04	0.3990453798644772
0.05	0.398963707668814
0.060000000000000005	0.3988420717736235
0.07	0.3986804890855032
0.08	0.3984789885309616
0.09	0.3982376110517688
0.09999999999999999	0.39795640959425493
0.10999999999999999	0.39763544909263077
0.11999999999999998	0.39727480644625507
0.12999999999999998	0.396874570490869
0.13999999999999999	0.3964348419638561
0.15	0.39595573346352186
0.16	0.39543736940236446
0.17	0.3948798859544599
0.18000000000000002	0.39428343099691526
0.19000000000000003	0.39364816404544833
0.20000000000000004	0.39297425618413084
0.21000000000000005	0.39226188998936823
0.22000000000000006	0.3915112594480836
0.23000000000000007	0.390722569870242
0.24000000000000007	0.38989603779574605
0.25000000000000006	0.38903189089570783
0.26000000000000006	0.38813036786822736
0.2700000000000001	0.3871917183287426
0.2800000000000001	0.3862162026949483
0.2900000000000001	0.3852040920664317
0.3000000000000001	0.3841556680990991
0.3100000000000001	0.38307122287441575
0.3200000000000001	0.3819510587635924
0.3300000000000001	0.38079548828682475
0.34000000000000014	0.379604833967617
0.35000000000000014	0.3783794281823152
0.36000000000000015	0.37711961300499025
0.37000000000000016	0.3758257400476947
0.38000000000000017	0.3744981702962319
0.3900000000000002	0.37313727394159
0.4000000000000002	0.3717434302070813
0.4100000000000002	0.3703170271713147
0.4200000000000002	0.36885846158717656
0.4300000000000002	0.3673681386968691
0.4400000000000002	0.3658464720431411
0.45000000000000023	0.36429388327687473
0.46000000000000024	0.36271080196112077
0.47000000000000025	0.36109766537176546
0.48000000000000026	0.35945491829456483
0.49000000000000027	0.3577830128197766
0.5000000000000002	0.35608240813299724
0.5100000000000002	0.3543535703035018
0.5200000000000002	0.3525969720697861
0.5300000000000002	0.3508130926224533
0.5400000000000003	0.34900241738466886
0.5500000000000003	0.3471654377902983
0.5600000000000003	0.3453026510598276
0.5700000000000003	0.3434145599742685
0.5800000000000003	0.3415016726471882
0.5900000000000003	0.33956450229495677
0.6000000000000003	0.3376035670054109
0.6100000000000003	0.335619389505086
0.6200000000000003	0.333612496925108
0.6300000000000003	0.33158342056594026
0.6400000000000003	0.32953269566114807
0.6500000000000004	0.3274608611402668
0.6600000000000004	0.32536845939096515
0.6700000000000004	0.32325603602067526
0.6800000000000004	0.3211241396177687
0.6900000000000004	0.3189733215124798
0.7000000000000004	0.31680413553771075
0.7100000000000004	0.31461713778986583
0.7200000000000004	0.31241288638982717
0.7300000000000004	0.31019194124428856
0.7400000000000004	0.3079548638075219
0.7500000000000004	0.30570221684374493
0.7600000000000005	0.3034345641902378
0.7700000000000005	0.3011524705213612
0.7800000000000005	0.2988565011135497
0.7900000000000005	0.29654722161151886
0.8000000000000005	0.2942251977957361
0.8100000000000005	0.2918909953513259
0.8200000000000005	0.28954517963853615
0.8300000000000005	0.2871883154649152
0.8400000000000005	0.28482096685927455
0.8500000000000005	0.2824436968476216
0.8600000000000005	0.28005706723117046
0.8700000000000006	0.2776616383665122
0.8800000000000006	0.2752579689481223
0.8900000000000006	0.2728466157933015
0.9000000000000006	0.27042813362963375
0.9100000000000006	0.26800307488510816
0.9200000000000006	0.26557198948102895
0.9300000000000006	0.2631354246277548
0.9400000000000006	0.2606939246234277
0.9500000000000006	0.25824803065579754
0.9600000000000006	0.2557982806071846
0.9700000000000006	0.25334520886271583
0.9800000000000006	0.2508893461219446
0.9900000000000007	0.2484312192138839
1.0000000000000007	0.24597135091558373
1.0100000000000007	0.24351025977432914
1.0200000000000007	0.24104845993352553
1.0300000000000007	0.23858646096198322
1.0400000000000007	0.2361247676888405
1.0500000000000007	0.23366388003885283
1.0600000000000007	0.2312042928751618
1.0700000000000007	0.22874649584437334
1.0800000000000007	0.2262909732260736
1.0900000000000007	0.22383820378647207
1.1000000000000008	0.22138866063628646
1.1100000000000008	0.21894281109286254
1.1200000000000008	0.21650111654657347
1.1300000000000008	0.2140640323315838
1.1400000000000008	0.21163200760098513
1.1500000000000008	0.2092054852063189
1.1600000000000008	0.20678490158156662
1.1700000000000008	0.20437068663160352
1.1800000000000008	0.2019632636251258
1.1900000000000008	0.19956304909211686
1.2000000000000008	0.19717045272583153
1.2100000000000009	0.19478587728932092
1.2200000000000009	0.19240971852651
1.2300000000000009	0.19004236507753955
1.2400000000000009	0.18768419840024836
1.2500000000000009	0.1853355926929947
1.260000000000001	0.18299691482530994
1.270000000000001	0.18066852427145133
1.280000000000001	0.178350773048835
1.290000000000001	0.17604400566101447
1.300000000000001	0.17374855904515712
1.310000000000001	0.17146476252402434
1.320000000000001	0.16919293776243932
1.330000000000001	0.16693339872819762
1.340000000000001	0.16468645165738652
1.350000000000001	0.1624523950241324
1.360000000000001	0.16023151951467993
1.370000000000001	0.15802410800579586
1.380000000000001	0.15583043554746595
1.390000000000001	0.15365076934984415
1.400000000000001	0.1514853687743645
1.410000000000001	0.14933448532904692
1.420000000000001	0.14719836266788536
1.430000000000001	0.14507723659427615
1.440000000000001	0.14297133506847085
1.450000000000001	0.14088087821895962
1.460000000000001	0.1388060783577235
1.470000000000001	0.1367471399993308
1.480000000000001	0.13470425988379792
1.490000000000001	0.13267762700311944
1.500000000000001	0.13066742263146244
1.5100000000000011	0.12867382035891015
1.5200000000000011	0.12669698612870137
1.5300000000000011	0.12473707827789086
1.5400000000000011	0.12279424758138081
1.5500000000000012	0.12086863729920198
1.5600000000000012	0.11896038322701478
1.5700000000000012	0.11706961374973983
1.5800000000000012	0.11519644989823206
1.5900000000000012	0.11334100540891139
1.6000000000000012	0.11150338678631971
1.6100000000000012	0.10968369336844899
1.6200000000000012	0.1078820173948117
1.6300000000000012	0.10609844407717237
1.6400000000000012	0.10433305167282021
1.6500000000000012	0.10258591156031996
1.6600000000000013	0.10085708831767899
1.6700000000000013	0.09914663980280487
1.6800000000000013	0.0974546172361843
1.6900000000000013	0.0957810652857216
1.7000000000000013	0.09412602215363305
1.7100000000000013	0.09248951966520612
1.7200000000000013	0.0908715833596515
1.7300000000000013	0.08927223258254469
1.7400000000000013	0.08769148058007016
1.7500000000000013	0.08612933459488163
1.7600000000000013	0.08458579596348693
1.7700000000000014	0.08306086021508491
1.7800000000000014	0.08155451717177901
1.7900000000000014	0.08006675105008378
1.8000000000000014	0.07859754056353094
1.8100000000000014	0.07714685902657989
1.8200000000000014	0.07571467445937634
1.8300000000000014	0.07430094969353987
1.8400000000000014	0.07290564247881128
1.8500000000000014	0.07152870559047018
1.8600000000000014	0.07017008693747008
1.8700000000000014	0.06882972967118033
1.8800000000000014	0.06750757229469445
1.8900000000000015	0.06620354877259127
1.9000000000000015	0.06491758864108059
1.9100000000000015	0.06364961711849325
1.9200000000000015	0.062399555215979244
1.9300000000000015	0.06116731984838639
1.9400000000000015	0.05995282394524475
1.9500000000000015	0.05875597656175491
1.9600000000000015	0.057576682989743756
1.9700000000000015	0.05641484486850558
1.9800000000000015	0.05527036029545711
1.9900000000000015	0.05414312393654301
2.0000000000000013	0.05303302713634577
2.010000000000001	0.0519399580278014
2.020000000000001	0.050863801641490416
2.0300000000000007	0.04980444001443146
2.0400000000000005	0.048761752298318736
2.0500000000000003	0.047735614867147204
2.06	0.04672590142417825
2.07	0.045732483108172683
2.0799999999999996	0.044755228598857645
2.0899999999999994	0.04379400422157131
2.099999999999999	0.04284867405102753
2.109999999999999	0.04191910001416531
2.1199999999999988	0.041005141992025894
2.1299999999999986	0.04010665792062823
2.1399999999999983	0.03922350389079657
2.149999999999998	0.038355534246801874
2.159999999999998	0.03750260168407451
2.1699999999999977	0.03666455734552571
2.1799999999999975	0.035841250916775313
2.1899999999999973	0.03503253072011531
2.199999999999997	0.034238243807189636
2.209999999999997	0.033458236050366505
2.2199999999999966	0.032692352232788276
2.2299999999999964	0.031940436137032485
2.239999999999996	0.03120233063239352
2.249999999999996	0.030477877760752982
2.259999999999996	0.029766918820993343
2.2699999999999956	0.02906929445195933
2.2799999999999954	0.028384844713938335
2.289999999999995	0.027713409168647552
2.299999999999995	0.027054826957620084
2.3099999999999947	0.02640893687923395
2.3199999999999945	0.025775577464010758
2.3299999999999943	0.02515458704844323
2.339999999999994	0.02454580384723113
2.349999999999994	0.023949066023933437
2.3599999999999937	0.023364211760029646
2.3699999999999934	0.02279107932237518
2.3799999999999932	0.022229507129066732
2.389999999999993	0.021679333813677225
2.399999999999993	0.021140398287891184
2.4099999999999926	0.02061253980252324
2.4199999999999924	0.020095598006914652
2.429999999999992	0.019589413006715618
2.439999999999992	0.01909382542006314
2.4499999999999917	0.018608676432125763
2.4599999999999915	0.018133807848063208
2.4699999999999913	0.01766906214437007
2.479999999999991	0.017214282518622726
2.489999999999991	0.01676931293764073
2.4999999999999907	0.016333998184065977
2.5099999999999905	0.015908183901363577
2.5199999999999902	0.015491716637264707
2.52999999999999	0.015084443885654877
2.53999999999999	0.014686214126924297
2.5499999999999896	0.014296876866781149
2.5599999999999894	0.013916282673568868
2.569999999999989	0.013544283214060187
2.579999999999989	0.01318073128778215
2.5899999999999888	0.012825480859865143
2.5999999999999885	0.012478387092437718
2.6099999999999883	0.012139306374588684
2.619999999999988	0.011808096350880593
2.629999999999988	0.011484615948588007
2.6399999999999877	0.011168725403312313
2.6499999999999875	0.010860286283473297
2.6599999999999873	0.010559161513336385
2.669999999999987	0.0102652153947242
2.679999999999987	0.009978313627533745
2.6899999999999866	0.009698323328752624
2.6999999999999864	0.009425113050438761
2.709999999999986	0.009158552796352682
2.719999999999986	0.008898514037396943
2.7299999999999858	0.00864486972586501
2.7399999999999856	0.008397494308518053
2.7499999999999853	0.008156263738526187
2.759999999999985	0.007921055486269027
2.769999999999985	0.00769174854905738
2.7799999999999847	0.007468223459769322
2.7899999999999845	0.007250362294434455
2.7999999999999843	0.007038048678796757
2.809999999999984	0.006831167793876326
2.819999999999984	0.006629606380537252
2.8299999999999836	0.0064332527431239
2.8399999999999834	0.006241996752151241
2.849999999999983	0.006055729846095232
2.859999999999983	0.00587434503229743
2.869999999999983	0.0056977368870259285
2.8799999999999826	0.005525801554688917
2.8899999999999824	0.0053584367462388705
2.899999999999982	0.005195541736813952
2.909999999999982	0.0050370173625912265
2.9199999999999817	0.0048827660169234646
2.9299999999999815	0.004732691645753828
2.9399999999999813	0.004586699742348106
2.949999999999981	0.0044446973413511245
2.959999999999981	0.004306593012212585
2.9699999999999807	0.004172296851991718
2.9799999999999804	0.004041720477549382
2.9899999999999802	0.003914777017195269
2.99999999999998	0.003791381101758449
3.00999999999998	0.00367144885513838
3.0199999999999796	0.003554897884352015
3.0299999999999794	0.0034416472690886133
3.039999999999979	0.0033316175508035983
3.049999999999979	0.003224730721367646
3.0599999999999787	0.003120910211296145
3.0699999999999785	0.0030200808775675916
3.0799999999999783	0.0029221689910718177
3.089999999999978	0.0028271022236880865
3.099999999999978	0.0027348096350188283
3.1099999999999777	0.0026452216588046876
3.1199999999999775	0.0025582700890357853
3.1299999999999772	0.002473888065759933
3.139999999999977	0.002392010060649877
3.149999999999977	0.0023125718622922006
3.1599999999999766	0.002235510561258632
3.1699999999999764	0.0021607645349551916
3.179999999999976	0.0020882734322692493
3.189999999999976	0.0020179781580441955
3.1999999999999758	0.0019498208573602075
3.2099999999999755	0.0018837448996915868
3.2199999999999753	0.0018196948629094134
3.229999999999975	0.0017576165171618236
3.239999999999975	0.001697456808651542
3.2499999999999747	0.0016391638433162564
3.2599999999999745	0.0015826868704216918
3.2699999999999743	0.0015279762661009261
3.279999999999974	0.0014749835168116024
3.289999999999974	0.0014236612027901613
3.2999999999999736	0.0013739629814377879
3.3099999999999734	0.0013258435707079862
3.319999999999973	0.0012792587324734176
3.329999999999973	0.0012341652559133766
3.3399999999999728	0.0011905209408944412
3.3499999999999726	0.0011482845813933662
3.3599999999999723	0.001107415948927932
3.369999999999972	0.0010678757760712104
3.379999999999972	0.0010296257399764507
3.3899999999999717	0.0009926284459908792
3.3999999999999715	0.0009568474113228266
3.4099999999999713	0.0009222470487964449
3.419999999999971	0.0008887926506864397
3.429999999999971	0.0008564503726479124
3.4399999999999706	0.0008251872177450278
3.4499999999999704	0.0007949710205863362
3.45999999999997	0.0007657704315706654
3.46999999999997	0.0007375549012692006
3.47999999999997	0.0007102946648971506
3.4899999999999696	0.0006839607269514481
3.4999999999999694	0.0006585248459706758
3.509999999999969	0.0006339595194292118
3.519999999999969	0.0006102379687907958
3.5299999999999687	0.0005873341246983293
3.5399999999999685	0.0005652226123411465
3.5499999999999683	0.0005438787369400364
3.559999999999968	0.0005232784694375816
3.569999999999968	0.0005033984323226925
3.5799999999999677	0.0004842158856451598
3.5899999999999674	0.0004657087131846679
3.5999999999999672	0.00044785540880193093
3.609999999999967	0.00043063506296664016
3.619999999999967	0.00041402734946091656
3.6299999999999666	0.0003980125122600167
3.6399999999999664	0.00038257135261154116
3.649999999999966	0.0003676852162731785
3.659999999999966	0.0003533359809573043
3.6699999999999657	0.00033950604395158217
3.6799999999999655	0.0003261783099305524
3.6899999999999653	0.00031333617895346337
3.699999999999965	0.0003009635346532363
3.709999999999965	0.000289044732611581
3.7199999999999647	0.000277564588932637
3.7299999999999645	0.0002665083689900191
3.7399999999999642	0.0002558617763829926
3.749999999999964	0.00024561094206960836
3.759999999999964	0.00023574241369167496
3.7699999999999636	0.00022624314509687827
3.7799999999999634	0.00021710048603735166
3.789999999999963	0.00020830217206564098
3.799999999999963	0.00019983631461408647
3.8099999999999627	0.00019169139126208243
3.8199999999999625	0.00018385623618634247
3.8299999999999623	0.0001763200308006265
3.839999999999962	0.00016907229457267545
3.849999999999962	0.0001621028760270912
3.8599999999999617	0.00015540194392747186
3.8699999999999615	0.00014895997864098059
3.8799999999999613	0.00014276776366511817
3.889999999999961	0.00013681637736479647
3.899999999999961	0.00013109718483772983
3.9099999999999606	0.00012560182999512992
3.9199999999999604	0.00012032222778629433
3.92999999999996	0.00011525055659919013
3.93999999999996	0.00011037925084089017
3.9499999999999598	0.00010570099365510458
3.9599999999999596	0.00010120870982778337
3.9699999999999593	0.00009689555885549737
3.979999999999959	0.00009275492814406387
3.989999999999959	0.0000887804263961281
3.9999999999999587	0.0000849658771377399
4.009999999999959	0.00008130531239557274
4.019999999999959	0.00007779296653907599
4.0299999999999585	0.00007442327025099316
4.039999999999958	0.0000711908446577948
4.049999999999958	0.00006809049560079042
4.059999999999958	0.0000651172080457444
4.069999999999958	0.00006226614063127208
4.079999999999957	0.00005953262036320263
4.089999999999957	0.00005691213742581942
4.099999999999957	0.000054400340144668536
4.109999999999957	0.000051993030064796615
4.119999999999957	0.00004968615716379227
4.129999999999956	0.0000474758151868689
4.139999999999956	0.00004535823710861516
4.149999999999956	0.00004332979070789643
4.159999999999956	0.00004138697427006609
4.1699999999999555	0.000039526412397639035
4.179999999999955	0.00003774485194054282
4.189999999999955	0.00003603915803277872
4.199999999999955	0.00003440631024239357
4.209999999999955	0.000032843398822763494
4.2199999999999545	0.000031347621079330675
4.229999999999954	0.00002991627781672129
4.239999999999954	0.000028546769921884216
4.249999999999954	0.000027236595011302556
4.259999999999954	0.000025983344181720185
4.269999999999953	0.000024784698876989756
4.279999999999953	0.0000236384278173507
4.289999999999953	0.000022542384035848
4.299999999999953	0.00002149450199405349
4.3099999999999525	0.000020492794788790523
4.319999999999952	0.000019535351440073862
4.329999999999952	0.000018620334260081712
4.339999999999952	0.000017745976301329447
4.349999999999952	0.000016910578883707207
4.3599999999999515	0.00001611250919914804
4.369999999999951	0.00001535019798505118
4.379999999999951	0.000014622137271493809
4.389999999999951	0.000013926878206049086
4.399999999999951	0.00001326302893198341
4.40999999999995	0.000012629252547846423
4.41999999999995	0.000012024265124495763
4.42999999999995	0.000011446833775103479
4.43999999999995	0.000010895774838094546
4.4499999999999496	0.000010369952025599356
4.459999999999949	9.868274706594933e-6
4.469999999999949	9.389696260060467e-6
4.479999999999949	8.933212387551686e-6
4.489999999999949	8.497859580259651e-6
4.4999999999999485	8.082713585289577e-6
4.509999999999948	7.686887941271895e-6
4.519999999999948	7.309532549945322e-6
4.529999999999948	6.949832307876169e-6
4.539999999999948	6.6070057774047535e-6
4.549999999999947	6.280303909251268e-6
4.559999999999947	5.969008798581509e-6
4.569999999999947	5.672432493665802e-6
4.579999999999947	5.3899158436363655e-6
4.589999999999947	5.120827375960518e-6
4.599999999999946	4.864562238725123e-6
4.609999999999946	4.620541146197961e-6
4.619999999999946	4.388209379946364e-6
4.629999999999946	4.16703584026163e-6
4.6399999999999455	3.956512094859542e-6
4.649999999999945	3.7561514909843464e-6
4.659999999999945	3.565488290030629e-6
4.669999999999945	3.3840768326510216e-6
4.679999999999945	3.211490733359143e-6
4.689999999999944	3.0473221079772785e-6
4.699999999999944	2.8911808257046545e-6
4.709999999999944	2.742693791795234e-6
4.719999999999944	2.601504254807506e-6
4.729999999999944	2.467271143938128e-6
4.739999999999943	2.339668410839263e-6
4.749999999999943	2.218384435358444e-6
4.759999999999943	2.1031214243430602e-6
4.769999999999943	1.993594816799324e-6
4.7799999999999425	1.8895327735899456e-6
4.789999999999942	1.7906756033796816e-6
4.799999999999942	1.696775309775699e-6
4.809999999999942	1.6075950288674691e-6
4.819999999999942	1.5229086248678253e-6
4.8299999999999415	1.442500209296477e-6
4.839999999999941	1.3661637001017892e-6
4.849999999999941	1.2937024153427152e-6
4.859999999999941	1.2249286712704922e-6
4.869999999999941	1.159663389565479e-6
4.87999999999994	1.097735732650981e-6
4.88999999999994	1.038982748033596e-6
4.89999999999994	9.83249023234826e-7
4.90999999999994	9.303863633998835e-7
4.9199999999999395	8.802534710657789e-7
4.929999999999939	8.327156463968431e-7
4.939999999999939	7.876445013438084e-7
4.949999999999939	7.449176782023126e-7
4.959999999999939	7.044185803608996e-7
4.9699999999999385	6.6603612109467e-7
4.979999999999938	6.29664478551631e-7
4.989999999999938	5.952028578421988e-7
4.999999999999938	5.625552694349562e-7
5.009999999999938	5.316303100722263e-7
5.019999999999937	5.02340958200852e-7
5.029999999999937	4.746043750107718e-7
5.039999999999937	4.483417124876286e-7
5.049999999999937	4.2347793923876294e-7
5.0599999999999365	3.999416609322204e-7
5.069999999999936	3.776649495880604e-7
5.079999999999936	3.5658319137964336e-7
5.089999999999936	3.36634930910686e-7
5.099999999999936	3.1776172586898335e-7
5.1099999999999355	2.999080070003919e-7
5.119999999999935	2.8302094464484066e-7
5.129999999999935	2.670503242322192e-7
5.139999999999935	2.519484134434484e-7
5.149999999999935	2.3766985215567187e-7
5.159999999999934	2.2417154874443897e-7
5.169999999999934	2.1141256171638668e-7
5.179999999999934	1.9935400128216383e-7
5.189999999999934	1.879589248581922e-7
5.199999999999934	1.7719227285080425e-7
5.209999999999933	1.6702073596490183e-7
5.219999999999933	1.5741270004411134e-7
5.229999999999933	1.4833815498505524e-7
5.239999999999933	1.397686211316111e-7
5.2499999999999325	1.3167706981024578e-7
5.259999999999932	1.2403786208472025e-7
5.269999999999932	1.1682667567791065e-7
5.279999999999932	1.1002043604774577e-7
5.289999999999932	1.0359726213645551e-7
5.299999999999931	9.753640034693537e-8