-5.749999999999922	9.625344656032766e-8
-5.739999999999922	1.0122978077624497e-7
-5.729999999999922	1.0645531462220844e-7
-5.7199999999999225	1.1194209575456482e-7
-5.709999999999923	1.1770272349277643e-7
-5.699999999999923	1.2375039746677902e-7
-5.689999999999923	1.3009891504805217e-7
-5.679999999999923	1.3676270802162892e-7
-5.6699999999999235	1.4375688751924292e-7
-5.659999999999924	1.5109725895484293e-7
-5.649999999999924	1.5880034082809513e-7
-5.639999999999924	1.66883415776591e-7
-5.629999999999924	1.753645554353887e-7
-5.619999999999925	1.842626567691902e-7
-5.609999999999925	1.93597478079147e-7
-5.599999999999925	2.033896753699628e-7
-5.589999999999925	2.1366084203352533e-7
-5.5799999999999255	2.2443354924277885e-7
-5.569999999999926	2.3573139552075176e-7
-5.559999999999926	2.475790278227751e-7
-5.549999999999926	2.6000220078093943e-7
-5.539999999999926	2.730278470827022e-7
-5.5299999999999265	2.8668409063560943e-7
-5.519999999999927	3.0100032116814425e-7
-5.509999999999927	3.1600723379431664e-7
-5.499999999999927	3.3173689273613344e-7
-5.489999999999927	3.4822278779372136e-7
-5.479999999999928	3.654998938172252e-7
-5.469999999999928	3.83604733925881e-7
-5.459999999999928	4.0257544410738047e-7
-5.449999999999928	4.2245184144755864e-7
-5.4399999999999284	4.432754940785323e-7
-5.429999999999929	4.6508979453628317e-7
-5.419999999999929	4.879400357743171e-7
-5.409999999999929	5.118734901394467e-7
-5.399999999999929	5.369394929395274e-7
-5.3899999999999295	5.631895233505963e-7
-5.37999999999993	5.906772959119784e-7
-5.36999999999993	6.19458855421496e-7
-5.35999999999993	6.495926681948011e-7
-5.34999999999993	6.811397229439177e-7
-5.339999999999931	7.141636336064311e-7
-5.329999999999931	7.487307466156011e-7
-5.319999999999931	7.849102517310621e-7
-5.309999999999931	8.227742975453153e-7
-5.299999999999931	8.62398111416764e-7
-5.289999999999932	9.038601346741844e-7
-5.279999999999932	9.472421176865089e-7
-5.269999999999932	9.926292764722896e-7
-5.259999999999932	1.0401104541553878e-6
-5.2499999999999325	1.0897782309065183e-6
-5.239999999999933	1.1417290846523425e-6
-5.229999999999933	1.1960635460977825e-6
-5.219999999999933	1.2528863592545847e-6
-5.209999999999933	1.3123066482576398e-6
-5.199999999999934	1.3744380899617211e-6
-5.189999999999934	1.4393990931619916e-6
-5.179999999999934	1.5073129841965358e-6
-5.169999999999934	1.5783081985404956e-6
-5.159999999999934	1.652518483701256e-6
-5.149999999999935	1.7300830999294066e-6
-5.139999999999935	1.8111470409637967e-6
-5.129999999999935	1.8958612503027306e-6
-5.119999999999935	1.984382854247514e-6
-5.1099999999999355	2.0768754011166864e-6
-5.099999999999936	2.173509100284016e-6
-5.089999999999936	2.2744610884330107e-6
-5.079999999999936	2.3799156866870545e-6
-5.069999999999936	2.4900646857207765e-6
-5.0599999999999365	2.6051075903456094e-6
-5.049999999999937	2.7252519743341948e-6
-5.039999999999937	2.8507137479911705e-6
-5.029999999999937	2.9817174485709455e-6
-5.019999999999937	3.118496626941486e-6
-5.009999999999938	3.2612941275228256e-6
-4.999999999999938	3.410362470154616e-6
-4.989999999999938	3.56596420176388e-6
-4.979999999999938	3.7283722580393516e-6
-4.9699999999999385	3.897870345956129e-6
-4.959999999999939	4.074753378350981e-6
-4.949999999999939	4.259327832981576e-6
-4.939999999999939	4.451912221281703e-6
-4.929999999999939	4.652837504892461e-6
-4.9199999999999395	4.862447561277795e-6
-4.90999999999994	5.0810996441053645e-6
-4.89999999999994	5.309164872478252e-6
-4.88999999999994	5.54702874120085e-6
-4.87999999999994	5.795091622045318e-6
-4.869999999999941	6.053769318004656e-6
-4.859999999999941	6.32349360038402e-6
-4.849999999999941	6.604712786650087e-6
-4.839999999999941	6.897892331283136e-6
-4.8299999999999415	7.203515436779829e-6
-4.819999999999942	7.522083667859176e-6
-4.809999999999942	7.854117617651803e-6
-4.799999999999942	8.200157567752295e-6
-4.789999999999942	8.560764181330526e-6
-4.7799999999999425	8.936519213852006e-6
-4.769999999999943	9.328026251465738e-6
-4.759999999999943	9.735911469505766e-6
-4.749999999999943	0.00001016082441113956
-4.739999999999943	0.000010603438798789355
-4.729999999999944	0.000011064453370187329
-4.719999999999944	0.000011544592711278946
-4.709999999999944	0.000012044608182340845
-4.699999999999944	0.00001256527879836942
-4.689999999999944	0.000013107412177782851
-4.679999999999945	0.000013671845519506692
-4.669999999999945	0.00001425944657702606
-4.659999999999945	0.000014871114714287962
-4.649999999999945	0.000015507781951610476
-4.6399999999999455	0.000016170414056953745
-4.629999999999946	0.000016860011671660408
-4.619999999999946	0.00001757761146562712
-4.609999999999946	0.000018324287330062384
-4.599999999999946	0.00001910115160432454
-4.589999999999947	0.00001990935633598467
-4.579999999999947	0.000020750094587015354
-4.569999999999947	0.000021624601757166105
-4.559999999999947	0.00002253415697464546
-4.549999999999947	0.000023480084508279513
-4.539999999999948	0.000024463755218797936
-4.529999999999948	0.000025486588047921063
-4.519999999999948	0.000026550051588097267
-4.509999999999948	0.000027655665635356874
-4.4999999999999485	0.000028805002834724645
-4.489999999999949	0.00002999969034956813
-4.479999999999949	0.00003124141158412424
-4.469999999999949	0.000032531907937442356
-4.459999999999949	0.00003387298064816402
-4.4499999999999496	0.00003526649263965632
-4.43999999999995	0.00003671437044240978
-4.42999999999995	0.0000382186061691841
-4.41999999999995	0.00003978125953038681
-4.40999999999995	0.000041404459912973745
-4.399999999999951	0.00004309040852331848
-4.389999999999951	0.000044841380562128875
-4.379999999999951	0.00004665972747693071
-4.369999999999951	0.00004854787927714706
-4.3599999999999515	0.000050508346885130536
-4.349999999999952	0.00005254372457417344
-4.339999999999952	0.00005465669245901694
-4.329999999999952	0.00005685001904764248
-4.319999999999952	0.00005912656385658659
-4.3099999999999525	0.00006148928011102919
-4.299999999999953	0.00006394121748451864
-4.289999999999953	0.00006648552492778105
-4.279999999999953	0.0000691254535628318
-4.269999999999953	0.00007186435965091677
-4.259999999999954	0.00007470570761657257
-4.249999999999954	0.00007765307317983273
-4.239999999999954	0.00008071014652978806
-4.229999999999954	0.00008388073559155063
-4.2199999999999545	0.00008716876937428426
-4.209999999999955	0.00009057830139301116
-4.199999999999955	0.00009411351316237174
-4.189999999999955	0.00009777871779516845
-4.179999999999955	0.00010157836366663029
-4.1699999999999555	0.0001055170381655513
-4.159999999999956	0.00010959947153888546
-4.149999999999956	0.00011383054082609135
-4.139999999999956	0.00011821527386356986
-4.129999999999956	0.00012275885339869619
-4.119999999999957	0.00012746662129457486
-4.109999999999957	0.00013234408281827137
-4.099999999999957	0.0001373969110235258
-4.089999999999957	0.00014263095124303018
-4.079999999999957	0.00014805222566276186
-4.069999999999958	0.00015366693799700128
-4.059999999999958	0.00015948147827834458
-4.049999999999958	0.0001655024277102095
-4.039999999999958	0.00017173656370206663
-4.0299999999999585	0.00017819086488493548
-4.019999999999959	0.000184872516344636
-4.009999999999959	0.00019178891488608296
-3.9999999999999587	0.00019894767450195062
-3.989999999999959	0.00020635663179081168
-3.979999999999959	0.00021402385163253132
-3.9699999999999593	0.00022195763290912737
-3.9599999999999596	0.00023016651434319346
-3.9499999999999598	0.00023865928044465917
-3.93999999999996	0.00024744496759098903
-3.92999999999996	0.0002565328702026503
-3.9199999999999604	0.0002659325470388782
-3.9099999999999606	0.0002756538276131591
-3.899999999999961	0.0002857068187307013
-3.889999999999961	0.0002961019111234281
-3.8799999999999613	0.000306849786230864
-3.8699999999999615	0.00031796142308853167
-3.8599999999999617	0.000329448105323229
-3.849999999999962	0.00034132142829488855
-3.839999999999962	0.00035359330634609376
-3.8299999999999623	0.0003662759801680356
-3.8199999999999625	0.0003793820243006074
-3.8099999999999627	0.00039292435475034597
-3.799999999999963	0.000406916236732387
-3.789999999999963	0.00042137129252961856
-3.7799999999999634	0.0004363035094940132
-3.7699999999999636	0.00045172724814687346
-3.759999999999964	0.0004676572504163957
-3.749999999999964	0.0004841086480113892
-3.7399999999999642	0.0005010969708885796
-3.7299999999999645	0.0005186381558637091
-3.7199999999999647	0.0005367485553540528
-3.709999999999965	0.0005554449462188734
-3.699999999999965	0.0005747445387362153
-3.6899999999999653	0.0005946649857133747
-3.6799999999999655	0.0006152243916914957
-3.6699999999999657	0.0006364413222906895
-3.659999999999966	0.0006583348136716543
-3.649999999999966	0.0006809243821087877
-3.6399999999999664	0.000704230033680565
-3.6299999999999666	0.0007282722740934871
-3.619999999999967	0.0007530721185987053
-3.609999999999967	0.0007786511020266623
-3.5999999999999672	0.0008050312889496176
-3.5899999999999674	0.0008322352839385043
-3.5799999999999677	0.0008602862418959677
-3.569999999999968	0.0008892078786447763
-3.559999999999968	0.0009190244813564103
-3.5499999999999683	0.0009497609193199161
-3.5399999999999685	0.0009814426547089935
-3.5299999999999687	0.0010140957534602799
-3.519999999999969	0.0010477468962077692
-3.509999999999969	0.001082423389450686
-3.4999999999999694	0.001118153176563619
-3.4899999999999696	0.0011549648491120613
-3.47999999999997	0.001192887658161411
-3.46999999999997	0.0012319515256649113
-3.45999999999997	0.0012721870559301346
-3.4499999999999704	0.0013136255471590229
-3.4399999999999706	0.0013562990030637865
-3.429999999999971	0.0014002401445186723
-3.419999999999971	0.0014454824212904141
-3.4099999999999713	0.0014920600237909479
-3.3999999999999715	0.0015400078950241493
-3.3899999999999717	0.0015893617422590265
-3.379999999999972	0.0016401580490790918
-3.369999999999972	0.0016924340872756219
-3.3599999999999723	0.0017462279288150701
-3.3499999999999726	0.001801578457833988
-3.3399999999999728	0.0018585253826009424
-3.329999999999973	0.0019171092476511758
-3.319999999999973	0.001977371445618009
-3.3099999999999734	0.002039354229361037
-3.2999999999999736	0.0021031007239274255
-3.289999999999974	0.002168654938531566
-3.279999999999974	0.002236061778513386
-3.2699999999999743	0.002305367057237709
-3.2599999999999745	0.002376617507986316
-3.2499999999999747	0.002449860795781003
-3.239999999999975	0.0025251455291399245
-3.229999999999975	0.0026025212717937798
-3.2199999999999753	0.002682038554311326
-3.2099999999999755	0.0027637488856282954
-3.1999999999999758	0.0028477047645113674
-3.189999999999976	0.0029339596909010745
-3.179999999999976	0.003022568177137814
-3.1699999999999764	0.003113585759080099
-3.1599999999999766	0.003207069007089844
-3.149999999999977	0.0033030755368550248
-3.139999999999977	0.00340166402007687
-3.1299999999999772	0.0035028941949983477
-3.1199999999999775	0.003606826876730454
-3.1099999999999777	0.003713523967412553
-3.099999999999978	0.003823048466176257
-3.089999999999978	0.003935464478886266
-3.0799999999999783	0.004050837227657945
-3.0699999999999785	0.004169233060164515
-3.0599999999999787	0.004290719458662813
-3.049999999999979	0.004415365048776171
-3.039999999999979	0.0045432396080184
-3.0299999999999794	0.004674414074004013
-3.0199999999999796	0.0048089605523675945
-3.00999999999998	0.004946952324393841
-2.99999999999998	0.0050884638542871875
-2.9899999999999802	0.005233570796112519
-2.9799999999999804	0.005382350000397133
-2.9699999999999807	0.005534879520342353
-2.959999999999981	0.005691238617649086
-2.949999999999981	0.005851507767968266
-2.9399999999999813	0.006015768665920566
-2.9299999999999815	0.006184104229674477
-2.9199999999999817	0.006356598605114897
-2.909999999999982	0.006533337169524579
-2.899999999999982	0.006714406534791776
-2.8899999999999824	0.006899894550139039
-2.8799999999999826	0.0070898903043586335
-2.869999999999983	0.007284484127430375
-2.859999999999983	0.0074837675917769995
-2.849999999999983	0.007687833512798473
-2.8399999999999834	0.007896775948909057
-2.8299999999999836	0.008110690200976068
-2.819999999999984	0.00832967281116106
-2.809999999999984	0.008553821561113072
-2.7999999999999843	0.008783235469549478
-2.7899999999999845	0.009018014789176274
-2.7799999999999847	0.009258261002927972
-2.769999999999985	0.009504076819515686
-2.759999999999985	0.009755566168310867
-2.7499999999999853	0.010012834193399139
-2.7399999999999856	0.01027598724705224
-2.7299999999999858	0.010545132882317058
-2.719999999999986	0.010820379844874774
-2.709999999999986	0.011101838064104464
-2.6999999999999864	0.011389618643361998
-2.6899999999999866	0.011683833849403245
-2.679999999999987	0.011984597100977702
-2.669999999999987	0.012292022956585899
-2.6599999999999873	0.012606227101335339
-2.6499999999999875	0.012927326332910292
-2.6399999999999877	0.01325543854666378
-2.629999999999988	0.013590682719760883
-2.619999999999988	0.013933178894380789
-2.6099999999999883	0.014283048159999012
-2.5999999999999885	0.014640412634673762
-2.5899999999999888	0.015005395445349198
-2.579999999999989	0.01537812070717669
-2.569999999999989	0.01575871350182026
-2.5599999999999894	0.016147299854712038
-2.5499999999999896	0.01654400671130142
-2.53999999999999	0.016948961912232913
-2.52999999999999	0.01736229416744571
-2.5199999999999902	0.01778413302921448
-2.5099999999999905	0.01821460886408196
-2.4999999999999907	0.01865385282368371
-2.489999999999991	0.01910199681447634
-2.479999999999991	0.019559173466313137
-2.4699999999999913	0.0200255160998846
-2.4599999999999915	0.020501158693016608
-2.4499999999999917	0.020986235845821405
-2.439999999999992	0.02148088274464409
-2.429999999999992	0.021985235124856645
-2.4199999999999924	0.02249942923247284
-2.4099999999999926	0.023023601784540427
-2.399999999999993	0.023557889928354284
-2.389999999999993	0.024102431199462416
-2.3799999999999932	0.024657363478449938
-2.3699999999999934	0.025222824946498426
-2.3599999999999937	0.0257989540397534
-2.349999999999994	0.02638588940243064
-2.339999999999994	0.026983769838697866
-2.3299999999999943	0.027592734263354797
-2.3199999999999945	0.028212921651249778
-2.3099999999999947	0.02884447098546023
-2.299999999999995	0.029487521204271307
-2.289999999999995	0.030142211146893586
-2.2799999999999954	0.030808679497953403
-2.2699999999999956	0.03148706473076442
-2.259999999999996	0.032177505049396565
-2.249999999999996	0.032880138329403154
-2.239999999999996	0.033595102057559695
-2.2299999999999964	0.034322533270189484
-2.2199999999999966	0.03506256849036152
-2.209999999999997	0.03581534366391284
-2.199999999999997	0.0365809940942781
-2.1899999999999973	0.03735965437611219
-2.1799999999999975	0.03815145832779892
-2.1699999999999977	0.038956538922790655
-2.159999999999998	0.039775028219794235
-2.149999999999998	0.040607057291859844
-2.1399999999999983	0.041452756154367824
-2.1299999999999986	0.042312253691896125
-2.1199999999999988	0.043185677584052576
-2.109999999999999	0.044073154230193846
-2.099999999999999	0.044974808673223544
-2.0899999999999994	0.0458907645222522
-2.0799999999999996	0.046821143874361704
-2.07	0.04776606723534936
-2.06	0.048725653439548565
-2.0500000000000003	0.04970001956875926
-2.0400000000000005	0.050689280870251714
-2.0300000000000007	0.05169355067392153
-2.020000000000001	0.052712940308639177
-2.010000000000001	0.05374755901777182
-2.0000000000000013	0.0547975138739359
-1.9900000000000015	0.05586290969304938
-1.9800000000000015	0.056943848947645904
-1.9700000000000015	0.05804043167953838
-1.9600000000000015	0.05915275541185614
-1.9500000000000015	0.06028091506050141
-1.9400000000000015	0.06142500284501529
-1.9300000000000015	0.06258510819898457
-1.9200000000000015	0.06376131767995259
-1.9100000000000015	0.0649537148788836
-1.9000000000000015	0.0661623803292822
-1.8900000000000015	0.06738739141596119
-1.8800000000000014	0.0686288222834859
-1.8700000000000014	0.06988674374441858
-1.8600000000000014	0.07116122318734801
-1.8500000000000014	0.07245232448474838
-1.8400000000000014	0.07376010790077418
-1.8300000000000014	0.07508462999900738
-1.8200000000000014	0.07642594355017826
-1.8100000000000014	0.07778409743997364
-1.8000000000000014	0.07915913657698195
-1.7900000000000014	0.08055110180073372
-1.7800000000000014	0.08196002979005494
-1.7700000000000014	0.08338595297166962
-1.7600000000000013	0.08482889942912739
-1.7500000000000013	0.08628889281215257
-1.7400000000000013	0.0877659522464773
-1.7300000000000013	0.0892600922441581
-1.7200000000000013	0.09077132261449615
-1.7100000000000013	0.09229964837562614
-1.7000000000000013	0.09384506966678789
-1.6900000000000013	0.09540758166137592
-1.6800000000000013	0.0969871744808669
-1.6700000000000013	0.09858383310961402
-1.6600000000000013	0.10019753731061216
-1.6500000000000012	0.10182826154234846
-1.6400000000000012	0.1034759748767058
-1.6300000000000012	0.1051406409180609
-1.6200000000000012	0.10682221772364126
-1.6100000000000012	0.10852065772517006
-1.6000000000000012	0.11023590765188067
-1.5900000000000012	0.11196790845501335
-1.5800000000000012	0.11371659523380931
-1.5700000000000012	0.11548189716306674
-1.5600000000000012	0.1172637374223962
-1.5500000000000012	0.11906203312718466
-1.5400000000000011	0.1208766952613228
-1.5300000000000011	0.12270762861184195
-1.5200000000000011	0.12455473170547778
-1.5100000000000011	0.1264178967471942
-1.500000000000001	0.128297009560823
-1.490000000000001	0.13019194953184712
-1.480000000000001	0.13210258955234822
-1.470000000000001	0.13402879596826972
-1.460000000000001	0.13597042852902555
-1.450000000000001	0.13792734033950274
-1.440000000000001	0.13989937781454073
-1.430000000000001	0.141886380635997
-1.420000000000001	0.1438881817123646
-1.410000000000001	0.14590460714109885
-1.400000000000001	0.14793547617369576
-1.390000000000001	0.14998060118354187
-1.380000000000001	0.1520397876366308
-1.370000000000001	0.154112834065251
-1.360000000000001	0.15619953204460466
-1.350000000000001	0.158299666172486
-1.340000000000001	0.16041301405209274
-1.330000000000001	0.16253934627796615
-1.320000000000001	0.1646784264251336
-1.310000000000001	0.166830011041571
-1.300000000000001	0.16899384964394631
-1.290000000000001	0.17116968471672564
-1.280000000000001	0.1733572517147498
-1.270000000000001	0.17555627906924795
-1.260000000000001	0.17776648819734295
-1.2500000000000009	0.1799875935151739
-1.2400000000000009	0.18221930245459692
-1.2300000000000009	0.184461315483493
-1.2200000000000009	0.18671332612981748
-1.2100000000000009	0.1889750210093542
-1.2000000000000008	0.19124607985718367
-1.1900000000000008	0.1935261755629843
-1.1800000000000008	0.1958149742101538
-1.1700000000000008	0.1981121351187273
-1.1600000000000008	0.20041731089221332
-1.1500000000000008	0.20273014746833884
-1.1400000000000008	0.20505028417365107
-1.1300000000000008	0.2073773537821077
-1.1200000000000008	0.20971098257763474
-1.1100000000000008	0.21205079042059136
-1.1000000000000008	0.2143963908182524
-1.0900000000000007	0.21674739099931153
-1.0800000000000007	0.21910339199231693
-1.0700000000000007	0.22146398870812967
-1.0600000000000007	0.22382877002642898
-1.0500000000000007	0.2261973188861514
-1.0400000000000007	0.22856921237994335
-1.0300000000000007	0.2309440218526444
-1.0200000000000007	0.2333213130036942
-1.0100000000000007	0.23570064599350593
-1.0000000000000007	0.23808157555384873
-0.9900000000000007	0.24046365110210524
-0.9800000000000006	0.2428464168594241
-0.9700000000000006	0.24522941197283366
-0.9600000000000006	0.2476121706411551
-0.9500000000000006	0.24999422224472057
-0.9400000000000006	0.2523750914789518
-0.9300000000000006	0.25475429849166936
-0.9200000000000006	0.2571313590240674
-0.9100000000000006	0.25950578455544754
-0.9000000000000006	0.2618770824515479
-0.8900000000000006	0.2642447561178162
-0.8800000000000006	0.2666083051491817
-0.8700000000000006	0.26896722549763863
-0.8600000000000005	0.27132100962867595
-0.8500000000000005	0.2736691466884756
-0.8400000000000005	0.27601112267292405
-0.8300000000000005	0.2783464205997637
-0.8200000000000005	0.2806745206839832
-0.8100000000000005	0.2829949005163169
-0.8000000000000005	0.28530703524465334
-0.7900000000000005	0.2876103977584459
-0.7800000000000005	0.28990445887601934
-0.7700000000000005	0.29218868753454214
-0.7600000000000005	0.29446255098273183
-0.7500000000000004	0.29672551497622457
-0.7400000000000004	0.2989770439753148
-0.7300000000000004	0.3012166013451535
-0.7200000000000004	0.30344364955840564
-0.7100000000000004	0.3056576503999457
-0.7000000000000004	0.30785806517348707
-0.6900000000000004	0.31004435491091437
-0.6800000000000004	0.3122159805825748
-0.6700000000000004	0.3143724033101446
-0.6600000000000004	0.31651308458081484
-0.6500000000000004	0.31863748646298634
-0.6400000000000003	0.3207450718236945
-0.6300000000000003	0.3228353045471648
-0.6200000000000003	0.32490764975460634
-0.6100000000000003	0.32696157402515996
-0.6000000000000003	0.3289965456178466
-0.5900000000000003	0.33101203469426455
-0.5800000000000003	0.33300751354208197
-0.5700000000000003	0.334982456799168
-0.5600000000000003	0.33693634167809666
-0.5500000000000003	0.3388686481910325
-0.5400000000000003	0.3407788593748919
-0.5300000000000002	0.3426664615164828
-0.5200000000000002	0.3445309443776138
-0.5100000000000002	0.34637180142007834
-0.5000000000000002	0.3481885300302323
-0.49000000000000027	0.3499806317431235
-0.48000000000000026	0.35174761246607694
-0.47000000000000025	0.3534889827014936
-0.46000000000000024	0.35520425776876235
-0.45000000000000023	0.35689295802523463
-0.4400000000000002	0.35855460908598996
-0.4300000000000002	0.360188742042299
-0.4200000000000002	0.36179489367873124
-0.4100000000000002	0.36337260668865495
-0.4000000000000002	0.3649214298880045
-0.3900000000000002	0.36644091842727744
-0.38000000000000017	0.36793063400153037
-0.37000000000000016	0.36939014505821893
-0.36000000000000015	0.37081902700284924
-0.35000000000000014	0.3722168624022359
-0.34000000000000014	0.3735832411851886
-0.3300000000000001	0.3749177608406104
-0.3200000000000001	0.3762200266128024
-0.3100000000000001	0.37748965169380644
-0.3000000000000001	0.378726257412754
-0.2900000000000001	0.37992947342189326
-0.2800000000000001	0.381098937880052
-0.2700000000000001	0.3822342976311275
-0.26000000000000006	0.38333520838064716
-0.25000000000000006	0.38440133486780204
-0.24000000000000007	0.38543235103388385
-0.23000000000000007	0.3864279401868465
-0.22000000000000006	0.38738779516180016
-0.21000000000000005	0.38831161847738355
-0.20000000000000004	0.38919912248793626
-0.19000000000000003	0.39005002953126355
-0.18000000000000002	0.39086407207196694
-0.17	0.3916409928402417
-0.16	0.39238054496598573
-0.15	0.3930824921081449
-0.13999999999999999	0.39374660857926047
-0.12999999999999998	0.3943726794650375
-0.11999999999999998	0.39496050073887035
-0.10999999999999999	0.39550987937130805
-0.09999999999999999	0.3960206334342988
-0.09	0.39649259220013605
-0.08	0.3969255962351193
-0.07	0.3973194974877548
-0.060000000000000005	0.3976741593714808
-0.05	0.3979894568418571
-0.04	0.3982652764681548
-0.03	0.3985015164992373
-0.02	0.39869808692378156
-0.01	0.39885490952471986
0	0.39897191792783804
0.01	0.3990490576445657
0.02	0.39908628610888564
0.03	0.3990835727082782
0.04	0.39904089880875576
0.05	0.39895825777393856
0.060000000000000005	0.39883565497809426
0.07	0.3986731078131993
0.08	0.39847064568999596
0.09	0.39822831003299186
0.09999999999999999	0.3979461542694338
0.10999999999999999	0.3976242438122919
0.11999999999999998	0.3972626560371679
0.12999999999999998	0.39686148025320533
0.13999999999999999	0.3964208176680331
0.15	0.39594078134668176
0.16	0.39542149616454386
0.17	0.39486309875443903
0.18000000000000002	0.3942657374477364
0.19000000000000003	0.3936295722096072
0.20000000000000004	0.39295477456847744
0.21000000000000005	0.39224152753967034
0.22000000000000006	0.3914900255432914
0.23000000000000007	0.3907004743164693
0.24000000000000007	0.3898730908199303
0.25000000000000006	0.3890081031389833
0.26000000000000006	0.3881057503790334
0.2700000000000001	0.38716628255562935
0.2800000000000001	0.38618996047910714
0.2900000000000001	0.38517705563397603
0.3000000000000001	0.38412785005307115
0.3100000000000001	0.3830426361865302
0.3200000000000001	0.3819217167657544
0.3300000000000001	0.380765404662394
0.34000000000000014	0.37957402274243407
0.35000000000000014	0.3783479037155141
0.36000000000000015	0.3770873899795897
0.37000000000000016	0.37579283346096437
0.38000000000000017	0.3744645954498793
0.3900000000000002	0.37310304643174763
0.4000000000000002	0.3717085659140914
0.4100000000000002	0.3702815422493603
0.4200000000000002	0.3688223724537427
0.4300000000000002	0.36733146202202493
0.4400000000000002	0.36580922473869315
0.45000000000000023	0.364256082485377
0.46000000000000024	0.36267246504473794
0.47000000000000025	0.36105880990108213
0.48000000000000026	0.35941556203707153
0.49000000000000027	0.3577431737285641
0.5000000000000002	0.3560421043351377
0.5100000000000002	0.3543128200884269
0.5200000000000002	0.35255579387755753
0.5300000000000002	0.3507715050319831
0.5400000000000003	0.34896043910189856
0.5500000000000003	0.347123087636311
0.5600000000000003	0.34525994795893195
0.5700000000000003	0.34337152294207346
0.5800000000000003	0.34145832077863914
0.5900000000000003	0.3395208547523756
0.6000000000000003	0.3375596430065474
0.6100000000000003	0.3355752083111719
0.6200000000000003	0.33356807782893094
0.6300000000000003	0.33153878287997013
0.6400000000000003	0.32948785870568764
0.6500000000000004	0.327415844231658
0.6600000000000004	0.3253232818298619
0.6700000000000004	0.3232107170803868
0.6800000000000004	0.3210786985326708
0.6900000000000004	0.318927777466521
0.7000000000000004	0.31675850765302965
0.7100000000000004	0.3145714451154869
0.7200000000000004	0.31236714789049375
0.7300000000000004	0.3101461757894173
0.7400000000000004	0.3079090901602728
0.7500000000000004	0.30565645365024424
0.7600000000000005	0.30338882996895394
0.7700000000000005	0.30110678365261345
0.7800000000000005	0.29881087982920085
0.7900000000000005	0.2965016839848351
0.8000000000000005	0.29417976173141824
0.8100000000000005	0.2918456785757203
0.8200000000000005	0.2894999996900597
0.8300000000000005	0.2871432896846541
0.8400000000000005	0.2847761123817922
0.8500000000000005	0.2823990305919921
0.8600000000000005	0.2800126058922105
0.8700000000000006	0.277617398406241
0.8800000000000006	0.2752139665874591
0.8900000000000006	0.27280286700398215
0.9000000000000006	0.27038465412636525
0.9100000000000006	0.26795988011798044
0.9200000000000006	0.26552909462815655
0.9300000000000006	0.2630928445881689
0.9400000000000006	0.26065167401024597
0.9500000000000006	0.2582061237896251
0.9600000000000006	0.255756731509789
0.9700000000000006	0.253304031250969
0.9800000000000006	0.25084855340203377
0.9900000000000007	0.2483908244757759
1.0000000000000007	0.2459313669277856
1.0100000000000007	0.2434706989789109
1.0200000000000007	0.2410093344414138
1.0300000000000007	0.2385477825485439
1.0400000000000007	0.23608654778974797
1.0500000000000007	0.23362612974621128
1.0600000000000007	0.23116702293393265
1.0700000000000007	0.22870971664907708
1.0800000000000007	0.22625469481776295
1.0900000000000007	0.22380243584999907
1.1000000000000008	0.22135341249785317
1.1100000000000008	0.21890809171783604
1.1200000000000008	0.21646693453759175
1.1300000000000008	0.21403039592694623
1.1400000000000008	0.21159892467330405
1.1500000000000008	0.2091729632614541
1.1600000000000008	0.20675294775783862
1.1700000000000008	0.20433930769927167
1.1800000000000008	0.20193246598613504
1.1900000000000008	0.19953283878011951
1.2000000000000008	0.19714083540646793
1.2100000000000009	0.1947568582607528
1.2200000000000009	0.1923813027202317
1.2300000000000009	0.19001455705942175
1.2400000000000009	0.18765700237185023
1.2500000000000009	0.18530901249311182
1.260000000000001	0.18297095393177013
1.270000000000001	0.1806431858031485
1.280000000000001	0.1783260597680011
1.290000000000001	0.1760199199757198
1.300000000000001	0.17372510301202912
1.310000000000001	0.171441937851199
1.320000000000001	0.16917074581272154
1.330000000000001	0.16691184052242977
1.340000000000001	0.16466552787803151
1.350000000000001	0.16243210601905375
1.360000000000001	0.16021186530110657
1.370000000000001	0.1580050882744877
1.380000000000001	0.1558120496670654
1.390000000000001	0.15363301637138616
1.400000000000001	0.15146824743597942
1.410000000000001	0.1493179940608187
1.420000000000001	0.14718249959686566
1.430000000000001	0.14506199954966614
1.440000000000001	0.14295672158693654
1.450000000000001	0.14086688555008728
1.460000000000001	0.13879270346962083
1.470000000000001	0.1367343795843508
1.480000000000001	0.13469211036437997
1.490000000000001	0.1326660845377477
1.500000000000001	0.1306564831207408
1.5100000000000011	0.1286634794517347
1.5200000000000011	0.1266872392285181
1.5300000000000011	0.12472792054906373
1.5400000000000011	0.12278567395562573
1.5500000000000012	0.12086064248209855
1.5600000000000012	0.11895296170460073
1.5700000000000012	0.11706275979515789
1.5800000000000012	0.11519015757843058
1.5900000000000012	0.11333526859141342
1.6000000000000012	0.11149819914601575
1.6100000000000012	0.1096790483944398
1.6200000000000012	0.10787790839728367
1.6300000000000012	0.10609486419429166
1.6400000000000012	0.10432999387764998
1.6500000000000012	0.1025833686677534
1.6600000000000013	0.1008550529913829
1.6700000000000013	0.09914510456215281
1.6800000000000013	0.09745357446320284
1.6900000000000013	0.09578050723201058
1.7000000000000013	0.0941259409472624
1.7100000000000013	0.09248990731766485
1.7200000000000013	0.09087243177265862
1.7300000000000013	0.0892735335549006
1.7400000000000013	0.08769322581445345
1.7500000000000013	0.08613151570461214
1.7600000000000013	0.084588404479229
1.7700000000000014	0.08306388759151223
1.7800000000000014	0.08155795479417555
1.7900000000000014	0.08007059024086802
1.8000000000000014	0.07860177258878867
1.8100000000000014	0.07715147510241976
1.8200000000000014	0.07571966575828383
1.8300000000000014	0.07430630735063307
1.8400000000000014	0.07291135759801896
1.8500000000000014	0.07153476925062435
1.8600000000000014	0.07017649019830643
1.8700000000000014	0.06883646357925373
1.8800000000000014	0.06751462788919367
1.8900000000000015	0.06621091709105006
1.9000000000000015	0.06492526072500499
1.9100000000000015	0.06365758401886515
1.9200000000000015	0.062407807998662745
1.9300000000000015	0.06117584959942333
1.9400000000000015	0.05996162177603601
1.9500000000000015	0.0587650336141316
1.9600000000000015	0.05758599044091342
1.9700000000000015	0.05642439393589287
1.9800000000000015	0.055280142241411714
1.9900000000000015	0.05415313007293417
2.0000000000000013	0.05304324882902823
2.010000000000001	0.05195038670095692
2.020000000000001	0.0508744287818476
2.0300000000000007	0.049815257175352276
2.0400000000000005	0.048772751103762765
2.0500000000000003	0.04774678701549852
2.06	0.04673723869195418
2.07	0.0457439773535918
2.0799999999999996	0.04476687176528187
2.0899999999999994	0.043805788340817914
2.099999999999999	0.04286059124654515
2.109999999999999	0.04193114250408409
2.1199999999999988	0.04101730209207331
2.1299999999999986	0.04011892804691469
2.1399999999999983	0.03923587656243697
2.149999999999998	0.038368002088546224
2.159999999999998	0.037515157428593376
2.1699999999999977	0.036677193835716534
2.1799999999999975	0.0358539611078988
2.1899999999999973	0.035045307681808455
2.199999999999997	0.034251080725347015
2.209999999999997	0.03347112622890113
2.2199999999999966	0.032705289095269874
2.2299999999999964	0.03195341322819385
2.239999999999996	0.031215341619528433
2.249999999999996	0.030490916434981783
2.259999999999996	0.029779979098418154
2.2699999999999956	0.02908237037470087
2.2799999999999954	0.028397930451053755
2.289999999999995	0.027726499016902814
2.299999999999995	0.027067915342293167
2.3099999999999947	0.02642201835459635
2.3199999999999945	0.02578864671383503
2.3299999999999943	0.025167638886377
2.339999999999994	0.024558833217069864
2.349999999999994	0.023962067999782354
2.3599999999999937	0.023377181546372194
2.3699999999999934	0.022804012254046706
2.3799999999999932	0.02224239867112378
2.389999999999993	0.021692179561182925
2.399999999999993	0.021153193965610176
2.4099999999999926	0.020625281264519946
2.4199999999999924	0.020108281236075193
2.429999999999992	0.019602034114183223
2.439999999999992	0.019106380644589062
2.4499999999999917	0.01862116213935018
2.4599999999999915	0.018146220529712133
2.4699999999999913	0.01768139841738178
2.479999999999991	0.01722653912420568
2.489999999999991	0.016781486740259144
2.4999999999999907	0.016346086170363636
2.5099999999999905	0.015920183179018572
2.5199999999999902	0.015503624433788608
2.52999999999999	0.015096257547133805
2.53999999999999	0.01469793111669612
2.5499999999999896	0.014308494764071597
2.5599999999999894	0.013927799172067878
2.569999999999989	0.013555696120449018
2.579999999999989	0.013192038520221414
2.5899999999999888	0.012836680446435378
2.5999999999999885	0.012489477169536706
2.6099999999999883	0.012150285185294287
2.619999999999988	0.01181896224328789
2.629999999999988	0.011495367374061895
2.6399999999999877	0.011179360914783209
2.6499999999999875	0.010870804533654925
2.6599999999999873	0.010569561252927228
2.669999999999987	0.01027549547059552
2.679999999999987	0.009988472980852519
2.6899999999999866	0.009708360993148889
2.6999999999999864	0.009435028150107487
2.709999999999986	0.009168344544154798
2.719999999999986	0.008908181732943716
2.7299999999999858	0.00865441275359065
2.7399999999999856	0.008406912135741958
2.7499999999999853	0.008165555913504907
2.759999999999985	0.007930221636245663
2.769999999999985	0.007700788378301223
2.7799999999999847	0.007477136747619603
2.7899999999999845	0.007259148893332257
2.7999999999999843	0.007046708512328062
2.809999999999984	0.006839700854809322
2.819999999999984	0.0066380127288700646
2.8299999999999836	0.006441532504131431
2.8399999999999834	0.006250150114443773
2.849999999999983	0.006063757059679191
2.859999999999983	0.005882246406654499
2.869999999999983	0.005705512789197492
2.8799999999999826	0.005533452407366145
2.8899999999999824	0.005365963025881352
2.899999999999982	0.005202943971774979
2.909999999999982	0.005044296131256373
2.9199999999999817	0.004889921945871563
2.9299999999999815	0.00473972540793278
2.9399999999999813	0.004593612055271459
2.949999999999981	0.004451488965313613
2.959999999999981	0.0043132647485291655
2.9699999999999807	0.0041788495412507795
2.9799999999999804	0.0040481549979030865
2.9899999999999802	0.0039210942826592475
2.99999999999998	0.0037975820605433987
3.00999999999998	0.0036775344880025135
3.0199999999999796	0.0035608692029842244
3.0299999999999794	0.003447505314513048
3.039999999999979	0.003337363391813439
3.049999999999979	0.003230365452985562
3.0599999999999787	0.0031264349532621537
3.0699999999999785	0.0030254967728544214
3.0799999999999783	0.0029274772044340694
3.089999999999978	0.0028323039402317262
3.099999999999978	0.002739906058807509
3.1099999999999777	0.0026502140114925982
3.1199999999999775	0.00256315960852597
3.1299999999999772	0.002478676004905054
3.139999999999977	0.002396697685967817
3.149999999999977	0.0023171604527234034
3.1599999999999766	0.002240001406948284
3.1699999999999764	0.0021651589360687736
3.179999999999976	0.0020925726978383093
3.189999999999976	0.002022183604835035
3.1999999999999758	0.0019539338087892887
3.2099999999999755	0.001887766684757381
3.2199999999999753	0.001823626815156952
3.229999999999975	0.001761459973685095
3.239999999999975	0.0017012131091174673
3.2499999999999747	0.0016428343290230153
3.2599999999999745	0.001586272883385485
3.2699999999999743	0.00153147914820381
3.279999999999974	0.0014784046088577734
3.289999999999974	0.0014270018437711417
3.2999999999999736	0.0013772245077073157
3.3099999999999734	0.0013290273152140612
3.319999999999973	0.0012823660240224711
3.329999999999973	0.0012371974184570691
3.3399999999999728	0.0011934792928493744
3.3499999999999726	0.001151170435011388
3.3599999999999723	0.0011102306095842483
3.369999999999972	0.00107062054174857
3.379999999999972	0.0010323019006586488
3.3899999999999717	0.0009952372831161876
3.3999999999999715	0.0009593901972578685
3.4099999999999713	0.0009247250463362203
3.419999999999971	0.0008912071125817482
3.429999999999971	0.0008588025411524066
3.4399999999999706	0.0008274783241901765
3.4499999999999704	0.0007972022849739957
3.45999999999997	0.000767943062223982
3.46999999999997	0.0007396700943894669
3.47999999999997	0.0007123536043079742
3.4899999999999696	0.0006859645837573189
3.4999999999999694	0.0006604747782595797
3.509999999999969	0.0006358566719999157
3.519999999999969	0.0006120834728988761
3.5299999999999687	0.0005891290978467326
3.5399999999999685	0.0005669681579804395
3.5499999999999683	0.0005455759443546613
3.559999999999968	0.0005249284135354144
3.569999999999968	0.0005050021734754757
3.5799999999999677	0.00048577446953997067
3.5899999999999674	0.0004672231706958574
3.5999999999999672	0.00044932675587377845
3.609999999999967	0.000432064300520658
3.619999999999967	0.0004154154633080935
3.6299999999999666	0.00039936047303445446
3.6399999999999664	0.0003838801157137403
3.649999999999966	0.0003689557218298153
3.659999999999966	0.0003545691537921762
3.6699999999999657	0.00034070279357038087
3.6799999999999655	0.00032733953051783464
3.6899999999999653	0.00031446274937688937
3.699999999999965	0.0003020563184878194
3.709999999999965	0.0002901045781705169
3.7199999999999647	0.0002785923293000545
3.7299999999999645	0.00026750482207973903
3.7399999999999642	0.00025682774499315663
3.749999999999964	0.0002465472139537582
3.759999999999964	0.0002366497616357326
3.7699999999999636	0.00022712232700555562
3.7799999999999634	0.00021795224502738918
3.789999999999963	0.00020912723656753044
3.799999999999963	0.00020063539847992696
3.8099999999999627	0.000192465193881209
3.8199999999999625	0.00018460544260572124
3.8299999999999623	0.00017704531185577633
3.839999999999962	0.00016977430701487696
3.849999999999962	0.00016278226266728697
3.8599999999999617	0.00015605933377951513
3.8699999999999615	0.000149595987074251
3.8799999999999613	0.00014338299253676217
3.889999999999961	0.00013741141520648556
3.899999999999961	0.00013167260698388107
3.9099999999999606	0.00012615819877286012
3.9199999999999604	0.00012086009267309826
3.92999999999996	0.00011577045439403891
3.93999999999996	0.00011088170583390398
3.9499999999999598	0.00010618651780837481
3.9599999999999596	0.00010167780294810554
3.9699999999999593	0.00009734870877330162
3.979999999999959	0.00009319261089742654
3.989999999999959	0.00008920310641113013
3.9999999999999587	0.00008537400741168189
4.009999999999959	0.00008169933468444045
4.019999999999959	0.00007817331154032801
4.0299999999999585	0.00007479035778830679
4.039999999999958	0.00007154508387187838
4.049999999999958	0.00006843228513201855
4.059999999999958	0.00006544693622269695
4.069999999999958	0.00006258418565902001
4.079999999999957	0.000059839350506301156
4.089999999999957	0.000057207911197868565
4.099999999999957	0.000054685506491754064
4.109999999999957	0.00005226792855122018
4.119999999999957	0.00004995111815662129
4.129999999999956	0.00004773116003736845
4.139999999999956	0.0000456042783367569
4.149999999999956	0.00004356683218172556
4.159999999999956	0.00004161531138505882
4.1699999999999555	0.00003974633225857
4.179999999999955	0.00003795663353333833
4.189999999999955	0.000036243072401921594
4.199999999999955	0.000034602620666338134
4.209999999999955	0.00003303236098335346
4.2199999999999545	0.00003152948322903916
4.229999999999954	0.0000300912809596831
4.239999999999954	0.000028715147966126214
4.249999999999954	0.000027398574935032008
4.259999999999954	0.000026139146206976696
4.269999999999953	0.000024934536619850835
4.279999999999953	0.000023782508445829446
4.289999999999953	0.00002268090842894804
4.299999999999953	0.000021627664895070335
4.3099999999999525	0.000020620784955754282
4.319999999999952	0.0000196583517956859
4.329999999999952	0.000018738522039226533
4.339999999999952	0.000017859523193252116
4.349999999999952	0.00001701965117637381
4.3599999999999515	0.000016217267919307166
4.369999999999951	0.000015450799032376556
4.379999999999951	0.000014718731558058528
4.389999999999951	0.000014019611784914184
4.399999999999951	0.000013352043129751054
4.40999999999995	0.000012714684091920742
4.41999999999995	0.000012106246267352826
4.42999999999995	0.000011525492422707836
4.43999999999995	0.00001097123465843041
4.4499999999999496	0.00001044233257682377
4.459999999999949	9.937691554754185e-6
4.469999999999949	9.45626107992913e-6
4.479999999999949	8.99703308553456e-6
4.489999999999949	8.559040398303125e-6
4.4999999999999485	8.141355208541478e-6
4.509999999999948	7.743087601007494e-6
4.519999999999948	7.363384124289872e-6
4.529999999999948	7.001426422894077e-6
4.539999999999948	6.656429905307778e-6
4.549999999999947	6.327642458528028e-6
4.559999999999947	6.014343211272495e-6
4.569999999999947	5.715841333862025e-6
4.579999999999947	5.43147488660364e-6
4.589999999999947	5.16060969792304e-6
4.599999999999946	4.902638288592777e-6
4.609999999999946	4.656978837782802e-6
4.619999999999946	4.423074176476195e-6
4.629999999999946	4.200390816182158e-6
4.6399999999999455	3.9884180258705765e-6
4.649999999999945	3.7866669222384027e-6
4.659999999999945	3.594669610875964e-6
4.669999999999945	3.411978342276957e-6
4.679999999999945	3.238164713283997e-6
4.689999999999944	3.072818885891377e-6
4.699999999999944	2.9155488447644566e-6
4.709999999999944	2.765979666000323e-6
4.719999999999944	2.6237528355415483e-6
4.729999999999944	2.4885255727583494e-6
4.739999999999943	2.359970184414984e-6
4.749999999999943	2.2377734622925716e-6
4.759999999999943	2.121636075898621e-6
4.769999999999943	2.011271983912013e-6
4.7799999999999425	1.9064078968271835e-6
4.789999999999942	1.8067827728008645e-6
4.799999999999942	1.7121472416359647e-6
4.809999999999942	1.622263191636348e-6
4.819999999999942	1.5369032257717425e-6
4.8299999999999415	1.4558502600990282e-6
4.839999999999941	1.3788970545415198e-6
4.849999999999941	1.3058458241081232e-6
4.859999999999941	1.236507796315839e-6
4.869999999999941	1.1707028693817806e-6
4.87999999999994	1.108259206850006e-6
4.88999999999994	1.049012895888789e-6
4.89999999999994	9.92807598598652e-7
4.90999999999994	9.394942303237337e-7
4.9199999999999395	8.889306361163896e-7
4.929999999999939	8.409812928745368e-7
4.939999999999939	7.955170161359122e-7
4.949999999999939	7.524146726583754e-7
4.959999999999939	7.115569521598492e-7
4.9699999999999385	6.728320407485175e-7
4.979999999999938	6.361334557967065e-7
4.989999999999938	6.013597391413842e-7
4.999999999999938	5.684142713965864e-7
5.009999999999938	5.372050455168681e-7
5.019999999999937	5.076444587875558e-7
5.029999999999937	4.796491144976141e-7
5.039999999999937	4.5313963084653254e-7
5.049999999999937	4.280404542103576e-7
5.0599999999999365	4.042797027560553e-7
5.069999999999936	3.8178897139531854e-7
5.079999999999936	3.605031902149792e-7
5.089999999999936	3.403604665302229e-7
5.099999999999936	3.213019380358734e-7
5.1099999999999355	3.032716326725409e-7
5.119999999999935	2.862163342231538e-7
5.129999999999935	2.7008545401437826e-7
5.139999999999935	2.548309079287742e-7
5.149999999999935	2.404069987260599e-7
5.159999999999934	2.267703060935802e-7
5.169999999999934	2.13879567532148e-7
5.179999999999934	2.0169559728541037e-7
5.189999999999934	1.901811806095939e-7
5.199999999999934	1.7930096208669355e-7
5.209999999999933	1.6902137588529e-7
5.219999999999933	1.593105546939497e-7
5.229999999999933	1.5013824754774988e-7
5.239999999999933	1.414757430671011e-7
5.2499999999999325	1.332957988558898e-7
5.259999999999932	1.255725487034322e-7
5.269999999999932	1.1828147724366975e-7
5.279999999999932	1.1139931506564551e-7
5.289999999999932	1.049039915497021e-7
5.299999999999931	9.877457640594624e-8