-5.739999999999922	9.848747709674559e-8
-5.729999999999922	1.0358664293283932e-7
-5.7199999999999225	1.0894149376178735e-7
-5.709999999999923	1.1456440359759792e-7
-5.699999999999923	1.204683220428077e-7
-5.689999999999923	1.2666679868962758e-7
-5.679999999999923	1.3317401448505736e-7
-5.6699999999999235	1.4000480107893196e-7
-5.659999999999924	1.4717467947483936e-7
-5.649999999999924	1.5469988189919482e-7
-5.639999999999924	1.6259738746431457e-7
-5.629999999999924	1.708849541109034e-7
-5.619999999999925	1.7958115313750314e-7
-5.609999999999925	1.8870540390222217e-7
-5.599999999999925	1.9827801122959218e-7
-5.589999999999925	2.0832020941486733e-7
-5.5799999999999255	2.188541854199864e-7
-5.569999999999926	2.2990313182539072e-7
-5.559999999999926	2.414913037089437e-7
-5.549999999999926	2.5364404063303365e-7
-5.539999999999926	2.6638782335783943e-7
-5.5299999999999265	2.797503273099194e-7
-5.519999999999927	2.9376046660582004e-7
-5.509999999999927	3.0844844962902453e-7
-5.499999999999927	3.23845834209665e-7
-5.489999999999927	3.399855847705846e-7
-5.479999999999928	3.5690213173325644e-7
-5.469999999999928	3.746314339903151e-7
-5.459999999999928	3.9321104289827514e-7
-5.449999999999928	4.126801697270445e-7
-5.4399999999999284	4.3307975503565704e-7
-5.429999999999929	4.5445254134779157e-7
-5.419999999999929	4.768431481586483e-7
-5.409999999999929	5.002981539928127e-7
-5.399999999999929	5.248661638478334e-7
-5.3899999999999295	5.505979175828475e-7
-5.37999999999993	5.775463500276891e-7
-5.36999999999993	6.057667069515044e-7
-5.35999999999993	6.353166254611375e-7
-5.34999999999993	6.662562359965525e-7
-5.339999999999931	6.986482645190907e-7
-5.329999999999931	7.325581386641762e-7
-5.319999999999931	7.680540978078654e-7
-5.309999999999931	8.052073074597062e-7
-5.299999999999931	8.440919780752612e-7
-5.289999999999932	8.847854924880798e-7
-5.279999999999932	9.273685209390899e-7
-5.269999999999932	9.719251626007054e-7
-5.259999999999932	1.0185430914929387e-6
-5.2499999999999325	1.0673136867591931e-6
-5.239999999999933	1.1183321852531463e-6
-5.229999999999933	1.1716978349157605e-6
-5.219999999999933	1.2275140547611466e-6
-5.209999999999933	1.2858885997921989e-6
-5.199999999999934	1.346933732833578e-6
-5.189999999999934	1.4107664021707748e-6
-5.179999999999934	1.477508425844176e-6
-5.169999999999934	1.5472866829531748e-6
-5.159999999999934	1.620233311403452e-6
-5.149999999999935	1.6964859133918084e-6
-5.139999999999935	1.7761877682964413e-6
-5.129999999999935	1.8594880519177357e-6
-5.119999999999935	1.946542066888871e-6
-5.1099999999999355	2.0375114787832275e-6
-5.099999999999936	2.1325645556378035e-6
-5.089999999999936	2.2318764316300755e-6
-5.079999999999936	2.335629362618406e-6
-5.069999999999936	2.444012998844641e-6
-5.0599999999999365	2.5572246736230095e-6
-5.049999999999937	2.6754696787753523e-6
-5.039999999999937	2.7989615890918744e-6
-5.029999999999937	2.9279225482850977e-6
-5.019999999999937	3.062583620438945e-6
-5.009999999999938	3.2031851024651075e-6
-4.999999999999938	3.3499768805990472e-6
-4.989999999999938	3.503218789290257e-6
-4.979999999999938	3.6631809780461093e-6
-4.9699999999999385	3.8301442803342355e-6
-4.959999999999939	4.004400647384784e-6
-4.949999999999939	4.18625351079353e-6
-4.939999999999939	4.376018247223006e-6
-4.929999999999939	4.574022591521212e-6
-4.9199999999999395	4.780607099250465e-6
-4.90999999999994	4.996125609540389e-6
-4.89999999999994	5.22094572408496e-6
-4.88999999999994	5.455449322907556e-6
-4.87999999999994	5.700033059566693e-6
-4.869999999999941	5.955108915888383e-6
-4.859999999999941	6.221104728753231e-6
-4.849999999999941	6.498464775828163e-6
-4.839999999999941	6.787650358760884e-6
-4.8299999999999415	7.089140412544329e-6
-4.819999999999942	7.403432113295275e-6
-4.809999999999942	7.731041549568925e-6
-4.799999999999942	8.072504375018678e-6
-4.789999999999942	8.428376500346775e-6
-4.7799999999999425	8.799234795381935e-6
-4.769999999999943	9.185677837451715e-6
-4.759999999999943	9.5883266550216e-6
-4.749999999999943	0.00001000782551026165
-4.739999999999943	0.000010444842709007873
-4.729999999999944	0.000010900071411185236
-4.719999999999944	0.000011374230524059809
-4.709999999999944	0.000011868065544166945
-4.699999999999944	0.000012382349482574381
-4.689999999999944	0.000012917883804170718
-4.679999999999945	0.000013475499386814835
-4.669999999999945	0.000014056057537710574
-4.659999999999945	0.000014660450980915125
-4.649999999999945	0.00001528960494326599
-4.6399999999999455	0.000015944478232312277
-4.629999999999946	0.00001662606435691065
-4.619999999999946	0.000017335392686677564
-4.609999999999946	0.000018073529635310115
-4.599999999999946	0.00001884157988225035
-4.589999999999947	0.00001964068763876107
-4.579999999999947	0.00002047203794319421
-4.569999999999947	0.000021336857984988927
-4.559999999999947	0.00002223641849606267
-4.549999999999947	0.000023172035147963696
-4.539999999999948	0.000024145070008592717
-4.529999999999948	0.00002515693304819997
-4.519999999999948	0.000026209083663032132
-4.509999999999948	0.00002730303225628447
-4.4999999999999485	0.000028440341875384097
-4.489999999999949	0.00002962262987539913
-4.479999999999949	0.00003085156963147774
-4.469999999999949	0.00003212889232465976
-4.459999999999949	0.000033456388732505495
-4.4499999999999496	0.000034835911105328974
-4.43999999999995	0.00003626937507943519
-4.42999999999995	0.000037758761650932326
-4.41999999999995	0.00003930611918084809
-4.40999999999995	0.00004091356548312375
-4.399999999999951	0.000042583289955121425
-4.389999999999951	0.00004431755575768746
-4.379999999999951	0.00004611870206386245
-4.369999999999951	0.00004798914636763072
-4.3599999999999515	0.0000499313868376676
-4.349999999999952	0.00005194800475295108
-4.339999999999952	0.000054041666991054076
-4.329999999999952	0.00005621512857651047
-4.319999999999952	0.000058471235298953
-4.3099999999999525	0.00006081292640932911
-4.299999999999953	0.00006324323735609871
-4.289999999999953	0.00006576530261736107
-4.279999999999953	0.00006838235859225945
-4.269999999999953	0.00007109774656653862
-4.259999999999954	0.0000739149157389577
-4.249999999999954	0.00007683742635128975
-4.239999999999954	0.00007986895286169286
-4.229999999999954	0.00008301328721098975
-4.2199999999999545	0.00008627434217416871
-4.209999999999955	0.0000896561547759408
-4.199999999999955	0.00009316288979193767
-4.189999999999955	0.00009679884334390735
-4.179999999999955	0.00010056844656589544
-4.1699999999999555	0.00010447626935457392
-4.159999999999956	0.0001085270242225059
-4.149999999999956	0.000112725570220242
-4.139999999999956	0.00011707691694427842
-4.129999999999956	0.0001215862286968759
-4.119999999999957	0.0001262588286198751
-4.109999999999957	0.00013110020302634494
-4.099999999999957	0.00013611600577793787
-4.089999999999957	0.00014131206281747645
-4.079999999999957	0.0001466943766755783
-4.069999999999958	0.00015226913120100467
-4.059999999999958	0.0001580426963407888
-4.049999999999958	0.00016402163301302251
-4.039999999999958	0.00017021269807676443
-4.0299999999999585	0.00017662284946610678
-4.019999999999959	0.0001832592513443128
-4.009999999999959	0.00019012927942480104
-3.9999999999999587	0.00019724052635961746
-3.989999999999959	0.00020460080728228446
-3.979999999999959	0.0002122181654155017
-3.9699999999999593	0.0002201008778142687
-3.9599999999999596	0.000228257461215055
-3.9499999999999598	0.0002366966779937618
-3.93999999999996	0.00024542754224629094
-3.92999999999996	0.0002544593259785603
-3.9199999999999604	0.0002638015654111942
-3.9099999999999606	0.00027346406740709847
-3.899999999999961	0.00028345691601203675
-3.889999999999961	0.00029379047910853116
-3.8799999999999613	0.0003044754152059593
-3.8699999999999615	0.000315522680334751
-3.8599999999999617	0.0003269435350629233
-3.849999999999962	0.0003387495516480876
-3.839999999999962	0.00035095262129497247
-3.8299999999999623	0.00036356496154144605
-3.8199999999999625	0.00037659912377101343
-3.8099999999999627	0.0003900680008489437
-3.799999999999963	0.0004039848348676851
-3.789999999999963	0.0004183632250407253
-3.7799999999999634	0.00043321713570471934
-3.7699999999999636	0.00044856090444551065
-3.759999999999964	0.0004644092503512245
-3.749999999999964	0.00048077728240661187
-3.7399999999999642	0.0004976805079664271
-3.7299999999999645	0.0005151348414086194
-3.7199999999999647	0.0005331566128809139
-3.709999999999965	0.0005517625771636913
-3.699999999999965	0.0005709699226743736
-3.6899999999999653	0.0005907962805951685
-3.6799999999999655	0.000611259734099619
-3.6699999999999657	0.0006323788277240088
-3.659999999999966	0.0006541725768570685
-3.649999999999966	0.0006766604773171672
-3.6399999999999664	0.0006998625150968468
-3.6299999999999666	0.000723799176195777
-3.619999999999967	0.0007484914565636301
-3.609999999999967	0.00077396087216591
-3.5999999999999672	0.0008002294691761536
-3.5899999999999674	0.0008273198342527195
-3.5799999999999677	0.0008552551049388736
-3.569999999999968	0.0008840589801618894
-3.559999999999968	0.0009137557308620991
-3.5499999999999683	0.0009443702106807765
-3.5399999999999685	0.0009759278667897755
-3.5299999999999687	0.001008454750794322
-3.519999999999969	0.0010419775297310838
-3.509999999999969	0.001076523497175026
-3.4999999999999694	0.0011121205844114802
-3.4899999999999696	0.0011487973717125984
-3.47999999999997	0.0011865830996939334
-3.46999999999997	0.0012255076807377772
-3.45999999999997	0.0012656017104981545
-3.4499999999999704	0.0013068964794766724
-3.4399999999999706	0.0013494239846775047
-3.429999999999971	0.0013932169412905395
-3.419999999999971	0.00143830879447326
-3.4099999999999713	0.0014847337311670514
-3.3999999999999715	0.0015325266919405096
-3.3899999999999717	0.001581723382925506
-3.379999999999972	0.001632360287757095
-3.369999999999972	0.0016844746795413692
-3.3599999999999723	0.0017381046328720164
-3.3499999999999726	0.001793289035862333
-3.3399999999999728	0.0018500676021774218
-3.329999999999973	0.0019084808830923275
-3.319999999999973	0.00196857027954504
-3.3099999999999734	0.002030378054193966
-3.2999999999999736	0.002093947343442044
-3.289999999999974	0.002159322169475455
-3.279999999999974	0.0022265474522447683
-3.2699999999999743	0.0022956690214251635
-3.2599999999999745	0.0023667336283449756
-3.2499999999999747	0.0024397889578532963
-3.239999999999975	0.002514883640121799
-3.229999999999975	0.0025920672624083923
-3.2199999999999753	0.0026713903807187383
-3.2099999999999755	0.002752904531385611
-3.1999999999999758	0.002836662242577635
-3.189999999999976	0.002922717045685133
-3.179999999999976	0.0030111234865836745
-3.1699999999999764	0.00310193713681192
-3.1599999999999766	0.0031952146045805224
-3.149999999999977	0.003291013545651452
-3.139999999999977	0.0033893926740685277
-3.1299999999999772	0.003490411772721468
-3.1199999999999775	0.0035941317037149188
-3.1099999999999777	0.0037006144185819253
-3.099999999999978	0.0038099229682746235
-3.089999999999978	0.003922121512951019
-3.0799999999999783	0.0040372753315386836
-3.0699999999999785	0.004155450831072464
-3.0599999999999787	0.004276715555762479
-3.049999999999979	0.004401138195820332
-3.039999999999979	0.004528788596011612
-3.0299999999999794	0.004659737763904392
-3.0199999999999796	0.004794057877830347
-3.00999999999998	0.004931822294542993
-2.99999999999998	0.005073105556520331
-2.9899999999999802	0.0052179833989421396
-2.9799999999999804	0.005366532756321979
-2.9699999999999807	0.005518831768741821
-2.959999999999981	0.005674959787715698
-2.949999999999981	0.005834997381662647
-2.9399999999999813	0.00599902634095035
-2.9299999999999815	0.006167129682500303
-2.9199999999999817	0.006339391653980656
-2.909999999999982	0.006515897737504464
-2.899999999999982	0.006696734652854642
-2.8899999999999824	0.006881990360241389
-2.8799999999999826	0.007071754062518502
-2.869999999999983	0.0072661162069079755
-2.859999999999983	0.007465168486140271
-2.849999999999983	0.007669003839079131
-2.8399999999999834	0.007877716450745077
-2.8299999999999836	0.008091401751767462
-2.819999999999984	0.008310156417219133
-2.809999999999984	0.008534078364813158
-2.7999999999999843	0.008763266752488721
-2.7899999999999845	0.00899782197532442
-2.7799999999999847	0.009237845661760523
-2.769999999999985	0.009483440669159415
-2.759999999999985	0.00973471107864032
-2.7499999999999853	0.009991762189207385
-2.7399999999999856	0.010254700511082489
-2.7299999999999858	0.010523633758355907
-2.719999999999986	0.010798670840796797
-2.709999999999986	0.011079921854901803
-2.6999999999999864	0.011367498074136994
-2.6899999999999866	0.011661511938332036
-2.679999999999987	0.011962077042238615
-2.669999999999987	0.012269308123253747
-2.6599999999999873	0.012583321048224726
-2.6499999999999875	0.012904232799386624
-2.6399999999999877	0.013232161459397778
-2.629999999999988	0.013567226195435201
-2.619999999999988	0.01390954724234119
-2.6099999999999883	0.014259245884851056
-2.5999999999999885	0.01461644443880946
-2.5899999999999888	0.014981266231414693
-2.579999999999989	0.015353835580474566
-2.569999999999989	0.01573427777262837
-2.5599999999999894	0.016122719040533896
-2.5499999999999896	0.016519286539039457
-2.53999999999999	0.01692410832026933
-2.52999999999999	0.017337313307639494
-2.5199999999999902	0.017759031268813997
-2.5099999999999905	0.01818939278752809
-2.4999999999999907	0.018628529234335417
-2.489999999999991	0.01907657273620526
-2.479999999999991	0.019533656145017248
-2.4699999999999913	0.019999913004874924
-2.4599999999999915	0.02047547751830308
-2.4499999999999917	0.02096048451126695
-2.439999999999992	0.021455069397004884
-2.429999999999992	0.02195936813869511
-2.4199999999999924	0.022473517210940378
-2.4099999999999926	0.022997653560022664
-2.399999999999993	0.023531914562983383
-2.389999999999993	0.024076437985493554
-2.3799999999999932	0.024631361938475583
-2.3699999999999934	0.02519682483353149
-2.3599999999999937	0.025772965337150767
-2.349999999999994	0.026359922323653966
-2.339999999999994	0.026957834826929192
-2.3299999999999943	0.027566841990933778
-2.3199999999999945	0.02818708301895395
-2.3099999999999947	0.028818697121610337
-2.299999999999995	0.029461823463667644
-2.289999999999995	0.03011660110956592
-2.2799999999999954	0.03078316896773875
-2.2699999999999956	0.031461665733701606
-2.259999999999996	0.03215222983191958
-2.249999999999996	0.03285499935637606
-2.239999999999996	0.033570112010086056
-2.2299999999999964	0.034297705043236766
-2.2199999999999966	0.035037915190194724
-2.209999999999997	0.03579087860532556
-2.199999999999997	0.03655673079761071
-2.1899999999999973	0.037335606564073684
-2.1799999999999975	0.03812763992207932
-2.1699999999999977	0.038932964040459886
-2.159999999999998	0.03975171116948829
-2.149999999999998	0.04058401256976194
-2.1399999999999983	0.041429998439963
-2.1299999999999986	0.04228979784351209
-2.1199999999999988	0.04316353863418521
-2.109999999999999	0.044051347380611554
-2.099999999999999	0.04495334928984191
-2.0899999999999994	0.04586966812980144
-2.0799999999999996	0.046800426150821965
-2.07	0.047745744006159
-2.06	0.048705740671600814
-2.0500000000000003	0.04968053336416822
-2.0400000000000005	0.0506702374598835
-2.0300000000000007	0.05167496641072499
-2.020000000000001	0.05269483166073578
-2.010000000000001	0.05372994256132179
-2.0000000000000013	0.05478040628579234
-1.9900000000000015	0.05584632774318816
-1.9800000000000015	0.056927809491368164
-1.9700000000000015	0.05802495164945619
-1.9600000000000015	0.059137851809678364
-1.9500000000000015	0.06026660494857592
-1.9400000000000015	0.06141130333767729
-1.9300000000000015	0.062572036453694
-1.9200000000000015	0.06374889088821134
-1.9100000000000015	0.06494195025695555
-1.9000000000000015	0.06615129510871552
-1.8900000000000015	0.06737700283389705
-1.8800000000000014	0.06861914757278319
-1.8700000000000014	0.06987780012358275
-1.8600000000000014	0.07115302785027156
-1.8500000000000014	0.07244489459026322
-1.8400000000000014	0.07375346056203644
-1.8300000000000014	0.07507878227269472
-1.8200000000000014	0.07642091242551728
-1.8100000000000014	0.07777989982761782
-1.8000000000000014	0.0791557892977196
-1.7900000000000014	0.08054862157401935
-1.7800000000000014	0.08195843322244632
-1.7700000000000014	0.08338525654507657
-1.7600000000000013	0.08482911948894158
-1.7500000000000013	0.08629004555525496
-1.7400000000000013	0.08776805370911571
-1.7300000000000013	0.0892631582897061
-1.7200000000000013	0.09077536892111789
-1.7100000000000013	0.09230469042383428
-1.7000000000000013	0.09385112272690257
-1.6900000000000013	0.09541466078091396
-1.6800000000000013	0.09699529447185022
-1.6700000000000013	0.09859300853580114
-1.6600000000000013	0.10020778247468616
-1.6500000000000012	0.10183959047306033
-1.6400000000000012	0.1034884013159309
-1.6300000000000012	0.10515417830789195
-1.6200000000000012	0.10683687919341933
-1.6100000000000012	0.10853645607850883
-1.6000000000000012	0.11025285535369121
-1.5900000000000012	0.111986017618544
-1.5800000000000012	0.11373587760768888
-1.5700000000000012	0.11550236411838821
-1.5600000000000012	0.1172853999398397
-1.5500000000000012	0.11908490178418162
-1.5400000000000011	0.12090078021928526
-1.5300000000000011	0.12273293960347227
-1.5200000000000011	0.1245812780221464
-1.5100000000000011	0.12644568722641672
-1.500000000000001	0.12832605257385124
-1.490000000000001	0.13022225297136528
-1.480000000000001	0.13213416082029672
-1.470000000000001	0.1340616419638219
-1.460000000000001	0.13600455563670766
-1.450000000000001	0.13796275441746397
-1.440000000000001	0.13993608418302564
-1.430000000000001	0.14192438406598398
-1.420000000000001	0.14392748641440448
-1.410000000000001	0.14594521675437036
-1.400000000000001	0.14797739375528665
-1.390000000000001	0.15002382919794394
-1.380000000000001	0.1520843279455041
-1.370000000000001	0.15415868791743645
-1.360000000000001	0.15624670006639643
-1.350000000000001	0.15834814835819788
-1.340000000000001	0.1604628097549152
-1.330000000000001	0.1625904542011153
-1.320000000000001	0.16473084461333007
-1.310000000000001	0.16688373687284094
-1.300000000000001	0.16904887982175346
-1.290000000000001	0.1712260152624596
-1.280000000000001	0.17341487796057772
-1.270000000000001	0.17561519565132203
-1.260000000000001	0.17782668904940194
-1.2500000000000009	0.1800490718625386
-1.2400000000000009	0.18228205080855464
-1.2300000000000009	0.18452532563609747
-1.2200000000000009	0.18677858914912243
-1.2100000000000009	0.18904152723506887
-1.2000000000000008	0.1913138188967617
-1.1900000000000008	0.1935951362881779
-1.1800000000000008	0.19588514475401608
-1.1700000000000008	0.1981835028730761
-1.1600000000000008	0.2004898625055934
-1.1500000000000008	0.20280386884444215
-1.1400000000000008	0.20512516047022966
-1.1300000000000008	0.20745336941040685
-1.1200000000000008	0.20978812120231072
-1.1100000000000008	0.21212903496013547
-1.1000000000000008	0.21447572344595725
-1.0900000000000007	0.21682779314474154
-1.0800000000000007	0.21918484434330232
-1.0700000000000007	0.221546471213316
-1.0600000000000007	0.22391226189835126
-1.0500000000000007	0.22628179860484327
-1.0400000000000007	0.22865465769711
-1.0300000000000007	0.23103040979637987
-1.0200000000000007	0.23340861988373535
-1.0100000000000007	0.2357888474070628
-1.0000000000000007	0.23817064639198932
-0.9900000000000007	0.24055356555667726
-0.9800000000000006	0.24293714843056116
-0.9700000000000006	0.2453209334770183
-0.9600000000000006	0.24770445421982185
-0.9500000000000006	0.2500872393734364
-0.9400000000000006	0.25246881297716384
-0.9300000000000006	0.25484869453298115
-0.9200000000000006	0.2572263991470907
-0.9100000000000006	0.25960143767521526
-0.9000000000000006	0.26197331687290853
-0.8900000000000006	0.26434153954207995
-0.8800000000000006	0.26670560469598736
-0.8700000000000006	0.2690650077126169
-0.8600000000000005	0.2714192404990374
-0.8500000000000005	0.2737677916576651
-0.8400000000000005	0.2761101466557667
-0.8300000000000005	0.27844578799812997
-0.8200000000000005	0.28077419540298787
-0.8100000000000005	0.2830948459809896
-0.8000000000000005	0.28540721441709765
-0.7900000000000005	0.28771077315551613
-0.7800000000000005	0.29000499258744183
-0.7700000000000005	0.2922893412414864
-0.7600000000000005	0.294563285976869
-0.7500000000000004	0.2968262921791999
-0.7400000000000004	0.2990778239586515
-0.7300000000000004	0.3013173443506602
-0.7200000000000004	0.3035443155188721
-0.7100000000000004	0.30575819896019285
-0.7000000000000004	0.3079584557120782
-0.6900000000000004	0.3101445465618373
-0.6800000000000004	0.3123159322576441
-0.6700000000000004	0.31447207372150376
-0.6600000000000004	0.3166124322638357
-0.6500000000000004	0.31873646979946163
-0.6400000000000003	0.3208436490654065
-0.6300000000000003	0.32293343383962914
-0.6200000000000003	0.3250052891611042
-0.6100000000000003	0.32705868155104034
-0.6000000000000003	0.3290930792350227
-0.5900000000000003	0.33110795236592244
-0.5800000000000003	0.33310277324760396
-0.5700000000000003	0.33507701655920774
-0.5600000000000003	0.33703015957979665
-0.5500000000000003	0.3389616824134107
-0.5400000000000003	0.3408710682143139
-0.5300000000000002	0.34275780341223355
-0.5200000000000002	0.34462137793756054
-0.5100000000000002	0.3464612854463807
-0.5000000000000002	0.34827702354507617
-0.49000000000000027	0.3500680940144939
-0.48000000000000026	0.35183400303351875
-0.47000000000000025	0.3535742614018333
-0.46000000000000024	0.3552883847618047
-0.45000000000000023	0.35697589381939104
-0.4400000000000002	0.3586363145638023
-0.4300000000000002	0.36026917848587386
-0.4200000000000002	0.36187402279504677
-0.4100000000000002	0.36345039063470147
-0.4000000000000002	0.3649978312957671
-0.3900000000000002	0.36651590042853743
-0.38000000000000017	0.36800416025242955
-0.37000000000000016	0.36946217976360834
-0.36000000000000015	0.37088953494039184
-0.35000000000000014	0.3722858089462139
-0.34000000000000014	0.3736505923300284
-0.3300000000000001	0.37498348322410124
-0.3200000000000001	0.37628408753896553
-0.3100000000000001	0.377552019155412
-0.3000000000000001	0.37878690011347954
-0.2900000000000001	0.379988360798077
-0.2800000000000001	0.38115604012200555
-0.2700000000000001	0.38228958570407795
-0.26000000000000006	0.3833886540451831
-0.25000000000000006	0.38445291069985343
-0.24000000000000007	0.38548203044424134
-0.23000000000000007	0.3864756974401467
-0.22000000000000006	0.3874336053950023
-0.21000000000000005	0.38835545771771324
-0.20000000000000004	0.38924096767026667
-0.19000000000000003	0.39008985851492045
-0.18000000000000002	0.3909018636569565
-0.17	0.39167672678288046
-0.16	0.39241420199389493
-0.15	0.39311405393463195
-0.13999999999999999	0.39377605791705644
-0.12999999999999998	0.3944000000393585
-0.11999999999999998	0.39498567729982953
-0.10999999999999999	0.39553289770564254
-0.09999999999999999	0.39604148037638814
-0.09	0.39651125564233175
-0.08	0.39694206513735764
-0.07	0.3973337618864444
-0.060000000000000005	0.3976862103876474
-0.05	0.39799928668856865
-0.04	0.39827287845717496
-0.03	0.39850688504693377
-0.02	0.398701217556277
-0.01	0.3988557988822628
0	0.3989705637684037
0.01	0.3990454588466904
0.02	0.3990804426737032
0.03	0.39907548576078
0.04	0.39903057059827096
0.05	0.39894569167381455
0.060000000000000005	0.3988208554845882
0.07	0.39865608054359514
0.08	0.3984513973799183
0.09	0.39820684853293403
0.09999999999999999	0.39792248854051004
0.10999999999999999	0.39759838392120056
0.11999999999999998	0.3972346131503688
0.12999999999999998	0.3968312666303367
0.13999999999999999	0.39638844665455036
0.15	0.3959062673657254
0.16	0.39538485470806123
0.17	0.39482434637355257
0.18000000000000002	0.3942248917423552
0.19000000000000003	0.39358665181731595
0.20000000000000004	0.3929097991526989
0.21000000000000005	0.39219451777709985
0.22000000000000006	0.3914410031106336
0.23000000000000007	0.3906494618764794
0.24000000000000007	0.38982011200676325
0.25000000000000006	0.3889531825428765
0.26000000000000006	0.388048913530333
0.2700000000000001	0.3871075559081598
0.2800000000000001	0.3861293713929146
0.2900000000000001	0.3851146323574606
0.3000000000000001	0.38406362170450153
0.3100000000000001	0.3829766327349809
0.3200000000000001	0.38185396901147284
0.3300000000000001	0.38069594421660635
0.34000000000000014	0.3795028820066174
0.35000000000000014	0.3782751158601504
0.36000000000000015	0.37701298892241397
0.37000000000000016	0.3757168538447269
0.38000000000000017	0.37438707261965404
0.3900000000000002	0.3730240164117802
0.4000000000000002	0.37162806538423193
0.4100000000000002	0.3701996085210876
0.4200000000000002	0.36873904344580233
0.4300000000000002	0.36724677623569635
0.4400000000000002	0.36572322123272094
0.45000000000000023	0.3641688008505768
0.46000000000000024	0.3625839453782935
0.47000000000000025	0.36096909278056394
0.48000000000000026	0.3593246884942255
0.49000000000000027	0.3576511852228088
0.5000000000000002	0.3559490427268894
0.5100000000000002	0.3542187276122215
0.5200000000000002	0.352460713114996
0.5300000000000002	0.3506754788845363
0.5400000000000003	0.34886351076359134
0.5500000000000003	0.3470253005662917
0.5600000000000003	0.34516134585396935
0.5700000000000003	0.34327214970900194
0.5800000000000003	0.3413582205067571
0.5900000000000003	0.3394200716858409
0.6000000000000003	0.33745822151678295
0.6100000000000003	0.33547319286929694
0.6200000000000003	0.3334655129782519
0.6300000000000003	0.3314357132085535
0.6400000000000003	0.32938432881902197
0.6500000000000004	0.3273118987254375
0.6600000000000004	0.3252189652629253
0.6700000000000004	0.32310607394780216
0.6800000000000004	0.3209737732390116
0.6900000000000004	0.3188226142993533
0.7000000000000004	0.3166531507566171
0.7100000000000004	0.31446593846473975
0.7200000000000004	0.3122615352651954
0.7300000000000004	0.3100405007487249
0.7400000000000004	0.307803396017524
0.7500000000000004	0.3055507834480907
0.7600000000000005	0.3032832264548365
0.7700000000000005	0.30100128925458874
0.7800000000000005	0.2987055366321556
0.7900000000000005	0.2963965337070906
0.8000000000000005	0.29407484570173853
0.8100000000000005	0.2917410377107576
0.8200000000000005	0.28939567447223974
0.8300000000000005	0.2870393201405099
0.8400000000000005	0.2846725380607834
0.8500000000000005	0.28229589054580434
0.8600000000000005	0.2799099386545511
0.8700000000000006	0.27751524197315286
0.8800000000000006	0.2751123583981636
0.8900000000000006	0.27270184392224806
0.9000000000000006	0.2702842524224352
0.9100000000000006	0.26786013545105775
0.9200000000000006	0.2654300420294541
0.9300000000000006	0.2629945184445425
0.9400000000000006	0.2605541080484163
0.9500000000000006	0.2581093510609966
0.9600000000000006	0.25566078437586803
0.9700000000000006	0.25320894136940036
0.9800000000000006	0.2507543517132491
0.9900000000000007	0.24829754119026998
1.0000000000000007	0.24583903151401976
1.0100000000000007	0.24337934015185314
1.0200000000000007	0.2409189801513508
1.0300000000000007	0.23845845997233284
1.0400000000000007	0.2359982833191452
1.0500000000000007	0.23353894898038974
1.0600000000000007	0.23108095067088769
1.0700000000000007	0.22862477687803515
1.0800000000000007	0.22617091071222792
1.0900000000000007	0.2237198297614609
1.1000000000000008	0.22127200595013705
1.1100000000000008	0.21882790540209823
1.1200000000000008	0.21638798830796466
1.1300000000000008	0.21395270879682338
1.1400000000000008	0.21152251481225925
1.1500000000000008	0.20909784799280515
1.1600000000000008	0.20667914355644773
1.1700000000000008	0.20426683019152858
1.1800000000000008	0.20186132994822345
1.1900000000000008	0.1994630581384647
1.2000000000000008	0.19707242323839122
1.2100000000000009	0.19468982679573696
1.2200000000000009	0.19231566334178218
1.2300000000000009	0.18995032030783016
1.2400000000000009	0.18759417794623165
1.2500000000000009	0.18524760925599834
1.260000000000001	0.18291097991292618
1.270000000000001	0.18058464820427164
1.280000000000001	0.17826896496797476
1.290000000000001	0.17596427353637956
1.300000000000001	0.17367090968446558
1.310000000000001	0.17138920158256069
1.320000000000001	0.16911946975351635
1.330000000000001	0.16686202703431044
1.340000000000001	0.1646171785420611
1.350000000000001	0.1623852216444262
1.360000000000001	0.16016644593431362
1.370000000000001	0.1579611332089299
1.380000000000001	0.15576955745308013
1.390000000000001	0.15359198482668002
1.400000000000001	0.1514286736564668
1.410000000000001	0.14927987443183297
1.420000000000001	0.14714582980474059
1.430000000000001	0.14502677459366645
1.440000000000001	0.1429229357915408
1.450000000000001	0.14083453257757877
1.460000000000001	0.13876177633299394
1.470000000000001	0.1367048706605175
1.480000000000001	0.13466401140764964
1.490000000000001	0.13263938669357697
1.500000000000001	0.13063117693973428
1.5100000000000011	0.12863955490387363
1.5200000000000011	0.12666468571762143
1.5300000000000011	0.1247067269274469
1.5400000000000011	0.12276582853895215
1.5500000000000012	0.12084213306440612
1.5600000000000012	0.11893577557349358
1.5700000000000012	0.11704688374713897
1.5800000000000012	0.11517557793436632
1.5900000000000012	0.11332197121212179
1.6000000000000012	0.11148616944794695
1.6100000000000012	0.10966827136544913
1.6200000000000012	0.1078683686124827
1.6300000000000012	0.10608654583194971
1.6400000000000012	0.1043228807351448
1.6500000000000012	0.10257744417755772
1.6600000000000013	0.10085030023706093
1.6700000000000013	0.09914150629436555
1.6800000000000013	0.09745111311570205
1.6900000000000013	0.09577916493760798
1.7000000000000013	0.09412569955378715
1.7100000000000013	0.0924907484038314
1.7200000000000013	0.09087433666390414
1.7300000000000013	0.0892764833391437
1.7400000000000013	0.08769720135776683
1.7500000000000013	0.08613649766680241
1.7600000000000013	0.0845943733293049
1.7700000000000014	0.0830708236230378
1.7800000000000014	0.08156583814048511
1.7900000000000014	0.0800794008901806
1.8000000000000014	0.07861149039910544
1.8100000000000014	0.07716207981631946
1.8200000000000014	0.07573113701752011
1.8300000000000014	0.07431862471056513
1.8400000000000014	0.07292450054185136
1.8500000000000014	0.07154871720345098
1.8600000000000014	0.0701912225409478
1.8700000000000014	0.0688519596618895
1.8800000000000014	0.0675308670447664
1.8900000000000015	0.06622787864844597
1.9000000000000015	0.06494292402200377
1.9100000000000015	0.06367592841484696
1.9200000000000015	0.06242681288706035
1.9300000000000015	0.061195494419938726
1.9400000000000015	0.059981886026581756
1.9500000000000015	0.058785896862518366
1.9600000000000015	0.05760743233626784
1.9700000000000015	0.05644639421979894
1.9800000000000015	0.055302680758778096
1.9900000000000015	0.05417618678258064
2.0000000000000013	0.05306680381398457
2.010000000000001	0.051974420178477906
2.020000000000001	0.050898921113131684
2.0300000000000007	0.04984018887497803
2.0400000000000005	0.04879810284881358
2.0500000000000003	0.047772539654405706
2.06	0.046763373253032994
2.07	0.04577047505327599
2.0799999999999996	0.0447937140160635
2.0899999999999994	0.0438329567588769
2.099999999999999	0.04288806765908592
2.109999999999999	0.04195890895636198
2.1199999999999988	0.04104534085412448
2.1299999999999986	0.040147221619979315
2.1399999999999983	0.03926440768508753
2.149999999999998	0.03839675374250629
2.159999999999998	0.037544112844269784
2.1699999999999977	0.03670633649742627
2.1799999999999975	0.03588327475880539
2.1899999999999973	0.0350747763285575
2.199999999999997	0.034280688642420995
2.209999999999997	0.033500857962680666
2.2199999999999966	0.032735129467802916
2.2299999999999964	0.03198334734069522
2.239999999999996	0.031245354855589942
2.249999999999996	0.030520994463507145
2.259999999999996	0.029810107876287788
2.2699999999999956	0.029112536149165386
2.2799999999999954	0.02842811976186222
2.289999999999995	0.027756698698178952
2.299999999999995	0.02709811252411998
2.3099999999999947	0.026452200464399344
2.3199999999999945	0.025818801477481505
2.3299999999999943	0.025197754329040548
2.339999999999994	0.02458889766385818
2.349999999999994	0.02399207007612765
2.3599999999999937	0.023407110178194617
2.3699999999999934	0.022833856667694264
2.3799999999999932	0.022272148393089945
2.389999999999993	0.021721824417613715
2.399999999999993	0.02118272408160373
2.4099999999999926	0.020654687063218484
2.4199999999999924	0.020137553437564612
2.429999999999992	0.019631163734199802
2.439999999999992	0.019135358993037938
2.4499999999999917	0.0186499808186413
2.4599999999999915	0.018174871432929837
2.4699999999999913	0.017709873726280204
2.479999999999991	0.01725483130703339
2.489999999999991	0.016809588549439786
2.4999999999999907	0.016373990640013807
2.5099999999999905	0.01594788362232625
2.5199999999999902	0.01553111444024731
2.52999999999999	0.015123530979643869
2.53999999999999	0.014724982108536797
2.5499999999999896	0.014335317715749647
2.5599999999999894	0.013954388748049492
2.569999999999989	0.01358204724577936
2.579999999999989	0.01321814637703845
2.5899999999999888	0.012862540470383165
2.5999999999999885	0.012515085046084473
2.6099999999999883	0.01217563684596377
2.619999999999988	0.011844053861817722
2.629999999999988	0.011520195362419825
2.6399999999999877	0.01120392191921311
2.6499999999999875	0.010895095430584777
2.6599999999999873	0.010593579144830643
2.669999999999987	0.010299237681816086
2.679999999999987	0.010011937053301853
2.6899999999999866	0.009731544682062842
2.6999999999999864	0.009457929419693279
2.709999999999986	0.009190961563217588
2.719999999999986	0.008930512870470744
2.7299999999999858	0.008676456574317709
2.7399999999999856	0.008428667395692625
2.7499999999999853	0.008187021555505119
2.759999999999985	0.007951396785430323
2.769999999999985	0.007721672337604882
2.7799999999999847	0.007497728993260484
2.7899999999999845	0.007279449070295636
2.7999999999999843	0.007066716429848361
2.809999999999984	0.006859416481856344
2.819999999999984	0.006657436189646443
2.8299999999999836	0.006460664073579289
2.8399999999999834	0.006268990213767812
2.849999999999983	0.0060823062518881145
2.859999999999983	0.0059005053921272685
2.869999999999983	0.005723482401264867
2.8799999999999826	0.005551133607935123
2.8899999999999824	0.0053833569010846944
2.899999999999982	0.005220051727644501
2.909999999999982	0.005061119089445774
2.9199999999999817	0.004906461539414997
2.9299999999999815	0.004755983177042856
2.9399999999999813	0.00460958964318039
2.949999999999981	0.004467188114165351
2.959999999999981	0.0043286872953148805
2.9699999999999807	0.004193997413794525
2.9799999999999804	0.004063030210907823
2.9899999999999802	0.003935698933793945
2.99999999999998	0.003811918326594769
3.00999999999998	0.003691604621085247
3.0199999999999796	0.0035746755268020584
3.0299999999999794	0.003461050220687626
3.039999999999979	0.0033506493362710056
3.049999999999979	0.003243394952407932
3.0599999999999787	0.003139210581598476
3.0699999999999785	0.0030380211579059883
3.0799999999999783	0.002939753024491462
3.089999999999978	0.002844333920793757
3.099999999999978	0.0027516929693532657
3.1099999999999777	0.0026617606623331705
3.1199999999999775	0.002574468847717625
3.1299999999999772	0.002489750715234954
3.139999999999977	0.0024075407820053334
3.149999999999977	0.0023277748779480427
3.1599999999999766	0.002250390130938667
3.1699999999999764	0.002175324951769972
3.179999999999976	0.0021025190188952896
3.189999999999976	0.0020319132629962764
3.1999999999999758	0.0019634498513818204
3.2099999999999755	0.001897072172232934
3.2199999999999753	0.0018327248187052477
3.229999999999975	0.001770353572920619
3.239999999999975	0.0017099053898329106
3.2499999999999747	0.0016513283810112745
3.2599999999999745	0.0015945717983343367
3.2699999999999743	0.001539586017619687
3.279999999999974	0.0014863225222026867
3.289999999999974	0.0014347338864453688
3.2999999999999736	0.0013847737592550882
3.3099999999999734	0.0013363968475464565
3.319999999999973	0.0012895588997129082
3.329999999999973	0.001244216689098208
3.3399999999999728	0.0012003279974756142
3.3499999999999726	0.001157851598546694
3.3599999999999723	0.001116747241499269
3.369999999999972	0.0010769756345584433
3.379999999999972	0.0010384984286290375
3.3899999999999717	0.0010012782009908372
3.3999999999999715	0.0009652784390455605
3.4099999999999713	0.0009304635241541904
3.419999999999971	0.000896798715558342
3.429999999999971	0.0008642501343813132
3.4399999999999706	0.0008327847477413374
3.4499999999999704	0.0008023703529613936
3.45999999999997	0.0007729755618900915
3.46999999999997	0.0007445697853564944
3.47999999999997	0.0007171232177174737
3.4899999999999696	0.0006906068215608399
3.4999999999999694	0.0006649923125355241
3.509999999999969	0.0006402521443166933
3.519999999999969	0.000616359493721011
3.5299999999999687	0.0005932882459607645
3.5399999999999685	0.0005710129800746886
3.5499999999999683	0.0005495089544739084
3.559999999999968	0.0005287520926883636
3.569999999999968	0.0005087189692554376
3.5799999999999677	0.0004893867957823878
3.5899999999999674	0.0004707334071759032
3.5999999999999672	0.0004527372480401899
3.609999999999967	0.0004353773592635017
3.619999999999967	0.0004186333647633206
3.6299999999999666	0.0004024854584166678
3.6399999999999664	0.0003869143911977648
3.649999999999966	0.00037190145843917004
3.659999999999966	0.00035742848733128765
3.6699999999999657	0.00034347782458921914
3.6799999999999655	0.00033003232429535024
3.6899999999999653	0.0003170753359374417
3.699999999999965	0.00030459069264212864
3.709999999999965	0.0002925626995763507
3.7199999999999647	0.000280976122564315
3.7299999999999645	0.00026981617685940443
3.7399999999999642	0.000259068516132771
3.749999999999964	0.0002487192216412186
3.759999999999964	0.0002387547915792982
3.7699999999999636	0.00022916213062635515
3.7799999999999634	0.000219928539673437
3.789999999999963	0.0002110417057451935
3.799999999999963	0.00020248969209873036
3.8099999999999627	0.0001942609285173229
3.8199999999999625	0.0001863442017801798
3.8299999999999623	0.00017872864632310212
3.839999999999962	0.00017140373507158364
3.849999999999962	0.00016435927046499165
3.8599999999999617	0.00015758537565326437
3.8699999999999615	0.00015107248586851668
3.8799999999999613	0.00014481134000290474
3.889999999999961	0.0001387929722944949
3.899999999999961	0.00013300870427885233
3.9099999999999606	0.00012745013681875436
3.9199999999999604	0.0001221091423744023
3.92999999999996	0.0001169778574169714
3.93999999999996	0.00011204867496602224
3.9499999999999598	0.00010731423739625571
3.9599999999999596	0.00010276742930813181
3.9699999999999593	0.00009840137056210252
3.979999999999959	0.0000942094095668066
3.989999999999959	0.00009018511661295976
3.9999999999999587	0.00008632227742018061
4.009999999999959	0.00008261488682220934
4.019999999999959	0.00007905714259947304
4.0299999999999585	0.00007564343946366202
4.039999999999958	0.00007236836318752237
4.049999999999958	0.00006922668486982888
4.059999999999958	0.00006621335535314541
4.069999999999958	0.00006332349976987916
4.079999999999957	0.00006055241223236577
4.089999999999957	0.00005789555064941593
4.099999999999957	0.00005534853168069311
4.109999999999957	0.00005290712581742038
4.119999999999957	0.00005056725259085061
4.129999999999956	0.00004832497590504875
4.139999999999956	0.000046176499494052334
4.149999999999956	0.00004411816249478323
4.159999999999956	0.00004214643514290103
4.1699999999999555	0.00004025791458400369
4.179999999999955	0.000038449320790067474
4.189999999999955	0.00003671749259876015
4.199999999999955	0.00003505938385715886
4.209999999999955	0.00003347205966303039
4.2199999999999545	0.00003195269272678295
4.229999999999954	0.00003049855982558321
4.239999999999954	0.000029107038352578262
4.249999999999954	0.00002777560298238612
4.259999999999954	0.000026501822408531154
4.269999999999953	0.00002528335619722711
4.279999999999953	0.000024117951713885495
4.289999999999953	0.000023003441152544724
4.299999999999953	0.000021937738644433954
4.3099999999999525	0.00002091883745744084
4.319999999999952	0.000019944807273442556
4.329999999999952	0.000019013791554684367
4.339999999999952	0.000018124004979007642
4.349999999999952	0.000017273730966677204
4.3599999999999515	0.000016461319265476968
4.369999999999951	0.000015685183627132
4.379999999999951	0.000014943799543633033
4.389999999999951	0.000014235702059025268
4.399999999999951	0.000013559483647293616
4.40999999999995	0.000012913792157766656
4.41999999999995	0.000012297328830398748
4.42999999999995	0.000011708846366941521
4.43999999999995	0.000011147147044605343
4.4499999999999496	0.000010611080954672616
4.459999999999949	0.000010099544230763316
4.469999999999949	9.611477338088998e-6
4.479999999999949	9.14586348444326e-6
4.489999999999949	8.701727008561674e-6
4.4999999999999485	8.278131858741009e-6
4.509999999999948	7.874180115139156e-6
4.519999999999948	7.489010561471138e-6
4.529999999999948	7.121797303253841e-6
4.539999999999948	6.7717484362292485e-6
4.549999999999947	6.438104752044894e-6
4.559999999999947	6.120138500304399e-6
4.569999999999947	5.817152180672037e-6
4.579999999999947	5.528477385491809e-6
4.589999999999947	5.253473673930438e-6
4.599999999999946	4.991527499055904e-6
4.609999999999946	4.742051152541545e-6
4.619999999999946	4.504481765052239e-6
4.629999999999946	4.278280334400235e-6
4.6399999999999455	4.062930783473698e-6
4.649999999999945	3.857939056455592e-6
4.659999999999945	3.662832254739854e-6
4.669999999999945	3.4771577827691465e-6
4.679999999999945	3.300482555699046e-6
4.689999999999944	3.132392203678482e-6
4.699999999999944	2.9724903223277282e-6
4.709999999999944	2.820397760660803e-6
4.719999999999944	2.675751904413733e-6
4.729999999999944	2.5382060157790713e-6
4.739999999999943	2.4074285769813753e-6
4.749999999999943	2.283102691186604e-6
4.759999999999943	2.1649254427291234e-6
4.769999999999943	2.0526073608812354e-6
4.7799999999999425	1.9458718296614947e-6
4.789999999999942	1.8444545855942055e-6
4.799999999999942	1.748103168882623e-6
4.809999999999942	1.6565764678784276e-6
4.819999999999942	1.5696442081178829e-6
4.8299999999999415	1.4870865171170435e-6
4.839999999999941	1.4086934776507e-6
4.849999999999941	1.3342647073758176e-6
4.859999999999941	1.2636089518861903e-6
4.869999999999941	1.196543697350698e-6
4.87999999999994	1.13289479219286e-6
4.88999999999994	1.0724960926441564e-6
4.89999999999994	1.0151891112948046e-6
4.90999999999994	9.60822692528747e-7
4.9199999999999395	9.092526890296871e-7
4.929999999999939	8.603416558978062e-7
4.939999999999939	8.139585634665237e-7
4.949999999999939	7.699785085614022e-7
4.959999999999939	7.282824477040262e-7
4.9699999999999385	6.887569449478529e-7
4.979999999999938	6.512939181244746e-7
4.989999999999938	6.157903933159761e-7
4.999999999999938	5.82148287882823e-7
5.009999999999938	5.502741876899616e-7
5.019999999999937	5.200791379687338e-7
5.029999999999937	4.914784424423295e-7
5.039999999999937	4.643914710398746e-7
5.049999999999937	4.3874146909423766e-7
5.0599999999999365	4.144554002052539e-7
5.069999999999936	3.914637642914493e-7
5.079999999999936	3.697004230942373e-7
5.089999999999936	3.491024646361481e-7
5.099999999999936	3.296100484350057e-7
5.1099999999999355	3.111662638293837e-7
5.119999999999935	2.937169939571587e-7
5.129999999999935	2.7721078618528086e-7
5.139999999999935	2.61598727929221e-7
5.149999999999935	2.468343277199781e-7
5.159999999999934	2.3287340195004626e-7
5.169999999999934	2.1967396573771852e-7
5.179999999999934	2.0719612961208378e-7
5.189999999999934	1.9540200059303595e-7
5.199999999999934	1.8425558680898363e-7
5.209999999999933	1.7372270748158804e-7
5.219999999999933	1.637708968069105e-7
5.229999999999933	1.5436935574339737e-7
5.239999999999933	1.4548882589000628e-7
5.2499999999999325	1.3710154624565702e-7
5.259999999999932	1.2918116499819557e-7
5.269999999999932	1.217026798592448e-7
5.279999999999932	1.146423708183196e-7
5.289999999999932	1.0797773927233873e-7
5.299999999999931	1.0168744150261193e-7
5.309999999999931	9.575123957882326e-8