-5.739999999999922	9.556619591490745e-8
-5.729999999999922	1.0053029229539197e-7
-5.7199999999999225	1.0574410917848818e-7
-5.709999999999923	1.1121977290848719e-7
-5.699999999999923	1.1696997244918279e-7
-5.689999999999923	1.2300798701934903e-7
-5.679999999999923	1.2934771677555928e-7
-5.6699999999999235	1.360037047809806e-7
-5.659999999999924	1.4299116840748443e-7
-5.649999999999924	1.5032602532062476e-7
-5.639999999999924	1.5802493052494673e-7
-5.629999999999924	1.6610530199202415e-7
-5.619999999999925	1.74585360218746e-7
-5.609999999999925	1.8348415969065012e-7
-5.599999999999925	1.928216264955716e-7
-5.589999999999925	2.0261859571835147e-7
-5.5799999999999255	2.1289685243368666e-7
-5.569999999999926	2.2367917194290745e-7
-5.559999999999926	2.349893615802567e-7
-5.549999999999926	2.468523077186304e-7
-5.539999999999926	2.5929401996203234e-7
-5.5299999999999265	2.723416816436437e-7
-5.519999999999927	2.860236975738313e-7
-5.509999999999927	3.0036974958042395e-7
-5.499999999999927	3.1541084915325574e-7
-5.489999999999927	3.31179393200834e-7
-5.479999999999928	3.4770922450646003e-7
-5.469999999999928	3.6503569286958873e-7
-5.459999999999928	3.8319571834760207e-7
-5.449999999999928	4.0222785814105114e-7
-5.4399999999999284	4.2217237503407747e-7
-5.429999999999929	4.4307130926366785e-7
-5.419999999999929	4.64968553083108e-7
-5.409999999999929	4.879099281461885e-7
-5.399999999999929	5.119432621911267e-7
-5.3899999999999295	5.371184837588127e-7
-5.37999999999993	5.634877023541317e-7
-5.36999999999993	5.911052904155055e-7
-5.35999999999993	6.200279886236996e-7
-5.34999999999993	6.503149996901515e-7
-5.339999999999931	6.820280893612181e-7
-5.329999999999931	7.152316917336415e-7
-5.319999999999931	7.49993018250957e-7
-5.309999999999931	7.863821711014726e-7
-5.299999999999931	8.244722607237943e-7
-5.289999999999932	8.643395435249174e-7
-5.279999999999932	9.060635021479454e-7
-5.269999999999932	9.497270083083935e-7
-5.259999999999932	9.954164896675765e-7
-5.2499999999999325	1.043222025285784e-6
-5.239999999999933	1.093237508431239e-6
-5.229999999999933	1.1455607985406537e-6
-5.219999999999933	1.2002938797127487e-6
-5.209999999999933	1.2575430245080887e-6
-5.199999999999934	1.3174189642045384e-6
-5.189999999999934	1.3800370651992224e-6
-5.179999999999934	1.4455175117281579e-6
-5.169999999999934	1.5139854956421126e-6
-5.159999999999934	1.585571412893866e-6
-5.149999999999935	1.6604110671439967e-6
-5.139999999999935	1.7386458809503555e-6
-5.129999999999935	1.8204231145613412e-6
-5.119999999999935	1.9058960926666349e-6
-5.1099999999999355	1.99522444116367e-6
-5.099999999999936	2.0885743216336164e-6
-5.089999999999936	2.1861186992155926e-6
-5.079999999999936	2.288037587125921e-6
-5.069999999999936	2.394518325015704e-6
-5.0599999999999365	2.5057558759879783e-6
-5.049999999999937	2.621953057229597e-6
-5.039999999999937	2.7433209277583955e-6
-5.029999999999937	2.8700790080559515e-6
-5.019999999999937	3.002455686352526e-6
-5.009999999999938	3.1406884740631494e-6
-4.999999999999938	3.2850244178373177e-6
-4.989999999999938	3.435720395401377e-6
-4.979999999999938	3.593043529772763e-6
-4.9699999999999385	3.757271543558329e-6
-4.959999999999939	3.928693166302786e-6
-4.949999999999939	4.107608529847106e-6
-4.939999999999939	4.294329600830955e-6
-4.929999999999939	4.489180611545202e-6
-4.9199999999999395	4.692498504980977e-6
-4.90999999999994	4.9046334127560465e-6
-4.89999999999994	5.1259491188093205e-6
-4.88999999999994	5.356823569452492e-6
-4.87999999999994	5.597649383920842e-6
-4.869999999999941	5.848834386200088e-6
-4.859999999999941	6.110802137769841e-6
-4.849999999999941	6.383992526220469e-6
-4.839999999999941	6.668862339270332e-6
-4.8299999999999415	6.965885863301994e-6
-4.819999999999942	7.275555515298685e-6
-4.809999999999942	7.598382483123087e-6
-4.799999999999942	7.934897382707174e-6
-4.789999999999942	8.285650950380563e-6
-4.7799999999999425	8.651214756942582e-6
-4.769999999999943	9.032181921771891e-6
-4.759999999999943	9.429167872017166e-6
-4.749999999999943	9.842811130155428e-6
-4.739999999999943	0.000010273774097793383
-4.729999999999944	0.000010722743899916928
-4.719999999999944	0.00001119043320937929
-4.709999999999944	0.000011677581161418712
-4.699999999999944	0.000012184954236505346
-4.689999999999944	0.000012713347198721938
-4.679999999999945	0.00001326358406655899
-4.669999999999945	0.000013836519078616395
-4.659999999999945	0.00001443303775420248
-4.649999999999945	0.000015054057921632793
-4.6399999999999455	0.000015700530804849184
-4.629999999999946	0.000016373442148617345
-4.619999999999946	0.00001707381336593322
-4.609999999999946	0.000017802702718576135
-4.599999999999946	0.000018561206546876246
-4.589999999999947	0.000019350460522902096
-4.579999999999947	0.000020171640935642048
-4.569999999999947	0.00002102596603391653
-4.559999999999947	0.00002191469738964993
-4.549999999999947	0.00002283914130720086
-4.539999999999948	0.000023800650278505704
-4.529999999999948	0.000024800624472523513
-4.519999999999948	0.00002584051326163281
-4.509999999999948	0.000026921816811819464
-4.4999999999999485	0.000028046087704809285
-4.489999999999949	0.000029214932594271185
-4.479999999999949	0.000030430013930893167
-4.469999999999949	0.00003169305172300018
-4.459999999999949	0.000033005825348319284
-4.4499999999999496	0.00003437017541021482
-4.43999999999995	0.00003578800566353337
-4.42999999999995	0.00003726128496287017
-4.41999999999995	0.000038792049290635725
-4.40999999999995	0.00004038240382983571
-4.399999999999951	0.000042034525085116885
-4.389999999999951	0.000043750663074476896
-4.379999999999951	0.000045533143569238
-4.369999999999951	0.00004738437039700729
-4.3599999999999515	0.00004930682780288873
-4.349999999999952	0.00005130308287628327
-4.339999999999952	0.00005337578803747898
-4.329999999999952	0.00005552768358294453
-4.319999999999952	0.00005776160031091686
-4.3099999999999525	0.00006008046220271758
-4.299999999999953	0.00006248728916580912
-4.289999999999953	0.00006498519986721805
-4.279999999999953	0.00006757741461984488
-4.269999999999953	0.00007026725833944648
-4.259999999999954	0.00007305816358929337
-4.249999999999954	0.00007595367369324131
-4.239999999999954	0.00007895744590869428
-4.229999999999954	0.0000820732547093821
-4.2199999999999545	0.00008530499511749253
-4.209999999999955	0.000088656686127681
-4.199999999999955	0.00009213247421154253
-4.189999999999955	0.00009573663691349083
-4.179999999999955	0.00009947358650652487
-4.1699999999999555	0.00010334787375990916
-4.159999999999956	0.00010736419178238047
-4.149999999999956	0.00011152737994928212
-4.139999999999956	0.00011584242790954164
-4.129999999999956	0.00012031447976236414
-4.119999999999957	0.00012494883816872206
-4.109999999999957	0.00012975096870672945
-4.099999999999957	0.00013472650424518084
-4.089999999999957	0.00013988124947577965
-4.079999999999957	0.0001452211854223653
-4.069999999999958	0.00015075247419112464
-4.059999999999958	0.00015648146373046858
-4.049999999999958	0.0001624146927240308
-4.039999999999958	0.00016855889558345364
-4.0299999999999585	0.0001749210075422475
-4.019999999999959	0.00018150816985039437
-4.009999999999959	0.00018832773509040666
-3.9999999999999587	0.00019538727258821374
-3.989999999999959	0.00020269457393031352
-3.979999999999959	0.00021025765861027254
-3.9699999999999593	0.00021808477976666338
-3.9599999999999596	0.0002261844300356267
-3.9499999999999598	0.00023456534753116525
-3.93999999999996	0.0002432365219288974
-3.92999999999996	0.0002522072006550743
-3.9199999999999604	0.0002614868952221736
-3.9099999999999606	0.00027108538765271175
-3.899999999999961	0.00028101273702994724
-3.889999999999961	0.0002912792861767357
-3.8799999999999613	0.0003018956684496301
-3.8699999999999615	0.00031287281463888506
-3.8599999999999617	0.0003242219600142928
-3.849999999999962	0.0003359546514782311
-3.839999999999962	0.0003480827548416432
-3.8299999999999623	0.00036061846222705773
-3.8199999999999625	0.00037357429959979284
-3.8099999999999627	0.00038696313440930084
-3.799999999999963	0.0004007981833637335
-3.789999999999963	0.00041509302033947615
-3.7799999999999634	0.00042986158439051284
-3.7699999999999636	0.000445118187900345
-3.759999999999964	0.00046087752486724586
-3.749999999999964	0.0004771546792944565
-3.7399999999999642	0.0004939651336962414
-3.7299999999999645	0.0005113247777858618
-3.7199999999999647	0.0005292499172186104
-3.709999999999965	0.0005477572824929874
-3.699999999999965	0.0005668640379812313
-3.6899999999999653	0.0005865877910679164
-3.6799999999999655	0.0006069466014087295
-3.6699999999999657	0.0006279589903344893
-3.659999999999966	0.000649643950356593
-3.649999999999966	0.0006720209547665094
-3.6399999999999664	0.0006951099674295137
-3.6299999999999666	0.0007189314526252232
-3.619999999999967	0.000743506385020081
-3.609999999999967	0.0007688562597830836
-3.5999999999999672	0.0007950031027822939
-3.5899999999999674	0.0008219694809049652
-3.5799999999999677	0.000849778512476224
-3.569999999999968	0.0008784538778647455
-3.559999999999968	0.0009080198300115106
-3.5499999999999683	0.0009385012052567775
-3.5399999999999685	0.000969923434164392
-3.5299999999999687	0.0010023125524641675
-3.519999999999969	0.0010356952120914985
-3.509999999999969	0.0010700986923134483
-3.4999999999999694	0.001105550910999292
-3.4899999999999696	0.001142080435838456
-3.47999999999997	0.0011797164958026155
-3.46999999999997	0.0012184889925858876
-3.45999999999997	0.0012584285121540007
-3.4499999999999704	0.0012995663363703966
-3.4399999999999706	0.0013419344546686802
-3.429999999999971	0.0013855655757985235
-3.419999999999971	0.001430493139646099
-3.4099999999999713	0.0014767513290585793
-3.3999999999999715	0.0015243750818312576
-3.3899999999999717	0.0015734001025572617
-3.379999999999972	0.0016238628746837378
-3.369999999999972	0.001675800672514592
-3.3599999999999723	0.001729251573278355
-3.3499999999999726	0.0017842544691883762
-3.3399999999999728	0.0018408490795333407
-3.329999999999973	0.001899075962763292
-3.319999999999973	0.0019589765286660288
-3.3099999999999734	0.0020205930503382407
-3.2999999999999736	0.0020839686763644734
-3.289999999999974	0.0021491474428599654
-3.279999999999974	0.0022161742855052345
-3.2699999999999743	0.0022850950515675636
-3.2599999999999745	0.0023559565118670867
-3.2499999999999747	0.002428806372681646
-3.239999999999975	0.0025036932876241445
-3.229999999999975	0.0025806668694310837
-3.2199999999999753	0.0026597777016798916
-3.2099999999999755	0.002741077350424765
-3.1999999999999758	0.0028246183757463785
-3.189999999999976	0.0029104543431813542
-3.179999999999976	0.0029986398350493977
-3.1699999999999764	0.0030892304616674184
-3.1599999999999766	0.0031822828724045902
-3.149999999999977	0.003277854766616199
-3.139999999999977	0.003376004904424862
-3.1299999999999772	0.003476793117314923
-3.1199999999999775	0.0035802803185637903
-3.1099999999999777	0.003686528513501809
-3.099999999999978	0.0037956008095362697
-3.089999999999978	0.003907561425988602
-3.0799999999999783	0.004022475703711094
-3.0699999999999785	0.004140410114451601
-3.0599999999999787	0.004261432269971962
-3.049999999999979	0.004385610930926386
-3.039999999999979	0.004513016015435143
-3.0299999999999794	0.004643718607387086
-3.0199999999999796	0.004777790964441634
-3.00999999999998	0.004915306525711498
-2.99999999999998	0.005056339919105819
-2.9899999999999802	0.0052009669683586
-2.9799999999999804	0.005349264699674392
-2.9699999999999807	0.00550131134799969
-2.959999999999981	0.00565718636293426
-2.949999999999981	0.005816970414220202
-2.9399999999999813	0.005980745396802996
-2.9299999999999815	0.006148594435492976
-2.9199999999999817	0.006320601889159084
-2.909999999999982	0.00649685335444964
-2.899999999999982	0.006677435669058882
-2.8899999999999824	0.00686243691448878
-2.8799999999999826	0.007051946418280147
-2.869999999999983	0.007246054755758876
-2.859999999999983	0.0074448537511966305
-2.849999999999983	0.007648436478426538
-2.8399999999999834	0.007856897260896651
-2.8299999999999836	0.008070331671115937
-2.819999999999984	0.008288836529489736
-2.809999999999984	0.008512509902527813
-2.7999999999999843	0.008741451100433695
-2.7899999999999845	0.008975760673986831
-2.7799999999999847	0.009215540410791496
-2.769999999999985	0.009460893330811767
-2.759999999999985	0.009711923681186271
-2.7499999999999853	0.00996873693034826
-2.7399999999999856	0.010231439761355994
-2.7299999999999858	0.010500140064490746
-2.719999999999986	0.010774946929066217
-2.709999999999986	0.011055970634447403
-2.6999999999999864	0.011343322640249382
-2.6899999999999866	0.011637115575696565
-2.679999999999987	0.011937463228168736
-2.669999999999987	0.012244480530848608
-2.6599999999999873	0.012558283549497146
-2.6499999999999875	0.012878989468354906
-2.6399999999999877	0.01320671657510892
-2.629999999999988	0.013541584244924585
-2.619999999999988	0.013883712923561345
-2.6099999999999883	0.014233224109512398
-2.5999999999999885	0.014590240335152795
-2.5899999999999888	0.014954885146931624
-2.579999999999989	0.015327283084540429
-2.569999999999989	0.015707559659045415
-2.5599999999999894	0.016095841330015744
-2.5499999999999896	0.016492255481593544
-2.53999999999999	0.01689693039747689
-2.52999999999999	0.017309995234868397
-2.5199999999999902	0.01773157999729582
-2.5099999999999905	0.018161815506364646
-2.4999999999999907	0.018600833372376443
-2.489999999999991	0.019048765963828644
-2.479999999999991	0.019505746375768733
-2.4699999999999913	0.019971908397011757
-2.4599999999999915	0.020447386476206288
-2.4499999999999917	0.02093231568670782
-2.439999999999992	0.02142683169029114
-2.429999999999992	0.021931070699691437
-2.4199999999999924	0.02244516943991653
-2.4099999999999926	0.02296926510838012
-2.399999999999993	0.023503495333826657
-2.389999999999993	0.024047998134034586
-2.3799999999999932	0.02460291187228587
-2.3699999999999934	0.02516837521264567
-2.3599999999999937	0.025744527073975586
-2.349999999999994	0.02633150658272058
-2.339999999999994	0.026929453024481326
-2.3299999999999943	0.02753850579432293
-2.3199999999999945	0.028158804345840997
-2.3099999999999947	0.028790488139010282
-2.299999999999995	0.029433696586781577
-2.289999999999995	0.030088569000414782
-2.2799999999999954	0.030755244533618387
-2.2699999999999956	0.031433862125425364
-2.259999999999996	0.03212456044184555
-2.249999999999996	0.03282747781627751
-2.239999999999996	0.03354275218873553
-2.2299999999999964	0.03427052104381454
-2.2199999999999966	0.03501092134749089
-2.209999999999997	0.035764089482703064
-2.199999999999997	0.036530161183743366
-2.1899999999999973	0.037309271469477386
-2.1799999999999975	0.038101554575407995
-2.1699999999999977	0.038907143884552145
-2.159999999999998	0.039726171857209176
-2.149999999999998	0.040558769959601414
-2.1399999999999983	0.04140506859138049
-2.1299999999999986	0.042265197012054494
-2.1199999999999988	0.043139283266384096
-2.109999999999999	0.04402745410863096
-2.099999999999999	0.04492983492584456
-2.0899999999999994	0.045846549660128535
-2.0799999999999996	0.04677772072988653
-2.07	0.04772346895011352
-2.06	0.04868391345176887
-2.0500000000000003	0.04965917160020322
-2.0400000000000005	0.05064935891270055
-2.0300000000000007	0.05165458897519242
-2.020000000000001	0.052674973358107786
-2.010000000000001	0.053710621531424994
-2.0000000000000013	0.054761640778992454
-1.9900000000000015	0.0558281361120864
-1.9800000000000015	0.05691021018226152
-1.9700000000000015	0.05800796319357951
-1.9600000000000015	0.05912149281418416
-1.9500000000000015	0.06025089408728225
-1.9400000000000015	0.061396259341602616
-1.9300000000000015	0.06255767810134075
-1.9200000000000015	0.06373523699561262
-1.9100000000000015	0.06492901966753047
-1.9000000000000015	0.0661391066828717
-1.8900000000000015	0.06736557543841937
-1.8800000000000014	0.06860850007002327
-1.8700000000000014	0.06986795136043673
-1.8600000000000014	0.07114399664692289
-1.8500000000000014	0.07243669972876034
-1.8400000000000014	0.07374612077466249
-1.8300000000000014	0.07507231623012353
-1.8200000000000014	0.0764153387248119
-1.8100000000000014	0.0777752369800464
-1.8000000000000014	0.07915205571635488
-1.7900000000000014	0.08054583556126059
-1.7800000000000014	0.08195661295728429
-1.7700000000000014	0.08338442007024506
-1.7600000000000013	0.08482928469791745
-1.7500000000000013	0.08629123017913143
-1.7400000000000013	0.08777027530331528
-1.7300000000000013	0.08926643422058013
-1.7200000000000013	0.09077971635244718
-1.7100000000000013	0.09231012630319316
-1.7000000000000013	0.09385766377192951
-1.6900000000000013	0.09542232346551256
-1.6800000000000013	0.09700409501227668
-1.6700000000000013	0.09860296287668614
-1.6600000000000013	0.1002189062750117
-1.6500000000000012	0.10185189909206424
-1.6400000000000012	0.10350190979898483
-1.6300000000000012	0.10516890137232357
-1.6200000000000012	0.10685283121432768
-1.6100000000000012	0.10855365107454633
-1.6000000000000012	0.11027130697287832
-1.5900000000000012	0.11200573912406991
-1.5800000000000012	0.11375688186372077
-1.5700000000000012	0.11552466357594399
-1.5600000000000012	0.11730900662269263
-1.5500000000000012	0.11910982727479465
-1.5400000000000011	0.12092703564485369
-1.5300000000000011	0.12276053562202502
-1.5200000000000011	0.12461022480871782
-1.5100000000000011	0.12647599445935742
-1.500000000000001	0.12835772942124618
-1.490000000000001	0.13025530807755425
-1.480000000000001	0.13216860229256389
-1.470000000000001	0.1340974773592438
-1.460000000000001	0.13604179194913305
-1.450000000000001	0.1380013980647005
-1.440000000000001	0.1399761409942211
-1.430000000000001	0.14196585926918598
-1.420000000000001	0.14397038462435535
-1.410000000000001	0.14598954196055172
-1.400000000000001	0.1480231493101661
-1.390000000000001	0.15007101780550697
-1.380000000000001	0.15213295165006105
-1.370000000000001	0.15420874809268278
-1.360000000000001	0.15629819740478137
-1.350000000000001	0.15840108286062474
-1.340000000000001	0.1605171807207253
-1.330000000000001	0.162646260218418
-1.320000000000001	0.16478808354970065
-1.310000000000001	0.16694240586635534
-1.300000000000001	0.1691089752723732
-1.290000000000001	0.1712875328238521
-1.280000000000001	0.17347781253228994
-1.270000000000001	0.1756795413713566
-1.260000000000001	0.17789243928724394
-1.2500000000000009	0.18011621921259943
-1.2400000000000009	0.18235058708402394
-1.2300000000000009	0.18459524186329965
-1.2200000000000009	0.18684987556231697
-1.2100000000000009	0.18911417327167232
-1.2000000000000008	0.19138781319312081
-1.1900000000000008	0.19367046667582888
-1.1800000000000008	0.19596179825637713
-1.1700000000000008	0.198261465702754
-1.1600000000000008	0.2005691200621183
-1.1500000000000008	0.2028844057125977
-1.1400000000000008	0.20520696041886063
-1.1300000000000008	0.2075364153918536
-1.1200000000000008	0.20987239535230237
-1.1100000000000008	0.21221451859829205
-1.1000000000000008	0.2145623970768791
-1.0900000000000007	0.21691563645964163
-1.0800000000000007	0.21927383622218136
-1.0700000000000007	0.22163658972784273
-1.0600000000000007	0.22400348431516745
-1.0500000000000007	0.2263741013895884
-1.0400000000000007	0.22874801651901944
-1.0300000000000007	0.23112479953342688
-1.0200000000000007	0.2335040146284611
-1.0100000000000007	0.23588522047293017
-1.0000000000000007	0.23826797032043287
-0.9900000000000007	0.2406518121246133
-0.9800000000000006	0.24303628865884808
-0.9700000000000006	0.2454209376389401
-0.9600000000000006	0.2478052918509013
-0.9500000000000006	0.250188879281344
-0.9400000000000006	0.2525712232523498
-0.9300000000000006	0.2549518425598823
-0.9200000000000006	0.25733025161639533
-0.9100000000000006	0.2597059605959416
-0.9000000000000006	0.2620784755842489
-0.8900000000000006	0.2644472987315169
-0.8800000000000006	0.2668119284090643
-0.8700000000000006	0.2691718593693137
-0.8600000000000005	0.27152658290925713
-0.8500000000000005	0.2738755870372836
-0.8400000000000005	0.27621835664319194
-0.8300000000000005	0.27855437367150004
-0.8200000000000005	0.28088311729790494
-0.8100000000000005	0.2832040641087419
-0.8000000000000005	0.28551668828348287
-0.7900000000000005	0.2878204617802075
-0.7800000000000005	0.2901148545237782
-0.7700000000000005	0.29239933459681733
-0.7600000000000005	0.2946733684339464
-0.7500000000000004	0.29693642101601314
-0.7400000000000004	0.299187956071639
-0.7300000000000004	0.3014274362766573
-0.7200000000000004	0.30365432345758864
-0.7100000000000004	0.3058680787974615
-0.7000000000000004	0.30806816304346174
-0.6900000000000004	0.31025403671645213
-0.6800000000000004	0.3124251603225412
-0.6700000000000004	0.31458099456639305
-0.6600000000000004	0.3167210005661027
-0.6500000000000004	0.3188446400695775
-0.6400000000000003	0.32095137567267434
-0.6300000000000003	0.3230406710381414
-0.6200000000000003	0.3251119911160568
-0.6100000000000003	0.3271648023653145
-0.6000000000000003	0.3291985729759459
-0.5900000000000003	0.3312127730923108
-0.5800000000000003	0.3332068750370286
-0.5700000000000003	0.33518035353537556
-0.5600000000000003	0.33713268594015244
-0.5500000000000003	0.33906335245689817
-0.5400000000000003	0.34097183636920303
-0.5300000000000002	0.3428576242640714
-0.5200000000000002	0.34472020625725136
-0.5100000000000002	0.3465590762182585
-0.5000000000000002	0.3483737319950358
-0.49000000000000027	0.3501636756381801
-0.48000000000000026	0.3519284136244616
-0.47000000000000025	0.3536674570795524
-0.46000000000000024	0.35538032199991093
-0.45000000000000023	0.35706652947356765
-0.4400000000000002	0.35872560589968633
-0.4300000000000002	0.3603570832068661
-0.4200000000000002	0.36196049906993977
-0.4100000000000002	0.36353539712513555
-0.4000000000000002	0.36508132718354436
-0.3900000000000002	0.3665978454426924
-0.38000000000000017	0.36808451469604875
-0.37000000000000016	0.36954090454043653
-0.36000000000000015	0.37096659158114353
-0.35000000000000014	0.3723611596345534
-0.34000000000000014	0.37372419992827355
-0.3300000000000001	0.37505531129856934
-0.3200000000000001	0.37635410038492023
-0.3100000000000001	0.37762018182165946
-0.3000000000000001	0.37885317842654964
-0.2900000000000001	0.38005272138597435
-0.2800000000000001	0.381218450437392
-0.2700000000000001	0.3823500140472152
-0.26000000000000006	0.38344706958618874
-0.25000000000000006	0.38450928350051583
-0.24000000000000007	0.3855363314793029
-0.23000000000000007	0.3865278986180143
-0.22000000000000006	0.3874836795778811
-0.21000000000000005	0.3884033787411912
-0.20000000000000004	0.38928671036224327
-0.19000000000000003	0.39013339871392877
-0.18000000000000002	0.3909431782298661
-0.17	0.39171579364190695
-0.16	0.3924510001129416
-0.15	0.3931485633649712
-0.13999999999999999	0.3938082598022687
-0.12999999999999998	0.3944298766295564
-0.11999999999999998	0.39501321196518135
-0.10999999999999999	0.3955580749491182
-0.09999999999999999	0.3960642858457462
-0.09	0.39653167614136753
-0.08	0.39696008863634685
-0.07	0.3973493775317797
-0.060000000000000005	0.3976994085107108
-0.05	0.39801005881377477
-0.04	0.3982812173091768
-0.03	0.3985127845570381
-0.02	0.3987046728680157
-0.01	0.39885680635609405
0	0.39896912098561554
0.01	0.39904156461243195
0.02	0.3990740970191456
0.03	0.3990666899444444
0.04	0.39901932710650434
0.05	0.3989320042203708
0.060000000000000005	0.39880472900937614
0.07	0.3986375212105693
0.08	0.3984304125740839
0.09	0.3981834468565001
0.09999999999999999	0.39789667980820936
0.10999999999999999	0.39757017915471893
0.11999999999999998	0.3972040245719409
0.12999999999999998	0.39679830765551577
0.13999999999999999	0.39635313188410265
0.15	0.3958686125767057
0.16	0.3953448768440776
0.17	0.39478206353418294
0.18000000000000002	0.3941803231717571
0.19000000000000003	0.3935398178920607
0.20000000000000004	0.39286072136878614
0.21000000000000005	0.39214321873618674
0.22000000000000006	0.39138750650552473
0.23000000000000007	0.39059379247583387
0.24000000000000007	0.3897622956390456
0.25000000000000006	0.38889324607960757
0.26000000000000006	0.38798688486859817
0.2700000000000001	0.38704346395240485
0.2800000000000001	0.38606324603608355
0.2900000000000001	0.3850465044614431
0.3000000000000001	0.38399352307990825
0.3100000000000001	0.38290459612030964
0.3200000000000001	0.3817800280516418
0.3300000000000001	0.3806201334408634
0.34000000000000014	0.379425236805882
0.35000000000000014	0.3781956724638078
0.36000000000000015	0.376931784374519
0.37000000000000016	0.3756339259797155
0.38000000000000017	0.37430246003754936
0.3900000000000002	0.37293775845289184
0.4000000000000002	0.37154020210340316
0.4100000000000002	0.3701101806615151
0.4200000000000002	0.36864809241240915
0.4300000000000002	0.3671543440681263
0.4400000000000002	0.3656293505779649
0.45000000000000023	0.36407353493522887
0.46000000000000024	0.36248732798048805
0.47000000000000025	0.3608711682015876
0.48000000000000026	0.3592255015299672
0.49000000000000027	0.357550781134744
0.5000000000000002	0.35584746721300153
0.5100000000000002	0.35411602677764326
0.5200000000000002	0.3523569334424829
0.5300000000000002	0.35057066720479757
0.5400000000000003	0.3487577142254628
0.5500000000000003	0.3469185666067998
0.5600000000000003	0.3450537221683353
0.5700000000000003	0.3431636842205548
0.5800000000000003	0.34124896133682475
0.5900000000000003	0.3393100671236316
0.6000000000000003	0.337347519989285
0.6100000000000003	0.3353618429111923
0.6200000000000003	0.33335356320192255
0.6300000000000003	0.33132321227415756
0.6400000000000003	0.3292713254046692
0.6500000000000004	0.3271984414975144
0.6600000000000004	0.32510510284658023
0.6700000000000004	0.32299185489758603
0.6800000000000004	0.32085924600974497
0.6900000000000004	0.31870782721722113
0.7000000000000004	0.3165381519904837
0.7100000000000004	0.3143507759977584
0.7200000000000004	0.31214625686670716
0.7300000000000004	0.3099251539464552
0.7400000000000004	0.3076880280701204
0.7500000000000004	0.30543544131802774
0.7600000000000005	0.3031679567816732
0.7700000000000005	0.30088613832833233
0.7800000000000005	0.2985905503682121
0.7900000000000005	0.2962817576199086
0.8000000000000005	0.2939603248800355
0.8100000000000005	0.291626816792955
0.8200000000000005	0.28928179762235046
0.8300000000000005	0.2869258310245416
0.8400000000000005	0.28455947982366847
0.8500000000000005	0.2821833057888462
0.8600000000000005	0.2797978694134103
0.8700000000000006	0.2774037296964184
0.8800000000000006	0.27500144392647796
0.8900000000000006	0.27259156746801505
0.9000000000000006	0.2701746535501469
0.9100000000000006	0.2677512530582219
0.9200000000000006	0.26532191432813323
0.9300000000000006	0.2628871829435458
0.9400000000000006	0.26044760153612206
0.9500000000000006	0.2580037095888149
0.9600000000000006	0.25555604324237935
0.9700000000000006	0.25310513510516436
0.9800000000000006	0.2506515140662639
0.9900000000000007	0.248195705112134
1.0000000000000007	0.24573822914678067
1.0100000000000007	0.24327960281552347
1.0200000000000007	0.24082033833250582
1.0300000000000007	0.23836094331197027
1.0400000000000007	0.23590192060336673
1.0500000000000007	0.23344376813038506
1.0600000000000007	0.23098697873398563
1.0700000000000007	0.22853204001943736
1.0800000000000007	0.2260794342074682
1.0900000000000007	0.22362963798957772
1.1000000000000008	0.22118312238753085
1.1100000000000008	0.2187403526171025
1.1200000000000008	0.2163017879561346
1.1300000000000008	0.21386788161690218
1.1400000000000008	0.21143908062284617
1.1500000000000008	0.2090158256897316
1.1600000000000008	0.20659855111121467
1.1700000000000008	0.20418768464885945
1.1800000000000008	0.20178364742666346
1.1900000000000008	0.199386853830056
1.2000000000000008	0.1969977114094184
1.2100000000000009	0.19461662078813086
1.2200000000000009	0.19224397557516312
1.2300000000000009	0.1898801622821864
1.2400000000000009	0.1875255602452446
1.2500000000000009	0.18518054155097435
1.260000000000001	0.18284547096733475
1.270000000000001	0.18052070587889665
1.280000000000001	0.1782065962266504
1.290000000000001	0.17590348445229675
1.300000000000001	0.17361170544704652
1.310000000000001	0.1713315865049034
1.320000000000001	0.1690634472803537
1.330000000000001	0.16680759975051734
1.340000000000001	0.16456434818167534
1.350000000000001	0.1623339891001551
1.360000000000001	0.16011681126754485
1.370000000000001	0.1579130956602166
1.380000000000001	0.15572311545307116
1.390000000000001	0.153547136007509
1.400000000000001	0.15138541486356705
1.410000000000001	0.14923820173616423
1.420000000000001	0.14710573851541306
1.430000000000001	0.14498825927096085
1.440000000000001	0.14288599026028267
1.450000000000001	0.1407991499408684
1.460000000000001	0.13872794898628785
1.470000000000001	0.1366725903060118
1.480000000000001	0.1346332690689723
1.490000000000001	0.13261017273078346
1.500000000000001	0.13060348106455183
1.5100000000000011	0.12861336619521535
1.5200000000000011	0.12663999263734632
1.5300000000000011	0.12468351733632951
1.5400000000000011	0.12274408971286069
1.5500000000000012	0.12082185171068531
1.5600000000000012	0.11891693784751267
1.5700000000000012	0.11702947526899114
1.5800000000000012	0.11515958380572429
1.5900000000000012	0.11330737603321557
1.6000000000000012	0.1114729573346474
1.6100000000000012	0.10965642596644855
1.6200000000000012	0.10785787312656618
1.6300000000000012	0.10607738302531154
1.6400000000000012	0.10431503295876754
1.6500000000000012	0.10257089338462605
1.6600000000000013	0.10084502800037759
1.6700000000000013	0.09913749382379176
1.6800000000000013	0.09744834127558549
1.6900000000000013	0.09577761426416292
1.7000000000000013	0.09412535027244874
1.7100000000000013	0.0924915804465873
1.7200000000000013	0.09087632968652154
1.7300000000000013	0.08927961673832654
1.7400000000000013	0.08770145428823689
1.7500000000000013	0.08614184905825051
1.7600000000000013	0.08460080190324891
1.7700000000000014	0.08307830790954646
1.7800000000000014	0.0815743564947461
1.7900000000000014	0.08008893150891118
1.8000000000000014	0.07862201133685084
1.8100000000000014	0.07717356900152611
1.8200000000000014	0.0757435722684352
1.8300000000000014	0.07433198375095916
1.8400000000000014	0.07293876101651826
1.8500000000000014	0.07156385669349954
1.8600000000000014	0.07020721857887853
1.8700000000000014	0.06886878974643465
1.8800000000000014	0.06754850865548381
1.8900000000000015	0.06624630926008167
1.9000000000000015	0.06496212111858732
1.9100000000000015	0.06369586950352217
1.9200000000000015	0.06244747551166618
1.9300000000000015	0.061216856174293635
1.9400000000000015	0.06000392456750071
1.9500000000000015	0.05880858992253258
1.9600000000000015	0.0576307577360695
1.9700000000000015	0.05647032988036396
1.9800000000000015	0.055327204713207755
1.9900000000000015	0.05420127718763129
2.0000000000000013	0.05309243896128359
2.010000000000001	0.05200057850543196
2.020000000000001	0.050925581213517715
2.0300000000000007	0.04986732950921017
2.0400000000000005	0.0488257029538937
2.0500000000000003	0.0478005783535538
2.06	0.046791829864978804
2.07	0.04579932910124011
2.0799999999999996	0.044822945236400846
2.0899999999999994	0.04386254510939489
2.099999999999999	0.042917993327032875
2.109999999999999	0.0419891523660874
2.1199999999999988	0.04107588267441149
2.1299999999999986	0.04017804277104354
2.1399999999999983	0.039295489345275735
2.149999999999998	0.03842807735459082
2.159999999999998	0.03757566012152306
2.1699999999999977	0.036738089429309576
2.1799999999999975	0.0359152156163455
2.1899999999999973	0.035106887669410156
2.199999999999997	0.03431295331561224
2.209999999999997	0.033533259113042724
2.2199999999999966	0.032767650540085964
2.2299999999999964	0.032015972083387245
2.239999999999996	0.031278067324418984
2.249999999999996	0.030553779024651777
2.259999999999996	0.029842949209282786
2.2699999999999956	0.0291454192495217
2.2799999999999954	0.02846102994339646
2.289999999999995	0.027789621595064467
2.299999999999995	0.027131034092616923
2.3099999999999947	0.026485106984376453
2.3199999999999945	0.025851679553628742
2.3299999999999943	0.025230590891821572
2.339999999999994	0.024621679970197607
2.349999999999994	0.024024785709854973
2.3599999999999937	0.023439747050232163
2.3699999999999934	0.02286640301600229
2.3799999999999932	0.02230459278237009
2.389999999999993	0.021754155738792167
2.399999999999993	0.021214931551069675
2.4099999999999926	0.020686760221857527
2.4199999999999924	0.02016948214956914
2.429999999999992	0.01966293818567236
2.439999999999992	0.019166969690390775
2.4499999999999917	0.018681418586805408
2.4599999999999915	0.018206127413364116
2.4699999999999913	0.017740939374797305
2.479999999999991	0.017285698391462784
2.489999999999991	0.01684024914709943
2.4999999999999907	0.0164044371350263
2.5099999999999905	0.015978108702775506
2.5199999999999902	0.015561111095180737
2.52999999999999	0.015153292495926125
2.53999999999999	0.014754502067568372
2.5499999999999896	0.0143645899900495
2.5599999999999894	0.013983407497701737
2.569999999999989	0.013610806914772193
2.579999999999989	0.013246641689478032
2.5899999999999888	0.012890766426599448
2.5999999999999885	0.012543036918633049
2.6099999999999883	0.012203310175535869
2.619999999999988	0.01187144445305327
2.629999999999988	0.011547299279628113
2.6399999999999877	0.011230735482032482
2.6499999999999875	0.010921615209549746
2.6599999999999873	0.010619801956880478
2.669999999999987	0.01032516058573865
2.679999999999987	0.010037557345114176
2.6899999999999866	0.009756859890349575
2.6999999999999864	0.009482937300892206
2.709999999999986	0.0092156600968599
2.719999999999986	0.008954900254395574
2.7299999999999858	0.008700531219847827
2.7399999999999856	0.008452427922781997
2.7499999999999853	0.008210466787870515
2.759999999999985	0.007974525745660465
2.769999999999985	0.007744484242263988
2.7799999999999847	0.007520223247973112
2.7899999999999845	0.0073016252648411915
2.7999999999999843	0.007088574333245608
2.809999999999984	0.006880956037456147
2.819999999999984	0.00667865751023502
2.8299999999999836	0.006481567436492647
2.8399999999999834	0.006289576056020213
2.849999999999983	0.0061025751653269195
2.859999999999983	0.0059204581186036356
2.869999999999983	0.005743119827837996
2.8799999999999826	0.005570456762102215
2.8899999999999824	0.005402366946047852
2.899999999999982	0.005238749957610556
2.909999999999982	0.005079506924968878
2.9199999999999817	0.004924540522780076
2.9299999999999815	0.0047737549676932275
2.9399999999999813	0.0046270560131932955
2.949999999999981	0.0044843509437787294
2.959999999999981	0.00434554856850451
2.9699999999999807	0.004210559213906697
2.9799999999999804	0.0040792947163488585
2.9899999999999802	0.00395166841377597
2.99999999999998	0.0038275951369449775
3.00999999999998	0.0037069912001144014
3.0199999999999796	0.0035897743912401783
3.0299999999999794	0.003475863961680858
3.039999999999979	0.0033651806154498683
3.049999999999979	0.003257646498017572
3.0599999999999787	0.003153185184704615
3.0699999999999785	0.003051721668665352
3.0799999999999783	0.0029531823485006805
3.089999999999978	0.002857495015499464
3.099999999999978	0.0027645888405497406
3.1099999999999777	0.0026743943607204362
3.1199999999999775	0.0025868434655418686
3.1299999999999772	0.002501869382999055
3.139999999999977	0.0024194066652644375
3.149999999999977	0.002339391174163072
3.1599999999999766	0.002261760066425355
3.1699999999999764	0.0021864517787110404
3.179999999999976	0.0021134060124330754
3.189999999999976	0.002042563718403345
3.1999999999999758	0.0019738670813064093
3.2099999999999755	0.0019072595040185514
3.2199999999999753	0.0018426855917919862
3.229999999999975	0.0017800911363148322
3.239999999999975	0.0017194230996580289
3.2499999999999747	0.0016606295981316686
3.2599999999999745	0.0016036598860553108
3.2699999999999743	0.0015484643394802547
3.279999999999974	0.0014949944397554872
3.289999999999974	0.0014432027572500196
3.2999999999999736	0.0013930429348377564
3.3099999999999734	0.0013444696714703219
3.319999999999973	0.0012974387057116381
3.329999999999973	0.0012519067992815315
3.3399999999999728	0.0012078317206017158
3.3499999999999726	0.0011651722283924362
3.3599999999999723	0.0011238880551967256
3.369999999999972	0.001083939891143976
3.379999999999972	0.0010452893675647343
3.3899999999999717	0.0010078990407692123
3.3999999999999715	0.0009717323758619294
3.4099999999999713	0.0009367537306420188
3.419999999999971	0.0009029283395839841
3.429999999999971	0.0008702222978991615
3.4399999999999706	0.0008386025457099258
3.4499999999999704	0.0008080368523192581
3.45999999999997	0.0007784938006019974
3.46999999999997	0.0007499427714438172
3.47999999999997	0.0007223539284572124
3.4899999999999696	0.0006956982026608899
3.4999999999999694	0.0006699472773815176
3.509999999999969	0.0006450735732720737
3.519999999999969	0.000621050233472047
3.5299999999999687	0.0005978511089356652
3.5399999999999685	0.000575450743825472
3.5499999999999683	0.0005538243612275542
3.559999999999968	0.0005329478488627376
3.569999999999968	0.000512797745037364
3.5799999999999677	0.0004933512247507361
3.5899999999999674	0.0004745860859605801
3.5999999999999672	0.00045648073603092343
3.609999999999967	0.0004390141783451049
3.619999999999967	0.000422165999098742
3.6299999999999666	0.00040591635426179924
3.6399999999999664	0.0003902459567543629
3.649999999999966	0.0003751360637364954
3.659999999999966	0.0003605684641474689
3.6699999999999657	0.0003465254664003266
3.6799999999999655	0.0003329898862524131
3.6899999999999653	0.00031994503488336006
3.699999999999965	0.0003073747071438778
3.709999999999965	0.00029526316998952445
3.7199999999999647	0.0002835951511336717
3.7299999999999645	0.0002723558278267125
3.7399999999999642	0.000261530815882266
3.749999999999964	0.00025110615886107167
3.759999999999964	0.00024106831745222186
3.7699999999999636	0.00023140415902974643
3.7799999999999634	0.0002221009474108156
3.789999999999963	0.000213146332791087
3.799999999999963	0.00020452834186204615
3.8099999999999627	0.0001962353681235363
3.8199999999999625	0.00018825616236849943
3.8299999999999623	0.00018057982335851108
3.839999999999962	0.0001731957886726111
3.849999999999962	0.00016609382574488696
3.8599999999999617	0.00015926402307211987
3.8699999999999615	0.00015269678160659183
3.8799999999999613	0.00014638280631898196
3.889999999999961	0.00014031309793819424
3.899999999999961	0.00013447894485940138
3.9099999999999606	0.00012887191523427256
3.9199999999999604	0.00012348384921614282
3.92999999999996	0.00011830685139371417
3.93999999999996	0.00011333328332990288
3.9499999999999598	0.00010855575637893654
3.9599999999999596	0.00010396712456235562
3.9699999999999593	0.00009956047760408675
3.979999999999959	0.00009532913422797159
3.989999999999959	0.00009126663549343563
3.9999999999999587	0.00008736673834638057
4.009999999999959	0.00008362340930534608
4.019999999999959	0.00008003081829578319
4.0299999999999585	0.00007658333264337951
4.039999999999958	0.0000732755111939435
4.049999999999958	0.00007010209858891171
4.059999999999958	0.00006705801967831289
4.069999999999958	0.00006413837406891742
4.079999999999957	0.00006133843081238247
4.089999999999957	0.00005865362322007089
4.099999999999957	0.00005607954382264009
4.109999999999957	0.00005361193943994869
4.119999999999957	0.00005124670639499168
4.129999999999956	0.00004897988584075462
4.139999999999956	0.00004680765921543614
4.149999999999956	0.00004472634381336812
4.159999999999956	0.00004273238847950681
4.1699999999999555	0.00004082236940975307
4.179999999999955	0.000038992986076441084
4.189999999999955	0.00003724105725288616
4.199999999999955	0.00003556351715658247
4.209999999999955	0.00003395741168836872
4.2199999999999545	0.00003241989478857191
4.229999999999954	0.000030948224884851656
4.239999999999954	0.000029539761438565398
4.249999999999954	0.000028191961606133467
4.259999999999954	0.000026902376971197145
4.269999999999953	0.00002566865038755344
4.279999999999953	0.000024488512911465924
4.289999999999953	0.000023359780815917495
4.299999999999953	0.00002228035269727525
4.3099999999999525	0.00002124820667025123
4.319999999999952	0.000020261397637894
4.329999999999952	0.000019318054652016115
4.339999999999952	0.000018416378346122835
4.349999999999952	0.000017554638449314482
4.3599999999999515	0.00001673117137418773
4.369999999999951	0.000015944377881447865
4.379999999999951	0.00001519272081091407
4.389999999999951	0.000014474722889534391
4.399999999999951	0.0000137889645998789
4.40999999999995	0.000013134082126092814
4.41999999999995	0.000012508765352289382
4.42999999999995	0.000011911755926112442
4.43999999999995	0.000011341845413841142
4.4499999999999496	0.000010797873451185206
4.459999999999949	0.000010278726014137562
4.469999999999949	9.783333716104092e-6
4.479999999999949	9.310670184336484e-6
4.489999999999949	8.859750442063586e-6
4.4999999999999485	8.429629397617487e-6
4.509999999999948	8.01940035220313e-6
4.519999999999948	7.6281935661611385e-6
4.529999999999948	7.255174875491681e-6
4.539999999999948	6.899544348489779e-6
4.549999999999947	6.560534993205154e-6
4.559999999999947	6.237411505157632e-6
4.569999999999947	5.929469061668098e-6
4.579999999999947	5.63603215406677e-6
4.589999999999947	5.35645346110263e-6
4.599999999999946	5.090112764353571e-6
4.609999999999946	4.836415893937954e-6
4.619999999999946	4.59479372212112e-6
4.629999999999946	4.3647011809800946e-6
4.6399999999999455	4.14561632358336e-6
4.649999999999945	3.937039411768014e-6
4.659999999999945	3.738492043539135e-6
4.669999999999945	3.5495163038373844e-6
4.679999999999945	3.369673949825567e-6
4.689999999999944	3.1985456366830926e-6
4.699999999999944	3.035730138237555e-6
4.709999999999944	2.880843644539231e-6
4.719999999999944	2.7335190375416556e-6
4.729999999999944	2.593405225169674e-6
4.739999999999943	2.4601664864940328e-6
4.749999999999943	2.3334818518721925e-6
4.759999999999943	2.2130444881736158e-6
4.769999999999943	2.09856112033847e-6
4.7799999999999425	1.989751484085887e-6
4.789999999999942	1.8863477646117775e-6
4.799999999999942	1.7880941123295573e-6
4.809999999999942	1.6947460913544798e-6
4.819999999999942	1.606070276450676e-6
4.8299999999999415	1.5218437200474224e-6
4.839999999999941	1.441853540286943e-6
4.849999999999941	1.365896524043083e-6
4.859999999999941	1.2937786472340286e-6
4.869999999999941	1.2253147684818795e-6
4.87999999999994	1.1603281724402173e-6
4.88999999999994	1.09865025275814e-6
4.89999999999994	1.040120155179354e-6
4.90999999999994	9.845844372497263e-7
4.9199999999999395	9.318967548640628e-7
4.929999999999939	8.819175468860239e-7
4.939999999999939	8.345137440164563e-7
4.949999999999939	7.895584829122234e-7
4.959999999999939	7.469308210472776e-7
4.9699999999999385	7.065155168402244e-7
4.979999999999938	6.682027515355229e-7
4.989999999999938	6.31887860265445e-7
4.999999999999938	5.9747114419288e-7
5.009999999999938	5.648576357644696e-7
5.019999999999937	5.339568866841783e-7
5.029999999999937	5.046827653351491e-7
5.039999999999937	4.769532624235654e-7
5.049999999999937	4.5069030453531335e-7
5.0599999999999365	4.258195758705967e-7
5.069999999999936	4.022703476695094e-7
5.079999999999936	3.799753228231452e-7
5.089999999999936	3.588704536442623e-7
5.099999999999936	3.3889480946628366e-7
5.1099999999999355	3.199904500076282e-7
5.119999999999935	3.0210226231321514e-7
5.129999999999935	2.8517783811940153e-7
5.139999999999935	2.6916734810921503e-7
5.149999999999935	2.540234219470824e-7
5.159999999999934	2.397010323488164e-7
5.169999999999934	2.261573870309389e-7
5.179999999999934	2.1335182134208395e-7
5.189999999999934	2.0124570011066353e-7
5.199999999999934	1.8980232044884068e-7
5.209999999999933	1.7898681973044605e-7
5.219999999999933	1.6876608874946771e-7
5.229999999999933	1.5910868760955112e-7
5.239999999999933	1.4998476652689753e-7
5.2499999999999325	1.4136598747786235e-7
5.259999999999932	1.3322545267516112e-7
5.269999999999932	1.255376363336541e-7
5.279999999999932	1.1827831621416362e-7
5.289999999999932	1.114245111663471e-7
5.299999999999931	1.0495441989347092e-7
5.309999999999931	9.884736029879072e-8