-5.729999999999922	9.981413876101464e-8
-5.7199999999999225	1.0499484664303928e-7
-5.709999999999923	1.1043592709679921e-7
-5.699999999999923	1.1615002279512683e-7
-5.689999999999923	1.2215032196032783e-7
-5.679999999999923	1.2845070543101426e-7
-5.6699999999999235	1.350656254371057e-7
-5.659999999999924	1.4201022811924063e-7
-5.649999999999924	1.493003577567814e-7
-5.639999999999924	1.5695260488184837e-7
-5.629999999999924	1.649842755366155e-7
-5.619999999999925	1.734135310864354e-7
-5.609999999999925	1.8225933429456337e-7
-5.599999999999925	1.9154152233162422e-7
-5.589999999999925	2.0128083834869184e-7
-5.5799999999999255	2.1149897017293303e-7
-5.569999999999926	2.2221859270313157e-7
-5.559999999999926	2.3346341022238523e-7
-5.549999999999926	2.452582062113347e-7
-5.539999999999926	2.57628873898192e-7
-5.5299999999999265	2.70602474973243e-7
-5.519999999999927	2.842072998862424e-7
-5.509999999999927	2.984729056249563e-7
-5.499999999999927	3.134301742092073e-7
-5.489999999999927	3.291113645783664e-7
-5.479999999999928	3.4555018496805866e-7
-5.469999999999928	3.6278184540252905e-7
-5.459999999999928	3.808431124868234e-7
-5.449999999999928	3.9977238888392475e-7
-5.4399999999999284	4.1960977695465697e-7
-5.429999999999929	4.4039715122330784e-7
-5.419999999999929	4.6217823189594043e-7
-5.409999999999929	4.84998662352381e-7
-5.399999999999929	5.089060898130944e-7
-5.3899999999999295	5.339502481555621e-7
-5.37999999999993	5.601830458165505e-7
-5.36999999999993	5.876586532868719e-7
-5.35999999999993	6.164335985425178e-7
-5.34999999999993	6.465668655643036e-7
-5.339999999999931	6.781199929162244e-7
-5.329999999999931	7.11157179685354e-7
-5.319999999999931	7.457453941486151e-7
-5.309999999999931	7.819544867340249e-7
-5.299999999999931	8.198573076821201e-7
-5.289999999999932	8.595298287314058e-7
-5.279999999999932	9.010512686309944e-7
-5.269999999999932	9.445042283958975e-7
-5.259999999999932	9.899748205991938e-7
-5.2499999999999325	1.037552818786282e-6
-5.239999999999933	1.087331796883206e-6
-5.229999999999933	1.1394092856646811e-6
-5.219999999999933	1.1938869294514235e-6
-5.209999999999933	1.2508706497585819e-6
-5.199999999999934	1.3104708152115413e-6
-5.189999999999934	1.3728024174161075e-6
-5.179999999999934	1.437985253756829e-6
-5.169999999999934	1.5061441164227658e-6
-5.159999999999934	1.5774089885823285e-6
-5.149999999999935	1.6519152479173851e-6
-5.139999999999935	1.7298038771768017e-6
-5.129999999999935	1.8112216830332421e-6
-5.119999999999935	1.8963215212800255e-6
-5.1099999999999355	1.985262531584652e-6
-5.099999999999936	2.0782103837827147e-6
-5.089999999999936	2.175337519166873e-6
-5.079999999999936	2.276823427324428e-6
-5.069999999999936	2.3828548987765888e-6
-5.0599999999999365	2.4936263064399524e-6
-5.049999999999937	2.609339931246601e-6
-5.039999999999937	2.7302061905683853e-6
-5.029999999999937	2.8564440275830776e-6
-5.019999999999937	2.988281162796614e-6
-5.009999999999938	3.125954469805749e-6
-4.999999999999938	3.269710297959809e-6
-4.989999999999938	3.4198048425695236e-6
-4.979999999999938	3.576504502975642e-6
-4.9699999999999385	3.740086241986949e-6
-4.959999999999939	3.91083806222686e-6
-4.949999999999939	4.089059280247539e-6
-4.939999999999939	4.275061086655394e-6
-4.929999999999939	4.469166863180356e-6
-4.9199999999999395	4.6717127007440604e-6
-4.90999999999994	4.883047844378582e-6
-4.89999999999994	5.1035351762499925e-6
-4.88999999999994	5.3335517101871185e-6
-4.87999999999994	5.573489105887788e-6
-4.869999999999941	5.823754195125031e-6
-4.859999999999941	6.08476953659264e-6
-4.849999999999941	6.3569739704945085e-6
-4.839999999999941	6.64082320816315e-6
-4.8299999999999415	6.936790440011683e-6
-4.819999999999942	7.245366956081031e-6
-4.809999999999942	7.567062761049863e-6
-4.799999999999942	7.902407288825721e-6
-4.789999999999942	8.251950058412942e-6
-4.7799999999999425	8.616261355208454e-6
-4.769999999999943	8.995933015086914e-6
-4.759999999999943	9.391579139031586e-6
-4.749999999999943	9.803836879473482e-6
-4.739999999999943	0.000010233367239171595
-4.729999999999944	0.000010680855901419401
-4.719999999999944	0.000011147014080503084
-4.709999999999944	0.000011632579376906316
-4.699999999999944	0.000012138316729605872
-4.689999999999944	0.000012665019305555715
-4.679999999999945	0.000013213509496418024
-4.669999999999945	0.000013784639862593036
-4.659999999999945	0.000014379294207169222
-4.649999999999945	0.000014998388599193425
-4.6399999999999455	0.00001564287246692812
-4.629999999999946	0.00001631372970291604
-4.619999999999946	0.000017011979829409317
-4.609999999999946	0.000017738679167731185
-4.599999999999946	0.000018494922094583587
-4.589999999999947	0.00001928184222457136
-4.579999999999947	0.000020100613780859587
-4.569999999999947	0.000020952452882600208
-4.559999999999947	0.00002183861892376874
-4.549999999999947	0.000022760415983212376
-4.539999999999948	0.000023719194273463356
-4.529999999999948	0.000024716351625290434
-4.519999999999948	0.000025753335040521896
-4.509999999999948	0.00002683164224508502
-4.4999999999999485	0.000027952823324975145
-4.489999999999949	0.00002911848239443676
-4.479999999999949	0.000030330279299793792
-4.469999999999949	0.000031589931395750224
-4.459999999999949	0.0000328992153453543
-4.4499999999999496	0.000034259968985286485
-4.43999999999995	0.00003567409323252576
-4.42999999999995	0.000037143554060431324
-4.41999999999995	0.000038670384504480394
-4.40999999999995	0.000040256686736488235
-4.399999999999951	0.0000419046341947681
-4.389999999999951	0.00004361647377301467
-4.379999999999951	0.000045394528045451975
-4.369999999999951	0.00004724119759070223
-4.3599999999999515	0.0000491589633387189
-4.349999999999952	0.00005115038899721696
-4.339999999999952	0.000053218123543121206
-4.329999999999952	0.00005536490377268865
-4.319999999999952	0.00005759355690858992
-4.3099999999999525	0.000059907003295173875
-4.299999999999953	0.00006230825914427231
-4.289999999999953	0.00006480043935236154
-4.279999999999953	0.00006738676039822603
-4.269999999999953	0.00007007054330379412
-4.259999999999954	0.0000728552166682498
-4.249999999999954	0.00007574431978012129
-4.239999999999954	0.00007874150580625614
-4.229999999999954	0.00008185054505515929
-4.2199999999999545	0.00008507532831572086
-4.209999999999955	0.00008841987029087738
-4.199999999999955	0.00009188831309203564
-4.189999999999955	0.00009548492982727877
-4.179999999999955	0.00009921412828427833
-4.1699999999999555	0.00010308045466946704
-4.159999999999956	0.00010708859746369348
-4.149999999999956	0.00011124339135624622
-4.139999999999956	0.00011554982126400364
-4.129999999999956	0.00012001302642034846
-4.119999999999957	0.0001246383046302021
-4.109999999999957	0.00012943111652811382
-4.099999999999957	0.00013439708999126476
-4.089999999999957	0.00013954202460707832
-4.079999999999957	0.0001448718962981575
-4.069999999999958	0.0001503928619746346
-4.059999999999958	0.00015611126434317873
-4.049999999999958	0.00016203363677841733
-4.039999999999958	0.00016816670834828322
-4.0299999999999585	0.00017451740886313628
-4.019999999999959	0.0001810928741134259
-4.009999999999959	0.00018790045115094493
-3.9999999999999587	0.000194947703748949
-3.989999999999959	0.0002022424178753558
-3.979999999999959	0.00020979260735592474
-3.9699999999999593	0.00021760651961962791
-3.9599999999999596	0.00022569264155724084
-3.9499999999999598	0.0002340597054897236
-3.93999999999996	0.0002427166952584373
-3.92999999999996	0.0002516728524337441
-3.9199999999999604	0.00026093768262216646
-3.9099999999999606	0.00027052096191360563
-3.899999999999961	0.000280432743438056
-3.889999999999961	0.00029068336403418395
-3.8799999999999613	0.0003012834510431979
-3.8699999999999615	0.00031224392923814577
-3.8599999999999617	0.0003235760278437183
-3.849999999999962	0.0003352912877019693
-3.839999999999962	0.0003474015685637082
-3.8299999999999623	0.0003599190564810062
-3.8199999999999625	0.0003728562713385639
-3.8099999999999627	0.0003862260745191992
-3.799999999999963	0.00040004167666656145
-3.789999999999963	0.00041431664559506197
-3.7799999999999634	0.00042906491432051226
-3.7699999999999636	0.0004443007892083029
-3.759999999999964	0.0004600389582478022
-3.749999999999964	0.00047629449946566104
-3.7399999999999642	0.0004930828894604149
-3.7299999999999645	0.0005104200120278334
-3.7199999999999647	0.0005283221669687623
-3.709999999999965	0.0005468060789805257
-3.699999999999965	0.0005658889066756028
-3.6899999999999653	0.0005855882517441739
-3.6799999999999655	0.0006059221682235329
-3.6699999999999657	0.0006269091718819846
-3.659999999999966	0.0006485682497430261
-3.649999999999966	0.0006709188697336977
-3.6399999999999664	0.0006939809904055725
-3.6299999999999666	0.0007177750708310375
-3.619999999999967	0.0007423220805905989
-3.609999999999967	0.0007676435098593582
-3.5999999999999672	0.0007937613796415243
-3.5899999999999674	0.0008206982520887869
-3.5799999999999677	0.0008484772409294789
-3.569999999999968	0.0008771220220447953
-3.559999999999968	0.0009066568440826135
-3.5499999999999683	0.000937106539222752
-3.5399999999999685	0.0009684965340403848
-3.5299999999999687	0.0010008528604547296
-3.519999999999969	0.001034202166772455
-3.509999999999969	0.0010685717288211763
-3.4999999999999694	0.001103989461223649
-3.4899999999999696	0.0011404839286505157
-3.47999999999997	0.0011780843572579182
-3.46999999999997	0.0012168206461644052
-3.45999999999997	0.0012567233789974846
-3.4499999999999704	0.001297823835516449
-3.4399999999999706	0.001340154003320899
-3.429999999999971	0.0013837465895962736
-3.419999999999971	0.0014286350329253635
-3.4099999999999713	0.0014748535151891768
-3.3999999999999715	0.001522436973410406
-3.3899999999999717	0.0015714211118103897
-3.379999999999972	0.001621842413755841
-3.369999999999972	0.0016737381538085743
-3.3599999999999723	0.00172714640977682
-3.3499999999999726	0.0017821060748158845
-3.3399999999999728	0.00183865686952288
-3.329999999999973	0.001896839354055537
-3.319999999999973	0.0019566949401859557
-3.3099999999999734	0.0020182659035138566
-3.2999999999999736	0.0020815953954795583
-3.289999999999974	0.0021467274554801802
-3.279999999999974	0.0022137070229126523
-3.2699999999999743	0.002282579949195056
-3.2599999999999745	0.0023533930097468015
-3.2499999999999747	0.0024261939159268657
-3.239999999999975	0.0025010313268911326
-3.229999999999975	0.002577954861408667
-3.2199999999999753	0.0026570151095927303
-3.2099999999999755	0.0027382636445455917
-3.1999999999999758	0.0028217530339081083
-3.189999999999976	0.002907536851322936
-3.179999999999976	0.0029956696877603806
-3.1699999999999764	0.0030862071627325467
-3.1599999999999766	0.0031792059353901417
-3.149999999999977	0.0032747237154451664
-3.139999999999977	0.0033728192739548996
-3.1299999999999772	0.0034735524539564375
-3.1199999999999775	0.003576984180894404
-3.1099999999999777	0.0036831764728732026
-3.099999999999978	0.003792192450726584
-3.089999999999978	0.003904096347849274
-3.0799999999999783	0.004018953519810904
-3.0699999999999785	0.004136830453750949
-3.0599999999999787	0.004257794777510226
-3.049999999999979	0.004381915268488765
-3.039999999999979	0.00450926186226279
-3.0299999999999794	0.004639905660887622
-3.0199999999999796	0.004773918940892971
-3.00999999999998	0.004911375160991476
-2.99999999999998	0.005052348969438777
-2.9899999999999802	0.005196916211038819
-2.9799999999999804	0.00534515393382365
-2.9699999999999807	0.005497140395333932
-2.959999999999981	0.00565295506851847
-2.949999999999981	0.005812678647239245
-2.9399999999999813	0.005976393051359186
-2.9299999999999815	0.006144181431376863
-2.9199999999999817	0.006316128172639707
-2.909999999999982	0.006492318899088748
-2.899999999999982	0.006672840476501388
-2.8899999999999824	0.006857781015264326
-2.8799999999999826	0.007047229872649732
-2.869999999999983	0.00724127765446867
-2.859999999999983	0.0074400162163399735
-2.849999999999983	0.007643538664267156
-2.8399999999999834	0.00785193935468148
-2.8299999999999836	0.00806531389389356
-2.819999999999984	0.00828375913694694
-2.809999999999984	0.008507373185818548
-2.7999999999999843	0.008736255386984741
-2.7899999999999845	0.00897050632834624
-2.7799999999999847	0.009210227835443858
-2.769999999999985	0.009455522966989427
-2.759999999999985	0.009706496009720941
-2.7499999999999853	0.009963252472426345
-2.7399999999999856	0.010225899079371941
-2.7299999999999858	0.01049454376284716
-2.719999999999986	0.010769295654973535
-2.709999999999986	0.011050265078707192
-2.6999999999999864	0.011337563538042491
-2.6899999999999866	0.011631303707373922
-2.679999999999987	0.01193159941999799
-2.669999999999987	0.012238565655780699
-2.6599999999999873	0.01255231852792405
-2.6499999999999875	0.012872975268829738
-2.6399999999999877	0.013200654215070594
-2.629999999999988	0.01353547479142501
-2.619999999999988	0.01387755749394445
-2.6099999999999883	0.014227023872091925
-2.5999999999999885	0.014583996509897147
-2.5899999999999888	0.014948599006095024
-2.579999999999989	0.015320955953285961
-2.569999999999989	0.015701192916076426
-2.5599999999999894	0.0160894364081556
-2.5499999999999896	0.016485813868344894
-2.53999999999999	0.016890453635591773
-2.52999999999999	0.01730348492285978
-2.5199999999999902	0.01772503778993491
-2.5099999999999905	0.018155243115168893
-2.4999999999999907	0.018594232566058955
-2.489999999999991	0.019042138568705073
-2.479999999999991	0.0194990942761736
-2.4699999999999913	0.019965233535662465
-2.4599999999999915	0.02044069085452627
-2.4499999999999917	0.020925601365143646
-2.439999999999992	0.02142010078859639
-2.429999999999992	0.02192432539714348
-2.4199999999999924	0.02243841197554124
-2.4099999999999926	0.022962497781124053
-2.399999999999993	0.02349672050268724
-2.389999999999993	0.024041218218158175
-2.3799999999999932	0.024596129351046297
-2.3699999999999934	0.025161592625643533
-2.3599999999999937	0.025737747021031005
-2.349999999999994	0.026324731723827197
-2.339999999999994	0.026922686079685638
-2.3299999999999943	0.02753174954358697
-2.3199999999999945	0.02815206162887272
-2.3099999999999947	0.028783761855014488
-2.299999999999995	0.029426989694182042
-2.289999999999995	0.030081884516552325
-2.2799999999999954	0.03074858553436285
-2.2699999999999956	0.031427231744780584
-2.259999999999996	0.03211796187142054
-2.249999999999996	0.032820914304840305
-2.239999999999996	0.03353622704160825
-2.2299999999999964	0.03426403762228029
-2.2199999999999966	0.03500448306810653
-2.209999999999997	0.03575769981657729
-2.199999999999997	0.03652382365576939
-2.1899999999999973	0.0373029896575027
-2.1799999999999975	0.03809533210933311
-2.1699999999999977	0.03890098444541658
-2.159999999999998	0.039720079176186196
-2.149999999999998	0.04055274781694087
-2.1399999999999983	0.04139912081531307
-2.1299999999999986	0.04225932747766791
-2.1199999999999988	0.043133495894275065
-2.109999999999999	0.04402175286374926
-2.099999999999999	0.04492422381612629
-2.0899999999999994	0.045841032735081826
-2.0799999999999996	0.04677230207915324
-2.07	0.047718152701967866
-2.06	0.04867870377152405
-2.0500000000000003	0.04965407268859472
-2.0400000000000005	0.05064437500421345
-2.0300000000000007	0.05164972433629119
-2.020000000000001	0.05267023228544037
-2.010000000000001	0.05370600834997927
-2.0000000000000013	0.05475715984015319
-1.9900000000000015	0.055823791791659395
-1.9800000000000015	0.05690600687845962
-1.9700000000000015	0.05800390532490711
-1.9600000000000015	0.05911758481728809
-1.9500000000000015	0.0602471404147655
-1.9400000000000015	0.06139266445974639
-1.9300000000000015	0.06255424648778153
-1.9200000000000015	0.06373197313699706
-1.9100000000000015	0.06492592805706993
-1.9000000000000015	0.06613619181786529
-1.8900000000000015	0.06736284181773457
-1.8800000000000014	0.06860595219151279
-1.8700000000000014	0.06986559371828815
-1.8600000000000014	0.07114183372900477
-1.8500000000000014	0.0724347360138872
-1.8400000000000014	0.073744360729802
-1.8300000000000014	0.07507076430759659
-1.8200000000000014	0.07641399935942678
-1.8100000000000014	0.0777741145861667
-1.8000000000000014	0.07915115468499095
-1.7900000000000014	0.0805451602570267
-1.7800000000000014	0.08195616771539946
-1.7700000000000014	0.08338420919347009
-1.7600000000000013	0.08482931245346194
-1.7500000000000013	0.08629150079549358
-1.7400000000000013	0.0877707929671286
-1.7300000000000013	0.08926720307343228
-1.7200000000000013	0.09078074048762792
-1.7100000000000013	0.0923114097624556
-1.7000000000000013	0.0938592105422342
-1.6900000000000013	0.09542413747570719
-1.6800000000000013	0.0970061801297852
-1.6700000000000013	0.09860532290419877
-1.6600000000000013	0.10022154494713147
-1.6500000000000012	0.10185482007188515
-1.6400000000000012	0.10350511667480855
-1.6300000000000012	0.10517239765423553
-1.6200000000000012	0.10685662033080985
-1.6100000000000012	0.10855773636911753
-1.6000000000000012	0.11027569170068646
-1.5900000000000012	0.11201042644849929
-1.5800000000000012	0.1137618748530317
-1.5700000000000012	0.11552996519989407
-1.5600000000000012	0.11731461974915303
-1.5500000000000012	0.11911575466643422
-1.5400000000000011	0.12093327995579027
-1.5300000000000011	0.12276709939449827
-1.5200000000000011	0.12461711046982057
-1.5100000000000011	0.1264832043177633
-1.500000000000001	0.12836526566394613
-1.490000000000001	0.13026317276667118
-1.480000000000001	0.13217679736218285
-1.470000000000001	0.13410600461224004
-1.460000000000001	0.13605065305410072
-1.450000000000001	0.13801059455290093
-1.440000000000001	0.1399856742565451
-1.430000000000001	0.14197573055320778
-1.420000000000001	0.1439805950314388
-1.410000000000001	0.1460000924429614
-1.400000000000001	0.14803404066828968
-1.390000000000001	0.15008225068513456
-1.380000000000001	0.15214452653968527
-1.370000000000001	0.1542206653209082
-1.360000000000001	0.1563104571378112
-1.350000000000001	0.15841368509977116
-1.340000000000001	0.16053012530003297
-1.330000000000001	0.16265954680238423
-1.320000000000001	0.16480171163103027
-1.310000000000001	0.16695637476382047
-1.300000000000001	0.169123284128802
-1.290000000000001	0.1713021806041443
-1.280000000000001	0.17349279802154974
-1.270000000000001	0.1756948631731574
-1.260000000000001	0.1779080958219498
-1.2500000000000009	0.1801322087157789
-1.2400000000000009	0.18236690760503557
-1.2300000000000009	0.1846118912639254
-1.2200000000000009	0.1868668515154965
-1.2100000000000009	0.1891314732604154
-1.2000000000000008	0.19140543450950465
-1.1900000000000008	0.19368840642003166
-1.1800000000000008	0.19598005333599322
-1.1700000000000008	0.19828003283209372
-1.1600000000000008	0.2005879957616827
-1.1500000000000008	0.20290358630868244
-1.1400000000000008	0.2052264420433077
-1.1300000000000008	0.2075561939818522
-1.1200000000000008	0.20989246665041456
-1.1100000000000008	0.21223487815260833
-1.1000000000000008	0.2145830402411993
-1.0900000000000007	0.216936558393911
-1.0800000000000007	0.21929503189304447
-1.0700000000000007	0.2216580539092534
-1.0600000000000007	0.22402521158927022
-1.0500000000000007	0.2263960861476237
-1.0400000000000007	0.22877025296241482
-1.0300000000000007	0.2311472816751215
-1.0200000000000007	0.23352673629413156
-1.0100000000000007	0.23590817530267727
-1.0000000000000007	0.23829115177037452
-0.9900000000000007	0.2406752134687449
-0.9800000000000006	0.24305990299084165
-0.9700000000000006	0.24544475787471134
-0.9600000000000006	0.24782931073023884
-0.9500000000000006	0.25021308937065967
-0.9400000000000006	0.2525956169473221
-0.9300000000000006	0.254976412088072
-0.9200000000000006	0.257354989039795
-0.9100000000000006	0.2597308578143674
-0.9000000000000006	0.26210352433827183
-0.8900000000000006	0.26447249060576045
-0.8800000000000006	0.26683725483557874
-0.8700000000000006	0.2691973116311804
-0.8600000000000005	0.2715521521442633
-0.8500000000000005	0.27390126424170086
-0.8400000000000005	0.2762441326758007
-0.8300000000000005	0.2785802392576746
-0.8200000000000005	0.28090906303378843
-0.8100000000000005	0.2832300804656607
-0.8000000000000005	0.2855427656124423
-0.7900000000000005	0.28784659031641885
-0.7800000000000005	0.2901410243914488
-0.7700000000000005	0.29242553581404057
-0.7600000000000005	0.2946995909171092
-0.7500000000000004	0.29696265458642856
-0.7400000000000004	0.29921419045924275
-0.7300000000000004	0.30145366112569927
-0.7200000000000004	0.3036805283322006
-0.7100000000000004	0.3058942531871251
-0.7000000000000004	0.308094296368553
-0.6900000000000004	0.3102801183340496
-0.6800000000000004	0.31245117953219576
-0.6700000000000004	0.314606940616032
-0.6600000000000004	0.31674686265783475
-0.6500000000000004	0.31887040736601063
-0.6400000000000003	0.3209770373028798
-0.6300000000000003	0.3230662161039125
-0.6200000000000003	0.32513740869818186
-0.6100000000000003	0.32719008152985213
-0.6000000000000003	0.32922370278065244
-0.5900000000000003	0.3312377425931006
-0.5800000000000003	0.33323167329440584
-0.5700000000000003	0.33520496962100726
-0.5600000000000003	0.3371571089434597
-0.5500000000000003	0.33908757149161395
-0.5400000000000003	0.34099584058003685
-0.5300000000000002	0.3428814028334012
-0.5200000000000002	0.3447437484117502
-0.5100000000000002	0.3465823712356116
-0.5000000000000002	0.3483967692106708
-0.49000000000000027	0.35018644445193475
-0.48000000000000026	0.351950903507292
-0.47000000000000025	0.353689657580273
-0.46000000000000024	0.3554022227518422
-0.45000000000000023	0.35708812020120023
-0.4400000000000002	0.3587468764253662
-0.4300000000000002	0.36037802345737896
-0.4200000000000002	0.36198109908308246
-0.4100000000000002	0.3635556470562973
-0.4000000000000002	0.365101217312181
-0.3900000000000002	0.36661736617875557
-0.38000000000000017	0.3681036565864188
-0.37000000000000016	0.3695596582752353
-0.36000000000000015	0.3709849479999728
-0.35000000000000014	0.3723791097327213
-0.34000000000000014	0.37374173486290485
-0.3300000000000001	0.3750724223946036
-0.3200000000000001	0.3763707791410919
-0.3100000000000001	0.37763641991634733
-0.3000000000000001	0.378868967723242
-0.2900000000000001	0.38006805393983173
-0.2800000000000001	0.38123331849968206
-0.2700000000000001	0.38236441007130545
-0.26000000000000006	0.38346098623276903
-0.25000000000000006	0.3845227136427947
-0.24000000000000007	0.3855492682080394
-0.23000000000000007	0.38654033524646175
-0.22000000000000006	0.38749560964660096
-0.21000000000000005	0.3884147960226678
-0.20000000000000004	0.38929760886540615
-0.19000000000000003	0.3901437726885293
-0.18000000000000002	0.3909530221706519
-0.17	0.39172510229267493
-0.16	0.39245976847045166
-0.15	0.39315678668263865
-0.13999999999999999	0.3938159335937205
-0.12999999999999998	0.39443699667204235
-0.11999999999999998	0.3950197743027527
-0.10999999999999999	0.3955640758956562
-0.09999999999999999	0.3960697219878382
-0.09	0.3965365443409551
-0.08	0.3969643860331923
-0.07	0.3973531015457909
-0.060000000000000005	0.39770255684402356
-0.05	0.3980126294526466
-0.04	0.3982832085257227
-0.03	0.39851419491074386
-0.02	0.3987055012070261
-0.01	0.3988570518183667
0	0.3989687829998233
0.01	0.3990406428986588
0.02	0.39907259158942215
0.03	0.3990646011030536
0.04	0.39901665545005444
0.05	0.3989287506377202
0.060000000000000005	0.3988008946813237
0.07	0.3986331076093187
0.08	0.398425421462542
0.09	0.39817788028736584
0.09999999999999999	0.39789054012281855
0.10999999999999999	0.39756346898172745
0.11999999999999998	0.39719674682580675
0.12999999999999998	0.3967904655347373
0.13999999999999999	0.39634472886929456
0.15	0.3958596524284849
0.16	0.395335363600709
0.17	0.3947720015090585
0.18000000000000002	0.3941697169507024
0.19000000000000003	0.39352867233039995
0.20000000000000004	0.3928490415882455
0.21000000000000005	0.39213101012163293
0.22000000000000006	0.3913747747014856
0.23000000000000007	0.3905805433828378
0.24000000000000007	0.38974853540982746
0.25000000000000006	0.3888789811150922
0.26000000000000006	0.38797212181372354
0.2700000000000001	0.38702820969180846
0.2800000000000001	0.3860475076895885
0.2900000000000001	0.3850302893793844
0.3000000000000001	0.383976838838344
0.3100000000000001	0.38288745051603706
0.3200000000000001	0.38176242909707264
0.3300000000000001	0.3806020893587818
0.34000000000000014	0.3794067560240457
0.35000000000000014	0.37817676360939123
0.36000000000000015	0.3769124562684717
0.37000000000000016	0.375614187630976
0.38000000000000017	0.3742823206371149
0.3900000000000002	0.3729172273678136
0.4000000000000002	0.37151928887065755
0.4100000000000002	0.3700888949817467
0.4200000000000002	0.3686264441436025
0.4300000000000002	0.3671323432191866
0.4400000000000002	0.36560700730217405
0.45000000000000023	0.3640508595236525
0.46000000000000024	0.3624643128298128
0.47000000000000025	0.3608478599094568
0.48000000000000026	0.35920189273479697
0.49000000000000027	0.3575268826112456
0.5000000000000002	0.355823289839589
0.5100000000000002	0.35409158152945763
0.5200000000000002	0.3523322313843765
0.5300000000000002	0.35054571948425456
0.5400000000000003	0.3487325320654979
0.5500000000000003	0.346893161298857
0.5600000000000003	0.3450281050651268
0.5700000000000003	0.34313786672890356
0.5800000000000003	0.34122295491051297
0.5900000000000003	0.3392838832562259
0.6000000000000003	0.3373211702069585
0.6100000000000003	0.3353353387655933
0.6200000000000003	0.33332691626302297
0.6300000000000003	0.3312964341231256
0.6400000000000003	0.3292444276267915
0.6500000000000004	0.32717143567513396
0.6600000000000004	0.3250780005520541
0.6700000000000004	0.32296466768632376
0.6800000000000004	0.32083198541311575
0.6900000000000004	0.31868050473612664
0.7000000000000004	0.31651077908809944
0.7100000000000004	0.31432336409293016
0.7200000000000004	0.3121188173272501
0.7300000000000004	0.3098976980825505
0.7400000000000004	0.30766056712779777
0.7500000000000004	0.30540798647269457
0.7600000000000005	0.3031405191317688
0.7700000000000005	0.30085872888936893
0.7800000000000005	0.2985631800657282
0.7900000000000005	0.2962544372842566
0.8000000000000005	0.2939330652401669
0.8100000000000005	0.29159962847055165
0.8200000000000005	0.2892546911261049
0.8300000000000005	0.2868988167445572
0.8400000000000005	0.2845325680259604
0.8500000000000005	0.2821565066099737
0.8600000000000005	0.27977119285527074
0.8700000000000006	0.27737718562112973
0.8800000000000006	0.27497504205141904
0.8900000000000006	0.2725653173610195
0.9000000000000006	0.27014856462481424
0.9100000000000006	0.26772533456937714
0.9200000000000006	0.2652961753674594
0.9300000000000006	0.262861632435341
0.9400000000000006	0.26042224823321053
0.9500000000000006	0.257978562068635
0.9600000000000006	0.2555311099032099
0.9700000000000006	0.2530804241625
0.9800000000000006	0.25062703354937965
0.9900000000000007	0.24817146286079833
1.0000000000000007	0.24571423280810936
1.0100000000000007	0.24325585984104078
1.0200000000000007	0.24079685597534453
1.0300000000000007	0.23833772862423006
1.0400000000000007	0.23587898043366037
1.0500000000000007	0.23342110912155375
1.0600000000000007	0.23096460732095098
1.0700000000000007	0.22850996242725574
1.0800000000000007	0.22605765644954665
1.0900000000000007	0.22360816586603494
1.1000000000000008	0.2211619614837517
1.1100000000000008	0.218719508302463
1.1200000000000008	0.21628126538286235
1.1300000000000008	0.21384768571913232
1.1400000000000008	0.21141921611584144
1.1500000000000008	0.20899629706924625
1.1600000000000008	0.20657936265303475
1.1700000000000008	0.2041688404085222
1.1800000000000008	0.20176515123930427
1.1900000000000008	0.199368709310435
1.2000000000000008	0.19697992195210381
1.2100000000000009	0.1945991895678354
1.2200000000000009	0.19222690554722327
1.2300000000000009	0.1898634561832182
1.2400000000000009	0.1875092205939299
1.2500000000000009	0.18516457064899075
1.260000000000001	0.1828298709004535
1.270000000000001	0.1805054785182046
1.280000000000001	0.17819174322990683
1.290000000000001	0.1758890072654464
1.300000000000001	0.17359760530586116
1.310000000000001	0.17131786443673336
1.320000000000001	0.16905010410604598
1.330000000000001	0.16679463608643272
1.340000000000001	0.16455176444182557
1.350000000000001	0.16232178549847678
1.360000000000001	0.16010498782028745
1.370000000000001	0.15790165218841673
1.380000000000001	0.15571205158516924
1.390000000000001	0.15353645118205778
1.400000000000001	0.15137510833203388
1.410000000000001	0.1492282725658437
1.420000000000001	0.14709618559243964
1.430000000000001	0.1449790813033901
1.440000000000001	0.14287718578127803
1.450000000000001	0.14079071731197634
1.460000000000001	0.1387198864007702
1.470000000000001	0.1366648957922757
1.480000000000001	0.13462594049406576
1.490000000000001	0.13260320780395546
1.500000000000001	0.1305968773408808
1.5100000000000011	0.12860712107930058
1.5200000000000011	0.12663410338704992
1.5300000000000011	0.12467798106657102
1.5400000000000011	0.12273890339947555
1.5500000000000012	0.12081701219431315
1.5600000000000012	0.11891244183752109
1.5700000000000012	0.11702531934746661
1.5800000000000012	0.11515576443146726
1.5900000000000012	0.11330388954577227
1.6000000000000012	0.11146979995838029
1.6100000000000012	0.1096535938146235
1.6200000000000012	0.10785536220543908
1.6300000000000012	0.10607518923826774
1.6400000000000012	0.10431315211044098
1.6500000000000012	0.10256932118503538
1.6600000000000013	0.10084376006907536
1.6700000000000013	0.09913652569400884
1.6800000000000013	0.09744766839833888
1.6900000000000013	0.09577723201247063
1.7000000000000013	0.09412525394538357
1.7100000000000013	0.09249176527340895
1.7200000000000013	0.0908767908307784
1.7300000000000013	0.08928034930193718
1.7400000000000013	0.08770245331554279
1.7500000000000013	0.0861431095400494
1.7600000000000013	0.08460231878080146
1.7700000000000014	0.08308007607852448
1.7800000000000014	0.08157637080923659
1.7900000000000014	0.08009118678526646
1.8000000000000014	0.07862450235756478
1.8100000000000014	0.07717629051905676
1.8200000000000014	0.07574651900899657
1.8300000000000014	0.07433515041824577
1.8400000000000014	0.07294214229538819
1.8500000000000014	0.07156744725362157
1.8600000000000014	0.07021101307830513
1.8700000000000014	0.06887278283512362
1.8800000000000014	0.06755269497878517
1.8900000000000015	0.06625068346213545
1.9000000000000015	0.06496667784567571
1.9100000000000015	0.06370060340736605
1.9200000000000015	0.062452381252643845
1.9300000000000015	0.06122192842459739
1.9400000000000015	0.0600091580142379
1.9500000000000015	0.05881397927074642
1.9600000000000015	0.05763629771169032
1.9700000000000015	0.05647601523309993
1.9800000000000015	0.05533303021935512
1.9900000000000015	0.054207237652815085
2.0000000000000013	0.053098529223122436
2.010000000000001	0.05200679343613458
2.020000000000001	0.0509319157223958
2.0300000000000007	0.049873778545121115
2.0400000000000005	0.048832261507608346
2.0500000000000003	0.047807241460042144
2.06	0.04679859260562002
2.07	0.04580618660595864
2.0799999999999996	0.04482989268572114
2.0899999999999994	0.043869577736414436
2.099999999999999	0.04292510641933148
2.109999999999999	0.04199634126753857
2.1199999999999988	0.04108314278693004
2.1299999999999986	0.04018536955625253
2.1399999999999983	0.03930287832605477
2.149999999999998	0.03843552411669299
2.159999999999998	0.03758316031490603
2.1699999999999977	0.036745638769521326
2.1799999999999975	0.035922809885804104
2.1899999999999973	0.0351145227186153
2.199999999999997	0.03432062506426577
2.209999999999997	0.033540963551103656
2.2199999999999966	0.0327753837287592
2.2299999999999964	0.032023730156020246
2.239999999999996	0.03128584648734279
2.249999999999996	0.030561575557942554
2.259999999999996	0.02985075946745684
2.2699999999999956	0.029153239662156105
2.2799999999999954	0.028468857015685606
2.289999999999995	0.027797451908281794
2.299999999999995	0.027138864304614208
2.3099999999999947	0.026492933829858196
2.3199999999999945	0.025859499844472517
2.3299999999999943	0.025238401517304724
2.339999999999994	0.024629477897162706
2.349999999999994	0.02403256798282278
2.3599999999999937	0.023447510791437857
2.3699999999999934	0.02287414542538891
2.3799999999999932	0.022312311137527713
2.389999999999993	0.021761847394822603
2.399999999999993	0.02122259394041644
2.4099999999999926	0.020694390854079012
2.4199999999999924	0.020177078611051842
2.429999999999992	0.019670498139303955
2.439999999999992	0.019174490875185857
2.4499999999999917	0.01868889881747328
2.4599999999999915	0.018213564579842655
2.4699999999999913	0.01774833144174234
2.479999999999991	0.017293043397685153
2.489999999999991	0.01684754520497278
2.4999999999999907	0.01641168242984844
2.5099999999999905	0.015985301492098113
2.5199999999999902	0.01556824970809358
2.52999999999999	0.015160375332316523
2.53999999999999	0.014761527597340073
2.5499999999999896	0.014371556752311434
2.5599999999999894	0.013990314099928888
2.569999999999989	0.013617652031937311
2.579999999999989	0.013253424063149031
2.5899999999999888	0.012897484864021706
2.5999999999999885	0.012549690291778676
2.6099999999999883	0.012209897420131031
2.619999999999988	0.011877964567561402
2.629999999999988	0.01155375132431492
2.6399999999999877	0.011237118577852291
2.6499999999999875	0.010927928537123079
2.6599999999999873	0.010626044755433052
2.669999999999987	0.010331332151986712
2.679999999999987	0.010043657032245861
2.6899999999999866	0.009762887106847378
2.6999999999999864	0.009488891509434468
2.709999999999986	0.009221540813193787
2.719999999999986	0.00896070704620325
2.7299999999999858	0.008706263705593758
2.7399999999999856	0.008458085770569695
2.7499999999999853	0.00821604971428161
2.759999999999985	0.007980033514596578
2.769999999999985	0.007749916663781219
2.7799999999999847	0.007525580177118983
2.7899999999999845	0.007306906600484937
2.7999999999999843	0.007093780016915984
2.809999999999984	0.006886086052173204
2.819999999999984	0.006683711879350128
2.8299999999999836	0.006486546222524464
2.8399999999999834	0.006294479359501302
2.849999999999983	0.006107403123650188
2.859999999999983	0.005925210904878297
2.869999999999983	0.005747797649748276
2.8799999999999826	0.005575059860777286
2.8899999999999824	0.005406895594932628
2.899999999999982	0.005243204461353591
2.909999999999982	0.005083887618316659
2.9199999999999817	0.004928847769475753
2.9299999999999815	0.004777989159394075
2.9399999999999813	0.00463121756839488
2.949999999999981	0.004488440306751796
2.959999999999981	0.004349566208243192
2.9699999999999807	0.0042145056230965625
2.9799999999999804	0.00408317041033209
2.9899999999999802	0.0039554739295497915
2.99999999999998	0.003831331032161386
3.00999999999998	0.0037106580521006093
3.0199999999999796	0.003593372796029578
3.0299999999999794	0.0034793945330664146
3.039999999999979	0.0033686439840419436
3.049999999999979	0.0032610433103322815
3.0599999999999787	0.0031565161022569844
3.0699999999999785	0.0030549873670853533
3.0799999999999783	0.002956383516661809
3.089999999999978	0.0028606323546699814
3.099999999999978	0.002767663063554203
3.1099999999999777	0.0026774061911265805
3.1199999999999775	0.0025897936368586187
3.1299999999999772	0.002504758637897322
3.139999999999977	0.002422235754807225
3.149999999999977	0.002342160857069495
3.1599999999999766	0.0022644711083337032
3.1699999999999764	0.0021891049514728075
3.179999999999976	0.002116002093422764
3.189999999999976	0.002045103489842589
3.1999999999999758	0.001976351329608475
3.2099999999999755	0.0019096890191532608
3.2199999999999753	0.0018450611666652468
3.229999999999975	0.001782413566164797
3.239999999999975	0.0017216931814765237
3.2499999999999747	0.0016628481300964728
3.2599999999999745	0.0016058276669790926
3.2699999999999743	0.0015505821682497154
3.279999999999974	0.0014970631149254982
3.289999999999974	0.0014452230764356135
3.2999999999999736	0.0013950156942787114
3.3099999999999734	0.001346395665565008
3.319999999999973	0.001299318726575423
3.329999999999973	0.001253741636316681
3.3399999999999728	0.0012096221600893207
3.3499999999999726	0.0011669190530581245
3.3599999999999723	0.0011255920439438233
3.369999999999972	0.0010856018185788263
3.379999999999972	0.001046910003688688
3.3899999999999717	0.0010094791506419483
3.3999999999999715	0.0009732727192896188
3.4099999999999713	0.0009382550618733525
3.419999999999971	0.0009043914070201233
3.429999999999971	0.0008716478438252644
3.4399999999999706	0.0008399913060354104
3.4499999999999704	0.0008093895563275548
3.45999999999997	0.000779811170718589
3.46999999999997	0.0007512255230380647
3.47999999999997	0.0007236027696091926
3.4899999999999696	0.0006969138339859623
3.4999999999999694	0.0006711303918443938
3.509999999999969	0.0006462248560179748
3.519999999999969	0.0006221703616741291
3.5299999999999687	0.0005989407516409661
3.5399999999999685	0.0005765105618432117
3.5499999999999683	0.0005548550069883427
3.559999999999968	0.0005339499663100597
3.569999999999968	0.0005137719695292304
3.5799999999999677	0.0004942981829650793
3.5899999999999674	0.0004755063958209616
3.5999999999999672	0.0004573750066268878
3.609999999999967	0.0004398830098753889
3.619999999999967	0.00042300998281467845
3.6299999999999666	0.0004067360724340296
3.6399999999999664	0.0003910419826049012
3.649999999999966	0.00037590896144334583
3.659999999999966	0.0003613187888123409
3.6699999999999657	0.00034725376403327865
3.6799999999999655	0.00033369669377140103
3.6899999999999653	0.0003206308801125907
3.699999999999965	0.0003080401088204569
3.709999999999965	0.00029590863779249595
3.7199999999999647	0.00028422118567183124
3.7299999999999645	0.0002729629206953249
3.7399999999999642	0.00026211944968926516
3.749999999999964	0.000251676807260801
3.759999999999964	0.00024162144518894603
3.7699999999999636	0.0002319402219901238
3.7799999999999634	0.00022262039267417977
3.789999999999963	0.00021364959868612474
3.799999999999963	0.00020501585803232123
3.8099999999999627	0.00019670755559019282
3.8199999999999625	0.00018871343360231458
3.8299999999999623	0.00018102258235156373
3.839999999999962	0.00017362443101769616
3.849999999999962	0.00016650873871388965
3.8599999999999617	0.00015966558570215125
3.8699999999999615	0.00015308536479097704
3.8799999999999613	0.00014675877287397888
3.889999999999961	0.0001406768027173743
3.899999999999961	0.00013483073485034936
3.9099999999999606	0.00012921212962624636
3.9199999999999604	0.00012381281952602994
3.92999999999996	0.00011862490153980304
3.93999999999996	0.0001136407297796703
3.9499999999999598	0.00010885290820537453
3.9599999999999596	0.00010425428355111407
3.9699999999999593	0.00009983793840146865
3.979999999999959	0.0000955971844036164
3.989999999999959	0.00009152555566256697
3.9999999999999587	0.000087616802276778
4.009999999999959	0.00008386488402680218
4.019999999999959	0.00008026396421369156
4.0299999999999585	0.00007680840364101239
4.039999999999958	0.0000734927547469996
4.049999999999958	0.0000703117558779941
4.059999999999958	0.00006726032569469378
4.069999999999958	0.00006433355772724889
4.079999999999957	0.00006152671506306874
4.089999999999957	0.00005883522515762265
4.099999999999957	0.00005625467479376816
4.109999999999957	0.00005378080515788916
4.119999999999957	0.00005140950704451951
4.129999999999956	0.00004913681618799083
4.139999999999956	0.00004695890871709066
4.149999999999956	0.00004487209672610764
4.159999999999956	0.00004287282396103374
4.1699999999999555	0.00004095766163042373
4.179999999999955	0.00003912330432092856
4.189999999999955	0.00003736656602646852
4.199999999999955	0.000035684376286024664
4.209999999999955	0.00003407377642953001
4.2199999999999545	0.00003253191592157224
4.229999999999954	0.00003105604881642173
4.239999999999954	0.000029643530306015894
4.249999999999954	0.000028291813367392265
4.259999999999954	0.000026998445506433896
4.269999999999953	0.000025761065595786703
4.279999999999953	0.000024577400800581965
4.289999999999953	0.000023445263598938948
4.299999999999953	0.00002236254888362937
4.3099999999999525	0.00002132723115585469
4.319999999999952	0.000020337361794332102
4.329999999999952	0.000019391066415180316
4.339999999999952	0.000018486542301191355
4.349999999999952	0.000017622055916672265
4.3599999999999515	0.000016795940493429247
4.369999999999951	0.000016006593692288282
4.379999999999951	0.000015252475334614223
4.389999999999951	0.000014532105210584976
4.399999999999951	0.000013844060941888995
4.40999999999995	0.000013186975924806009
4.41999999999995	0.00001255953733803576
4.42999999999995	0.000011960484190496991
4.43999999999995	0.000011388605489776375
4.4499999999999496	0.000010842738376456164
4.459999999999949	0.000010321766406966485
4.469999999999949	9.824617834136456e-6
4.479999999999949	9.350264003465751e-6
4.489999999999949	8.897717713170972e-6
4.4999999999999485	8.466031712199617e-6
4.509999999999948	8.054297204464912e-6
4.519999999999948	7.66164241899792e-6
4.529999999999948	7.287231212642333e-6
4.539999999999948	6.93026173863951e-6
4.549999999999947	6.589965145009384e-6
4.559999999999947	6.2656043217122985e-6
4.569999999999947	5.956472698096199e-6
4.579999999999947	5.661893069450855e-6
4.589999999999947	5.381216457679066e-6
4.599999999999946	5.1138210724322446e-6
4.609999999999946	4.859111189914926e-6
4.619999999999946	4.61651618472005e-6
4.629999999999946	4.38548953052326e-6
4.6399999999999455	4.165507897591672e-6
4.649999999999945	3.956070177625812e-6
4.659999999999945	3.756696654591216e-6
4.669999999999945	3.5669281410940283e-6
4.679999999999945	3.386325164496934e-6
4.689999999999944	3.2144671825248005e-6
4.699999999999944	3.050951823660977e-6
4.709999999999944	2.895394156677692e-6
4.719999999999944	2.7474259887958616e-6
4.729999999999944	2.606695187214248e-6
4.739999999999943	2.472865044618615e-6
4.749999999999943	2.345613577929059e-6
4.759999999999943	2.2246330529462297e-6
4.769999999999943	2.1096292540363438e-6
4.7799999999999425	2.0003210640616326e-6
4.789999999999942	1.8964398062396455e-6
4.799999999999942	1.7977288250565816e-6
4.809999999999942	1.7039428940126666e-6
4.819999999999942	1.6148478170798776e-6
4.8299999999999415	1.5302199241279268e-6
4.839999999999941	1.4498456318564163e-6
4.849999999999941	1.3735210254072278e-6
4.859999999999941	1.3010514451121813e-6
4.869999999999941	1.2322510902036516e-6
4.87999999999994	1.1669426463923523e-6
4.88999999999994	1.104956918604005e-6
4.89999999999994	1.0461324840101836e-6
4.90999999999994	9.90315354348704e-7
4.9199999999999395	9.373586542574564e-7
4.929999999999939	8.871223209781145e-7
4.939999999999939	8.394727921230907e-7
4.949999999999939	7.942827398632235e-7
4.959999999999939	7.514307797694554e-7
4.9699999999999385	7.108012197072126e-7
4.979999999999938	6.722838089594807e-7
4.989999999999938	6.357734939118449e-7
4.999999999999938	6.011701882107268e-7
5.009999999999938	5.683785517059659e-7
5.019999999999937	5.373077780290046e-7
5.029999999999937	5.078713912461892e-7
5.039999999999937	4.799870509142664e-7
5.049999999999937	4.535763659387204e-7
5.0599999999999365	4.2856471530332416e-7
5.069999999999936	4.048810767273825e-7
5.079999999999936	3.8245786289738765e-7
5.089999999999936	3.612307643684504e-7
5.099999999999936	3.411385993367351e-7
5.1099999999999355	3.2212316958638935e-7
5.119999999999935	3.041291230999455e-7
5.129999999999935	2.871038258210402e-7
5.139999999999935	2.709972246531064e-7
5.149999999999935	2.5576173429727346e-7
5.159999999999934	2.413521291465568e-7
5.169999999999934	2.277254161509235e-7
5.179999999999934	2.1484075128383387e-7
5.189999999999934	2.026593264626192e-7
5.199999999999934	1.911442618481853e-7
5.209999999999933	1.8026053135018676e-7
5.219999999999933	1.6997486881611927e-7
5.229999999999933	1.6025568404259257e-7
5.239999999999933	1.510729828487367e-7
5.2499999999999325	1.4239827531134413e-7
5.259999999999932	1.3420456678702227e-7
5.269999999999932	1.2646617985399215e-7
5.279999999999932	1.1915879016442176e-7
5.289999999999932	1.1225927654808659e-7
5.299999999999931	1.057457340247587e-7
5.309999999999931	9.959739173416213e-8