-5.729999999999922	9.843423198662652e-8
-5.7199999999999225	1.0355103651352091e-7
-5.709999999999923	1.089254009488056e-7
-5.699999999999923	1.1456984422406614e-7
-5.689999999999923	1.2049744393697444e-7
-5.679999999999923	1.2672190789858408e-7
-5.6699999999999235	1.332575879999414e-7
-5.659999999999924	1.4011948605083296e-7
-5.649999999999924	1.4732330469074758e-7
-5.639999999999924	1.548854543571071e-7
-5.629999999999924	1.6282314411992054e-7
-5.619999999999925	1.7115434213005396e-7
-5.609999999999925	1.7989784993453367e-7
-5.599999999999925	1.8907333139957702e-7
-5.589999999999925	1.9870134970013988e-7
-5.5799999999999255	2.0880340620685652e-7
-5.569999999999926	2.1940198613517836e-7
-5.559999999999926	2.3052058617126663e-7
-5.549999999999926	2.421837795363528e-7
-5.539999999999926	2.544172485115347e-7
-5.5299999999999265	2.6724783226491843e-7
-5.519999999999927	2.807035874679661e-7
-5.509999999999927	2.9481383305421033e-7
-5.499999999999927	3.0960919710475773e-7
-5.489999999999927	3.251216837632804e-7
-5.479999999999928	3.413847180041177e-7
-5.469999999999928	3.584332371092358e-7
-5.459999999999928	3.7630373341213584e-7
-5.449999999999928	3.950342996832645e-7
-5.4399999999999284	4.146647283004675e-7
-5.429999999999929	4.3523657212706704e-7
-5.419999999999929	4.5679321838985785e-7
-5.409999999999929	4.793799655954722e-7
-5.399999999999929	5.030441034739148e-7
-5.3899999999999295	5.278349959599587e-7
-5.37999999999993	5.538041701473974e-7
-5.36999999999993	5.810053981000985e-7
-5.35999999999993	6.094947950065948e-7
-5.34999999999993	6.393309215084722e-7
-5.339999999999931	6.705748762809347e-7
-5.329999999999931	7.032904028968998e-7
-5.319999999999931	7.37543998358371e-7
-5.309999999999931	7.734050256456909e-7
-5.299999999999931	8.109458306539874e-7
-5.289999999999932	8.502418634644186e-7
-5.279999999999932	8.913718079252646e-7
-5.269999999999932	9.34417701441726e-7
-5.259999999999932	9.794650781385935e-7
-5.2499999999999325	1.0266031166173525e-6
-5.239999999999933	1.0759247754878413e-6
-5.229999999999933	1.1275269482605506e-6
-5.219999999999933	1.1815106206722043e-6
-5.209999999999933	1.2379810338669852e-6
-5.199999999999934	1.2970478533774968e-6
-5.189999999999934	1.3588253445721924e-6
-5.179999999999934	1.4234325545656833e-6
-5.169999999999934	1.4909935007863377e-6
-5.159999999999934	1.5616373665202439e-6
-5.149999999999935	1.6354987031694692e-6
-5.139999999999935	1.712717640728611e-6
-5.129999999999935	1.793440106235795e-6
-5.119999999999935	1.8778180460504913e-6
-5.1099999999999355	1.9660096617301154e-6
-5.099999999999936	2.058179655977731e-6
-5.089999999999936	2.1544994758540915e-6
-5.079999999999936	2.255147572425816e-6
-5.069999999999936	2.3603096818178048e-6
-5.0599999999999365	2.4701790811696483e-6
-5.049999999999937	2.5849569202933307e-6
-5.039999999999937	2.7048524523738787e-6
-5.029999999999937	2.830083421060537e-6
-5.019999999999937	2.960876318438466e-6
-5.009999999999938	3.097466722629159e-6
-4.999999999999938	3.240099684890454e-6
-4.989999999999938	3.389030051197114e-6
-4.979999999999938	3.5445228092194664e-6
-4.9699999999999385	3.7068535192863527e-6
-4.959999999999939	3.876308661600099e-6
-4.949999999999939	4.053186067996811e-6
-4.939999999999939	4.237795324327409e-6
-4.929999999999939	4.430458219154374e-6
-4.9199999999999395	4.631509177917342e-6
-4.90999999999994	4.841295742348712e-6
-4.89999999999994	5.0601790327418726e-6
-4.88999999999994	5.288534253826149e-6
-4.87999999999994	5.526751203608068e-6
-4.869999999999941	5.775234803511844e-6
-4.859999999999941	6.034405635159271e-6
-4.849999999999941	6.304700521622725e-6
-4.839999999999941	6.5865730945401374e-6
-4.8299999999999415	6.880494400443031e-6
-4.819999999999942	7.186953520813931e-6
-4.809999999999942	7.506458228993493e-6
-4.799999999999942	7.839535621930324e-6
-4.789999999999942	8.186732822348063e-6
-4.7799999999999425	8.548617697230474e-6
-4.769999999999943	8.92577955024919e-6
-4.759999999999943	9.318829902292803e-6
-4.749999999999943	9.728403258470889e-6
-4.739999999999943	0.000010155157897929656
-4.729999999999944	0.000010599776711046836
-4.719999999999944	0.000011062968037925278
-4.709999999999944	0.000011545466563661676
-4.699999999999944	0.000012048034195194569
-4.689999999999944	0.000012571461015141639
-4.679999999999945	0.000013116566226967804
-4.669999999999945	0.000013684199163453937
-4.659999999999945	0.000014275240288708935
-4.649999999999945	0.000014890602252019048
-4.6399999999999455	0.000015531230976874357
-4.629999999999946	0.000016198106777253187
-4.619999999999946	0.00001689224549774273
-4.609999999999946	0.00001761469970503681
-4.599999999999946	0.00001836655989323428
-4.589999999999947	0.000019148955764384032
-4.579999999999947	0.000019963057489520673
-4.569999999999947	0.000020810077053764186
-4.559999999999947	0.000021691269622374767
-4.549999999999947	0.00002260793494428524
-4.539999999999948	0.00002356141880321146
-4.529999999999948	0.000024553114514882962
-4.519999999999948	0.00002558446442632552
-4.509999999999948	0.000026656961541122376
-4.4999999999999485	0.000027772151107550234
-4.489999999999949	0.000028931632288119775
-4.479999999999949	0.00003013705988783662
-4.469999999999949	0.00003139014608142996
-4.459999999999949	0.00003269266226261076
-4.4499999999999496	0.000034046440884125004
-4.43999999999995	0.00003545337736817241
-4.42999999999995	0.00003691543206969875
-4.41999999999995	0.00003843463229719266
-4.40999999999995	0.00004001307437777828
-4.399999999999951	0.00004165292578457273
-4.389999999999951	0.000043356427326320836
-4.379999999999951	0.000045125895379788304
-4.369999999999951	0.00004696372419583778
-4.3599999999999515	0.000048872388255924944
-4.349999999999952	0.00005085444470556863
-4.339999999999952	0.000052912535824279895
-4.329999999999952	0.000055049391585125736
-4.319999999999952	0.00005726783227449091
-4.3099999999999525	0.00005957077116447834
-4.299999999999953	0.00006196121726490871
-4.289999999999953	0.0000644422781552566
-4.279999999999953	0.00006701716285848131
-4.269999999999953	0.00006968918481355085
-4.259999999999954	0.00007246176491273891
-4.249999999999954	0.00007533843460425065
-4.239999999999954	0.00007832283908625043
-4.229999999999954	0.00008141874056898144
-4.2199999999999545	0.00008463002161873283
-4.209999999999955	0.00008796068857489553
-4.199999999999955	0.00009141487506776429
-4.189999999999955	0.00009499684559508615
-4.179999999999955	0.00009871099919312049
-4.1699999999999555	0.00010256187320235359
-4.159999999999956	0.00010655414710894366
-4.149999999999956	0.00011069264646997185
-4.139999999999956	0.00011498234693995382
-4.129999999999956	0.00011942837841407762
-4.119999999999957	0.00012403602917601135
-4.109999999999957	0.00012881075024066807
-4.099999999999957	0.00013375815973468196
-4.089999999999957	0.000138884047407113
-4.079999999999957	0.0001441943791875551
-4.069999999999958	0.00014969530189718703
-4.059999999999958	0.00015539314803160868
-4.049999999999958	0.000161294440654743
-4.039999999999958	0.00016740589838852988
-4.0299999999999585	0.0001737344405154635
-4.019999999999959	0.00018028719218409584
-4.009999999999959	0.0001870714897230327
-3.9999999999999587	0.0001940948860417419
-3.989999999999959	0.00020136515618245082
-3.979999999999959	0.00020889030295216684
-3.9699999999999593	0.00021667856266674576
-3.9599999999999596	0.00022473841101781499
-3.9499999999999598	0.00023307856905554903
-3.93999999999996	0.00024170800927066525
-3.92999999999996	0.00025063596180442807
-3.9199999999999604	0.000259871920783797
-3.9099999999999606	0.00026942565075009157
-3.899999999999961	0.0002793071932260529
-3.889999999999961	0.0002895268733967168
-3.8799999999999613	0.0003000953069102471
-3.8699999999999615	0.00031102340679334565
-3.8599999999999617	0.0003223223905038701
-3.849999999999962	0.0003340037870937481
-3.839999999999962	0.0003460794444899137
-3.8299999999999623	0.000358561536921247
-3.8199999999999625	0.00037146257244660095
-3.8099999999999627	0.0003847954006118557
-3.799999999999963	0.0003985732202448202
-3.789999999999963	0.000412809587364841
-3.7799999999999634	0.00042751842320716923
-3.7699999999999636	0.00044271402240286155
-3.759999999999964	0.0004584110612555329
-3.749999999999964	0.0004746246061601912
-3.7399999999999642	0.0004913701221156571
-3.7299999999999645	0.0005086634814387329
-3.7199999999999647	0.000526520972507929
-3.709999999999965	0.0005449593086962483
-3.699999999999965	0.0005639956374055315
-3.6899999999999653	0.0005836475492242384
-3.6799999999999655	0.0006039330872128708
-3.6699999999999657	0.0006248707563153462
-3.659999999999966	0.0006464795328857205
-3.649999999999966	0.0006687788743047419
-3.6399999999999664	0.0006917887288053929
-3.6299999999999666	0.0007155295453108752
-3.619999999999967	0.0007400222834479106
-3.609999999999967	0.0007652884236744671
-3.5999999999999672	0.0007913499774963273
-3.5899999999999674	0.0008182294978110303
-3.5799999999999677	0.0008459500893907497
-3.569999999999968	0.0008745354193506477
-3.559999999999968	0.0009040097279343305
-3.5499999999999683	0.0009343978392129693
-3.5399999999999685	0.0009657251719709957
-3.5299999999999687	0.000998017750666404
-3.519999999999969	0.0010313022165130976
-3.509999999999969	0.001065605838648824
-3.4999999999999694	0.0011009565252955381
-3.4899999999999696	0.0011373828352279562
-3.47999999999997	0.0011749139891082093
-3.46999999999997	0.0012135798809880898
-3.45999999999997	0.0012534110899033212
-3.4499999999999704	0.001294438891505245
-3.4399999999999706	0.0013366952697735483
-3.429999999999971	0.0013802129287989113
-3.419999999999971	0.0014250253046184794
-3.4099999999999713	0.0014711665771041838
-3.3999999999999715	0.0015186716818706585
-3.3899999999999717	0.0015675763223246583
-3.379999999999972	0.0016179169816303747
-3.369999999999972	0.0016697309347878577
-3.3599999999999723	0.0017230562607215803
-3.3499999999999726	0.001777931854370451
-3.3399999999999728	0.0018343974388188551
-3.329999999999973	0.0018924935774454832
-3.319999999999973	0.0019522616859995454
-3.3099999999999734	0.0020137440448025814
-3.2999999999999736	0.0020769838108325974
-3.289999999999974	0.0021420250298266287
-3.279999999999974	0.0022089126483546594
-3.2699999999999743	0.002277692525880061
-3.2599999999999745	0.0023484114467389058
-3.2499999999999747	0.002421117132105598
-3.239999999999975	0.002495858251890805
-3.229999999999975	0.0025726844365622837
-3.2199999999999753	0.0026516462888957165
-3.2099999999999755	0.0027327953956606758
-3.1999999999999758	0.0028161843391827546
-3.189999999999976	0.002901866708817417
-3.179999999999976	0.0029898971123188843
-3.1699999999999764	0.00308033118707278
-3.1599999999999766	0.003173225611192022
-3.149999999999977	0.0032686381144928054
-3.139999999999977	0.003366627489293131
-3.1299999999999772	0.00346725360104663
-3.1199999999999775	0.003570577398819318
-3.1099999999999777	0.003676660925560839
-3.099999999999978	0.0037855673281692766
-3.089999999999978	0.003897360867367676
-3.0799999999999783	0.004012106927344681
-3.0699999999999785	0.0041298720251421684
-3.0599999999999787	0.004250723819822183
-3.049999999999979	0.0043747311213601595
-3.039999999999979	0.004501963899251262
-3.0299999999999794	0.0046324932908416066
-3.0199999999999796	0.00476639160936366
-3.00999999999998	0.004903732351629431
-2.99999999999998	0.005044590205419147
-2.9899999999999802	0.0051890410565248795
-2.9799999999999804	0.005337161995414945
-2.9699999999999807	0.005489031323538884
-2.959999999999981	0.0056447285592616595
-2.949999999999981	0.00580433444335718
-2.9399999999999813	0.005967930944110075
-2.9299999999999815	0.006135601261987213
-2.9199999999999817	0.006307429833843049
-2.909999999999982	0.006483502336665262
-2.899999999999982	0.006663905690860189
-2.8899999999999824	0.006848728063011641
-2.8799999999999826	0.007038058868157479
-2.869999999999983	0.007231988771477469
-2.859999999999983	0.007430609689551975
-2.849999999999983	0.007634014790928975
-2.8399999999999834	0.007842298496202452
-2.8299999999999836	0.008055556477457166
-2.819999999999984	0.008273885657100797
-2.809999999999984	0.008497384206094511
-2.7999999999999843	0.008726151541517428
-2.7899999999999845	0.008960288323457641
-2.7799999999999847	0.009199896451257222
-2.769999999999985	0.009445079059039697
-2.759999999999985	0.009695940510529633
-2.7499999999999853	0.009952586393093077
-2.7399999999999856	0.01021512351116772
-2.7299999999999858	0.010483659878765665
-2.719999999999986	0.010758304711288507
-2.709999999999986	0.011039168416531393
-2.6999999999999864	0.01132636258484087
-2.6899999999999866	0.011619999978479324
-2.679999999999987	0.011920194520119496
-2.669999999999987	0.012227061280469855
-2.6599999999999873	0.012540716465026186
-2.6499999999999875	0.01286127739993563
-2.6399999999999877	0.013188862516911046
-2.629999999999988	0.013523591337250519
-2.619999999999988	0.013865584454895361
-2.6099999999999883	0.014214963518518593
-2.5999999999999885	0.014571851212641157
-2.5899999999999888	0.014936371237771407
-2.579999999999989	0.015308648289504128
-2.569999999999989	0.015688808036619074
-2.5599999999999894	0.01607697709814047
-2.5499999999999896	0.01647328301933947
-2.53999999999999	0.016877854246660495
-2.52999999999999	0.017290820101607093
-2.5199999999999902	0.01771231075348363
-2.5099999999999905	0.018142457191070414
-2.4999999999999907	0.018581391193185703
-2.489999999999991	0.01902924529808494
-2.479999999999991	0.019486152771740164
-2.4699999999999913	0.019952247574980347
-2.4599999999999915	0.020427664329460297
-2.4499999999999917	0.020912538282438883
-2.439999999999992	0.021407005270415766
-2.429999999999992	0.021911201681557302
-2.4199999999999924	0.022425264416910104
-2.4099999999999926	0.02294933085044255
-2.399999999999993	0.023483538787861597
-2.389999999999993	0.024028026424187447
-2.3799999999999932	0.02458293230014345
-2.3699999999999934	0.025148395257295928
-2.3599999999999937	0.025724554391955177
-2.349999999999994	0.02631154900785123
-2.339999999999994	0.02690951856757819
-2.3299999999999943	0.027518602642765334
-2.3199999999999945	0.028138940863032827
-2.3099999999999947	0.028770672863704775
-2.299999999999995	0.029413938232254012
-2.289999999999995	0.03006887645352267
-2.2799999999999954	0.030735626853717342
-2.2699999999999956	0.031414328543104095
-2.259999999999996	0.03210512035762309
-2.249999999999996	0.03280814079902373
-2.239999999999996	0.033523527974012764
-2.2299999999999964	0.03425141953206031
-2.2199999999999966	0.03499195260205084
-2.209999999999997	0.03574526372770014
-2.199999999999997	0.036511488801788096
-2.1899999999999973	0.03729076299923697
-2.1799999999999975	0.03808322070899235
-2.1699999999999977	0.03888899546475004
-2.159999999999998	0.039708219874566
-2.149999999999998	0.040541025549320174
-2.1399999999999983	0.041387543030056186
-2.1299999999999986	0.04224790171424137
-2.1199999999999988	0.04312222978104807
-2.109999999999999	0.04401065411532068
-2.099999999999999	0.04491330023078638
-2.0899999999999994	0.04583029219211461
-2.0799999999999996	0.04676175253598681
-2.07	0.0477078021912389
-2.06	0.04866856039803813
-2.0500000000000003	0.0496441446261439
-2.0400000000000005	0.05063467049228832
-2.0300000000000007	0.05164025167670772
-2.020000000000001	0.05266099983881106
-2.010000000000001	0.05369702453208135
-2.0000000000000013	0.05474843311821635
-1.9900000000000015	0.05581533068050053
-1.9800000000000015	0.05689781993650863
-1.9700000000000015	0.05799600115016194
-1.9600000000000015	0.05910997204311881
-1.9500000000000015	0.06023982770560498
-1.9400000000000015	0.061385660506714027
-1.9300000000000015	0.06254756000416763
-1.9200000000000015	0.06372561285362785
-1.9100000000000015	0.06491990271761083
-1.9000000000000015	0.06613051017399632
-1.8900000000000015	0.06735751262420836
-1.8800000000000014	0.06860098420114903
-1.8700000000000014	0.0698609956768568
-1.8600000000000014	0.0711376143699833
-1.8500000000000014	0.07243090405316864
-1.8400000000000014	0.0737409248603
-1.8300000000000014	0.07506773319372988
-1.8200000000000014	0.07641138163155664
-1.8100000000000014	0.07777191883494917
-1.8000000000000014	0.07914938945559702
-1.7900000000000014	0.08054383404336989
-1.7800000000000014	0.08195528895422066
-1.7700000000000014	0.08338378625835517
-1.7600000000000013	0.08482935364881457
-1.7500000000000013	0.08629201435045328
-1.7400000000000013	0.08777178702938493
-1.7300000000000013	0.0892686857030064
-1.7200000000000013	0.0907827196506225
-1.7100000000000013	0.09231389332470584
-1.7000000000000013	0.09386220626293111
-1.6900000000000013	0.09542765300101014
-1.6800000000000013	0.09701022298635155
-1.6700000000000013	0.09860990049268538
-1.6600000000000013	0.10022666453569701
-1.6500000000000012	0.10186048878967714
-1.6400000000000012	0.10351134150534302
-1.6300000000000012	0.1051791854288659
-1.6200000000000012	0.10686397772212859
-1.6100000000000012	0.10856566988434461
-1.6000000000000012	0.11028420767510215
-1.5900000000000012	0.11201953103885198
-1.5800000000000012	0.11377157403094089
-1.5700000000000012	0.11554026474530542
-1.5600000000000012	0.11732552524380122
-1.5500000000000012	0.11912727148729402
-1.5400000000000011	0.12094541326861612
-1.5300000000000011	0.12277985414737799
-1.5200000000000011	0.12463049138674213
-1.5100000000000011	0.1264972158922744
-1.500000000000001	0.12837991215286168
-1.490000000000001	0.1302784581838011
-1.480000000000001	0.1321927254721634
-1.470000000000001	0.1341225789244462
-1.460000000000001	0.13606787681658247
-1.450000000000001	0.13802847074644664
-1.440000000000001	0.14000420558884596
-1.430000000000001	0.1419949194530685
-1.420000000000001	0.14400044364311568
-1.410000000000001	0.14602060262064312
-1.400000000000001	0.1480552139706218
-1.390000000000001	0.15010408836990022
-1.380000000000001	0.15216702955863834
-1.370000000000001	0.15424383431468305
-1.360000000000001	0.15633429243098934
-1.350000000000001	0.15843818669612922
-1.340000000000001	0.16055529287788844
-1.330000000000001	0.16268537971010208
-1.320000000000001	0.16482820888273775
-1.310000000000001	0.1669835350352357
-1.300000000000001	0.16915110575323633
-1.290000000000001	0.17133066156873059
-1.280000000000001	0.1735219359636155
-1.270000000000001	0.1757246553767726
-1.260000000000001	0.17793853921471697
-1.2500000000000009	0.18016329986579682
-1.2400000000000009	0.18239864271803422
-1.2300000000000009	0.18464426618068247
-1.2200000000000009	0.18689986170942105
-1.2100000000000009	0.1891651138353313
-1.2000000000000008	0.19143970019770343
-1.1900000000000008	0.1937232915805655
-1.1800000000000008	0.19601555195312403
-1.1700000000000008	0.19831613851405572
-1.1600000000000008	0.20062470173967836
-1.1500000000000008	0.2029408854360536
-1.1400000000000008	0.20526432679504303
-1.1300000000000008	0.20759465645431943
-1.1200000000000008	0.20993149856132062
-1.1100000000000008	0.21227447084122378
-1.1000000000000008	0.21462318466893282
-1.0900000000000007	0.21697724514501024
-1.0800000000000007	0.21933625117565161
-1.0700000000000007	0.2216997955567474
-1.0600000000000007	0.22406746506181532
-1.0500000000000007	0.22643884053403576
-1.0400000000000007	0.22881349698233766
-1.0300000000000007	0.23119100368131704
-1.0200000000000007	0.23357092427538487
-1.0100000000000007	0.2359528168865913
-1.0000000000000007	0.23833623422671182
-0.9900000000000007	0.2407207237129384
-0.9800000000000006	0.24310582758793078
-0.9700000000000006	0.24549108304315198
-0.9600000000000006	0.24787602234674588
-0.9500000000000006	0.2502601729745739
-0.9400000000000006	0.2526430577456087
-0.9300000000000006	0.2550241949606371
-0.9200000000000006	0.25740309854501786
-0.9100000000000006	0.25977927819487756
-0.9000000000000006	0.262152239527003
-0.8900000000000006	0.26452148423236344
-0.8800000000000006	0.2668865102330672
-0.8700000000000006	0.2692468118427829
-0.8600000000000005	0.2716018799306494
-0.8500000000000005	0.2739512020884495
-0.8400000000000005	0.27629426280104147
-0.8300000000000005	0.27863054362009676
-0.8200000000000005	0.28095952334091034
-0.8100000000000005	0.28328067818223324
-0.8000000000000005	0.2855934819692067
-0.7900000000000005	0.28789740631913263
-0.7800000000000005	0.29019192083000306
-0.7700000000000005	0.29247649327194913
-0.7600000000000005	0.2947505897813216
-0.7500000000000004	0.2970136750568538
-0.7400000000000004	0.2992652125593175
-0.7300000000000004	0.30150466471242743
-0.7200000000000004	0.3037314931067586
-0.7100000000000004	0.30594515870562444
-0.7000000000000004	0.3081451220529605
-0.6900000000000004	0.310330843483223
-0.6800000000000004	0.3125017833332435
-0.6700000000000004	0.31465740215572113
-0.6600000000000004	0.3167971609343623
-0.6500000000000004	0.3189205213006338
-0.6400000000000003	0.321026945751847
-0.6300000000000003	0.32311589787051276
-0.6200000000000003	0.3251868425449681
-0.6100000000000003	0.3272392461909885
-0.6000000000000003	0.3292725769742871
-0.5900000000000003	0.33128630503391093
-0.5800000000000003	0.33327990270627217
-0.5700000000000003	0.33525284474936556
-0.5600000000000003	0.3372046085690496
-0.5500000000000003	0.3391346744423954
-0.5400000000000003	0.34104252574424104
-0.5300000000000002	0.34292764917277707
-0.5200000000000002	0.34478953497458625
-0.5100000000000002	0.3466276771693126
-0.5000000000000002	0.348441573775233
-0.49000000000000027	0.3502307270328725
-0.48000000000000026	0.3519946436281936
-0.47000000000000025	0.3537328349170941
-0.46000000000000024	0.3554448171447258
-0.45000000000000023	0.35713011166782493
-0.4400000000000002	0.3587882451738388
-0.4300000000000002	0.36041874989914724
-0.4200000000000002	0.36202116384572414
-0.4100000000000002	0.3635950309962103
-0.4000000000000002	0.36513990152725606
-0.3900000000000002	0.36665533202090866
-0.38000000000000017	0.36814088567398434
-0.37000000000000016	0.36959613250530593
-0.36000000000000015	0.37102064956058295
-0.35000000000000014	0.37241402111485233
-0.34000000000000014	0.37377583887239385
-0.3300000000000001	0.3751057021638878
-0.3200000000000001	0.3764032181407225
-0.3100000000000001	0.3776680019663839
-0.3000000000000001	0.3788996770044672
-0.2900000000000001	0.38009787500466347
-0.2800000000000001	0.38126223628299166
-0.2700000000000001	0.3823924099009823
-0.26000000000000006	0.3834880538400122
-0.25000000000000006	0.3845488351722024
-0.24000000000000007	0.38557443022746796
-0.23000000000000007	0.3865645247565766
-0.22000000000000006	0.38751881409018923
-0.21000000000000005	0.3884370032937098
-0.20000000000000004	0.3893188073178048
-0.19000000000000003	0.39016395114457275
-0.18000000000000002	0.3909721699292174
-0.17	0.3917432091370639
-0.16	0.3924768246759341
-0.15	0.3931727830237127
-0.13999999999999999	0.39383086135099926
-0.12999999999999998	0.3944508476388055
-0.11999999999999998	0.3950325407912109
-0.10999999999999999	0.39557575074282525
-0.09999999999999999	0.3960802985610485
-0.09	0.39654601654305727
-0.08	0.39697274830736534
-0.07	0.3973603488799627
-0.060000000000000005	0.3977086847749759
-0.05	0.39801763406971274
-0.04	0.398287086474086
-0.03	0.3985169433943918
-0.02	0.39870711799131525
-0.01	0.3988575352321538
0	0.39896813193725333
0.01	0.3990388568205578
0.02	0.3990696705242481
0.03	0.3990605456474993
0.04	0.3990114667692513
0.05	0.3989224304649987
0.060000000000000005	0.3987934453176184
0.07	0.39862453192217656
0.08	0.39841572288468896
0.09	0.398167062814906
0.09999999999999999	0.39787860831305977
0.10999999999999999	0.39755042795056
0.11999999999999998	0.3971826022447131
0.12999999999999998	0.39677522362743833
0.13999999999999999	0.3963283964079585
0.15	0.39584223672956564
0.16	0.3953168725204352
0.17	0.3947524434384983
0.18000000000000002	0.39414910081046206
0.19000000000000003	0.3935070075649875
0.20000000000000004	0.39282633816003004
0.21000000000000005	0.39210727850443927
0.22000000000000006	0.3913500258738691
0.23000000000000007	0.39055478882098527
0.24000000000000007	0.3897217870800923
0.25000000000000006	0.38885125146623595
0.26000000000000006	0.3879434237688049
0.2700000000000001	0.38699855663972077
0.2800000000000001	0.3860169134763261
0.2900000000000001	0.3849987682989792
0.3000000000000001	0.3839444056234705
0.3100000000000001	0.38285412032836663
0.3200000000000001	0.3817282175173227
0.3300000000000001	0.3805670123764634
0.34000000000000014	0.3793708300269796
0.35000000000000014	0.3781400053729511
0.36000000000000015	0.37687488294455024
0.37000000000000016	0.3755758167367351
0.38000000000000017	0.37424317004351226
0.3900000000000002	0.3728773152878641
0.4000000000000002	0.37147863384751084
0.4100000000000002	0.37004751587657475
0.4200000000000002	0.3685843601232564
0.4300000000000002	0.36708957374368956
0.4400000000000002	0.3655635721120644
0.45000000000000023	0.36400677862712244
0.46000000000000024	0.3624196245152107
0.47000000000000025	0.36080254863019534
0.48000000000000026	0.3591559972490609
0.49000000000000027	0.35748042386638346
0.5000000000000002	0.35577628898482955
0.5100000000000002	0.354044059901648
0.5200000000000002	0.35228421049453085
0.5300000000000002	0.35049722100384073
0.5400000000000003	0.3486835778126332
0.5500000000000003	0.3468437732244473
0.5600000000000003	0.3449783052389988
0.5700000000000003	0.34308767732589557
0.5800000000000003	0.3411723981965267
0.5900000000000003	0.3392329815743143
0.6000000000000003	0.3372699459634021
0.6100000000000003	0.3352838144159756
0.6200000000000003	0.33327511429856743
0.6300000000000003	0.3312443770562582
0.6400000000000003	0.32919213797794167
0.6500000000000004	0.32711893595882635
0.6600000000000004	0.3250253132632629
0.6700000000000004	0.3229118152868884
0.6800000000000004	0.3207789903184401
0.6900000000000004	0.3186273893013554
0.7000000000000004	0.3164575655953031
0.7100000000000004	0.3142700747378371
0.7200000000000004	0.31206547420627095
0.7300000000000004	0.3098443231799153
0.7400000000000004	0.30760718230286743
0.7500000000000004	0.3053546134474519
0.7600000000000005	0.30308717947845065
0.7700000000000005	0.30080544401829407
0.7800000000000005	0.29850997121333406
0.7900000000000005	0.29620132550130773
0.8000000000000005	0.2938800713801812
0.8100000000000005	0.2915467731784603
0.8200000000000005	0.2892019948271156
0.8300000000000005	0.28684629963324443
0.8400000000000005	0.28448025005562383
0.8500000000000005	0.2821044074822207
0.8600000000000005	0.27971933200984
0.8700000000000006	0.27732558222600934
0.8800000000000006	0.2749237149932061
0.8900000000000006	0.2725142852355426
0.9000000000000006	0.2700978457280653
0.9100000000000006	0.2676749468887064
0.9200000000000006	0.2652461365730401
0.9300000000000006	0.26281195987196476
0.9400000000000006	0.26037295891235823
0.9500000000000006	0.2579296726608362
0.9600000000000006	0.2554826367307356
0.9700000000000006	0.25303238319235477
0.9800000000000006	0.25057944038658336
0.9900000000000007	0.24812433274201134
1.0000000000000007	0.24566758059557237
1.0100000000000007	0.2432097000168068
1.0200000000000007	0.24075120263585836
1.0300000000000007	0.23829259547523454
1.0400000000000007	0.2358343807854027
1.0500000000000007	0.23337705588433116
1.0600000000000007	0.23092111300099913
1.0700000000000007	0.2284670391229335
1.0800000000000007	0.22601531584785867
1.0900000000000007	0.2235664192395027
1.1000000000000008	0.22112081968757719
1.1100000000000008	0.2186789817720294
1.1200000000000008	0.2162413641315823
1.1300000000000008	0.21380841933658704
1.1400000000000008	0.21138059376625018
1.1500000000000008	0.20895832749027804
1.1600000000000008	0.20654205415490523
1.1700000000000008	0.20413220087341674
1.1800000000000008	0.2017291881211271
1.1900000000000008	0.19933342963485612
1.2000000000000008	0.1969453323169003
1.2100000000000009	0.19456529614356238
1.2200000000000009	0.19219371407816682
1.2300000000000009	0.18983097198863372
1.2400000000000009	0.18747744856959597
1.2500000000000009	0.18513351526903563
1.260000000000001	0.18279953621945103
1.270000000000001	0.18047586817357306
1.280000000000001	0.17816286044456506
1.290000000000001	0.17586085485072903
1.300000000000001	0.17357018566471077
1.310000000000001	0.17129117956714815
1.320000000000001	0.1690241556047527
1.330000000000001	0.16676942515282955
1.340000000000001	0.16452729188215942
1.350000000000001	0.1622980517302378
1.360000000000001	0.16008199287683528
1.370000000000001	0.1578793957238419
1.380000000000001	0.1556905328793378
1.390000000000001	0.15351566914587494
1.400000000000001	0.1513550615129188
1.410000000000001	0.1492089591533686
1.420000000000001	0.1470776034241664
1.430000000000001	0.14496122787090057
1.440000000000001	0.1428600582363432
1.450000000000001	0.14077431247290315
1.460000000000001	0.13870420075891776
1.470000000000001	0.13664992551868999
1.480000000000001	0.13461168144627392
1.490000000000001	0.1325896555328924
1.500000000000001	0.13058402709793585
1.5100000000000011	0.12859496782347832
1.5200000000000011	0.1266226417922546
1.5300000000000011	0.12466720552898802
1.5400000000000011	0.12272880804503562
1.5500000000000012	0.12080759088626458
1.5600000000000012	0.11890368818407546
1.5700000000000012	0.11701722670950133
1.5800000000000012	0.11514832593032229
1.5900000000000012	0.11329709807108712
1.6000000000000012	0.11146364817597722
1.6100000000000012	0.10964807417445088
1.6200000000000012	0.10785046694954561
1.6300000000000012	0.10607091040879175
1.6400000000000012	0.10430948155764322
1.6500000000000012	0.10256625057533546
1.6600000000000013	0.1008412808930957
1.6700000000000013	0.09913462927462374
1.6800000000000013	0.09744634589874317
1.6900000000000013	0.09577647444415373
1.7000000000000013	0.09412505217619323
1.7100000000000013	0.09249211003553652
1.7200000000000013	0.09087767272870337
1.7300000000000013	0.08928175882035666
1.7400000000000013	0.08770438082725697
1.7500000000000013	0.08614554531378904
1.7600000000000013	0.08460525298900054
1.7700000000000014	0.0830834988050689
1.7800000000000014	0.08158027205706185
1.7900000000000014	0.08009555648398231
1.8000000000000014	0.07862933037096131
1.8100000000000014	0.07718156665252104
1.8200000000000014	0.07575223301685989
1.8300000000000014	0.07434129201103457
1.8400000000000014	0.07294870114698772
1.8500000000000014	0.07157441300832726
1.8600000000000014	0.07021837535778694
1.8700000000000014	0.06888053124527997
1.8800000000000014	0.06756081911646897
1.8900000000000015	0.06625917292179533
1.9000000000000015	0.0649755222258599
1.9100000000000015	0.06370979231710763
1.9200000000000015	0.0624619043177253
1.9300000000000015	0.061231775293696965
1.9400000000000015	0.060019318364920964
1.9500000000000015	0.05882444281535059
1.9600000000000015	0.057647054203068
1.9700000000000015	0.056487054470211094
1.9800000000000015	0.05534434205274118
1.9900000000000015	0.054218811989917154
2.0000000000000013	0.053110356033464645
2.010000000000001	0.05201886275635318
2.020000000000001	0.05094421766113899
2.0300000000000007	0.04988630328778118
2.0400000000000005	0.048844999320921845
2.0500000000000003	0.047820182696535034
2.06	0.04681172770790079
2.07	0.04581950611086324
2.0799999999999996	0.044843387228305415
2.0899999999999994	0.043883238053801836
2.099999999999999	0.04293892335439018
2.109999999999999	0.04201030577243587
2.1199999999999988	0.041097245926507424
2.1299999999999986	0.04019960251126561
2.1399999999999983	0.03931723239631095
2.149999999999998	0.038449990723824816
2.159999999999998	0.037597731005315334
2.1699999999999977	0.03676030521696039
2.1799999999999975	0.035937563893870574
2.1899999999999973	0.03512935622307534
2.199999999999997	0.034335530135263054
2.209999999999997	0.03355593239520506
2.2199999999999966	0.03279040869085426
2.2299999999999964	0.032038803721092045
2.239999999999996	0.031300961282088195
2.249999999999996	0.03057672435225691
2.259999999999996	0.0298659351757825
2.2699999999999956	0.029168435344695383
2.2799999999999954	0.028484065879476776
2.289999999999995	0.027812667308202036
2.299999999999995	0.027154079744047852
2.3099999999999947	0.02650814296153539
2.3199999999999945	0.025874696470991238
2.3299999999999943	0.025253579591573656
2.339999999999994	0.024644631522729735
2.349999999999994	0.024047691414075145
2.3599999999999937	0.02346259843370545
2.3699999999999934	0.022889191834916903
2.3799999999999932	0.022327311021349813
2.389999999999993	0.021776795610524737
2.399999999999993	0.02123748549579579
2.4099999999999926	0.02070922090669602
2.4199999999999924	0.020191842467694805
2.429999999999992	0.01968519125534817
2.439999999999992	0.0191891088538532
2.4499999999999917	0.018703437409023548
2.4599999999999915	0.018228019680652973
2.4699999999999913	0.017762699093313017
2.479999999999991	0.017307319785563546
2.489999999999991	0.016861726657595024
2.4999999999999907	0.016425765417305515
2.5099999999999905	0.015999282624827846
2.5199999999999902	0.015582125735506698
2.52999999999999	0.015174143141346704
2.53999999999999	0.014775184210936475
2.5499999999999896	0.014385099327868288
2.5599999999999894	0.014003739927648758
2.569999999999989	0.013630958533147965
2.579999999999989	0.013266608788563344
2.5899999999999888	0.012910545491939466
2.5999999999999885	0.012562624626256678
2.6099999999999883	0.012222703389073709
2.619999999999988	0.011890640220867443
2.629999999999988	0.011566294831807192
2.6399999999999877	0.011249528227341425
2.6499999999999875	0.010940202732354224
2.6599999999999873	0.010638182014011973
2.669999999999987	0.010343331103286096
2.679999999999987	0.010055516415282736
2.6899999999999866	0.009774605768125263
2.6999999999999864	0.009500468400779689
2.709999999999986	0.00923297498956153
2.719999999999986	0.00897199766346796
2.7299999999999858	0.008717410018333295
2.7399999999999856	0.008469087129827003
2.7499999999999853	0.008226905565318498
2.759999999999985	0.00799074339464662
2.769999999999985	0.007760480199787859
2.7799999999999847	0.007535997083469865
2.7899999999999845	0.00731717667675661
2.7999999999999843	0.007103903145602693
2.809999999999984	0.006896062196426397
2.819999999999984	0.00669354108072272
2.8299999999999836	0.006496228598716551
2.8399999999999834	0.006304015102115639
2.849999999999983	0.006116792495957438
2.859999999999983	0.005934454239590494
2.869999999999983	0.005756895346805849
2.8799999999999826	0.0055840123851519565
2.8899999999999824	0.00541570347444348
2.899999999999982	0.005251868284498579
2.909999999999982	0.005092408032123893
2.9199999999999817	0.004937225477375594
2.9299999999999815	0.004786224919109041
2.9399999999999813	0.004639312189852185
2.949999999999981	0.00449639465001943
2.959999999999981	0.004357381181490534
2.9699999999999807	0.004222182180574244
2.9799999999999804	0.004090709550389922
2.9899999999999802	0.00396287669266868
2.99999999999998	0.0038385984990200557
3.00999999999998	0.003717791341669203
3.0199999999999796	0.003600373063693173
3.0299999999999794	0.0034862629687746225
3.039999999999979	0.0033753818104982425
3.049999999999979	0.0032676517812046395
3.0599999999999787	0.003162996500423403
3.0699999999999785	0.003061341002917202
3.0799999999999783	0.0029626117263331212
3.089999999999978	0.0028667364984988277
3.099999999999978	0.0027736445243888843
3.1099999999999777	0.0026832663727538093
3.1199999999999775	0.0025955339624481855
3.1299999999999772	0.002510380548486609
3.139999999999977	0.0024277407078169455
3.149999999999977	0.0023475503248507655
3.1599999999999766	0.0022697465767586114
3.1699999999999764	0.002194267918552655
3.179999999999976	0.002121054067962776
3.189999999999976	0.0020500459901363734
3.1999999999999758	0.0019811858821616552
3.2099999999999755	0.00191441715744468
3.2199999999999753	0.0018496844299429429
3.229999999999975	0.0017869334982813475
3.239999999999975	0.0017261113297488311
3.2499999999999747	0.0016671660442091993
3.2599999999999745	0.0016100468979228758
3.2699999999999743	0.0015547042673010535
3.279999999999974	0.0015010896325911675
3.289999999999974	0.0014491555615763479
3.2999999999999736	0.001398855693122212
3.3099999999999734	0.0013501447208259204
3.319999999999973	0.0013029783765900944
3.329999999999973	0.0012573134142100843
3.3399999999999728	0.0012131075929757464
3.3499999999999726	0.00117031966128047
3.3599999999999723	0.0011289093403162164
3.369999999999972	0.0010888373077000836
3.379999999999972	0.0010500651812601833
3.3899999999999717	0.0010125555028215802
3.3999999999999715	0.0009762717220735996
3.4099999999999713	0.000941178180511215
3.419999999999971	0.0009072400954521875
3.429999999999971	0.0008744235441531982
3.4399999999999706	0.0008426954480176529
3.4499999999999704	0.0008120235569019586
3.45999999999997	0.0007823764335424684
3.46999999999997	0.0007537234380668113
3.47999999999997	0.0007260347127390908
3.4899999999999696	0.0006992811666164255
3.4999999999999694	0.0006734344605528892
3.509999999999969	0.000648466992233156
3.519999999999969	0.000624351881367401
3.5299999999999687	0.0006010629550185856
3.5399999999999685	0.0005785747331756638
3.5499999999999683	0.0005568624142782292
3.559999999999968	0.0005359018611072557
3.569999999999968	0.0005156695867347504
3.5799999999999677	0.0004961427406495727
3.5899999999999674	0.00047729909506424596
3.5999999999999672	0.00045911703138570777
3.609999999999967	0.0004415755268516443
3.619999999999967	0.00042465414135570503
3.6299999999999666	0.0004083330044332529
3.6399999999999664	0.00039259280246050856
3.649999999999966	0.00037741476597111327
3.659999999999966	0.0003627806572155463
3.6699999999999657	0.0003486727578766707
3.6799999999999655	0.0003350738569689168
3.6899999999999653	0.00032196723892939953
3.699999999999965	0.0003093366718883387
3.709999999999965	0.00029716639612385894
3.7199999999999647	0.0002854411127362803
3.7299999999999645	0.000274145972437305
3.7399999999999642	0.00026326656459648844
3.749999999999964	0.0002527889064441561
3.759999999999964	0.00024269943246211782
3.7699999999999636	0.00023298498396333818
3.7799999999999634	0.00022363279885666604
3.789999999999963	0.00021463050159800705
3.799999999999963	0.00020596609332276304
3.8099999999999627	0.00019762794216537214
3.8199999999999625	0.00018960477376393724
3.8299999999999623	0.00018188566193321184
3.839999999999962	0.00017446001953806917
3.849999999999962	0.0001673175895315316
3.8599999999999617	0.00016044843617526268
3.8699999999999615	0.0001538429364353338
3.8799999999999613	0.0001474917715671615
3.889999999999961	0.00014138591884221965
3.899999999999961	0.0001355166434767548
3.9099999999999606	0.0001298754907335192
3.9199999999999604	0.00012445427815303608
3.92999999999996	0.00011924508800231159
3.93999999999996	0.00011424025983891298
3.9499999999999598	0.00010943238329432554
3.9599999999999596	0.00010481429097770992
3.9699999999999593	0.00010037905152153755
3.979999999999959	0.00009611996285933486
3.989999999999959	0.00009203054557936711
3.9999999999999587	0.00008810453647428475
4.009999999999959	0.00008433588222777836
4.019999999999959	0.0000807187332583363
4.0299999999999585	0.00007724743769971977
4.039999999999958	0.00007391653553524876
4.049999999999958	0.00007072075286560439
4.059999999999958	0.00006765499632650907
4.069999999999958	0.00006471434763488846
4.079999999999957	0.0000618940582766473
4.089999999999957	0.00005918954432460285
4.099999999999957	0.000056596381389478055
4.109999999999957	0.00005411029969786737
4.119999999999957	0.000051727179298339814
4.129999999999956	0.00004944304539052
4.139999999999956	0.00004725406377570411
4.149999999999956	0.00004515653643045204
4.159999999999956	0.00004314689719320418
4.1699999999999555	0.00004122170756520225
4.179999999999955	0.000039377652636064724
4.189999999999955	0.00003761153710155362
4.199999999999955	0.000035920281403957125
4.209999999999955	0.00003430091797456011
4.2199999999999545	0.00003275058757802027
4.229999999999954	0.000031266535757366357
4.239999999999954	0.000029846109399081653
4.249999999999954	0.000028486753354159618
4.259999999999954	0.00002718600718605405
4.269999999999953	0.00002594150202942419
4.279999999999953	0.000024750957477835524
4.289999999999953	0.000023612178624061198
4.299999999999953	0.000022523053153045378
4.3099999999999525	0.000021481548535179582
4.319999999999952	0.000020485709291535988
4.329999999999952	0.000019533654349602867
4.339999999999952	0.000018623574473115075
4.349999999999952	0.00001775372977293206
4.3599999999999515	0.00001692244728752243
4.369999999999951	0.000016128118646545332
4.379999999999951	0.000015369197798082375
4.389999999999951	0.00001464419880656015
4.399999999999951	0.000013951693729063063
4.40999999999995	0.000013290310543395879
4.41999999999995	0.000012658731149197435
4.42999999999995	0.000012055689439855482
4.43999999999995	0.000011479969408914119
4.4499999999999496	0.000010930403355824478
4.459999999999949	0.00001040587011899071
4.469999999999949	9.90529337915261e-6
4.479999999999949	9.427640003392288e-6
4.489999999999949	8.971918472142247e-6
4.4999999999999485	8.537177330829526e-6
4.509999999999948	8.12250370056413e-6
4.519999999999948	7.727021845848288e-6
4.529999999999948	7.3498917775752275e-6
4.539999999999948	6.99030791352478e-6
4.549999999999947	6.64749777824069e-6
4.559999999999947	6.3207207506474555e-6
4.569999999999947	6.009266849395941e-6
4.579999999999947	5.712455564077454e-6
4.589999999999947	5.429634732888545e-6
4.599999999999946	5.1601794237612935e-6
4.609999999999946	4.903490920992751e-6
4.619999999999946	4.658995684877782e-6
4.629999999999946	4.4261443815126e-6
4.6399999999999455	4.2044109119613775e-6
4.649999999999945	3.993291540302766e-6
4.659999999999945	3.7923039842982608e-6
4.669999999999945	3.600986576761661e-6
4.679999999999945	3.4188974443619347e-6
4.689999999999944	3.245613722612628e-6
4.699999999999944	3.080730794277003e-6
4.709999999999944	2.923861554930476e-6
4.719999999999944	2.7746357126057866e-6
4.729999999999944	2.6326991018456428e-6
4.739999999999943	2.4977130341970113e-6
4.749999999999943	2.3693536726942996e-6
4.759999999999943	2.247311407203937e-6
4.769999999999943	2.13129029651312e-6
4.7799999999999425	2.021007481233651e-6
4.789999999999942	1.916192669515082e-6
4.799999999999942	1.816587566422285e-6
4.809999999999942	1.7219454545307213e-6
4.819999999999942	1.6320306206579675e-6
4.8299999999999415	1.5466179685317903e-6
4.839999999999941	1.4654925445617125e-6
4.849999999999941	1.3884490927259074e-6
4.859999999999941	1.3152916770570279e-6
4.869999999999941	1.2458332579503568e-6
4.87999999999994	1.1798953238209536e-6
4.88999999999994	1.1173075326682223e-6
4.89999999999994	1.0579073518654419e-6
4.90999999999994	1.0015397269740552e-6
4.9199999999999395	9.480567564582856e-7
4.929999999999939	8.973173826368257e-7
4.939999999999939	8.491870946098871e-7
4.949999999999939	8.035376420036708e-7
4.959999999999939	7.602467572109285e-7
4.9699999999999385	7.191979023853878e-7
4.979999999999938	6.802800109353486e-7
4.989999999999938	6.433872398084418e-7
4.999999999999938	6.08418746362932e-7
5.009999999999938	5.752784629110963e-7
5.019999999999937	5.438748837514663e-7
5.029999999999937	5.141208608390272e-7
5.039999999999937	4.859334078502069e-7
5.049999999999937	4.5923351278604927e-7
5.0599999999999365	4.3394595451106435e-7
5.069999999999936	4.099991416307402e-7
5.079999999999936	3.873249402388489e-7
5.089999999999936	3.658585089920681e-7
5.099999999999936	3.4553815893284654e-7
5.1099999999999355	3.2630520537131917e-7
5.119999999999935	3.081038287446595e-7
5.129999999999935	2.9088095960461826e-7
5.139999999999935	2.7458608555856853e-7
5.149999999999935	2.591712336413788e-7
5.159999999999934	2.4459077422168027e-7
5.169999999999934	2.3080133662199996e-7
5.179999999999934	2.1776171033542877e-7
5.189999999999934	2.0543273426532484e-7
5.199999999999934	1.9377720181892958e-7
5.209999999999933	1.8275976556597e-7
5.219999999999933	1.7234685257449625e-7
5.229999999999933	1.6250658467232778e-7
5.239999999999933	1.5320867265030807e-7
5.2499999999999325	1.4442438153330285e-7
5.259999999999932	1.3612641410073663e-7
5.269999999999932	1.2828888981679846e-7
5.279999999999932	1.208872209678536e-7
5.289999999999932	1.1389807546582876e-7
5.299999999999931	1.0729933060206377e-7
5.309999999999931	1.0107000970678576e-7
5.319999999999931	9.519018974957849e-8