-5.58	9.969821659123883e-8
-5.57	1.0519401093502634e-7
-5.56	1.109825065083971e-7
-5.55	1.1707870960771165e-7
-5.54	1.2349836369889536e-7
-5.53	1.3025798390752883e-7
-5.52	1.3737489303341085e-7
-5.51	1.4486725915251427e-7
-5.5	1.5275413487163717e-7
-5.49	1.6105549830351336e-7
-5.48	1.697922958326913e-7
-5.47	1.789864867451189e-7
-5.46	1.8866108979708823e-7
-5.45	1.9884023180200043e-7
-5.44	2.0954919831630674e-7
-5.43	2.2081448650897593e-7
-5.42	2.3266386030192401e-7
-5.41	2.4512640787203293e-7
-5.4	2.5823260160867223e-7
-5.39	2.72014360624034e-7
-5.38	2.8650511591709205e-7
-5.37	3.017398782956076e-7
-5.36	3.177553091643296e-7
-5.35	3.345897942913753e-7
-5.34	3.52283520668736e-7
-5.33	3.7087855658693306e-7
-5.32	3.904189350480492e-7
-5.31	4.1095074064569385e-7
-5.3	4.325222000449193e-7
-5.29	4.5518377619969703e-7
-5.28	4.789882664502938e-7
-5.27	5.039909046477537e-7
-5.26	5.302494674577023e-7
-5.25	5.578243850008436e-7
-5.24	5.86778855992824e-7
-5.23	6.171789675515913e-7
-5.22	6.490938198459842e-7
-5.21	6.82595655765058e-7
-5.2	7.177599957935726e-7
-5.19	7.54665778285167e-7
-5.18	7.933955053309967e-7
-5.17	8.340353944280421e-7
-5.16	8.766755361578965e-7
-5.15	9.214100580936202e-7
-5.14	9.683372951592053e-7
-5.13	1.0175599666733394e-6
-5.12	1.0691853603164768e-6
-5.11	1.1233255232677514e-6
-5.1	1.180097460765964e-6
-5.09	1.239623342356788e-6
-5.08	1.3020307160964345e-6
-5.07	1.3674527309903241e-6
-5.06	1.4360283679538175e-6
-5.05	1.5079026795907723e-6
-5.04	1.5832270390946183e-6
-5.03	1.6621593985857803e-6
-5.02	1.7448645572086264e-6
-5.01	1.8315144393206963e-6
-5.	1.9222883831167462e-6
-4.99	2.017373440040167e-6
-4.98	2.1169646853445674e-6
-4.97	2.221265540178782e-6
-4.96	2.330488105579253e-6
-4.95	2.4448535087646725e-6
-4.94	2.564592262138921e-6
-4.93	2.6899446354197405e-6
-4.92	2.8211610413222094e-6
-4.91	2.9585024352379593e-6
-4.9	3.1022407293631747e-6
-4.89	3.2526592217407858e-6
-4.88	3.4100530406948293e-6
-4.87	3.5747296051478093e-6
-4.86	3.747009101324956e-6
-4.85	3.927224976362593e-6
-4.84	4.115724449351403e-6
-4.83	4.31286904035917e-6
-4.82	4.519035117991624e-6
-4.81	4.7346144660643255e-6
-4.8	4.96001486997302e-6
-4.79	5.1956607233646934e-6
-4.78	5.4419936557265486e-6
-4.77	5.699473181525376e-6
-4.76	5.96857737154526e-6
-4.75	6.249803547087275e-6
-4.74	6.543668997710769e-6
-4.73	6.850711723211977e-6
-4.72	7.171491200552118e-6
-4.71	7.506589176463693e-6
-4.7	7.856610486480569e-6
-4.69	8.222183901154398e-6
-4.68	8.603963000237205e-6
-4.67	9.002627075627348e-6
-4.66	9.418882063893735e-6
-4.65	9.853461509210907e-6
-4.64	0.000010307127557555647
-4.63	0.000010780671983033884
-4.62	0.000011274917247224968
-4.61	0.000011790717592448882
-4.6	0.000012328960169880556
-4.59	0.000012890566203454163
-4.58	0.000013476492190519193
-4.57	0.000014087731140229019
-4.56	0.000014725313850661811
-4.55	0.000015390310225692754
-4.54	0.00001608383063265583
-4.53	0.000016807027301852684
-4.52	0.000017561095768985478
-4.51	0.000018347276361609963
-4.5	0.00001916685573072448
-4.49	0.00002002116842862996
-4.48	0.000020911598534215348
-4.47	0.000021839581326842247
-4.46	0.000022806605010021914
-4.45	0.000023814212486096883
-4.44	0.00002486400318315865
-4.43	0.000025957634935451894
-4.42	0.000027096825918534494
-4.41	0.00002828335664048143
-4.4	0.000029519071990439055
-4.39	0.000030805883345854655
-4.38	0.0000321457707397242
-4.37	0.000033540785089219066
-4.36	0.000034993050487070045
-4.35	0.00003650476655710408
-4.34	0.00003807821087534617
-4.33	0.00003971574145811524
-4.32	0.00004141979931855898
-4.31	0.000043192911093088116
-4.3	0.000045037691739185954
-4.29	0.000046956847306083534
-4.28	0.0000489531777798049
-4.27	0.00005102958000410047
-4.26	0.000053189050678799585
-4.25	0.000055434689437125254
-4.24	0.000057769702003525984
-4.23	0.00006019740343359026
-4.22	0.00006272122143761927
-4.21	0.00006534469978944284
-4.2	0.00006807150182207166
-4.19	0.00007090541401178675
-4.18	0.00007385034965227316
-4.17	0.00007691035262041076
-4.16	0.00008008960123533925
-4.15	0.00008339241221241816
-4.14	0.00008682324471370432
-4.13	0.000090386704496571
-4.12	0.00009408754816209218
-4.11	0.00009793068750481413
-4.1	0.00010192119396553365
-4.09	0.00010606430318869799
-4.08	0.00011036541968603589
-4.07	0.00011483012160802164
-4.06	0.00011946416562476586
-4.05	0.00012427349191791566
-4.04	0.00012926422928513493
-4.03	0.00013444270035872232
-4.02	0.00013981542693990737
-4.01	0.00014538913545034937
-4.	0.00015117076250234336
-3.99	0.00015716746058921553
-3.98	0.00016338660389736862
-3.97	0.00016983579424141058
-3.96	0.00017652286712377312
-3.95	0.00018345589792019635
-3.94	0.00019064320819242377
-3.93	0.0001980933721294168
-3.92	0.00020581522311836147
-3.91	0.00021381786044670032
-3.9	0.00022211065613638004
-3.89	0.00023070326191146134
-3.88	0.00023960561630018961
-3.87	0.00024882795187257547
-3.86	0.0002583808026144805
-3.85	0.0002682750114391488
-3.84	0.00027852173783706515
-3.83	0.00028913246566496026
-3.82	0.000300119011074717
-3.81	0.0003114935305828653
-3.8	0.00032326852928128203
-3.79	0.00033545686918963686
-3.78	0.00034807177775004864
-3.77	0.00036112685646433573
-3.76	0.000374636089674159
-3.75	0.0003886138534842686
-3.74	0.0004030749248289742
-3.73	0.000418034490681864
-3.72	0.0004335081574086984
-3.71	0.000449511960263303
-3.7	0.00046606237302617836
-3.69	0.0004831763177854364
-3.68	0.0005008711748595573
-3.67	0.0005191647928613452
-3.66	0.0005380754989023386
-3.65	0.0005576221089368081
-3.64	0.0005778239382443419
-3.63	0.0005987008120498892
-3.62	0.0006202730762799922
-3.61	0.0006425616084537986
-3.6	0.000665587828707299
-3.59	0.0006893737109490846
-3.58	0.0007139417941457683
-3.57	0.0007393151937350532
-3.56	0.0007655176131642717
-3.55	0.0007925733555520509
-3.54	0.0008205073354705929
-3.53	0.0008493450908458798
-3.52	0.0008791127949729404
-3.51	0.000909837268643127
-3.5	0.0009415459923801689
-3.49	0.000974267118781577
-3.48	0.0010080294849617762
-3.47	0.0010428626250931481
-3.46	0.0010787967830409623
-3.45	0.0011158629250879618
-3.44	0.001154092752744168
-3.43	0.0011935187156372471
-3.42	0.0012341740244785643
-3.41	0.001276092664099831
-3.4	0.0013193094065550226
-3.39	0.0013638598242820142
-3.38	0.0014097803033181532
-3.37	0.0014571080565637423
-3.36	0.0015058811370871768
-3.35	0.001556138451465227
-3.34	0.001607919773151719
-3.33	0.0016612657558676095
-3.32	0.0017162179470052057
-3.31	0.001772818801039018
-3.3	0.0018311116929354825
-3.29	0.001891140931553527
-3.28	0.0019529517730276877
-3.27	0.0020165904341252266
-3.26	0.0020821041055684246
-3.25	0.0021495409653129634
-3.24	0.002218950191773028
-3.23	0.0022903819769835073
-3.22	0.0023638875396893716
-3.21	0.002439519138352056
-3.2	0.002517330084062389
-3.19	0.002597374753349323
-3.18	0.002679708600873472
-3.17	0.0027643881719941503
-3.16	0.002851471115198358
-3.15	0.002941016194379864
-3.14	0.003033083300956268
-3.13	0.0031277334658116472
-3.12	0.003225028871052114
-3.11	0.0033250328615613434
-3.1	0.00342780995634285
-3.09	0.0035334258596355314
-3.08	0.00364194747178872
-3.07	0.003753442899882724
-3.06	0.003867981468080576
-3.05	0.003985633727696442
-3.04	0.004106471466965894
-3.03	0.004230567720502998
-3.02	0.004357996778428904
-3.01	0.004488834195156413
-3.	0.004623156797814719
-2.99	0.004761042694298315
-2.98	0.004902571280923834
-2.97	0.005047823249678315
-2.96	0.0051968805950422595
-2.95	0.005349826620370542
-2.94	0.005506745943814108
-2.93	0.005667724503765149
-2.92	0.005832849563808283
-2.91	0.006002209717160084
-2.9	0.0061758948905791256
-2.89	0.006353996347728569
-2.88	0.006536606691973122
-2.87	0.006723819868592128
-2.86	0.006915731166390328
-2.85	0.007112437218687811
-2.84	0.007314036003670462
-2.83	0.0075206268440822024
-2.82	0.007732310406240183
-2.81	0.00794918869835403
-2.8	0.008171365068130185
-2.79	0.008398944199642348
-2.78	0.008632032109448956
-2.77	0.008870736141938673
-2.76	0.009115164963884799
-2.75	0.009365428558189571
-2.74	0.009621638216799327
-2.73	0.009883906532771523
-2.72	0.010152347391474732
-2.71	0.010427075960902726
-2.7	0.01070820868108391
-2.69	0.010995863252567463
-2.68	0.011290158623967646
-2.67	0.011591214978547941
-2.66	0.01189915371982676
-2.65	0.012214097456186757
-2.64	0.012536169984469872
-2.63	0.012865496272540541
-2.62	0.01320220244079969
-2.61	0.013546415742632439
-2.6	0.013898264543772692
-2.59	0.014257878300568117
-2.58	0.014625387537129322
-2.57	0.015000923821347418
-2.56	0.01538461973976448
-2.55	0.015776608871281846
-2.54	0.01617702575969162
-2.53	0.016586005885017092
-2.52	0.017003685633648395
-2.51	0.017430202267260053
-2.5	0.01786569389049768
-2.49	0.018310299417421582
-2.48	0.01876415853669551
-2.47	0.01922741167550956
-2.46	0.019700199962226567
-2.45	0.02018266518774216
-2.44	0.02067494976554926
-2.43	0.021177196690498334
-2.42	0.021689549496245606
-2.41	0.022212152211382008
-2.4	0.022745149314236428
-2.39	0.023288685686347635
-2.38	0.02384290656459993
-2.37	0.024407957492018496
-2.36	0.024983984267221208
-2.35	0.0255711328925245
-2.34	0.026169549520701794
-2.33	0.026779380400393925
-2.32	0.02740077182017182
-2.31	0.028033870051252775
-2.3	0.028678821288872516
-2.29	0.029335771592316325
-2.28	0.030004866823613398
-2.27	0.0306862525848998
-2.26	0.03138007415445624
-2.25	0.03208647642142819
-2.24	0.03280560381923662
-2.23	0.03353760025768924
-2.22	0.03428260905380267
-2.21	0.03504077286134761
-2.2	0.03581223359912991
-2.19	0.03659713237802182
-2.18	0.03739560942675881
-2.17	0.03820780401651849
-2.16	0.039033854384299516
-2.15	0.03987389765511956
-2.14	0.04072806976305261
-2.13	0.04159650537112714
-2.12	0.04247933779010807
-2.11	0.04337669889618657
-2.1	0.0442887190476031
-2.09	0.04521552700023049
-2.08	0.046157249822144884
-2.07	0.04711401280721407
-2.06	0.048085939387733666
-2.05	0.04907315104614318
-2.04	0.050075767225855244
-2.03	0.051093905241232494
-2.02	0.052127680186748175
-2.01	0.05317720484536759
-2.	0.05424258959618898
-1.99	0.055323942321383754
-1.98	0.05642136831247721
-1.97	0.05753497017601226
-1.96	0.05866484773863998
-1.95	0.0598110979516821
-1.94	0.06097381479521168
-1.93	0.062153089181699796
-1.92	0.06334900885927704
-1.91	0.06456165831466003
-1.9	0.06579111867579425
-1.89	0.06703746761426595
-1.88	0.06830077924753675
-1.87	0.06958112404105606
-1.86	0.07087856871030737
-1.85	0.07219317612284573
-1.84	0.07352500520038473
-1.83	0.0748741108209925
-1.82	0.07624054372145736
-1.81	0.07762435039988438
-1.8	0.07902557301858579
-1.79	0.08044424930732845
-1.78	0.08188041246700309
-1.77	0.08333409107378052
-1.76	0.08480530898382128
-1.75	0.08629408523860546
-1.74	0.087800433970951
-1.73	0.0893243643117887
-1.72	0.09086588029776371
-1.71	0.09242498077973303
-1.7	0.09400165933223015
-1.69	0.0955959041639677
-1.68	0.09720769802945012
-1.67	0.09883701814176855
-1.66	0.10048383608665053
-1.65	0.10214811773783773
-1.64	0.10382982317386522
-1.63	0.10552890659631568
-1.62	0.107245316249623
-1.61	0.10897899434249884
-1.6	0.11072987697105689
-1.59	0.11249789404370886
-1.58	0.11428296920790658
-1.57	0.11608501977880464
-1.56	0.11790395666991746
-1.55	0.11973968432584495
-1.54	0.12159210065714059
-1.53	0.12346109697739512
-1.52	0.12534655794260915
-1.51	0.12724836149292734
-1.5	0.12916637879680615
-1.49	0.13110047419768694
-1.48	0.13305050516324546
-1.47	0.13501632223728782
-1.46	0.13699776899436264
-1.45	0.1389946819971582
-1.44	0.1410068907567522
-1.43	0.14303421769578115
-1.42	0.1450764781145952
-1.41	0.14713348016046338
-1.4	0.1492050247998923
-1.39	0.1512909057941215
-1.38	0.1533909096778556
-1.37	0.1555048157412938
-1.36	0.15763239601551438
-1.35	0.1597734152612714
-1.34	0.16192763096125834
-1.33	0.1640947933158929
-1.32	0.16627464524267413
-1.31	0.16846692237916236
-1.3	0.17067135308963038
-1.29	0.17288765847543175
-1.28	0.17511555238913096
-1.27	0.17735474145243804
-1.26	0.17960492507798734
-1.25	0.18186579549499926
-1.24	0.18413703777886056
-1.23	0.18641832988465704
-1.22	0.18870934268468997
-1.21	0.19100974001000537
-1.2	0.19331917869596255
-1.19	0.19563730863186635
-1.18	0.19796377281468422
-1.17	0.20029820740686757
-1.16	0.20264024179829354
-1.15	0.20498949867234087
-1.14	0.2073455940761109
-1.13	0.20970813749480213
-1.12	0.2120767319302434
-1.11	0.2144509739835885
-1.1	0.21683045394217193
-1.09	0.21921475587052236
-1.08	0.22160345770552817
-1.07	0.22399613135574523
-1.06	0.22639234280483558
-1.05	0.22879165221912112
-1.04	0.23119361405923486
-1.03	0.2335977771958477
-1.02	0.23600368502944727
-1.01	0.2384108756141406
-1.	0.2408188817854505
-0.99	0.243227231292072
-0.98	0.24563544693155187
-0.97	0.24804304668985133
-0.96	0.25044954388474894
-0.95	0.2528544473130376
-0.94	0.2552572614014659
-0.93	0.25765748636137187
-0.92	0.26005461834695354
-0.91	0.2624481496171168
-0.9	0.2648375687008403
-0.89	0.2672223605659911
-0.88	0.2696020067915241
-0.87	0.2719759857429945
-0.86	0.2743437727513082
-0.85	0.2767048402946353
-0.84	0.27905865818340464
-0.83	0.2814046937482987
-0.82	0.2837424120311623
-0.81	0.28607127597873705
-0.8	0.28839074663913034
-0.79	0.2907002833609255
-0.78	0.29299934399483574
-0.77	0.29528738509780406
-0.76	0.29756386213944647
-0.75	0.2998282297107346
-0.74	0.30207994173481145
-0.73	0.30431845167983124
-0.72	0.3065432127737117
-0.71	0.30875367822068583
-0.7	0.31094930141953686
-0.69	0.31312953618340006
-0.68	0.3152938369610093
-0.67	0.3174416590592693
-0.66	0.3195724588670281
-0.65	0.3216856940799253
-0.64	0.32378082392618923
-0.63	0.32585730939325425
-0.62	0.32791461345506767
-0.61	0.3299522012999563
-0.6	0.331969540558918
-0.59	0.3339661015342057
-0.58	0.3359413574280687
-0.57	0.3378947845715138
-0.56	0.33982586265295145
-0.55	0.34173407494658736
-0.54	0.34361890854042176
-0.53	0.3454798545637173
-0.52	0.3473164084137962
-0.51	0.3491280699820258
-0.5	0.3509143438788533
-0.49	0.35267473965774926
-0.48	0.35440877203791843
-0.47	0.3561159611256388
-0.46	0.35779583263408804
-0.45	0.3594479181015174
-0.44	0.3610717551076339
-0.43	0.362666887488052
-0.42	0.36423286554667555
-0.41	0.36576924626587365
-0.4	0.3672755935143127
-0.39	0.36875147825230936
-0.38	0.37019647873456996
-0.37	0.37161018071018215
-0.36	0.3729921776197277
-0.35	0.37434207078938475
-0.34	0.3756594696218908
-0.33	0.3769439917842389
-0.32	0.3781952633919813
-0.31	0.3794129191900161
-0.3	0.3805966027297359
-0.29	0.3817459665424175
-0.28	0.3828606723087359
-0.27	0.3839403910242863
-0.26	0.38498480316100187
-0.25	0.3859935988243559
-0.24	0.38696647790624156
-0.23	0.387903150233422
-0.22	0.38880333571145026
-0.21	0.3896667644639586
-0.2	0.3904931769672193
-0.19	0.3912823241798852
-0.18	0.3920339676678181
-0.17	0.3927478797239179
-0.16	0.39342384348286796
-0.15	0.3940616530307173
-0.14	0.39466111350922
-0.13	0.39522204121486026
-0.12	0.39574426369249116
-0.11	0.396227619823521
-0.1	0.3966719599085844
-0.09	0.3970771457446388
-0.08	0.3974430506964306
-0.07	0.39776955976227957
-0.06	0.3980565696341338
-0.05	0.3983039887518517
-0.04	0.3985117373516703
-0.03	0.39867974750882534
-0.02	0.3988079631742906
-0.01	0.39889634020560877
0.	0.39894484639179084
0.01	0.39895346147226457
0.02	0.3989221771498561
0.03	0.3988509970977946
0.04	0.39873993696073184
0.05	0.39858902434977583
0.06	0.3983982988315376
0.07	0.398167811911199
0.08	0.39789762700961
0.09	0.39758781943443006
0.1	0.39723847634533155
0.11	0.39684969671328807
0.12	0.39642159127397336
0.13	0.3959542824753023
0.14	0.395447904419148
0.15	0.3949026027972742
0.16	0.3943185348215254
0.17	0.3936958691483221
0.18	0.3930347857975112
0.19	0.39233547606562647
0.2	0.39159814243361785
0.21	0.3908229984691118
0.22	0.39001026872326794
0.23	0.3891601886223035
0.24	0.38827300435375695
0.25	0.3873489727475693
0.26	0.38638836115206293
0.27	0.3853914473049018
0.28	0.3843585191991206
0.29	0.3832898749443131
0.3	0.3821858226230737
0.31	0.38104668014278903
0.32	0.3798727750828794
0.33	0.3786644445375934
0.34	0.3774220349544605
0.35	0.37614590196851116
0.36	0.3748364102323756
0.37	0.37349393324237423
0.38	0.37211885316071625
0.39	0.3707115606339262
0.4	0.36927245460761793
0.41	0.3678019421377398
0.42	0.3663004381984165
0.43	0.3647683654865143
0.44	0.36320615422305863
0.45	0.3616142419516356
0.46	0.359993073333909
0.47	0.3583430999423869
0.48	0.3566647800505738
0.49	0.3549585784206441
0.5	0.3532249660887757
0.51	0.3514644201482818
0.52	0.34967742353068126
0.53	0.3478644647848483
0.54	0.34602603785438235
0.55	0.34416264185334117
0.56	0.3422747808404785
0.57	0.34036296359213053
0.58	0.33842770337389266
0.59	0.33646951771123196
0.6	0.33448892815917647
0.61	0.33248646007122645
0.62	0.3304626423676292
0.63	0.328418007303161
0.64	0.3263530902345585
0.65	0.3242684293877403
0.66	0.32216456562496154
0.67	0.32004204221203986
0.68	0.31790140458579375
0.69	0.31574320012183127
0.7	0.3135679779028258
0.71	0.31137628848741666
0.72	0.3091686836798677
0.73	0.30694571630061884
0.74	0.3047079399578617
0.75	0.3024559088202707
0.76	0.30019017739101705
0.77	0.2979113002831943
0.78	0.29561983199677927
0.79	0.2933163266972524
0.8	0.2910013379959984
0.81	0.28867541873260627
0.82	0.28633912075918566
0.83	0.2839929947268141
0.84	0.2816375898742275
0.85	0.2792734538188638
0.86	0.2769011323503666
0.87	0.2745211692266545
0.88	0.2721341059726571
0.89	0.26974048168181897
0.9	0.2673408328204659
0.91	0.2649356930351297
0.92	0.2625255929629212
0.93	0.26011106004504025
0.94	0.25769261834350793
0.95	0.25527078836120276
0.96	0.2528460868652812
0.97	0.2504190267140575
0.98	0.24799011668741652
0.99	0.24555986132082927
1.	0.24312876074303838
1.01	0.2406973105174765
1.02	0.2382660014874784
1.03	0.23583531962534357
1.04	0.23340574588530386
1.05	0.23097775606044607
1.06	0.22855182064363752
1.07	0.22612840469249829
1.08	0.22370796769846107
1.09	0.22129096345995664
1.1	0.2188778399597584
1.11	0.21646903924651795
1.12	0.21406499732051865
1.13	0.21166614402367245
1.14	0.2092729029337806
1.15	0.2068856912630768
1.16	0.2045049197610674
1.17	0.20213099262168055
1.18	0.1997643073947326
1.19	0.19740525490171734
1.2	0.19505421915592058
1.21	0.1927115772868588
1.22	0.19037769946903882
1.23	0.18805294885503102
1.24	0.18573768151284703
1.25	0.18343224636760894
1.26	0.18113698514749454
1.27	0.17885223233394054
1.28	0.17657831511608232
1.29	0.17431555334940693
1.3	0.1720642595185923
1.31	0.16982473870450412
1.32	0.16759728855531839
1.33	0.1653821992617355
1.34	0.16317975353624964
1.35	0.160990226596434
1.36	0.15881388615220088
1.37	0.15665099239699287
1.38	0.15450179800285957
1.39	0.15236654811937175
1.4	0.1502454803763231
1.41	0.14813882489016733
1.42	0.14604680427413738
1.43	0.14396963365198992
1.44	0.14190752067531867
1.45	0.13986066554437646
1.46	0.13782926103234536
1.47	0.13581349251299257
1.48	0.13381353799164752
1.49	0.1318295681394353
1.5	0.1298617463306989
1.51	0.12791022868354301
1.52	0.12597516410342888
1.53	0.12405669432975105
1.54	0.12215495398532317
1.55	0.12027007062870113
1.56	0.1184021648092697
1.57	0.11655135012501835
1.58	0.11471773328293113
1.59	0.1129014141619147
1.6	0.11110248587818816
1.61	0.10932103485305758
1.62	0.10755714088299742
1.63	0.10581087721196136
1.64	0.10408231060584373
1.65	0.10237150142901316
1.66	0.10067850372283953
1.67	0.09900336528613524
1.68	0.09734612775743164
1.69	0.0957068266990116
1.7	0.094085491682619
1.71	0.09248214637676633
1.72	0.0908968086355614
1.73	0.08932949058897478
1.74	0.08778019873446935
1.75	0.0862489340299144
1.76	0.0847356919877064
1.77	0.08324046277001938
1.78	0.08176323128510846
1.79	0.0803039772845903
1.8	0.07886267546162526
1.81	0.07743929554992626
1.82	0.0760338024235205
1.83	0.07464615619719056
1.84	0.07327631232752269
1.85	0.07192422171449017
1.86	0.07058983080350156
1.87	0.06927308168784357
1.88	0.06797391221145001
1.89	0.06669225607192873
1.9	0.06542804292378007
1.91	0.06418119848174082
1.92	0.06295164462418937
1.93	0.061739299496548335
1.94	0.06054407761462267
1.95	0.05936588996781201
1.96	0.05820464412213749
1.97	0.05706024432302446
1.98	0.05593259159778381
1.99	0.0548215838577359
2.	0.05372711599992242
2.01	0.05264908000835284
2.02	0.05158736505473357
2.03	0.050541857598629024
2.04	0.04951244148700567
2.05	0.04849899805311091
2.06	0.04750140621464073
2.07	0.04651954257115085
2.08	0.045553281500667994
2.09	0.04460249525545912
2.1	0.0436670540569179
2.11	0.0427468261895292
2.12	0.04184167809387387
2.13	0.04095147445863738
2.14	0.040076078311587444
2.15	0.039215351109487255
2.16	0.03836915282691218
2.17	0.03753734204393948
2.18	0.03671977603268183
2.19	0.03591631084263697
2.2	0.03512680138482713
2.21	0.03435110151470345
2.22	0.03358906411379182
2.23	0.03284054117005805
2.24	0.03210538385697172
2.25	0.03138344261124926
2.26	0.030674567209258312
2.27	0.029978606842066748
2.28	0.029295410189120834
2.29	0.028624825490538672
2.3	0.02796670061800605
2.31	0.027320883144263227
2.32	0.02668722041117243
2.33	0.026065559596356997
2.34	0.02545574777840439
2.35	0.024857632000626455
2.36	0.024271059333371463
2.37	0.02369587693488359
2.38	0.0231319321107067
2.39	0.0225790723716303
2.4	0.02203714549017664
2.41	0.021505999555629
2.42	0.020985483027602243
2.43	0.020475444788157656
2.44	0.019975734192465105
2.45	0.019486201118016536
2.46	0.01900669601239568
2.47	0.018537069939609817
2.48	0.018077174624990207
2.49	0.017626862498668804
2.5	0.017185986737639547
2.51	0.01675440130641336
2.52	0.0163319609962768
2.53	0.01591852146316501
2.54	0.015513939264160276
2.55	0.015118071892628308
2.56	0.01473077781200493
2.57	0.014351916488246507
2.58	0.013981348420958072
2.59	0.013618935173213697
2.6	0.01326453940008418
2.61	0.012918024875887663
2.62	0.01257925652017931
2.63	0.01224810042249664
2.64	0.011924423865877547
2.65	0.011608095349168504
2.66	0.0112989846081408
2.67	0.010996962635433089
2.68	0.01070190169933883
2.69	0.010413675361457568
2.7	0.010132158493229279
2.71	0.009857227291371303
2.72	0.009588759292237644
2.73	0.009326633385120632
2.74	0.009070729824515178
2.75	0.008820930241366048
2.76	0.008577117653318707
2.77	0.008339176473994497
2.78	0.008106992521310984
2.79	0.007880453024868452
2.8	0.007659446632423586
2.81	0.0074438634154714795
2.82	0.007233594873957122
2.83	0.007028533940137576
2.84	0.006828574981616059
2.85	0.006633613803569127
2.86	0.006443547650188174
2.87	0.006258275205356369
2.88	0.0060776965925821436
2.89	0.005901713374210253
2.9	0.005730228549931365
2.91	0.0055631465546109905
2.92	0.0054003732554585284
2.93	0.005241815948556998
2.94	0.0050873833547739385
2.95	0.004936985615073786
2.96	0.004790534285251889
2.97	0.004647942330110119
2.98	0.0045091241170938795
2.99	0.004373995409410104
3.	0.0042424733586456246
3.01	0.004114476496905083
3.02	0.00398992472848732
3.03	0.003868739321118973
3.04	0.00375084289676372
3.05	0.0036361594220254137
3.06	0.0035246141981630443
3.07	0.0034161338507352457
3.08	0.003310646318891756
3.09	0.0032080808443289864
3.1	0.003108367959926571
3.11	0.003011439478081467
3.12	0.0029172284787559073
3.13	0.002825669297255187
3.14	0.0027366975117509825
3.15	0.002650249930565597
3.16	0.002566264579232212
3.17	0.0024846806873459154
3.18	0.0024054386752199873
3.19	0.0023284801403615726
3.2	0.0022537478437805927
3.21	0.0021811856961454113
3.22	0.0021107387437984504
3.23	0.0020423531546446545
3.24	0.0019759762039253553
3.25	0.0019115562598897955
3.26	0.0018490427693762367
3.27	0.0017883862433142673
3.28	0.0017295382421596017
3.29	0.0016724513612723572
3.3	0.0016170792162494702
3.31	0.0015633764282216034
3.32	0.0015112986091245929
3.33	0.00146080234695516
3.34	0.0014118451910203184
3.35	0.0013643856371895978
3.36	0.0013183831131589022
3.37	0.0012737979637345252
3.38	0.0012305914361455462
3.39	0.0011887256653925397
3.4	0.0011481636596402404
3.41	0.0011088692856615183
3.42	0.0010708072543397422
3.43	0.0010339431062363206
3.44	0.0009982431972299453
3.45	0.0009636746842337844
3.46	0.0009302055109966092
3.47	0.0008978043939935722
3.48	0.0008664408084121023
3.49	0.000836084974238122
3.5	0.000806707842447546
3.51	0.0007782810813077776
3.52	0.0007507770627936727
3.53	0.0007241688491222135
3.54	0.0006984301794098964
3.55	0.0006735354564566189
3.56	0.0006494597336596215
3.57	0.0006261787020608328
3.58	0.0006036686775307478
3.59	0.0005819065880917662
3.6	0.0005608699613837139
3.61	0.0005405369122740772
3.62	0.0005208861306152826
3.63	0.000501896869151174
3.64	0.00048354893157465074
3.65	0.00046582266073825915
3.66	0.0004486989270193531
3.67	0.0004321591168412744
3.68	0.0004161851213518409
3.69	0.00040075932526027226
3.7	0.0003858645958335302
3.71	0.00037148427205290326
3.72	0.0003576021539315212
3.73	0.00034420249199334645
3.74	0.00033126997691405586
3.75	0.000318789729324096
3.76	0.00030674728977407155
3.77	0.000295128608862504
3.78	0.0002839200375258841
3.79	0.0002731083174908279
3.8	0.0002626805718880404
3.81	0.0002526242960276864
3.82	0.0002429273483356707
3.83	0.00023357794145023334
3.84	0.00022456463347817659
3.85	0.00021587631940995212
3.86	0.00020750222269275481
3.87	0.00019943188696069027
3.88	0.000191655167921008
3.89	0.00018416222539532044
3.9	0.00017694351551466016
3.91	0.00016998978306716314
3.92	0.0001632920539971049
3.93	0.0001568416280539586
3.94	0.00015063007159009023
3.95	0.00014464921050565455
3.96	0.00013889112333920764
3.97	0.0001333481345025069
3.98	0.00012801280765792784
3.99	0.00012287793923688726
4.	0.00011793655209762728
4.01	0.00011318188932068
4.02	0.00010860740814030318
4.03	0.00010420677401014796
4.04	0.00009997385480139491
4.05	0.0000959027151315711
4.06	0.00009198761082224
4.07	0.00008822298348373778
4.08	0.00008460345522511303
4.09	0.00008112382348741285
4.1	0.00007777905599844618
4.11	0.00007456428584714496
4.12	0.00007147480667563589
4.13	0.00006850606798712885
4.14	0.00006565367056772368
4.15	0.0000629133620202343
4.16	0.00006028103240812782
4.17	0.00005775271000767655
4.18	0.00005532455716642345
4.19	0.00005299286626606384
4.2	0.000050754055787852076
4.21	0.00004860466647864723
4.22	0.00004654135761571952
4.23	0.00004456090336844784
4.24	0.00004266018925504829
4.25	0.00004083620869248456
4.26	0.000039086059637723
4.27	0.000037406941318507754
4.28	0.000035796151051845396
4.29	0.00003425108114840313
4.3	0.00003276921590103995
4.31	0.00003134812865570663
4.32	0.000029985478962967288
4.33	0.00002867900980841306
4.34	0.000027426544920256655
4.35	0.000026225986152415574
4.36	0.00002507531094141124
4.37	0.00002397256983543126
4.38	0.00002291588409392253
4.39	0.000021903443356103858
4.4	0.00002093350337680789
4.41	0.000020004383828084063
4.42	0.000019114466165016053
4.43	0.000018262191554229583
4.44	0.0000174460588635889
4.45	0.000016664622711603146
4.46	0.000015916491575086566
4.47	0.000015200325953639839
4.48	0.00001451483658954288
4.49	0.000013858782741672988
4.5	0.000013230970512085526
4.51	0.000012630251223917909
4.52	0.000012055519849301197
4.53	0.00001150571348598709
4.54	0.000010979809881421764
4.55	0.000010476826003021401
4.56	9.995816653427767e-6
4.57	9.535873129545611e-6
4.58	9.096121924186885e-6
4.59	8.675723469170049e-6
4.6	8.273870918745786e-6
4.61	7.889788972243342e-6
4.62	7.522732734854564e-6
4.63	7.171986615495274e-6
4.64	6.836863260706075e-6
4.65	6.516702523576961e-6
4.66	6.210870466702108e-6
4.67	5.918758398193081e-6
4.68	5.639781939800331e-6
4.69	5.37338012621417e-6
4.7	5.119014534637623e-6
4.71	4.8761684437444056e-6
4.72	4.644346021155911e-6
4.73	4.423071538591479e-6
4.74	4.211888613866299e-6
4.75	4.010359478931151e-6
4.76	3.8180642731677e-6
4.77	3.6346003611723486e-6
4.78	3.4595816742806196e-6
4.79	3.2926380751026945e-6
4.8	3.13341474435915e-6
4.81	2.9815715893240004e-6
4.82	2.8367826731999364e-6
4.83	2.6987356647681397e-6
4.84	2.567131307672228e-6
4.85	2.4416829087127487e-6
4.86	2.322115844545216e-6
4.87	2.208167086190938e-6
4.88	2.099584740785838e-6
4.89	1.996127610008119e-6
4.9	1.8975647646409584e-6
4.91	1.803675134741465e-6
4.92	1.7142471149018561e-6
4.93	1.6290781841032464e-6
4.94	1.5479745396765677e-6
4.95	1.4707507448989762e-6
4.96	1.3972293897676293e-6
4.97	1.3272407645059644e-6
4.98	1.2606225453705485e-6
4.99	1.1972194923392362e-6
5.	1.1368831582737381e-6
5.01	1.0794716091617935e-6
5.02	1.0248491550559438e-6
5.03	9.728860913374377e-7
5.04	9.23458449945048e-7
5.05	8.76447760219571e-7
5.06	8.31740819025489e-7
5.07	7.892294698217348e-7
5.08	7.488103903636873e-7
5.09	7.103848887284663e-7
5.1	6.738587073652756e-7
5.11	6.391418348819852e-7
5.12	6.061483252883281e-7
5.13	5.747961244250443e-7
5.14	5.450069033170164e-7
5.15	5.167058981969239e-7
5.16	4.898217569541983e-7
5.17	4.642863917720907e-7
5.18	4.400348377234751e-7
5.19	4.170051171036028e-7
5.2	3.951381092854102e-7
5.21	3.7437742589015367e-7
5.22	3.5466929107312103e-7
5.23	3.35962426730941e-7
5.24	3.1820794244359014e-7
5.25	3.013592299705859e-7
5.26	2.85371862127054e-7
5.27	2.7020349587137667e-7
5.28	2.558137794419699e-7
5.29	2.421642633863996e-7
5.3	2.292183153315453e-7
5.31	2.1694103834884455e-7
5.32	2.0529919277381814e-7
5.33	1.9426112134408306e-7
5.34	1.837966775249101e-7
5.35	1.7387715689608478e-7
5.36	1.644752314783818e-7
5.37	1.5556488688237303e-7
5.38	1.4712136216655744e-7
5.39	1.3912109229593318e-7
5.4	1.3154165309613206e-7
5.41	1.243617086021055e-7
5.42	1.1756096070409426e-7
5.43	1.111201009972361e-7
5.44	1.0502076474466495e-7
5.45	9.924548686734161e-8