-5.58	9.96895289811939e-8
-5.57	1.0518489648759708e-7
-5.56	1.1097294524945771e-7
-5.55	1.1706868068008645e-7
-5.54	1.2348784532590272e-7
-5.53	1.3024695335514477e-7
-5.52	1.3736332657100543e-7
-5.51	1.4485513201211332e-7
-5.5	1.5274142120566023e-7
-5.49	1.6104217114093702e-7
-5.48	1.697783270335865e-7
-5.47	1.7897184695350853e-7
-5.46	1.8864574839207092e-7
-5.45	1.988241568470836e-7
-5.44	2.0953235650689199e-7
-5.43	2.2079684311793724e-7
-5.42	2.3264537912321836e-7
-5.41	2.451070511622808e-7
-5.4	2.582123300266448e-7
-5.39	2.7199313316798085e-7
-5.38	2.864828898598432e-7
-5.37	3.01716609117381e-7
-5.36	3.177309504831734e-7
-5.35	3.345642977911735e-7
-5.34	3.5225683602470384e-7
-5.33	3.7085063138852615e-7
-5.32	3.903897147192101e-7
-5.31	4.109201683623568e-7
-5.3	4.324902166496926e-7
-5.29	4.551503201136407e-7
-5.28	4.789532735817083e-7
-5.27	5.039543082978941e-7
-5.26	5.302111982233292e-7
-5.25	5.577843706735225e-7
-5.24	5.867370214548807e-7
-5.23	6.171352346686297e-7
-5.22	6.490481073558734e-7
-5.21	6.825478791632889e-7
-5.2	7.177100672148874e-7
-5.19	7.546136063813601e-7
-5.18	7.933409951447844e-7
-5.17	8.339784472628973e-7
-5.16	8.766160494437411e-7
-5.15	9.213479252482687e-7
-5.14	9.682724054454494e-7
-5.13	1.0174922050515602e-6
-5.12	1.0691146072926749e-6
-5.11	1.1232516547368758e-6
-5.1	1.1800203478504255e-6
-5.09	1.2395428512400384e-6
-5.08	1.3019467078514906e-6
-5.07	1.3673650614031144e-6
-5.06	1.435936887341229e-6
-5.05	1.507807232613272e-6
-5.04	1.583127464563323e-6
-5.03	1.662055529263847e-6
-5.02	1.7447562196068332e-6
-5.01	1.831401453487082e-6
-5.	1.92217056242018e-6
-4.99	2.0172505909477116e-6
-4.98	2.1168366071925028e-6
-4.97	2.2211320249371512e-6
-4.96	2.3303489376098e-6
-4.95	2.444708464572028e-6
-4.94	2.5644411101148994e-6
-4.93	2.6897871355806115e-6
-4.92	2.820996945038803e-6
-4.91	2.95833148495846e-6
-4.9	3.102062658328475e-6
-4.89	3.2524737536922417e-6
-4.88	3.409859889574293e-6
-4.87	3.5745284747897875e-6
-4.86	3.746799685140755e-6
-4.85	3.927006957016313e-6
-4.84	4.115497498427637e-6
-4.83	4.312632818022264e-6
-4.82	4.518789272636374e-6
-4.81	4.734358633957952e-6
-4.8	4.959748674888302e-6
-4.79	5.195383776204109e-6
-4.78	5.441705554137304e-6
-4.77	5.699173509505173e-6
-4.76	5.9682656990386834e-6
-4.75	6.249479429572669e-6
-4.74	6.543331975777465e-6
-4.73	6.850361322127766e-6
-4.72	7.171126929820828e-6
-4.71	7.5062105293727705e-6
-4.7	7.85621693963853e-6
-4.69	8.221774914018061e-6
-4.68	8.603538014628564e-6
-4.67	9.002185515240025e-6
-4.66	9.41842333378887e-6
-4.65	9.852984995302426e-6
-4.64	0.000010306632626084792
-4.63	0.000010780157980032937
-4.62	0.000011274383497970084
-4.61	0.000011790163400901964
-4.6	0.000012328384818120093
-4.59	0.000012889968951094993
-4.58	0.000013475872274121115
-4.57	0.000014087087772694228
-4.56	0.000014724646220621107
-4.55	0.00001538961749688051
-4.54	0.000016083111943273687
-4.53	0.000016806281763921966
-4.52	0.000017560322467688316
-4.51	0.00001834647435461917
-4.5	0.00001916602404752216
-4.49	0.000020020306069814914
-4.48	0.000020910704470799256
-4.47	0.00002183865449953478
-4.46	0.00002280564432850474
-4.45	0.000023813216828286737
-4.44	0.000024862971394459465
-4.43	0.000025956565827996193
-4.42	0.00002709571827041409
-4.41	0.000028282209194967618
-4.4	0.000029517883455192417
-4.39	0.000030804652392124655
-4.38	0.00003214449600153875
-4.37	0.0000335394651625643
-4.36	0.000034991683929060396
-4.35	0.00003650335188514309
-4.34	0.0000380767465662781
-4.33	0.00003971422594736789
-4.32	0.000041418230999277915
-4.31	0.00004319128831526267
-4.3	0.00004503601280876735
-4.29	0.00004695511048409543
-4.28	0.00004895138128144676
-4.27	0.00005102772199784424
-4.26	0.000053187129285479916
-4.25	0.00005543270272902393
-4.24	0.000057767648003450884
-4.23	0.00006019528011394941
-4.22	0.00006271902671949052
-4.21	0.00006534243154163962
-4.2	0.00006806915786020562
-4.19	0.00007090299209732756
-4.18	0.00007384784749160638
-4.17	0.00007690776786389434
-4.16	0.00008008693147635933
-4.15	0.00008338965498644492
-4.14	0.00008682039749734861
-4.13	0.00009038376470664255
-4.12	0.0000940845131546602
-4.11	0.00009792755457427115
-4.1	0.00010191796034366339
-4.09	0.0001060609660437484
-4.08	0.00011036197612179794
-4.07	0.00011482656866291523
-4.06	0.00011946050027093358
-4.05	0.00012426971106032546
-4.04	0.0001292603297606931
-4.03	0.00013443867893539726
-4.02	0.00013981128031586605
-4.01	0.0001453848602531072
-4.	0.00015116635528792855
-3.99	0.00015716291784134982
-3.98	0.00016338192202666502
-3.97	0.0001698309695845898
-3.96	0.00017651789594289995
-3.95	0.00018345077640193757
-3.94	0.00019063793244732864
-3.93	0.00019808793819122198
-3.92	0.00020580962694332185
-3.91	0.00021381209791294703
-3.9	0.0002221047230433076
-3.89	0.00023069715397914522
-3.88	0.00023959932916883616
-3.87	0.00024882148110200576
-3.86	0.00025837414368364985
-3.85	0.0002682681597457037
-3.84	0.0002785146886969397
-3.83	0.0002891252143120134
-3.82	0.0003001115526604127
-3.81	0.0003114858601759982
-3.8	0.0003232606418677492
-3.79	0.0003354487596722587
-3.78	0.0003480634409484409
-3.77	0.000361118287114834
-3.76	0.0003746272824297982
-3.75	0.00038860480291481967
-3.74	0.00040306562542104013
-3.73	0.0004180249368390368
-3.72	0.00043349834345178
-3.71	0.00044950188043059154
-3.7	0.00046605202147382294
-3.69	0.0004831656885878617
-3.68	0.0005008602620099609
-3.67	0.0005191535902722695
-3.66	0.0005380640004063207
-3.65	0.0005576103082871081
-3.64	0.000577811829115754
-3.63	0.0005986883880396363
-3.62	0.0006202603309087077
-3.61	0.0006425485351665971
-3.6	0.000665574420874938
-3.59	0.0006893599618692206
-3.58	0.0007139276970443088
-3.57	0.0007393007417676078
-3.56	0.0007655027994177031
-3.55	0.0007925581730461311
-3.54	0.0008204917771597639
-3.53	0.0008493291496211232
-3.52	0.0008790964636637576
-3.51	0.0009098205400196321
-3.5	0.0009415288591552976
-3.49	0.0009742495736134127
-3.48	0.001008011520455996
-3.47	0.0010428442338055927
-3.46	0.0010787779574803278
-3.45	0.0011158436577186203
-3.44	0.001154073035989117
-3.43	0.00119349854188119
-3.42	0.001234153386071123
-3.41	0.0012760715533588955
-3.4	0.0013192878157702369
-3.39	0.0013638377457184023
-3.38	0.0014097577292198858
-3.37	0.0014570849791580467
-3.36	0.0015058575485883917
-3.35	0.001556114344079004
-3.34	0.0016078951390793717
-3.33	0.0016612405873106138
-3.32	0.00171619223616985
-3.31	0.001772792540141206
-3.3	0.0018310848742056924
-3.29	0.0018911135472419217
-3.28	0.0019529238154093855
-3.27	0.0020165618955057265
-3.26	0.0020820749782891916
-3.25	0.0021495112417571705
-3.24	0.0022189198643714617
-3.23	0.0022903510382206293
-3.22	0.0023638559821095436
-3.21	0.002439486954565926
-3.2	0.0025172972667534366
-3.19	0.0025973412952805678
-3.18	0.002679674494894343
-3.17	0.0027643534110475144
-3.16	0.0028514356923277123
-3.15	0.0029409801027366843
-3.14	0.003033046533807519
-3.13	0.0031276960165474506
-3.12	0.0032249907331935736
-3.11	0.0033249940287685253
-3.1	0.003427770422422919
-3.09	0.0035333856185510394
-3.08	0.003641906517666046
-3.07	0.003753401227020664
-3.06	0.003867939070959078
-3.05	0.003985590600985487
-3.04	0.004106427605534522
-3.03	0.004230523119428466
-3.02	0.004357951433005989
-3.01	0.0044887881009068415
-3.	0.0046231099504967284
-2.99	0.0047609950899163474
-2.98	0.004902522915738337
-2.97	0.005047774120215678
-2.96	0.005196830698104851
-2.95	0.0053497759530468664
-2.94	0.005506694503489056
-2.93	0.0056676722881303584
-2.92	0.005832796570872583
-2.91	0.006002155945260037
-2.9	0.0061758403383896515
-2.89	0.006353941014273637
-2.88	0.0065365505766365245
-2.87	0.006723762971128311
-2.86	0.006915673486935286
-2.85	0.007112378757770025
-2.84	0.007313976762221884
-2.83	0.0075205668234492795
-2.82	0.007732249608194902
-2.81	0.007949127125104986
-2.8	0.008171302722333667
-2.79	0.008398881084413416
-2.78	0.008631968228372526
-2.77	0.008870671499080574
-2.76	0.00911509956380282
-2.75	0.009365362405944471
-2.74	0.009621571317965788
-2.73	0.009883838893449076
-2.72	0.0101522790182986
-2.71	0.010427006861054605
-2.7	0.01070813886230266
-2.69	0.010995792723159705
-2.68	0.011290087392818261
-2.67	0.01159114305513044
-2.66	0.01189908111421354
-2.65	0.012214024179059205
-2.64	0.012536096047128324
-2.63	0.012865421686914076
-2.62	0.013202127219455748
-2.61	0.01354633989878625
-2.6	0.013898188091296506
-2.59	0.014257801254000219
-2.58	0.014625309911682826
-2.57	0.015000845632918812
-2.56	0.015384541004941929
-2.55	0.015776529607353224
-2.54	0.01617694598465226
-2.53	0.016585925617577255
-2.52	0.017003604893240425
-2.51	0.01743012107404521
-2.5	0.017865612265372657
-2.49	0.018310217382024645
-2.48	0.018764076113412315
-2.47	0.019227328887478568
-2.46	0.01970011683334407
-2.45	0.020182581742666947
-2.44	0.0206748660297068
-2.43	0.02117711269008459
-2.42	0.02168946525823038
-2.41	0.022212067763511825
-2.4	0.022745064685036964
-2.39	0.023288600905125658
-2.38	0.023842821661444732
-2.37	0.024407872497802834
-2.36	0.024983899213601706
-2.35	0.02557104781194153
-2.34	0.02616946444637879
-2.33	0.026779295366336154
-2.32	0.027400686861164557
-2.31	0.02803378520285892
-2.3	0.02867873658742959
-2.29	0.02933568707493286
-2.28	0.030004782528164717
-2.27	0.030686168550023152
-2.26	0.031379990419545305
-2.25	0.03208639302662689
-2.24	0.03280552080543236
-2.23	0.03353751766650534
-2.22	0.03428252692759024
-2.21	0.03504069124317664
-2.2	0.035812152532779716
-2.19	0.03659705190797077
-2.18	0.037395529598173306
-2.17	0.03820772487524125
-2.16	0.039033775976837125
-2.15	0.03987382002862926
-2.14	0.04072799296532839
-2.13	0.04159642945058502
-2.12	0.042479262795770675
-2.11	0.043376624877666935
-2.1	0.04428864605508773
-2.09	0.04521545508446159
-2.08	0.04615717903440192
-2.07	0.04711394319929448
-2.06	0.04808587101193285
-2.05	0.04907308395523371
-2.04	0.05007570147306527
-2.03	0.05109384088022344
-2.02	0.052127617271591625
-2.01	0.05317714343052144
-2.	0.0542425297364728
-1.99	0.055323884071953405
-1.98	0.05642131172879872
-1.97	0.057534915313834936
-1.96	0.0586647946539688
-1.95	0.05981104670074934
-1.94	0.060973765434447845
-1.93	0.062153041767703816
-1.92	0.06334896344878578
-1.91	0.06456161496451707
-1.9	0.06579107744291801
-1.89	0.0670374285556171
-1.88	0.06830074242008503
-1.87	0.06958108950174638
-1.86	0.07087853651602531
-1.85	0.07219314633038239
-1.84	0.07352497786640104
-1.83	0.0748740860019829
-1.82	0.07624052147371292
-1.81	0.07762433077945538
-1.8	0.07902555608124373
-1.79	0.08044423510852762
-1.78	0.0818804010618416
-1.77	0.08333408251696095
-1.76	0.0848053033296107
-1.75	0.08629408254079524
-1.74	0.08780043428281609
-1.73	0.08932436768604665
-1.72	0.09086588678653325
-1.71	0.09242499043449237
-1.7	0.09400167220377498
-1.69	0.09559592030236896
-1.68	0.09720771748401154
-1.67	0.09883704096098395
-1.66	0.10048386231816095
-1.65	0.10214814742838849
-1.64	0.10382985636926277
-1.63	0.1055289433413845
-1.62	0.10724535658816234
-1.61	0.1089790383172395
-1.6	0.11072992462361804
-1.59	0.11249794541455489
-1.58	0.11428302433630413
-1.57	0.11608507870277963
-1.56	0.11790401942621234
-1.55	0.11973975094987627
-1.54	0.12159217118295663
-1.53	0.12346117143763391
-1.52	0.12534663636845683
-1.51	0.12724844391407678
-1.5	0.129166465241416
-1.49	0.13110056469234124
-1.48	0.1330505997329135
-1.47	0.13501642090528465
-1.46	0.13699787178231024
-1.45	0.13899478892494693
-1.44	0.1410070018425032
-1.43	0.1430343329558092
-1.42	0.1450765975633724
-1.41	0.14713360381058355
-1.4	0.14920515266203616
-1.39	0.15129103787702267
-1.38	0.15339104598826753
-1.37	0.1555049562839575
-1.36	0.1576325407931272
-1.35	0.15977356427445671
-1.34	0.16192778420853635
-1.33	0.1640949507936524
-1.32	0.16627480694514538
-1.31	0.16846708829839116
-1.3	0.17067152321545329
-1.29	0.1728878327954524
-1.28	0.1751157308886979
-1.27	0.17735492411462345
-1.26	0.1796051118835674
-1.25	0.18186598642243573
-1.24	0.1841372328042837
-1.23	0.18641852898185
-1.22	0.18870954582507454
-1.21	0.19100994716262928
-1.2	0.1933193898274883
-1.19	0.19563752370656143
-1.18	0.19796399179441299
-1.17	0.20029843025108465
-1.16	0.20264046846403885
-1.15	0.20498972911423627
-1.14	0.2073458282463585
-1.13	0.20970837534318426
-1.12	0.21207697340412426
-1.11	0.21445121902791756
-1.1	0.21683070249948888
-1.09	0.21921500788096415
-1.08	0.22160371310683744
-1.07	0.22399639008328076
-1.06	0.22639260479158438
-1.05	0.2287919173957124
-1.04	0.23119388235395566
-1.03	0.23359804853466062
-1.02	0.23600395933600968
-1.01	0.23841115280982586
-1.	0.24081916178937093
-0.99	0.24322751402110382
-0.98	0.24563573230036162
-0.97	0.24804333461092454
-0.96	0.2504498342684203
-0.95	0.25285474006752306
-0.94	0.2552575564328966
-0.93	0.25765778357382985
-0.92	0.2600549176425091
-0.91	0.2624484508958678
-0.9	0.2648378718609532
-0.89	0.2672226655037436
-0.88	0.2696023134013497
-0.87	0.2719762939175287
-0.86	0.2743440823814363
-0.85	0.27670515126954187
-0.84	0.2790589703906246
-0.83	0.2814050070737704
-0.82	0.28374272635928155
-0.81	0.28607159119241327
-0.8	0.2883910626198438
-0.79	0.29070059998878633
-0.78	0.2929996611486443
-0.77	0.29528770265511267
-0.76	0.2975641799766227
-0.75	0.29982854770302575
-0.74	0.30208025975641045
-0.73	0.3043187696039436
-0.72	0.3065435304726239
-0.71	0.3087539955658347
-0.7	0.3109496182815806
-0.69	0.31312985243228925
-0.68	0.31529415246606024
-0.67	0.31744197368923743
-0.66	0.3195727724901826
-0.65	0.32168600656412477
-0.64	0.3237811351389579
-0.63	0.32585761920185896
-0.62	0.32791492172659603
-0.61	0.3299525079013947
-0.6	0.331969845357231
-0.59	0.3339664043964156
-0.58	0.33594165822133526
-0.57	0.3378950831632152
-0.56	0.3398261589107648
-0.55	0.3417343687385699
-0.54	0.34361919973509214
-0.53	0.3454801430301373
-0.52	0.3473166940216521
-0.51	0.34912835260171016
-0.5	0.3509146233815466
-0.49	0.3526750159155014
-0.48	0.35440904492372993
-0.47	0.3561162305135422
-0.46	0.3577960983992285
-0.45	0.3594481801202332
-0.44	0.36107201325753685
-0.43	0.36266714164810654
-0.42	0.364233115597278
-0.41	0.3657694920889305
-0.4	0.36727583499331834
-0.39	0.36875171527242306
-0.38	0.3701967111826919
-0.37	0.37161040847502874
-0.36	0.3729924005919058
-0.35	0.374342288861465
-0.34	0.37565968268847966
-0.33	0.37694419974204996
-0.32	0.37819546613990496
-0.31	0.3794131166291883
-0.3	0.38059679476360525
-0.29	0.3817461530768114
-0.28	0.3828608532519248
-0.27	0.3839405662870468
-0.26	0.38498497265667814
-0.25	0.38599376246891964
-0.24	0.3869666356183498
-0.23	0.38790330193447403
-0.22	0.3888034813256422
-0.21	0.3896669039183361
-0.2	0.3904933101917288
-0.19	0.3912824511074232
-0.18	0.3920340882342782
-0.17	0.392747993868236
-0.16	0.39342395114706574
-0.15	0.394061754159943
-0.14	0.39466120805178784
-0.13	0.39522212912228716
-0.12	0.3957443449195313
-0.11	0.39622769432819865
-0.1	0.39667202765222415
-0.09	0.39707720669189356
-0.08	0.39744310481530715
-0.07	0.3977696070241623
-0.06	0.3980566100138058
-0.05	0.3983040222275132
-0.04	0.3985117639049554
-0.03	0.3986797671248158
-0.02	0.39880797584152733
-0.01	0.3988963459161012
0.	0.3989448451410237
0.01	0.398953453259202
0.02	0.39892216197694375
0.03	0.3988509749709589
0.04	0.3987399078893772
0.05	0.398588988346779
0.06	0.39839825591324
0.07	0.39816776209739646
0.08	0.3978975703235398
0.09	0.3975877559027561
0.1	0.3972384059981267
0.11	0.39684961958401443
0.12	0.39642150739945986
0.13	0.39595419189572023
0.14	0.395447807177984
0.15	0.3949024989413011
0.16	0.3943184244007708
0.17	0.3936957522160346
0.18	0.3930346624101243
0.19	0.39233534628272065
0.2	0.3915980063178802
0.21	0.3908228560862935
0.22	0.39001012014214004
0.23	0.38916003391461007
0.24	0.3882728435941667
0.25	0.3873488060136251
0.26	0.3863881885241294
0.27	0.3853912688661109
0.28	0.38435833503531563
0.29	0.38328968514399075
0.3	0.3821856272773245
0.31	0.38104647934523617
0.32	0.3798725689296156
0.33	0.37866423312711645
0.34	0.37742181838760747
0.35	0.37614568034839096
0.36	0.37483618366430005
0.37	0.3734937018337877
0.38	0.3721186170211247
0.39	0.37071131987482414
0.4	0.3692722093424148
0.41	0.3678016924816849
0.42	0.36630018426852345
0.43	0.3647681074014836
0.44	0.3632058921032003
0.45	0.3616139759187906
0.46	0.3599928035113694
0.47	0.35834282645481647
0.48	0.35666450302392666
0.49	0.35495829798208395
0.5	0.35322468236659377
0.51	0.3514641332718148
0.52	0.3496771336302288
0.53	0.34786417199158987
0.54	0.3460257423002946
0.55	0.34416234367111426
0.56	0.3422744801634332
0.57	0.34036266055413456
0.58	0.3384273981092776
0.59	0.33646921035470984
0.6	0.334488618845757
0.61	0.33248614893613404
0.62	0.3304623295462206
0.63	0.32841769293084333
0.64	0.32635277444670724
0.65	0.32426811231961844
0.66	0.3221642474116389
0.67	0.320041722988313
0.68	0.3179010844861069
0.69	0.3157428792801974
0.7	0.3135676564527493
0.71	0.3113759665618161
0.72	0.30916836141099996
0.73	0.30694539382000413
0.74	0.3047076173962096
0.75	0.302455586307407
0.76	0.30018985505581214
0.77	0.2979109782534925
0.78	0.29561951039932943
0.79	0.2933160056576398
0.8	0.29100101763857783
0.81	0.2886750991804366
0.82	0.28633880213396584
0.83	0.28399267714882054
0.84	0.2816372734622529
0.85	0.2792731386901575
0.86	0.27690081862057664
0.87	0.27452085700977086
0.88	0.2721337953809574
0.89	0.2697401728258147
0.9	0.2673405258088512
0.91	0.26493538797473154
0.92	0.2625252899586512
0.93	0.26011075919984855
0.94	0.25769231975833845
0.95	0.2552704921349506
0.96	0.25284579309475186
0.97	0.25041873549392746
0.98	0.24798982811019624
0.99	0.24555957547682786
1.	0.24312847772033003
1.01	0.24069703040186896
1.02	0.2382657243624831
1.03	0.23583504557214804
1.04	0.23340547498274564
1.05	0.23097748838498877
1.06	0.22855155626934875
1.07	0.22612814369102938
1.08	0.22370771013902888
1.09	0.22129070940932705
1.1	0.21887758948223185
1.11	0.21646879240391678
1.12	0.21406475417217644
1.13	0.21166590462642498
1.14	0.20927266734195887
1.15	0.20688545952850185
1.16	0.20450469193304685
1.17	0.20213076874700703
1.18	0.19976408751768393
1.19	0.19740503906405854
1.2	0.19505400739690745
1.21	0.19271136964324345
1.22	0.19037749597507667
1.23	0.18805274954248966
1.24	0.18573748641101662
1.25	0.18343205550331423
1.26	0.18113679854510853
1.27	0.17885205001539953
1.28	0.1765781371009028
1.29	0.17431537965470367
1.3	0.17206409015909804
1.31	0.16982457369259063
1.32	0.16759712790101897
1.33	0.16538204297276884
1.34	0.16317960161804496
1.35	0.1609900790521575
1.36	0.1588137429827834
1.37	0.15665085360115882
1.38	0.15450166357715703
1.39	0.1523664180582036
1.4	0.1502453546719793
1.41	0.14813870353285835
1.42	0.1460466872520284
1.43	0.14396952095123633
1.44	0.14190741228010212
1.45	0.13986056143694203
1.46	0.13782916119303965
1.47	0.1358133969203023
1.48	0.13381344662223915
1.49	0.13182948096819516
1.5	0.12986166333077423
1.51	0.12791014982638332
1.52	0.1259750893588283
1.53	0.1240566236658908
1.54	0.12215488736881482
1.55	0.12027000802463021
1.56	0.11840210618123978
1.57	0.11655129543519542
1.58	0.11471768249208837
1.59	0.11290136722947758
1.6	0.11110244276227974
1.61	0.10932099551054394
1.62	0.10755710526953352
1.63	0.10581084528203677
1.64	0.10408228231282857
1.65	0.1023714767252041
1.66	0.1006784825595058
1.67	0.09900334761356464
1.68	0.09734611352497641
1.69	0.09570681585513434
1.7	0.09408548417493834
1.71	0.09248214215210249
1.72	0.09089680763998159
1.73	0.08932949276783828
1.74	0.08778020403247243
1.75	0.08624894239113491
1.76	0.08473570335564798
1.77	0.08324047708765542
1.78	0.0817632484949256
1.79	0.08030399732863155
1.8	0.07886269828153271
1.81	0.07743932108698325
1.82	0.07603383061869334
1.83	0.0746461869911698
1.84	0.07327634566076373
1.85	0.07192425752725339
1.86	0.07058986903589182
1.87	0.06927312227984919
1.88	0.06797395510298096
1.89	0.06669230120285438
1.9	0.06542809023396609
1.91	0.06418124791108554
1.92	0.06295169611265933
1.93	0.06173935298421321
1.94	0.060544133041689416
1.95	0.05936594727465829
1.96	0.058204703249344326
1.97	0.05706030521140813
1.98	0.05593265418842698
1.99	0.054821648092017936
2.	0.05372718181954892
2.01	0.052649147355384396
2.02	0.05158743387161364
2.03	0.050541927828211056
2.04	0.04951251307257935
2.05	0.04849907093842763
2.06	0.047501480343938175
2.07	0.04651961788917677
2.08	0.04555335795270315
2.09	0.04460257278733936
2.1	0.04366713261505541
2.11	0.04274690572093292
2.12	0.04184175854616906
2.13	0.040951555780084345
2.14	0.040076160451099435
2.15	0.03921543401664751
2.16	0.038369236451990175
2.17	0.03753742633790633
2.18	0.03671986094722485
2.19	0.03591639633017347
2.2	0.03512688739851737
2.21	0.0343511880084628
2.22	0.03358915104230211
2.23	0.032840628488778174
2.24	0.03210547152214741
2.25	0.03138353057992214
2.26	0.030674655439274168
2.27	0.02997869529208305
2.28	0.02929549881861352
2.29	0.028624914259808214
2.3	0.027966789488182802
2.31	0.02732097207731206
2.32	0.026687309369896668
2.33	0.026065648544401705
2.34	0.02545583668025896
2.35	0.024857720821626562
2.36	0.02427114803970037
2.37	0.023695965493572824
2.38	0.02313202048963613
2.39	0.02257916053952759
2.4	0.022037233416616148
2.41	0.021506087211030086
2.42	0.020985570383227042
2.43	0.02047553181610828
2.44	0.019975820865680352
2.45	0.019486287410268074
2.46	0.019006781898283743
2.47	0.0185371553945584
2.48	0.018077259625241836
2.49	0.017626947021278826
2.5	0.017186070760470008
2.51	0.016754484808126437
2.52	0.01633204395632788
2.53	0.015918603861795316
2.54	0.015514021082389192
2.55	0.015118153112245299
2.56	0.014730858415561144
2.57	0.014351996459046045
2.58	0.013981427743048952
2.59	0.01361901383137852
2.6	0.013264617379830524
2.61	0.0129181021634382
2.62	0.012579333102461687
2.63	0.012248176287133112
2.64	0.011924499001174399
2.65	0.011608169744105258
2.66	0.011299058252359235
2.67	0.010997035519226083
2.68	0.010701973813639028
2.69	0.010413746697825908
2.7	0.010132229043843376
2.71	0.00985729704901371
2.72	0.009588828250283992
2.73	0.009326701537527677
2.74	0.009070797165808761
2.75	0.008820996766628971
2.76	0.008577183358178562
2.77	0.008339241354611417
2.78	0.008107056574365378
2.79	0.00788051624754869
2.8	0.007659509022413683
2.81	0.0074439249709387515
2.82	0.007233655593539857
2.83	0.007028593822932711
2.84	0.006828634027166876
2.85	0.006633672011852983
2.86	0.006443605021604269
2.87	0.006258331740713558
2.88	0.006077752293086807
2.89	0.005901768241454238
2.9	0.005730282585879984
2.91	0.005563199761591119
2.92	0.005400425636146771
2.93	0.005241867505967962
2.94	0.005087434092248603
2.95	0.00493703553626798
2.96	0.004790583394124881
2.97	0.004647990630913328
2.98	0.004509171614359709
2.99	0.00437404210794091
3.	0.004242519263502818
3.01	0.004114521613398364
3.02	0.003989969062164074
3.03	0.0038687828777537975
3.04	0.003750885682348118
3.05	0.003636201442757635
3.06	0.0035246554604380933
3.07	0.0034161743611350478
3.08	0.0033106860841754923
3.09	0.0032081198714235992
3.1	0.003108406255917437
3.11	0.0030114770502032494
3.12	0.0029172653343835786
3.13	0.002825705443895233
3.14	0.002736732957032785
3.15	0.0026502846822329985
3.16	0.0025662986451352567
3.17	0.002484714075432783
3.18	0.0024054713935291
3.19	0.002328512197013895
3.2	0.0022537792469721108
3.21	0.0021812164541397984
3.22	0.002110768864919921
3.23	0.0020423826472709974
3.24	0.001976005076481155
3.25	0.0019115845208398379
3.26	0.0018490704272190975
3.27	0.0017884133065760833
3.28	0.0017295647193880251
3.29	0.0016724772610306894
3.3	0.0016171045471109762
3.31	0.001563401198764006
3.32	0.001511322827924742
3.33	0.0014608260225838791
3.34	0.001411868332037425
3.35	0.001364408252139095
3.36	0.001318405210564343
3.37	0.001273819552094543
3.38	0.001230612523929554
3.39	0.001188746261036593
3.4	0.0011481837715430615
3.41	0.0011088889221806833
3.42	0.0010708264237880227
3.43	0.0010339618168781833
3.44	0.000998261457278203
3.45	0.0009636925018463989
3.46	0.0009302228942736408
3.47	0.0008978213509742755
3.48	0.0008664573470721645
3.49	0.0008361011024870405
3.5	0.0008067235681261447
3.51	0.000778296412185857
3.52	0.0007507920065677915
3.53	0.0007241834134135997
3.54	0.0006984443717624852
3.55	0.0006735492843352121
3.56	0.0006494732044481698
3.57	0.0006261918230608339
3.58	0.0006036814559597605
3.59	0.0005819190310820357
3.6	0.0005608820759809066
3.61	0.0005405487054361216
3.62	0.0005208976092113138
3.63	0.0005019080399605783
3.64	0.00048355980128620833
3.65	0.00046583323594938164
3.66	0.0004487092142354128
3.67	0.0004321691224750233
3.68	0.0004161948517229157
3.69	0.00040076878659478347
3.7	0.0003858737942637323
3.71	0.00037149321361694296
3.72	0.0003576108445732615
3.73	0.0003442109375622637
3.74	0.0003312781831652072
3.75	0.0003187977019181548
3.76	0.00030675503427742777
3.77	0.00029513613074742774
3.78	0.00028392734217074904
3.79	0.00027311541018039306
3.8	0.000262687457813787
3.81	0.0002526309802882079
3.82	0.00024293383593711385
3.83	0.00023358423730678745
3.84	0.0002245707424126093
3.85	0.00021588224615418919
3.86	0.0002075079718885018
3.87	0.00019943746316009416
3.88	0.00019166057558735652
3.89	0.00018416746890377722
3.9	0.00017694859915303357
3.91	0.0001699947110367072
3.92	0.00016329683041334985
3.93	0.00015684625694756997
3.94	0.00015063455690775415
3.95	0.00014465355611098757
3.96	0.00013889533301368953
3.97	0.0001333522119464349
3.98	0.00012801675649139026
3.99	0.00012288176300075555
4.	0.0001179402542545643
4.01	0.00011318547325616377
4.02	0.00010861087716366406
4.03	0.00010421013135561823
4.04	0.00009997710362916937
4.05	0.00009590585852887729
4.06	0.00009199065180441684
4.07	0.00008822592499532143
4.08	0.00008460630014092883
4.09	0.00008112657461367215
4.1	0.00007778171607384697
4.11	0.00007456685754397537
4.12	0.00007147729260087945
4.13	0.00006850847068357053
4.14	0.0000656559925150559
4.15	0.00006291560563616187
4.16	0.00006028320004947107
4.17	0.00005775480397147186
4.18	0.00005532657969102023
4.19	0.00005299481953221743
4.2	0.00005075594191981173
4.21	0.0000486064875452385
4.22	0.00004654311563142049
4.23	0.00004456260029445852
4.24	0.00004266182700035262
4.25	0.00004083778911490452
4.26	0.000039087584544964204
4.27	0.000037408412469196126
4.28	0.0000357975701565545
4.29	0.000034252449870671616
4.3	0.00003277053585837877
4.31	0.000031349401420595685
4.32	0.000029986706063841116
4.33	0.000028680192730635196
4.34	0.000027427685107082458
4.35	0.000026227085005943163
4.36	0.00002507636982352032
4.37	0.000023973590068709595
4.38	0.000022916866962579874
4.39	0.00002190439010687308
4.4	0.000020934415219833237
4.41	0.00002000526193779631
4.42	0.000019115311680994435
4.43	0.000018263005582050407
4.44	0.00001744684247566076
4.45	0.000016665376947988567
4.46	0.000015917217444310144
4.47	0.000015201024433482697
4.48	0.000014515508627823494
4.49	0.000013859429257014324
4.5	0.000013231592394668471
4.51	0.000012630849336221031
4.52	0.000012056095026826815
4.53	0.000011506266537973707
4.54	0.000010980341591542895
4.55	0.000010477337130070838
4.56	9.996307931991355e-6
4.57	9.536345270659589e-6
4.58	9.096575615982876e-6
4.59	8.676159377506807e-6
4.6	8.274289687827746e-6
4.61	7.890191225226128e-6
4.62	7.523119074437533e-6
4.63	7.1723576245012205e-6
4.64	6.837219502648227e-6
4.65	6.517044543213384e-6
4.66	6.211198790577653e-6
4.67	5.919073535169032e-6
4.68	5.6400843815718705e-6
4.69	5.37367034781583e-6
4.7	5.11929299493687e-6
4.71	4.876435585923511e-6
4.72	4.644602273182269e-6
4.73	4.423317313676536e-6
4.74	4.212124310913262e-6
4.75	4.010585482971631e-6
4.76	3.818280955787477e-6
4.77	3.6348080809264194e-6
4.78	3.4597807770976997e-6
4.79	3.2928288946793586e-6
4.8	3.133597602543778e-6
4.81	2.981746796490711e-6
4.82	2.836950528612679e-6
4.83	2.698896456935135e-6
4.84	2.5672853146909187e-6
4.85	2.441830398605453e-6
4.86	2.322257075585652e-6
4.87	2.208302307221805e-6
4.88	2.0997141915276235e-6
4.89	1.9962515213593127e-6
4.9	1.897683358969851e-6
4.91	1.803788626169702e-6
4.92	1.7143557095799239e-6
4.93	1.6291820804780605e-6
4.94	1.5480739287513385e-6
4.95	1.4708458104855188e-6
4.96	1.397320308731288e-6
4.97	1.3273277070033176e-6
4.98	1.26070567508006e-6
4.99	1.197298966685017e-6
5.	1.136959128642579e-6
5.01	1.0795442211136288e-6
5.02	1.0249185485279055e-6
5.03	9.729524008416523e-7
5.04	9.235218047603342e-7
5.05	8.765082845771851e-7
5.06	8.317986322890713e-7
5.07	7.892846866616016e-7
5.08	7.488631209256142e-7
5.09	7.104352387971046e-7
5.1	6.739067785223441e-7
5.11	6.391877246593711e-7
5.12	6.061921273162374e-7
5.13	5.748379285753305e-7
5.14	5.450467958418214e-7
5.15	5.167439618627561e-7
5.16	4.89858071171577e-7
5.17	4.6432103272087793e-7
5.18	4.400678784740161e-7
5.19	4.1703662773379515e-7
5.2	3.951681569938157e-7
5.21	3.744060751052683e-7
5.22	3.546966035589132e-7
5.23	3.3598846168876766e-7
5.24	3.182327566105972e-7
5.25	3.01382877714697e-7
5.26	2.8539439553864927e-7
5.27	2.702249648517618e-7
5.28	2.558342317887316e-7
5.29	2.4218374487574365e-7
5.3	2.29236869797709e-7
5.31	2.1695870776067413e-7
5.32	2.0531601730859993e-7
5.33	1.9427713945871388e-7
5.34	1.8381192602449138e-7
5.35	1.7389167100002163e-7
5.36	1.6448904488406736e-7
5.37	1.5557803182653536e-7
5.38	1.4713386948434482e-7
5.39	1.3913299147781136e-7
5.4	1.3155297234266524e-7
5.41	1.2437247487669064e-7
5.42	1.1757119978371693e-7
5.43	1.1112983752131342e-7
5.44	1.0503002226204021e-7
5.45	9.925428788149264e-8