-5.729999999999922	9.776924113839946e-8
-5.7199999999999225	1.0285522134886396e-7
-5.709999999999923	1.0819739476515022e-7
-5.699999999999923	1.1380821260615984e-7
-5.689999999999923	1.197007135536008e-7
-5.679999999999923	1.258885376875949e-7
-5.6699999999999235	1.3238596271317334e-7
-5.659999999999924	1.3920792281853973e-7
-5.649999999999924	1.4637006385822873e-7
-5.639999999999924	1.5388874062365635e-7
-5.629999999999924	1.617810590871998e-7
-5.619999999999925	1.700649173232638e-7
-5.609999999999925	1.787590365732855e-7
-5.599999999999925	1.8788299699588004e-7
-5.589999999999925	1.9745727492284886e-7
-5.5799999999999255	2.075032817538847e-7
-5.569999999999926	2.1804340532283314e-7
-5.559999999999926	2.2910105306102164e-7
-5.549999999999926	2.407006918226636e-7
-5.539999999999926	2.528679015390489e-7
-5.5299999999999265	2.656294145295232e-7
-5.519999999999927	2.790131716400729e-7
-5.509999999999927	2.930483722366334e-7
-5.499999999999927	3.0776552594294045e-7
-5.489999999999927	3.2319651195987206e-7
-5.479999999999928	3.3937463526612725e-7
-5.469999999999928	3.563346878603001e-7
-5.459999999999928	3.7411301188983423e-7
-5.449999999999928	3.927475655104805e-7
-5.4399999999999284	4.122779907876676e-7
-5.429999999999929	4.3274568486453495e-7
-5.419999999999929	4.5419387369938503e-7
-5.409999999999929	4.766676886255319e-7
-5.399999999999929	5.002142464644691e-7
-5.3899999999999295	5.248827306216658e-7
-5.37999999999993	5.507244809701961e-7
-5.36999999999993	5.777930812354541e-7
-5.35999999999993	6.061444490875933e-7
-5.34999999999993	6.358369366384041e-7
-5.339999999999931	6.669314292348929e-7
-5.329999999999931	6.994914498411625e-7
-5.319999999999931	7.335832671618155e-7
-5.309999999999931	7.692760079260198e-7
-5.299999999999931	8.066417735966537e-7
-5.289999999999932	8.45755762167194e-7
-5.279999999999932	8.866963908825569e-7
-5.269999999999932	9.295454319299225e-7
-5.259999999999932	9.743881418410298e-7
-5.2499999999999325	1.0213134073728668e-6
-5.239999999999933	1.0704138881962964e-6
-5.229999999999933	1.1217861689426765e-6
-5.219999999999933	1.175530916193253e-6
-5.209999999999933	1.231753041073641e-6
-5.199999999999934	1.2905618683903415e-6
-5.189999999999934	1.3520713113470922e-6
-5.179999999999934	1.416400053336627e-6
-5.169999999999934	1.483671736254132e-6
-5.159999999999934	1.55401515430995e-6
-5.149999999999935	1.627564459516726e-6
-5.139999999999935	1.7044593690126e-6
-5.129999999999935	1.784845381001246e-6
-5.119999999999935	1.8688740023536497e-6
-5.1099999999999355	1.956702983033813e-6
-5.099999999999936	2.0484965491994924e-6
-5.089999999999936	2.1444256679138556e-6
-5.079999999999936	2.2446682951959134e-6
-5.069999999999936	2.349409645448637e-6
-5.0599999999999365	2.458842482333151e-6
-5.049999999999937	2.5731673783730954e-6
-5.039999999999937	2.6925930496064027e-6
-5.029999999999937	2.817336628538736e-6
-5.019999999999937	2.9476240147488394e-6
-5.009999999999938	3.0836901845022873e-6
-4.999999999999938	3.2257795426776473e-6
-4.989999999999938	3.374146270666157e-6
-4.979999999999938	3.5290546713713467e-6
-4.9699999999999385	3.6907796455191906e-6
-4.959999999999939	3.859606938223983e-6
-4.949999999999939	4.035833612462495e-6
-4.939999999999939	4.219768546941217e-6
-4.929999999999939	4.411732719266221e-6
-4.9199999999999395	4.612059752860524e-6
-4.90999999999994	4.821096353415701e-6
-4.89999999999994	5.0392027938049975e-6
-4.88999999999994	5.266753396951162e-6
-4.87999999999994	5.504137055161332e-6
-4.869999999999941	5.75175776588153e-6
-4.859999999999941	6.0100351533275095e-6
-4.849999999999941	6.279405055083953e-6
-4.839999999999941	6.560320094105144e-6
-4.8299999999999415	6.853250282460445e-6
-4.819999999999942	7.158683622689947e-6
-4.809999999999942	7.477126805860016e-6
-4.799999999999942	7.809105797717439e-6
-4.789999999999942	8.155166554755968e-6
-4.7799999999999425	8.515875767473295e-6
-4.769999999999943	8.891821515952951e-6
-4.759999999999943	9.283614064795354e-6
-4.749999999999943	9.69188663004231e-6
-4.739999999999943	0.000010117296174384148
-4.729999999999944	0.000010560524227320974
-4.719999999999944	0.000011022277742105692
-4.709999999999944	0.00001150328997237556
-4.699999999999944	0.00001200432136356669
-4.689999999999944	0.000012526160494479714
-4.679999999999945	0.00001306962503331918
-4.669999999999945	0.000013635562724102556
-4.659999999999945	0.000014224852415448392
-4.649999999999945	0.000014838405100465824
-4.6399999999999455	0.000015477165002226567
-4.629999999999946	0.000016142110687126252
-4.619999999999946	0.000016834256223644408
-4.609999999999946	0.000017554652339869258
-4.599999999999946	0.00001830438766446454
-4.589999999999947	0.000019084589981287727
-4.579999999999947	0.00001989642749755098
-4.569999999999947	0.000020741110187647482
-4.559999999999947	0.00002161989116475681
-4.549999999999947	0.000022534068072587184
-4.539999999999948	0.00002348498454379121
-4.529999999999948	0.000024474031682749313
-4.519999999999948	0.00002550264960713599
-4.509999999999948	0.000026572329007733413
-4.4999999999999485	0.000027684612779275186
-4.489999999999949	0.00002884109768337065
-4.479999999999949	0.00003004343605771565
-4.469999999999949	0.0000312933375846245
-4.459999999999949	0.00003259257108975485
-4.4499999999999496	0.00003394296640291496
-4.43999999999995	0.00003534641627420267
-4.42999999999995	0.000036804878333442696
-4.41999999999995	0.00003832037709611763
-4.40999999999995	0.00003989500605175862
-4.399999999999951	0.00004153092977770308
-4.389999999999951	0.00004323038611883262
-4.379999999999951	0.00004499568843923727
-4.369999999999951	0.000046829227914167094
-4.3599999999999515	0.00004873347589147549
-4.349999999999952	0.00005071098631905237
-4.339999999999952	0.000052764398224029874
-4.329999999999952	0.00005489643826595565
-4.319999999999952	0.00005710992334819713
-4.3099999999999525	0.000059407763310444544
-4.299999999999953	0.00006179296366272666
-4.289999999999953	0.00006426862841546485
-4.279999999999953	0.00006683796297311814
-4.269999999999953	0.00006950427708671389
-4.259999999999954	0.00007227098789211177
-4.249999999999954	0.00007514162303177311
-4.239999999999954	0.00007811982382503906
-4.229999999999954	0.00008120934854195834
-4.2199999999999545	0.0000844140757490151
-4.209999999999955	0.00008773800772163983
-4.199999999999955	0.00009118527395829954
-4.189999999999955	0.00009476013476490856
-4.179999999999955	0.00009846698492912939
-4.1699999999999555	0.00010231035747020955
-4.159999999999956	0.00010629492749824393
-4.149999999999956	0.00011042551613523782
-4.139999999999956	0.00011470709453610327
-4.129999999999956	0.00011914478802038515
-4.119999999999957	0.00012374388025969554
-4.109999999999957	0.00012850981758437914
-4.099999999999957	0.00013344821338359417
-4.089999999999957	0.00013856485260350904
-4.079999999999957	0.00014386569631761592
-4.069999999999958	0.0001493568864331498
-4.059999999999958	0.0001550447504824903
-4.049999999999958	0.00016093580650769425
-4.039999999999958	0.00016703676804246344
-4.0299999999999585	0.00017335454925090048
-4.019999999999959	0.00017989627010065907
-4.009999999999959	0.0001866692616922581
-3.9999999999999587	0.0001936810716558618
-3.989999999999959	0.0002009394697136938
-3.979999999999959	0.0002084524533027652
-3.9699999999999593	0.00021622825333214265
-3.9599999999999596	0.00022427534004133463
-3.9499999999999598	0.00023260242898515268
-3.93999999999996	0.0002412184871331965
-3.92999999999996	0.00025013273906628525
-3.9199999999999604	0.0002593546733121657
-3.9099999999999606	0.0002688940487932163
-3.899999999999961	0.0002787609013799991
-3.889999999999961	0.0002889655505771042
-3.8799999999999613	0.00029951860633727474
-3.8699999999999615	0.0003104309759718896
-3.8599999999999617	0.00032171387120409644
-3.849999999999962	0.0003333788153386864
-3.839999999999962	0.00034543765055332115
-3.8299999999999623	0.0003579025453095769
-3.8199999999999625	0.0003707860019011821
-3.8099999999999627	0.00038410086411604685
-3.799999999999963	0.0003978603250179183
-3.789999999999963	0.0004120779348762433
-3.7799999999999634	0.00042676760919692363
-3.7699999999999636	0.00044194363688558
-3.759999999999964	0.0004576206885475943
-3.749999999999964	0.0004738138249151316
-3.7399999999999642	0.0004905385053347238
-3.7299999999999645	0.0005078105965191288
-3.7199999999999647	0.0005256463812864381
-3.709999999999965	0.0005440625674867402
-3.699999999999965	0.0005630762970525779
-3.6899999999999653	0.0005827051551656995
-3.6799999999999655	0.0006029671795344426
-3.6699999999999657	0.0006238808698177956
-3.659999999999966	0.000645465197166193
-3.649999999999966	0.0006677396138260663
-3.6399999999999664	0.0006907240629842816
-3.6299999999999666	0.0007144389886176417
-3.619999999999967	0.0007389053455038477
-3.609999999999967	0.0007641446093479618
-3.5999999999999672	0.0007901787870260979
-3.5899999999999674	0.000817030426921696
-3.5799999999999677	0.0008447226293958887
-3.569999999999968	0.0008732790573460962
-3.559999999999968	0.0009027239468885894
-3.5499999999999683	0.0009330821181252159
-3.5399999999999685	0.0009643789860351301
-3.5299999999999687	0.0009966405714396049
-3.519999999999969	0.0010298935120759325
-3.509999999999969	0.0010641650737748432
-3.4999999999999694	0.001099483161702088
-3.4899999999999696	0.0011358763317070018
-3.47999999999997	0.0011733738017567167
-3.46999999999997	0.0012120054634335985
-3.45999999999997	0.0012518018935114663
-3.4499999999999704	0.001292794365624315
-3.4399999999999706	0.0013350148619811993
-3.429999999999971	0.0013784960851423785
-3.419999999999971	0.0014232714698822469
-3.4099999999999713	0.001469375195098099
-3.3999999999999715	0.0015168421956721135
-3.3899999999999717	0.001565708174601107
-3.379999999999972	0.0016160096149423514
-3.369999999999972	0.0016677837918889567
-3.3599999999999723	0.0017210687848779507
-3.3499999999999726	0.0017759034897057724
-3.3399999999999728	0.0018323276306471742
-3.329999999999973	0.0018903817726310113
-3.319999999999973	0.0019501073333025884
-3.3099999999999734	0.0020115465952785226
-3.2999999999999736	0.002074742718200619
-3.289999999999974	0.0021397397508760743
-3.279999999999974	0.002206582643349874
-3.2699999999999743	0.0022753172589653186
-3.2599999999999745	0.0023459903863846565
-3.2499999999999747	0.002418649751542565
-3.239999999999975	0.00249334402955048
-3.229999999999975	0.0025701228565536824
-3.2199999999999753	0.0026490368414737913
-3.2099999999999755	0.0027301375777021306
-3.1999999999999758	0.0028134776546914746
-3.189999999999976	0.0028991106694262903
-3.179999999999976	0.002987091237799677
-3.1699999999999764	0.003077475005872112
-3.1599999999999766	0.003170318660973778
-3.149999999999977	0.0032656799426769877
-3.139999999999977	0.003363617653621296
-3.1299999999999772	0.0034641916701592997
-3.1199999999999775	0.003567462952824143
-3.1099999999999777	0.0036734935566273964
-3.099999999999978	0.0037823466411420776
-3.089999999999978	0.003894086480366889
-3.0799999999999783	0.004008778472389194
-3.0699999999999785	0.004126489148794477
-3.0599999999999787	0.0042472861838170365
-3.049999999999979	0.004371238403256205
-3.039999999999979	0.004498415793101642
-3.0299999999999794	0.004628889507855358
-3.0199999999999796	0.004762731878580446
-3.00999999999998	0.004900016420619953
-2.99999999999998	0.005040817840975699
-2.9899999999999802	0.005185212045356063
-2.9799999999999804	0.005333276144870708
-2.9699999999999807	0.005485088462325179
-2.959999999999981	0.005640728538155087
-2.949999999999981	0.005800277135953886
-2.9399999999999813	0.0059638162475593275
-2.9299999999999815	0.006131429097729458
-2.9199999999999817	0.0063032001483732504
-2.909999999999982	0.006479215102288285
-2.899999999999982	0.006659560906440081
-2.8899999999999824	0.006844325754749073
-2.8799999999999826	0.007033599090342386
-2.869999999999983	0.007227471607299446
-2.859999999999983	0.0074260352518393654
-2.849999999999983	0.007629383222946998
-2.8399999999999834	0.007837609972424142
-2.8299999999999836	0.008050811204348387
-2.819999999999984	0.008269083873913652
-2.809999999999984	0.008492526185634636
-2.7999999999999843	0.008721237590933021
-2.7899999999999845	0.008955318785032982
-2.7799999999999847	0.009194871703178118
-2.769999999999985	0.009439999516177251
-2.759999999999985	0.009690806625212694
-2.7499999999999853	0.00994739865591407
-2.7399999999999856	0.01020988245170443
-2.7299999999999858	0.010478366066371899
-2.719999999999986	0.010752958755843096
-2.709999999999986	0.011033770969185607
-2.6999999999999864	0.011320914338780805
-2.6899999999999866	0.011614501669650267
-2.679999999999987	0.011914646927952695
-2.669999999999987	0.012221465228615506
-2.6599999999999873	0.012535072822052008
-2.6499999999999875	0.012855587080021715
-2.6399999999999877	0.013183126480548767
-2.629999999999988	0.01351781059190841
-2.619999999999988	0.013859760055674183
-2.6099999999999883	0.014209096568812224
-2.5999999999999885	0.014565942864760772
-2.5899999999999888	0.014930422693553005
-2.579999999999989	0.015302660800917313
-2.569999999999989	0.01568278290634259
-2.5599999999999894	0.01607091568011564
-2.5499999999999896	0.016467186719320438
-2.53999999999999	0.016871724522740338
-2.52999999999999	0.017284658464698958
-2.5199999999999902	0.01770611876780749
-2.5099999999999905	0.018136236474622442
-2.4999999999999907	0.018575143418130987
-2.489999999999991	0.019022972191181372
-2.479999999999991	0.019479856114719668
-2.4699999999999913	0.019945929204884496
-2.4599999999999915	0.02042132613896421
-2.4499999999999917	0.02090618222015694
-2.439999999999992	0.02140063334114629
-2.429999999999992	0.021904815946511908
-2.4199999999999924	0.022418866993928664
-2.4099999999999926	0.022942923914140392
-2.399999999999993	0.023477124569759783
-2.389999999999993	0.024021607212826427
-2.3799999999999932	0.024576510441125375
-2.3699999999999934	0.025141973153309762
-2.3599999999999937	0.02571813450277393
-2.349999999999994	0.02630513385026685
-2.339999999999994	0.026903110715303546
-2.3299999999999943	0.02751220472631225
-2.3199999999999945	0.028132555569532074
-2.3099999999999947	0.028764302936678775
-2.299999999999995	0.029407586471373176
-2.289999999999995	0.03006254571429587
-2.2799999999999954	0.030729320047129555
-2.2699999999999956	0.031408048635282466
-2.259999999999996	0.03209887036925519
-2.249999999999996	0.032801923804992444
-2.239999999999996	0.033517347102830185
-2.2299999999999964	0.034245277965285446
-2.2199999999999966	0.03498585357363855
-2.209999999999997	0.03573921052333168
-2.199999999999997	0.036505484758141346
-2.1899999999999973	0.03728481150318229
-2.1799999999999975	0.038077325196766945
-2.1699999999999977	0.03888315942107634
-2.159999999999998	0.03970244683169457
-2.149999999999998	0.040535319086042194
-2.1399999999999983	0.04138190677066778
-2.1299999999999986	0.042242339327471456
-2.1199999999999988	0.043116744978762736
-2.109999999999999	0.044005250651469215
-2.099999999999999	0.04490798190007025
-2.0899999999999994	0.04582506282866783
-2.0799999999999996	0.046756616012019
-2.07	0.04770276241558478
-2.06	0.04866362131467563
-2.0500000000000003	0.049639310212662754
-2.0400000000000005	0.050629944758280976
-2.0300000000000007	0.051635638662111336
-2.020000000000001	0.052656503612210984
-2.010000000000001	0.05369264918894432
-2.0000000000000013	0.054744182779057994
-1.9900000000000015	0.055811209489032766
-1.9800000000000015	0.05689383205770414
-1.9700000000000015	0.05799215076825636
-1.9600000000000015	0.05910626335959461
-1.9500000000000015	0.06023626493709611
-1.9400000000000015	0.06138224788284728
-1.9300000000000015	0.06254430176538699
-1.9200000000000015	0.0637225132489476
-1.9100000000000015	0.06491696600230255
-1.9000000000000015	0.066127740607255
-1.8900000000000015	0.06735491446676074
-1.8800000000000014	0.06859856171278707
-1.8700000000000014	0.06985875311395613
-1.8600000000000014	0.07113555598297472
-1.8500000000000014	0.0724290340839305
-1.8400000000000014	0.07373924753954052
-1.8300000000000014	0.07506625273832711
-1.8200000000000014	0.07641010224182107
-1.8100000000000014	0.07777084469187659
-1.8000000000000014	0.07914852471810846
-1.7900000000000014	0.08054318284538946
-1.7800000000000014	0.08195485540187954
-1.7700000000000014	0.08338357442708093
-1.7600000000000013	0.08482936758037576
-1.7500000000000013	0.08629225804999037
-1.7400000000000013	0.0877722644624294
-1.7300000000000013	0.0892694007924347
-1.7200000000000013	0.09078367627359751
-1.7100000000000013	0.09231509530961744
-1.7000000000000013	0.09386365738628195
-1.6900000000000013	0.09542935698428488
-1.6800000000000013	0.09701218349290015
-1.6700000000000013	0.0986121211245555
-1.6600000000000013	0.10022914883046855
-1.6500000000000012	0.10186324021723946
-1.6400000000000012	0.10351436346475683
-1.6300000000000012	0.10518248124512389
-1.6200000000000012	0.10686755064297236
-1.6100000000000012	0.10856952307705477
-1.6000000000000012	0.11028834422327101
-1.5900000000000012	0.11202395393919438
-1.5800000000000012	0.11377628619009683
-1.5700000000000012	0.11554526897662164
-1.5600000000000012	0.1173308242641602
-1.5500000000000012	0.1191328679139546
-1.5400000000000011	0.12095130961602948
-1.5300000000000011	0.12278605282406453
-1.5200000000000011	0.12463699469218738
-1.5100000000000011	0.12650402601380648
-1.500000000000001	0.12838703116259734
-1.490000000000001	0.13028588803561594
-1.480000000000001	0.13220046799866353
-1.470000000000001	0.1341306358340012
-1.460000000000001	0.13607624969041002
-1.450000000000001	0.1380371610356974
-1.440000000000001	0.1400132146117549
-1.430000000000001	0.14200424839217304
-1.420000000000001	0.14401009354247954
-1.410000000000001	0.1460305743831456
-1.400000000000001	0.14806550835534324
-1.390000000000001	0.150114705989506
-1.380000000000001	0.15217797087684914
-1.370000000000001	0.15425509964383696
-1.360000000000001	0.1563458819296282
-1.350000000000001	0.1584501003666609
-1.340000000000001	0.16056753056435796
-1.330000000000001	0.162697941095997
-1.320000000000001	0.16484109348887302
-1.310000000000001	0.16699674221776045
-1.300000000000001	0.16916463470169146
-1.290000000000001	0.1713445113041825
-1.280000000000001	0.17353610533691433
-1.270000000000001	0.1757391430668906
-1.260000000000001	0.17795334372714125
-1.2500000000000009	0.18017841953108601
-1.2400000000000009	0.18241407569043988
-1.2300000000000009	0.1846600104368332
-1.2200000000000009	0.18691591504719063
-1.2100000000000009	0.18918147387278245
-1.2000000000000008	0.19145636437211447
-1.1900000000000008	0.19374025714758877
-1.1800000000000008	0.19603281598607025
-1.1700000000000008	0.19833369790324556
-1.1600000000000008	0.20064255319197116
-1.1500000000000008	0.20295902547449277
-1.1400000000000008	0.2052827517585486
-1.1300000000000008	0.20761336249760806
-1.1200000000000008	0.20995048165486213
-1.1100000000000008	0.21229372677138467
-1.1000000000000008	0.21464270903818916
-1.0900000000000007	0.21699703337237924
-1.0800000000000007	0.21935629849714636
-1.0700000000000007	0.22172009702604079
-1.0600000000000007	0.22408801555100308
-1.0500000000000007	0.22645963473458836
-1.0400000000000007	0.22883452940604904
-1.0300000000000007	0.2312122686615695
-1.0200000000000007	0.23359241596846492
-1.0100000000000007	0.2359745292730551
-1.0000000000000007	0.23835816111298172
-0.9900000000000007	0.24074285873319343
-0.9800000000000006	0.243128164205733
-0.9700000000000006	0.24551361455371604
-0.9600000000000006	0.2478987418788152
-0.9500000000000006	0.25028307349282464
-0.9400000000000006	0.2526661320530078
-0.9300000000000006	0.25504743570119975
-0.9200000000000006	0.2574264982062566
-0.9100000000000006	0.25980282911073366
-0.9000000000000006	0.26217593388081983
-0.8900000000000006	0.2645453140599386
-0.8800000000000006	0.26691046742591684
-0.8700000000000006	0.26927088815152245
-0.8600000000000005	0.2716260669684358
-0.8500000000000005	0.27397549133463367
-0.8400000000000005	0.27631864560495484
-0.8300000000000005	0.2786550112048765
-0.8200000000000005	0.28098406680752624
-0.8100000000000005	0.28330528851366127
-0.8000000000000005	0.28561815003460933
-0.7900000000000005	0.2879221228782277
-0.7800000000000005	0.2902166765376194
-0.7700000000000005	0.29250127868258907
-0.7600000000000005	0.2947753953536932
-0.7500000000000004	0.29703849115912834
-0.7400000000000004	0.29929002947356986
-0.7300000000000004	0.3015294726399433
-0.7200000000000004	0.30375628217311396
-0.7100000000000004	0.3059699189658276
-0.7000000000000004	0.3081698434968316
-0.6900000000000004	0.31035551604082473
-0.6800000000000004	0.31252639688031064
-0.6700000000000004	0.3146819465192727
-0.6600000000000004	0.316821625898379
-0.6500000000000004	0.318944896611731
-0.6400000000000003	0.3210512211250973
-0.6300000000000003	0.32314006299534787
-0.6200000000000003	0.3252108870910645
-0.6100000000000003	0.3272631598142718
-0.6000000000000003	0.3292963493230157
-0.5900000000000003	0.3313099257547312
-0.5800000000000003	0.3333033614504504
-0.5700000000000003	0.33527613117862237
-0.5600000000000003	0.33722771236245463
-0.5500000000000003	0.33915758530173856
-0.5400000000000003	0.3410652334013468
-0.5300000000000002	0.34295014339492275
-0.5200000000000002	0.3448118055710471
-0.5100000000000002	0.346649713998119
-0.5000000000000002	0.34846336674900397
-0.49000000000000027	0.350252266125412
-0.48000000000000026	0.3520159188811536
-0.47000000000000025	0.35375383644517705
-0.46000000000000024	0.3554655351431224
-0.45000000000000023	0.35715053641819827
-0.4400000000000002	0.358808367050573
-0.4300000000000002	0.36043855937559055
-0.4200000000000002	0.36204065150044745
-0.4100000000000002	0.3636141875191868
-0.4000000000000002	0.3651587177259903
-0.3900000000000002	0.3666737988261206
-0.38000000000000017	0.368158994146937
-0.37000000000000016	0.36961387384248606
-0.36000000000000015	0.37103801510006823
-0.35000000000000014	0.37243100234217574
-0.34000000000000014	0.37379242742629304
-0.3300000000000001	0.37512188984202033
-0.3200000000000001	0.37641899690530006
-0.3100000000000001	0.377683363949675
-0.3000000000000001	0.3789146145142445
-0.2900000000000001	0.38011238052956275
-0.2800000000000001	0.3812763024977234
-0.2700000000000001	0.38240602967146364
-0.26000000000000006	0.383501220228404
-0.25000000000000006	0.38456154144178856
-0.24000000000000007	0.38558666984743534
-0.23000000000000007	0.38657629140669425
-0.22000000000000006	0.3875301016653187
-0.21000000000000005	0.38844780590818984
-0.20000000000000004	0.3893291193097346
-0.19000000000000003	0.3901737670799084
-0.18000000000000002	0.39098148460572824
-0.17	0.3917520175881847
-0.16	0.392485122174414
-0.15	0.3931805650851176
-0.13999999999999999	0.39383812373709326
-0.12999999999999998	0.3944575863607306
-0.11999999999999998	0.39503875211249956
-0.10999999999999999	0.39558143118227657
-0.09999999999999999	0.3960854448954126
-0.09	0.3965506258095278
-0.08	0.396976817805937
-0.07	0.3973638761755941
-0.060000000000000005	0.39771166769954264
-0.05	0.3980200707238224
-0.04	0.3982889752286951
-0.03	0.39851828289220403
-0.02	0.39870790714803317
-0.01	0.39885777323753496
0	0.3989678182559462
0.01	0.3990379911927779
0.02	0.3990682529662661
0.03	0.3990585764519
0.04	0.3990089465050253
0.05	0.3989193599774516
0.060000000000000005	0.3987898257280496
0.07	0.39862036462738626
0.08	0.39841100955630904
0.09	0.39816180539850327
0.09999999999999999	0.3978728090270576
0.10999999999999999	0.3975440892849924
0.11999999999999998	0.3971757269597515
0.12999999999999998	0.39676781475173395
0.13999999999999999	0.39632045723683074
0.15	0.3958337708229596
0.16	0.39530788370070624
0.17	0.39474293578803876
0.18000000000000002	0.39413907866911296
0.19000000000000003	0.3934964755272711
0.20000000000000004	0.39281530107223095
0.21000000000000005	0.3920957414614898
0.22000000000000006	0.39133799421604815
0.23000000000000007	0.39054226813048226
0.24000000000000007	0.3897087831773846
0.25000000000000006	0.38883777040628714
0.26000000000000006	0.3879294718371314
0.2700000000000001	0.38698414034828876
0.2800000000000001	0.38600203955927315
0.2900000000000001	0.3849834437082126
0.3000000000000001	0.3839286375241147
0.3100000000000001	0.38283791609404466
0.3200000000000001	0.3817115847253238
0.3300000000000001	0.38054995880277676
0.34000000000000014	0.3793533636411648
0.35000000000000014	0.3781221343329128
0.36000000000000015	0.3768566155911906
0.37000000000000016	0.37555716158845803
0.38000000000000017	0.3742241357906435
0.3900000000000002	0.37285791078696234
0.4000000000000002	0.37145886811556583
0.4100000000000002	0.3700273980850745
0.4200000000000002	0.36856389959224495
0.4300000000000002	0.3670687799356554
0.4400000000000002	0.36554245462577495
0.45000000000000023	0.36398534719139447
0.46000000000000024	0.36239788898258074
0.47000000000000025	0.3607805189703157
0.48000000000000026	0.3591336835429164
0.49000000000000027	0.3574578362993564
0.5000000000000002	0.35575343783967883
0.5100000000000002	0.3540209555525908
0.5200000000000002	0.35226086340037427
0.5300000000000002	0.35047364170128864
0.5400000000000003	0.34865977690959815
0.5500000000000003	0.34681976139331433
0.5600000000000003	0.34495409320986636
0.5700000000000003	0.34306327587982277
0.5800000000000003	0.34114781815876655
0.5900000000000003	0.33920823380752585
0.6000000000000003	0.33724504136088834
0.6100000000000003	0.3352587638949319
0.6200000000000003	0.3332499287933216
0.6300000000000003	0.33121906751155106
0.6400000000000003	0.3291667153422383
0.6500000000000004	0.327093411177624
0.6600000000000004	0.32499969727247074
0.6700000000000004	0.32288611900623915
0.6800000000000004	0.3207532246449262
0.6900000000000004	0.3186015651027393
0.7000000000000004	0.3164316937036875
0.7100000000000004	0.31424416594327215
0.7200000000000004	0.31203953925044375
0.7300000000000004	0.30981837274992113
0.7400000000000004	0.30758122702502894
0.7500000000000004	0.3053286638812309
0.7600000000000005	0.30306124611045776
0.7700000000000005	0.3007795372563643
0.7800000000000005	0.29848410138070397
0.7900000000000005	0.2961755028309055
0.8000000000000005	0.29385430600899465
0.8100000000000005	0.2915210751420198
0.8200000000000005	0.2891763740540926
0.8300000000000005	0.2868207659401524
0.8400000000000005	0.28445481314163285
0.8500000000000005	0.28207907692410616
0.8600000000000005	0.279694117257047
0.8700000000000006	0.27730049259583445
0.8800000000000006	0.274898759666125
0.8900000000000006	0.27248947325066336
0.9000000000000006	0.27007318597870206
0.9100000000000006	0.2676504481181072
0.9200000000000006	0.26522180737026196
0.9300000000000006	0.2627878086678587
0.9400000000000006	0.26034899397573114
0.9500000000000006	0.257905902094754
0.9600000000000006	0.2554590684689499
0.9700000000000006	0.2530090249959086
0.9800000000000006	0.25055629984056244
0.9900000000000007	0.2481014172524262
1.0000000000000007	0.2456448973864197
1.0100000000000007	0.24318725612728428
1.0200000000000007	0.24072900491771831
1.0300000000000007	0.2382706505903079
1.0400000000000007	0.2358126952032903
1.0500000000000007	0.23335563588022762
1.0600000000000007	0.23089996465368998
1.0700000000000007	0.22844616831296008
1.0800000000000007	0.22599472825582279
1.0900000000000007	0.22354612034453694
1.1000000000000008	0.22110081476598809
1.1100000000000008	0.21865927589608228
1.1200000000000008	0.21622196216844072
1.1300000000000008	0.21378932594742858
1.1400000000000008	0.21136181340552337
1.1500000000000008	0.20893986440510684
1.1600000000000008	0.20652391238467532
1.1700000000000008	0.20411438424949327
1.1800000000000008	0.20171170026672106
1.1900000000000008	0.19931627396506074
1.2000000000000008	0.19692851203886397
1.2100000000000009	0.19454881425679876
1.2200000000000009	0.19217757337502966
1.2300000000000009	0.18981517505493029
1.2400000000000009	0.18746199778532113
1.2500000000000009	0.18511841280927469
1.260000000000001	0.18278478405540824
1.270000000000001	0.18046146807371957
1.280000000000001	0.1781488139759417
1.290000000000001	0.17584716338037162
1.300000000000001	0.17355685036118576
1.310000000000001	0.17127820140223196
1.320000000000001	0.1690115353552337
1.330000000000001	0.16675716340240807
1.340000000000001	0.1645153890234849
1.350000000000001	0.1622865079670479
1.360000000000001	0.16007080822620523
1.370000000000001	0.15786857001853702
1.380000000000001	0.1556800657702765
1.390000000000001	0.1535055601046871
1.400000000000001	0.15134530983459177
1.410000000000001	0.14919956395900946
1.420000000000001	0.14706856366383197
1.430000000000001	0.1449525423265122
1.440000000000001	0.14285172552470882
1.450000000000001	0.14076633104879063
1.460000000000001	0.138696568918209
1.470000000000001	0.13664264140162868
1.480000000000001	0.1346047430407528
1.490000000000001	0.13258306067781603
1.500000000000001	0.13057777348665658
1.5100000000000011	0.12858905300727305
1.5200000000000011	0.1266170631838556
1.5300000000000011	0.12466196040617608
1.5400000000000011	0.12272389355426876
1.5500000000000012	0.12080300404635151
1.5600000000000012	0.1188994258898894
1.5700000000000012	0.11701328573573479
1.5800000000000012	0.11514470293526131
1.5900000000000012	0.1132937896004236
1.6000000000000012	0.11146065066664805
1.6100000000000012	0.10964538395848142
1.6200000000000012	0.10784808025793029
1.6300000000000012	0.10606882337538215
1.6400000000000012	0.10430769022303871
1.6500000000000012	0.10256475089079672
1.6600000000000013	0.10084006872445307
1.6700000000000013	0.09913370040618259
1.6800000000000013	0.09744569603717601
1.6900000000000013	0.09577609922246014
1.7000000000000013	0.0941249471575357
1.7100000000000013	0.09249227071713666
1.7200000000000013	0.09087809454571784
1.7300000000000013	0.08928243714972213
1.7400000000000013	0.0877053109915113
1.7500000000000013	0.08614672258489002
1.7600000000000013	0.08460667259209675
1.7700000000000014	0.08308515592222163
1.7800000000000014	0.08158216183104049
1.7900000000000014	0.08009767402187772
1.8000000000000014	0.07863167074784684
1.8100000000000014	0.07718412491507799
1.8200000000000014	0.0757550041869306
1.8300000000000014	0.07434427108914951
1.8400000000000014	0.07295188311584697
1.8500000000000014	0.07157779283622498
1.8600000000000014	0.0702219480019925
1.8700000000000014	0.0688842916553651
1.8800000000000014	0.06756476223758698
1.8900000000000015	0.06626329369789477
1.9000000000000015	0.06497981560284989
1.9100000000000015	0.06371425324596054
1.9200000000000015	0.06246652775751666
1.9300000000000015	0.06123655621458791
1.9400000000000015	0.0600242517510801
1.9500000000000015	0.05882952366780584
1.9600000000000015	0.05765227754248964
1.9700000000000015	0.0564924153396478
1.9800000000000015	0.055349835520259724
1.9900000000000015	0.05422443315119369
2.0000000000000013	0.053116100014307534
2.010000000000001	0.05202472471513849
2.020000000000001	0.05095019279119069
2.0300000000000007	0.04989238681967974
2.0400000000000005	0.04885118652473099
2.0500000000000003	0.04782646888396007
2.06	0.04681810823438348
2.07	0.04582597637758604
2.0799999999999996	0.04484994268413582
2.0899999999999994	0.04388987419715966
2.099999999999999	0.04294563573504045
2.109999999999999	0.04201708999320372
2.1199999999999988	0.04110409764493013
2.1299999999999986	0.04020651744116243
2.1399999999999983	0.03932420630923317
2.149999999999998	0.03845701945062553
2.159999999999998	0.03760481043735825
2.1699999999999977	0.03676743130745056
2.1799999999999975	0.035944732659058454
2.1899999999999973	0.035136563743400864
2.199999999999997	0.034342772556417434
2.209999999999997	0.033563205929126025
2.2199999999999966	0.03279770961665855
2.2299999999999964	0.03204612838592504
2.239999999999996	0.0313083061019176
2.249999999999996	0.030584085812594617
2.259999999999996	0.02987330983233919
2.2699999999999956	0.02917581982396969
2.2799999999999954	0.02849145687928376
2.289999999999995	0.027820061598084894
2.299999999999995	0.0271614741658142
2.3099999999999947	0.026515534429461945
2.3199999999999945	0.02588208197214035
2.3299999999999943	0.025260956186013792
2.339999999999994	0.024651996343694613
2.349999999999994	0.024055041668062264
2.3599999999999937	0.02346993140052652
2.3699999999999934	0.022896504867688426
2.3799999999999932	0.02233460154642852
2.389999999999993	0.021784061127395497
2.399999999999993	0.021244723576906367
2.4099999999999926	0.020716429197242182
2.4199999999999924	0.020199018685359477
2.429999999999992	0.019692333189989635
2.439999999999992	0.01919621436715592
2.4499999999999917	0.01871050443409066
2.4599999999999915	0.01823504622157229
2.4699999999999913	0.017769683224672216
2.479999999999991	0.017314259651923715
2.489999999999991	0.01686862047293607
2.4999999999999907	0.01643261146442411
2.5099999999999905	0.01600607925470371
2.5199999999999902	0.015588871366635164
2.52999999999999	0.015180836259037515
2.53999999999999	0.014781823366580854
2.5499999999999896	0.014391683138174665
2.5599999999999894	0.014010267073856511
2.569999999999989	0.013637427760203094
2.579999999999989	0.01327301890427534
2.5899999999999888	0.01291689536611669
2.5999999999999885	0.012568913189805112
2.6099999999999883	0.012228929633105803
2.619999999999988	0.011896803195717013
2.629999999999988	0.011572393646119545
2.6399999999999877	0.011255562047090606
2.6499999999999875	0.010946170779851888
2.6599999999999873	0.010644083566900334
2.669999999999987	0.010349165493541543
2.679999999999987	0.010061283028128911
2.6899999999999866	0.009780304041043396
2.6999999999999864	0.009506097822434485
2.709999999999986	0.009238535098743297
2.719999999999986	0.00897748804801753
2.7299999999999858	0.008722830314060258
2.7399999999999856	0.00847443701943107
2.7499999999999853	0.008232184777299614
2.759999999999985	0.00799595170220538
2.769999999999985	0.007765617419733803
2.7799999999999847	0.007541063075125637
2.7899999999999845	0.007322171340850499
2.7999999999999843	0.0071088264231764006
2.809999999999984	0.006900914067737203
2.819999999999984	0.006698321564138944
2.8299999999999836	0.006500937749634429
2.8399999999999834	0.006308653011863349
2.849999999999983	0.00612135929070909
2.859999999999983	0.0059389500792898405
2.869999999999983	0.005761320424088247
2.8799999999999826	0.005588366924276012
2.8899999999999824	0.005419987730233557
2.899999999999982	0.005256082541290745
2.909999999999982	0.005096552602722028
2.9199999999999817	0.0049413007020194435
2.9299999999999815	0.004790231164446916
2.9399999999999813	0.004643249847928162
2.949999999999981	0.004500264137271684
2.959999999999981	0.004361182937760015
2.9699999999999807	0.004225916668125585
2.9799999999999804	0.004094377252944676
2.9899999999999802	0.003966478114452383
2.99999999999998	0.003842134163822534
3.00999999999998	0.003721261791917899
3.0199999999999796	0.0036037788595417695
3.0299999999999794	0.003489604687207217
3.039999999999979	0.0033786600444414895
3.049999999999979	0.003270867138666899
3.0599999999999787	0.0031661496036417104
3.0699999999999785	0.0030644324875167854
3.0799999999999783	0.002965642240510262
3.089999999999978	0.0028697067022200626
3.099999999999978	0.0027765550885952
3.1099999999999777	0.0026861179785939854
3.1199999999999775	0.002598327300527107
3.1299999999999772	0.002513116318118588
3.139999999999977	0.002430419616312462
3.149999999999977	0.002350173086810203
3.1599999999999766	0.0022723139133821076
3.1699999999999764	0.0021967805569729514
3.179999999999976	0.0021235127405898183
3.189999999999976	0.002052451434020881
3.1999999999999758	0.001983538838377817
3.2099999999999755	0.0019167183704871355
3.2199999999999753	0.0018519346471416733
3.229999999999975	0.001789133469233472
3.239999999999975	0.0017282618057667288
3.2499999999999747	0.0016692677777867722
3.2599999999999745	0.0016121006422163975
3.2699999999999743	0.0015567107756303384
3.279999999999974	0.0015030496579422855
3.289999999999974	0.0014510698561639598
3.2999999999999736	0.0014007250079090625
3.3099999999999734	0.0013519698050947324
3.319999999999973	0.0013047599775222424
3.329999999999973	0.0012590522764854277
3.3399999999999728	0.0012148044583785058
3.3499999999999726	0.0011719752683173488
3.3599999999999723	0.0011305244238903583
3.369999999999972	0.0010904125987340528
3.379999999999972	0.0010516014063778041
3.3899999999999717	0.0010140533840344837
3.3999999999999715	0.0009777319764809438
3.4099999999999713	0.0009426015200113594
3.419999999999971	0.0009086272264744483
3.429999999999971	0.0008757751673957972
3.4399999999999706	0.0008440122582013654
3.4499999999999704	0.0008133062425425191
3.45999999999997	0.0007836256767257045
3.46999999999997	0.0007549399142623784
3.47999999999997	0.0007272190905512274
3.4899999999999696	0.0007004341076538545
3.4999999999999694	0.0006745566192410026
3.509999999999969	0.0006495590156532107
3.519999999999969	0.0006254144091107788
3.5299999999999687	0.0006020966190639314
3.5399999999999685	0.0005795801577084551
3.5499999999999683	0.0005578402156307783
3.559999999999968	0.00053685264763151
3.569999999999968	0.0005165939587057447
3.5799999999999677	0.0004970412901820103
3.5899999999999674	0.00047817240603126196
3.5999999999999672	0.00045996567934834034
3.609999999999967	0.00044240007900585196
3.619999999999967	0.0004254551564738886
3.6299999999999666	0.0004091110328173136
3.6399999999999664	0.00039334838592632173
3.649999999999966	0.0003781484377984403
3.659999999999966	0.00036349294213753984
3.6699999999999657	0.0003493641720658382
3.6799999999999655	0.0003357449080291494
3.6899999999999653	0.0003226184258986333
3.699999999999965	0.0003099684852443463
3.709999999999965	0.0002977793177935744
3.7199999999999647	0.0002860356161254348
3.7299999999999645	0.0002747225224431125
3.7399999999999642	0.0002638256176423105
3.749999999999964	0.00025333091051500905
3.759999999999964	0.00024322482714311146
3.7699999999999636	0.00023349420048699715
3.7799999999999634	0.0002241262601493905
3.789999999999963	0.00021510862233488858
3.799999999999963	0.00020642927998619956
3.8099999999999627	0.00019807659310646815
3.8199999999999625	0.0001900392792640629
3.8299999999999623	0.00018230640427971585
3.839999999999962	0.00017486737309094647
3.849999999999962	0.0001677119207991848
3.8599999999999617	0.00016083010389663098
3.8699999999999615	0.00015421229165075537
3.8799999999999613	0.00014784915771699043
3.889999999999961	0.00014173167184114725
3.899999999999961	0.00013585109180048405
3.9099999999999606	0.00013019895551872698
3.9199999999999604	0.00012476707328136854
3.92999999999996	0.000119547520194132
3.93999999999996	0.00011453262875248989
3.9499999999999598	0.00010971498162226865
3.9599999999999596	0.00010508740453615599
3.9699999999999593	0.00010064295936170941
3.979999999999959	0.00009637493736103978
3.989999999999959	0.00009227685255059597
3.9999999999999587	0.00008834243525582487
4.009999999999959	0.000084565625795591
4.019999999999959	0.00008094056832483879
4.0299999999999585	0.0000774616048180891
4.039999999999958	0.0000741232692025792
4.049999999999958	0.00007092028162724586
4.059999999999958	0.00006784754288049081
4.069999999999958	0.0000649001289350852
4.079999999999957	0.0000620732856381772
4.089999999999957	0.00005936242352416033
4.099999999999957	0.00005676311277499217
4.109999999999957	0.00005427107828647074
4.119999999999957	0.00005188219487873487
4.129999999999956	0.0000495924826304845
4.139999999999956	0.0000473981023207372
4.149999999999956	0.00004529535100529194
4.159999999999956	0.000043280657700993
4.1699999999999555	0.00004135057919270714
4.179999999999955	0.00003950179594592987
4.189999999999955	0.000037731108134613854
4.199999999999955	0.00003603543177765894
4.209999999999955	0.00003441179497424058
4.2199999999999545	0.00003285733425944519
4.229999999999954	0.00003136929103959769
4.239999999999954	0.000029945008151387902
4.249999999999954	0.000028581926494746818
4.259999999999954	0.000027277581777604922
4.269999999999953	0.00002602960135505154
4.279999999999953	0.000024835701143092735
4.289999999999953	0.00002369368263918193
4.299999999999953	0.000022601430023416557
4.3099999999999525	0.000021556907343095167
4.319999999999952	0.00002055815578102365
4.329999999999952	0.000019603291012024247
4.339999999999952	0.000018690500625097376
4.349999999999952	0.000017818041638234474
4.3599999999999515	0.000016984238075939604
4.369999999999951	0.000016187478632195356
4.379999999999951	0.000015426214393783733
4.389999999999951	0.000014698956643847237
4.399999999999951	0.000014004274724246224
4.40999999999995	0.00001334079397530966
4.41999999999995	0.000012707193731285683
4.42999999999995	0.000012102205382217879
4.43999999999995	0.000011524610496524593
4.4499999999999496	0.000010973239010736202
4.459999999999949	0.00001044696746328291
4.469999999999949	9.944717303394223e-6
4.479999999999949	9.465453229716325e-6
4.489999999999949	9.008181613837027e-6
4.4999999999999485	8.571948953376612e-6
4.509999999999948	8.155840381366491e-6
4.519999999999948	7.7589782314524e-6
4.529999999999948	7.380520639762036e-6
4.539999999999948	7.019660206473817e-6
4.549999999999947	6.67562268988278e-6
4.559999999999947	6.34766575847296e-6
4.569999999999947	6.035077769273237e-6
4.579999999999947	5.737176602910988e-6
4.589999999999947	5.453308528110448e-6
4.599999999999946	5.182847131262397e-6
4.609999999999946	4.925192190533202e-6
4.619999999999946	4.67976876116766e-6
4.629999999999946	4.446026143710713e-6
4.6399999999999455	4.223436887510674e-6
4.649999999999945	4.011495974427658e-6
4.659999999999945	3.8097198743546205e-6
4.669999999999945	3.6176457103372126e-6
4.679999999999945	3.434830437785262e-6
4.689999999999944	3.2608500642020937e-6
4.699999999999944	3.0952988744555197e-6
4.709999999999944	2.93778870391287e-6
4.719999999999944	2.7879482403269087e-6
4.729999999999944	2.6454223280784537e-6
4.739999999999943	2.5098713225569075e-6
4.749999999999943	2.380970482387179e-6
4.759999999999943	2.25840928650496e-6
4.769999999999943	2.1418908960411037e-6
4.7799999999999425	2.0311316497144827e-6
4.789999999999942	1.9258604323615654e-6
4.799999999999942	1.8258182073286181e-6
4.809999999999942	1.7307574730120942e-6
4.819999999999942	1.6404418270873018e-6
4.8299999999999415	1.5546454620481365e-6
4.839999999999941	1.4731527415737633e-6
4.849999999999941	1.395757769815802e-6
4.859999999999941	1.32226397522551e-6
4.869999999999941	1.252483718125237e-6
4.87999999999994	1.1862379069789232e-6
4.88999999999994	1.1233556355111452e-6
4.89999999999994	1.0636738324204109e-6
4.90999999999994	1.007036920738237e-6
4.9199999999999395	9.532964995791503e-7
4.929999999999939	9.023110275007403e-7
4.939999999999939	8.539455279839948e-7
4.949999999999939	8.080713025740301e-7
4.959999999999939	7.645656551869845e-7
4.9699999999999385	7.23311630889357e-7
4.979999999999938	6.841977619717256e-7
4.989999999999938	6.471178235396032e-7
4.999999999999938	6.119706034634566e-7
5.009999999999938	5.786596792000889e-7
5.019999999999937	5.470932034900839e-7
5.029999999999937	5.17183699996211e-7
5.039999999999937	4.888478671201292e-7
5.049999999999937	4.620063896541847e-7
5.0599999999999365	4.365837589172313e-7
5.069999999999936	4.1250810210843946e-7
5.079999999999936	3.897110110664124e-7
5.089999999999936	3.6812738779188263e-7
5.099999999999936	3.4769529790026924e-7
5.1099999999999355	3.2835581866069007e-7
5.119999999999935	3.1005290258613467e-7
5.129999999999935	2.927332447496088e-7
5.139999999999935	2.763461554184659e-7
5.149999999999935	2.608434382540394e-7
5.159999999999934	2.461792769049067e-7
5.169999999999934	2.323101188506752e-7
5.179999999999934	2.1919457238916765e-7
5.189999999999934	2.067933051546757e-7
5.199999999999934	1.9506894382736703e-7
5.209999999999933	1.8398598779713876e-7
5.219999999999933	1.735107162373131e-7
5.229999999999933	1.6361109946826455e-7
5.239999999999933	1.5425672485984967e-7
5.2499999999999325	1.4541871671361058e-7
5.259999999999932	1.370696657554352e-7
5.269999999999932	1.2918354196475393e-7
5.279999999999932	1.2173565982028474e-7
5.289999999999932	1.1470257903870389e-7
5.299999999999931	1.0806207137601894e-7
5.309999999999931	1.0179303869784684e-7
5.319999999999931	9.587547173049101e-8