-5.729999999999922	9.763817650425614e-8
-5.7199999999999225	1.027180745908038e-7
-5.709999999999923	1.0805388144771417e-7
-5.699999999999923	1.1365806998902658e-7
-5.689999999999923	1.1954363765525662e-7
-5.679999999999923	1.2572421967206481e-7
-5.6699999999999235	1.322140995571306e-7
-5.659999999999924	1.390281893239605e-7
-5.649999999999924	1.461821150735962e-7
-5.639999999999924	1.5369221384015046e-7
-5.629999999999924	1.6157558151986108e-7
-5.619999999999925	1.698500922998074e-7
-5.609999999999925	1.7853446700256379e-7
-5.599999999999925	1.8764826490524427e-7
-5.589999999999925	1.972119412601929e-7
-5.5799999999999255	2.07246890066818e-7
-5.569999999999926	2.177754812208574e-7
-5.559999999999926	2.2882111269314468e-7
-5.549999999999926	2.404082128048666e-7
-5.539999999999926	2.525623486944148e-7
-5.5299999999999265	2.653102280515076e-7
-5.519999999999927	2.786797742582772e-7
-5.509999999999927	2.9270016789191875e-7
-5.499999999999927	3.0740189039802723e-7
-5.489999999999927	3.228167957370412e-7
-5.479999999999928	3.3897816294853887e-7
-5.469999999999928	3.5592075744729244e-7
-5.459999999999928	3.736808940886423e-7
-5.449999999999928	3.922965020347973e-7
-5.4399999999999284	4.1180719399681396e-7
-5.429999999999929	4.3225433617913913e-7
-5.419999999999929	4.5368112272107763e-7
-5.409999999999929	4.761326520124429e-7
-5.399999999999929	4.996560064863185e-7
-5.3899999999999295	5.243003374157371e-7
-5.37999999999993	5.501169430615814e-7
-5.36999999999993	5.771593718805612e-7
-5.35999999999993	6.054834992947588e-7
-5.34999999999993	6.351476388215605e-7
-5.339999999999931	6.662126336259932e-7
-5.329999999999931	6.987419631298819e-7
-5.319999999999931	7.328018508267545e-7
-5.309999999999931	7.684613768795145e-7
-5.299999999999931	8.057925944309156e-7
-5.289999999999932	8.448706537705218e-7
-5.279999999999932	8.857739159667077e-7
-5.269999999999932	9.285841043298431e-7
-5.259999999999932	9.733864156538114e-7
-5.2499999999999325	1.020269681799097e-6
-5.239999999999933	1.0693265034853227e-6
-5.229999999999933	1.1206534041626645e-6
-5.219999999999933	1.1743509874267893e-6
-5.209999999999933	1.230524099249666e-6
-5.199999999999934	1.2892819970018875e-6
-5.189999999999934	1.3507385244317444e-6
-5.179999999999934	1.4150122930613375e-6
-5.169999999999934	1.4822268703878028e-6
-5.159999999999934	1.5525109734602077e-6
-5.149999999999935	1.6259986757663583e-6
-5.139999999999935	1.702829613385763e-6
-5.129999999999935	1.783149199530967e-6
-5.119999999999935	1.8671088539357354e-6
-5.1099999999999355	1.9548662347518208e-6
-5.099999999999936	2.0465854815943628e-6
-5.089999999999936	2.14243746021848e-6
-5.079999999999936	2.2426000275410975e-6
-5.069999999999936	2.3472582990904182e-6
-5.0599999999999365	2.4566049217261146e-6
-5.049999999999937	2.570840381973161e-6
-5.039999999999937	2.6901732621492534e-6
-5.029999999999937	2.81482060016064e-6
-5.019999999999937	2.945008167473765e-6
-5.009999999999938	3.08097081032915e-6
-4.999999999999938	3.2229528208889355e-6
-4.989999999999938	3.3712082388362913e-6
-4.979999999999938	3.526001272050154e-6
-4.9699999999999385	3.687606612611007e-6
-4.959999999999939	3.856309917081202e-6
-4.949999999999939	4.032408096894017e-6
-4.939999999999939	4.216209860051819e-6
-4.929999999999939	4.408036041065537e-6
-4.9199999999999395	4.608220101780489e-6
-4.90999999999994	4.8171085853685315e-6
-4.89999999999994	5.035061596717716e-6
-4.88999999999994	5.2624532837540246e-6
-4.87999999999994	5.499672363134044e-6
-4.869999999999941	5.747122643146932e-6
-4.859999999999941	6.005223562934398e-6
-4.849999999999941	6.274410766149008e-6
-4.839999999999941	6.555136674566129e-6
-4.8299999999999415	6.847871094594715e-6
-4.819999999999942	7.153101831515309e-6
-4.809999999999942	7.4713353346809565e-6
-4.799999999999942	7.803097360595495e-6
-4.789999999999942	8.148933644995675e-6
-4.7799999999999425	8.509410623123112e-6
-4.769999999999943	8.885116144526341e-6
-4.759999999999943	9.276660225874916e-6
-4.749999999999943	9.684675827737002e-6
-4.739999999999943	0.000010109819653360227
-4.729999999999944	0.000010552772964130565
-4.719999999999944	0.000011014242436250308
-4.709999999999944	0.000011494961042730192
-4.699999999999944	0.000011995688939176074
-4.689999999999944	0.000012517214405900156
-4.679999999999945	0.000013060354805387348
-4.669999999999945	0.000013625957576706323
-4.659999999999945	0.000014214901241331634
-4.649999999999945	0.000014828096468172881
-4.6399999999999455	0.00001546648714069004
-4.629999999999946	0.000016131051482366
-4.619999999999946	0.000016822803207764462
-4.609999999999946	0.000017542792683747518
-4.599999999999946	0.000018292108170111056
-4.589999999999947	0.000019071877070291703
-4.579999999999947	0.000019883267204015088
-4.569999999999947	0.000020727488150209968
-4.559999999999947	0.00002160579261158104
-4.549999999999947	0.00002251947781851903
-4.539999999999948	0.0000234698869755286
-4.529999999999948	0.00002445841076048442
-4.519999999999948	0.000025486488833492917
-4.509999999999948	0.00002655561143493328
-4.4999999999999485	0.000027667320995249903
-4.489999999999949	0.000028823213802671854
-4.479999999999949	0.00003002494170941947
-4.469999999999949	0.000031274213894652694
-4.459999999999949	0.000032572798679768804
-4.4499999999999496	0.00003392252537888252
-4.43999999999995	0.000035325286212259044
-4.42999999999995	0.000036783038269210456
-4.41999999999995	0.00003829780551806483
-4.40999999999995	0.00003987168088354215
-4.399999999999951	0.00004150682836824033
-4.389999999999951	0.00004320548523358473
-4.379999999999951	0.000044969964246780575
-4.369999999999951	0.000046802655975145774
-4.3599999999999515	0.00004870603114713383
-4.349999999999952	0.000050682643076134925
-4.339999999999952	0.00005273513015011061
-4.329999999999952	0.00005486621836814896
-4.319999999999952	0.00005707872396772831
-4.3099999999999525	0.00005937555610631221
-4.299999999999953	0.00006175971960239292
-4.289999999999953	0.00006423431776343358
-4.279999999999953	0.00006680255527629161
-4.269999999999953	0.00006946774116025587
-4.259999999999954	0.00007223329181314206
-4.249999999999954	0.00007510273411950302
-4.239999999999954	0.000078079708633878
-4.229999999999954	0.00008116797284473777
-4.2199999999999545	0.00008437140452803022
-4.209999999999955	0.00008769400515655885
-4.199999999999955	0.00009113990340949932
-4.189999999999955	0.000094713358764687
-4.179999999999955	0.00009841876516925194
-4.1699999999999555	0.00010226065478731813
-4.159999999999956	0.00010624370186264818
-4.149999999999956	0.00011037272663810448
-4.139999999999956	0.00011465269939219063
-4.129999999999956	0.00011908874451476212
-4.119999999999957	0.00012368614477760572
-4.109999999999957	0.0001284503455836628
-4.099999999999957	0.00013338695939888912
-4.089999999999957	0.0001385017701901781
-4.079999999999957	0.00014380073808317672
-4.069999999999958	0.0001492900040159564
-4.059999999999958	0.00015497589453371453
-4.049999999999958	0.0001608649266742477
-4.039999999999958	0.00016696381299355744
-4.0299999999999585	0.00017327946662866353
-4.019999999999959	0.0001798190065190943
-4.009999999999959	0.00018658976271840428
-3.9999999999999587	0.00019359928183837786
-3.989999999999959	0.00020085533253731696
-3.979999999999959	0.00020836591118670382
-3.9699999999999593	0.00021613924762773295
-3.9599999999999596	0.00022418381101929944
-3.9499999999999598	0.000232508315831625
-3.93999999999996	0.00024112172793739914
-3.92999999999996	0.00025003327081907884
-3.9199999999999604	0.00025925243189472627
-3.9099999999999606	0.00026878896897505655
-3.899999999999961	0.00027865291681112485
-3.889999999999961	0.00028885459378751586
-3.8799999999999613	0.00029940460872492997
-3.8699999999999615	0.0003103138678058747
-3.8599999999999617	0.0003215935816178011
-3.849999999999962	0.00033325527232757723
-3.839999999999962	0.0003453107809733761
-3.8299999999999623	0.00035777227487478235
-3.8199999999999625	0.0003706522551878466
-3.8099999999999627	0.0003839635645584766
-3.799999999999963	0.00039771939491049763
-3.789999999999963	0.000411933295375321
-3.7799999999999634	0.0004266191803218906
-3.7699999999999636	0.0004417913375231721
-3.759999999999964	0.00045746443645768784
-3.749999999999964	0.00047365353671454465
-3.7399999999999642	0.0004903740965625901
-3.7299999999999645	0.0005076419815842975
-3.7199999999999647	0.0005254734734979076
-3.709999999999965	0.000543885279059219
-3.699999999999965	0.0005628945391187065
-3.6899999999999653	0.000582518837784518
-3.6799999999999655	0.0006027762117062829
-3.6699999999999657	0.0006236851594958998
-3.659999999999966	0.0006452646512579563
-3.649999999999966	0.0006675341382565666
-3.6399999999999664	0.0006905135626622313
-3.6299999999999666	0.0007142233674722751
-3.619999999999967	0.0007386845065013715
-3.609999999999967	0.0007639184545137478
-3.5999999999999672	0.0007899472174684848
-3.5899999999999674	0.0008167933428546766
-3.5799999999999677	0.000844479930175325
-3.569999999999968	0.0008730306414636754
-3.559999999999968	0.000902469712030002
-3.5499999999999683	0.000932821961193754
-3.5399999999999685	0.0009641128031761592
-3.5299999999999687	0.0009963682580771188
-3.519999999999969	0.0010296149629452685
-3.509999999999969	0.0010638801829735537
-3.4999999999999694	0.0010991918226888535
-3.4899999999999696	0.0011355784373787018
-3.47999999999997	0.001173069244474175
-3.46999999999997	0.0012116941350654388
-3.45999999999997	0.001251483685479233
-3.4499999999999704	0.0012924691689485633
-3.4399999999999706	0.001334682567328436
-3.429999999999971	0.0013781565828790518
-3.419999999999971	0.0014229246501213499
-3.4099999999999713	0.0014690209477245082
-3.3999999999999715	0.001516480410494125
-3.3899999999999717	0.0015653387413092038
-3.379999999999972	0.0016156324232014926
-3.369999999999972	0.0016673987314046177
-3.3599999999999723	0.0017206757454531004
-3.3499999999999726	0.0017755023613121959
-3.3399999999999728	0.0018319183034907103
-3.329999999999973	0.0018899641371896475
-3.319999999999973	0.0019496812804966769
-3.3099999999999734	0.002011112016444138
-3.2999999999999736	0.0020742995052009027
-3.289999999999974	0.0021392877961789723
-3.279999999999974	0.002206121840108083
-3.2699999999999743	0.0022748475011016506
-3.2599999999999745	0.002345511568675604
-3.2499999999999747	0.0024181617697024726
-3.239999999999975	0.0024928467803237426
-3.229999999999975	0.002569616237802784
-3.2199999999999753	0.0026485207522786713
-3.2099999999999755	0.0027296119184496534
-3.1999999999999758	0.002812942327176238
-3.189999999999976	0.002898565576952819
-3.179999999999976	0.0029865362852842404
-3.1699999999999764	0.003076910099941686
-3.1599999999999766	0.003169743710079257
-3.149999999999977	0.0032650948571959727
-3.139999999999977	0.003363022345973318
-3.1299999999999772	0.003463586054917352
-3.1199999999999775	0.0035668469468296987
-3.1099999999999777	0.0036728670791090308
-3.099999999999978	0.00378170961383438
-3.089999999999978	0.0038934388276285607
-3.0799999999999783	0.004008120121329687
-3.0699999999999785	0.004125820029394685
-3.0599999999999787	0.004246606229060441
-3.049999999999979	0.00437054754925723
-3.039999999999979	0.0044977139792356565
-3.0299999999999794	0.004628176676891923
-3.0199999999999796	0.004762007976817629
-3.00999999999998	0.004899281398021024
-2.99999999999998	0.005040071651301732
-2.9899999999999802	0.005184454646310894
-2.9799999999999804	0.005332507498238297
-2.9699999999999807	0.00548430853411501
-2.959999999999981	0.005639937298745805
-2.949999999999981	0.005799474560235865
-2.9399999999999813	0.005963002315081972
-2.9299999999999815	0.006130603792851923
-2.9199999999999817	0.00630236346040501
-2.909999999999982	0.006478367025645359
-2.899999999999982	0.00665870144079372
-2.8899999999999824	0.0068434549051798275
-2.8799999999999826	0.007032716867490413
-2.869999999999983	0.0072265780275183765
-2.859999999999983	0.007425130337346947
-2.849999999999983	0.007628467001985654
-2.8399999999999834	0.00783668247940573
-2.8299999999999836	0.008049872480018299
-2.819999999999984	0.008268133965500267
-2.809999999999984	0.008491565147009088
-2.7999999999999843	0.008720265482761195
-2.7899999999999845	0.008954335674931221
-2.7799999999999847	0.009193877665867581
-2.769999999999985	0.009438994633639276
-2.759999999999985	0.00968979098683721
-2.7499999999999853	0.009946372358658093
-2.7399999999999856	0.010208845600243656
-2.7299999999999858	0.010477318773251526
-2.719999999999986	0.010751901141627117
-2.709999999999986	0.011032703162606933
-2.6999999999999864	0.011319836476888527
-2.6899999999999866	0.011613413897952162
-2.679999999999987	0.011913549400563548
-2.669999999999987	0.012220358108395848
-2.6599999999999873	0.012533956280755766
-2.6499999999999875	0.012854461298425214
-2.6399999999999877	0.01318199164859489
-2.629999999999988	0.01351666690883506
-2.619999999999988	0.013858607730147325
-2.6099999999999883	0.014207935819049364
-2.5999999999999885	0.014564773918662137
-2.5899999999999888	0.014929245788816806
-2.579999999999989	0.015301476185165414
-2.569999999999989	0.015681590837228303
-2.5599999999999894	0.016069716425441326
-2.5499999999999896	0.016465980557140453
-2.53999999999999	0.016870511741464752
-2.52999999999999	0.017283439363191794
-2.5199999999999902	0.017704893655481304
-2.5099999999999905	0.018135005671526767
-2.4999999999999907	0.018573907255041898
-2.489999999999991	0.019021731009677828
-2.479999999999991	0.019478610267258636
-2.4699999999999913	0.01994467905486962
-2.4599999999999915	0.020420072060810403
-2.4499999999999917	0.020904924599344555
-2.439999999999992	0.021399372574275093
-2.429999999999992	0.021903552441349335
-2.4199999999999924	0.02241760116944656
-2.4099999999999926	0.02294165620054853
-2.399999999999993	0.023475855408531084
-2.389999999999993	0.024020337056715725
-2.3799999999999932	0.02457523975418136
-2.3699999999999934	0.025140702410879325
-2.3599999999999937	0.025716864191496498
-2.349999999999994	0.026303864468071394
-2.339999999999994	0.026901842771382134
-2.3299999999999943	0.02751093874110099
-2.3199999999999945	0.02813129207467035
-2.3099999999999947	0.028763042474968543
-2.299999999999995	0.029406329596727135
-2.289999999999995	0.030061292991676015
-2.2799999999999954	0.030728072052477778
-2.2699999999999956	0.03140680595544245
-2.259999999999996	0.032097633601892286
-2.249999999999996	0.032800693558492314
-2.239999999999996	0.033516123996188495
-2.2299999999999964	0.03424406262799522
-2.2199999999999966	0.03498464664556517
-2.209999999999997	0.035738012654576594
-2.199999999999997	0.03650429660889634
-2.1899999999999973	0.03728363374357679
-2.1799999999999975	0.03807615850670301
-2.1699999999999977	0.038882004490050755
-2.159999999999998	0.03970130435861167
-2.149999999999998	0.04053418977901824
-2.1399999999999983	0.04138079134682358
-2.1299999999999986	0.04224123851270781
-2.1199999999999988	0.04311565950754724
-2.109999999999999	0.044004181266583994
-2.099999999999999	0.044906929352366544
-2.0899999999999994	0.04582402787680383
-2.0799999999999996	0.046755599422185275
-2.07	0.04770176496122248
-2.06	0.04866264377618262
-2.0500000000000003	0.04963835337708643
-2.0400000000000005	0.05062900941900724
-2.0300000000000007	0.05163472561852959
-2.020000000000001	0.05265561366938789
-2.010000000000001	0.053691783157263646
-2.0000000000000013	0.05474334147386424
-1.9900000000000015	0.05581039373026002
-1.9800000000000015	0.056893042669494506
-1.9700000000000015	0.05799138857856763
-1.9600000000000015	0.059105529199797946
-1.9500000000000015	0.06023555964156054
-1.9400000000000015	0.061381572288522555
-1.9300000000000015	0.06254365671136164
-1.9200000000000015	0.06372189957600538
-1.9100000000000015	0.06491638455246872
-1.9000000000000015	0.06612719222333242
-1.8900000000000015	0.06735439999185423
-1.8800000000000014	0.06859808198981972
-1.8700000000000014	0.06985830898518024
-1.8600000000000014	0.07113514828946499
-1.8500000000000014	0.07242866366507332
-1.8400000000000014	0.07373891523251204
-1.8300000000000014	0.07506595937756472
-1.8200000000000014	0.07640984865848725
-1.8100000000000014	0.07777063171331361
-1.8000000000000014	0.07914835316727063
-1.7900000000000014	0.08054305354032666
-1.7800000000000014	0.08195476915512595
-1.7700000000000014	0.08338353204509516
-1.7600000000000013	0.08482936986295436
-1.7500000000000013	0.08629230578968508
-1.7400000000000013	0.08777235844395229
-1.7300000000000013	0.08926954179205922
-1.7200000000000013	0.09078386505855324
-1.7100000000000013	0.09231533263748405
-1.7000000000000013	0.09386394400437308
-1.6900000000000013	0.09542969362903235
-1.6800000000000013	0.09701257088922549
-1.6700000000000013	0.09861255998525048
-1.6600000000000013	0.10022963985555769
-1.6500000000000012	0.10186378409338087
-1.6400000000000012	0.10351496086457627
-1.6300000000000012	0.10518313282659923
-1.6200000000000012	0.10686825704879366
-1.6100000000000012	0.10857028493398738
-1.6000000000000012	0.11028916214152254
-1.5900000000000012	0.11202482851178057
-1.5800000000000012	0.11377721799220757
-1.5700000000000012	0.11554625856498899
-1.5600000000000012	0.11733187217643185
-1.5500000000000012	0.11913397466806017
-1.5400000000000011	0.12095247570956301
-1.5300000000000011	0.12278727873365486
-1.5200000000000011	0.12463828087288366
-1.5100000000000011	0.12650537289846792
-1.500000000000001	0.12838843916128626
-1.490000000000001	0.1302873575349945
-1.480000000000001	0.13220199936140276
-1.470000000000001	0.13413222939818892
-1.460000000000001	0.13607790576897358
-1.450000000000001	0.13803887991582534
-1.440000000000001	0.1400149965543364
-1.430000000000001	0.14200609363124161
-1.420000000000001	0.1440120022846694
-1.410000000000001	0.14603254680716163
-1.400000000000001	0.14806754461142815
-1.390000000000001	0.15011680619893564
-1.380000000000001	0.15218013513143092
-1.370000000000001	0.15425732800541847
-1.360000000000001	0.15634817442962196
-1.350000000000001	0.15845245700558835
-1.340000000000001	0.16056995131140392
-1.330000000000001	0.1627004258885771
-1.320000000000001	0.16484364223221606
-1.310000000000001	0.1669993547845158
-1.300000000000001	0.16916731093153772
-1.290000000000001	0.171347251003463
-1.280000000000001	0.17353890827829108
-1.270000000000001	0.17574200898900968
-1.260000000000001	0.17795627233433525
-1.2500000000000009	0.1801814104930656
-1.2400000000000009	0.1824171286420271
-1.2300000000000009	0.1846631249777214
-1.2200000000000009	0.18691909074169177
-1.2100000000000009	0.1891847102496407
-1.2000000000000008	0.1914596609242792
-1.1900000000000008	0.19374361333208512
-1.1800000000000008	0.1960362312238462
-1.1700000000000008	0.1983371715790386
-1.1600000000000008	0.2006460846542314
-1.1500000000000008	0.20296261403528654
-1.1400000000000008	0.2052863966935268
-1.1300000000000008	0.2076170630459526
-1.1200000000000008	0.20995423701931384
-1.1100000000000008	0.21229753611825114
-1.1000000000000008	0.2146465714974033
-1.0900000000000007	0.21700094803756936
-1.0800000000000007	0.2193602644257358
-1.0700000000000007	0.22172411323938138
-1.0600000000000007	0.22409208103449904
-1.0500000000000007	0.2264637484379379
-1.0400000000000007	0.22883869024334233
-1.0300000000000007	0.23121647551171648
-1.0200000000000007	0.23359666767518658
-1.0100000000000007	0.23597882464534853
-1.0000000000000007	0.23836249892550762
-0.9900000000000007	0.2407472377264295
-0.9800000000000006	0.24313258308643235
-0.9700000000000006	0.24551807199529643
-0.9600000000000006	0.2479032365217421
-0.9500000000000006	0.25028760394511956
-0.9400000000000006	0.2526706968908025
-0.9300000000000006	0.25505203346904975
-0.9200000000000006	0.25743112741780394
-0.9100000000000006	0.25980748824923766
-0.9000000000000006	0.2621806213997404
-0.8900000000000006	0.2645500283835479
-0.8800000000000006	0.2669152069499408
-0.8700000000000006	0.26927565124381025
-0.8600000000000005	0.27163085196965375
-0.8500000000000005	0.2739802965589796
-0.8400000000000005	0.27632346934089763
-0.8300000000000005	0.2786598517159269
-0.8200000000000005	0.28098892233302936
-0.8100000000000005	0.28331015726960723
-0.8000000000000005	0.2856230302144753
-0.7900000000000005	0.28792701265385195
-0.7800000000000005	0.2902215740600893
-0.7700000000000005	0.29250618208314694
-0.7600000000000005	0.29478030274467704
-0.7500000000000004	0.2970434006348845
-0.7400000000000004	0.29929493911146093
-0.7300000000000004	0.3015343805013458
-0.7200000000000004	0.30376118630442794
-0.7100000000000004	0.305974817399516
-0.7000000000000004	0.3081747342524582
-0.6900000000000004	0.31036039712612495
-0.6800000000000004	0.3125312662922831
-0.6700000000000004	0.3146868022452832
-0.6600000000000004	0.31682646591727653
-0.6500000000000004	0.3189497188949831
-0.6400000000000003	0.32105602363794306
-0.6300000000000003	0.3231448436979573
-0.6200000000000003	0.32521564393970764
-0.6100000000000003	0.32726789076250296
-0.6000000000000003	0.3293010523228723
-0.5900000000000003	0.3313145987579398
-0.5800000000000003	0.33330800240958225
-0.5700000000000003	0.3352807380487953
-0.5600000000000003	0.3372322831012554
-0.5500000000000003	0.33916211787228273
-0.5400000000000003	0.34106972577198796
-0.5300000000000002	0.3429545935413629
-0.5200000000000002	0.3448162114772081
-0.5100000000000002	0.3466540736576923
-0.5000000000000002	0.34846767816633056
-0.49000000000000027	0.35025652731701196
-0.48000000000000026	0.35202012787691367
-0.47000000000000025	0.3537579912895762
-0.46000000000000024	0.35546963389651093
-0.45000000000000023	0.3571545771580264
-0.4400000000000002	0.3588123478726353
-0.4300000000000002	0.36044247839529325
-0.4200000000000002	0.36204450685399997
-0.4100000000000002	0.36361797736485035
-0.4000000000000002	0.3651624402452703
-0.3900000000000002	0.3666774522254394
-0.38000000000000017	0.36816257665751145
-0.37000000000000016	0.3696173837222993
-0.36000000000000015	0.37104145063614263
-0.35000000000000014	0.37243436185019557
-0.34000000000000014	0.3737957092522603
-0.3300000000000001	0.3751250923633838
-0.3200000000000001	0.37642211853206775
-0.3100000000000001	0.37768640312550705
-0.3000000000000001	0.3789175697176159
-0.2900000000000001	0.3801152502745497
-0.2800000000000001	0.3812790853353085
-0.2700000000000001	0.3824087241904654
-0.26000000000000006	0.3835038250564656
-0.25000000000000006	0.38456405524634873
-0.24000000000000007	0.38558909133667413
-0.23000000000000007	0.3865786193304561
-0.22000000000000006	0.38753233481599997
-0.21000000000000005	0.3884499431216119
-0.20000000000000004	0.3893311594659839
-0.19000000000000003	0.3901757091041553
-0.18000000000000002	0.39098332746900877
-0.17	0.39175376030815623
-0.16	0.3924867638160811
-0.15	0.39318210476153204
-0.13999999999999999	0.3938395606100008
-0.12999999999999998	0.3944589196412184
-0.11999999999999998	0.39503998106158505
-0.10999999999999999	0.39558255511147855
-0.09999999999999999	0.3960864631672805
-0.09	0.3965515378381371
-0.08	0.3969776230573552
-0.07	0.397364574168302
-0.060000000000000005	0.39771225800482635
-0.05	0.3980205529661299
-0.04	0.39828934908595104
-0.03	0.39851854809609694
-0.02	0.39870806348425664
-0.01	0.3988578205459942
0	0.39896775643093024
0.01	0.399037820183086
0.02	0.3990679727753037
0.03	0.3990581871377296
0.04	0.39900844818039066
0.05	0.39891875280975275
0.060000000000000005	0.3987891099392841
0.07	0.3986195404940492
0.08	0.3984100774092614
0.09	0.39816076562279046
0.09999999999999999	0.3978716620616992
0.10999999999999999	0.3975428356227288
0.11999999999999998	0.3971743671467599
0.12999999999999998	0.3967663493873023
0.13999999999999999	0.39631888697299145
0.15	0.39583209636408906
0.16	0.3953061058030892
0.17	0.39474105525939107
0.18000000000000002	0.39413709636807176
0.19000000000000003	0.3934943923628484
0.20000000000000004	0.3928131180032364
0.21000000000000005	0.3920934594959146
0.22000000000000006	0.3913356144104126
0.23000000000000007	0.39053979158915453
0.24000000000000007	0.3897062110518617
0.25000000000000006	0.3888351038944467
0.26000000000000006	0.38792671218244873
0.2700000000000001	0.38698128883902505
0.2800000000000001	0.38599909752763306
0.2900000000000001	0.38498041252947446
0.3000000000000001	0.3839255186157247
0.3100000000000001	0.3828347109146873
0.3200000000000001	0.38170829477396445
0.3300000000000001	0.38054658561767624
0.34000000000000014	0.3793499087988653
0.35000000000000014	0.3781185994472086
0.36000000000000015	0.37685300231206115
0.37000000000000016	0.37555347160099584
0.38000000000000017	0.3742203708139493
0.3900000000000002	0.37285407257298653
0.4000000000000002	0.371454958447986
0.4100000000000002	0.3700234187781503
0.4200000000000002	0.36855985248959344
0.4300000000000002	0.36706466690906614
0.4400000000000002	0.36553827757398594
0.45000000000000023	0.3639811080388622
0.46000000000000024	0.3623935896782259
0.47000000000000025	0.3607761614862607
0.48000000000000026	0.35912926987321214
0.49000000000000027	0.357453368458693
0.5000000000000002	0.35574891786208807
0.5100000000000002	0.3540163854901436
0.5200000000000002	0.3522562453218651
0.5300000000000002	0.35046897769091795
0.5400000000000003	0.3486550690656417
0.5500000000000003	0.34681501182679186
0.5600000000000003	0.34494930404320806
0.5700000000000003	0.3430584492455294
0.5800000000000003	0.34114295619807217
0.5900000000000003	0.33920333866905467
0.6000000000000003	0.3372401151993255
0.6100000000000003	0.3352538088696777
0.6200000000000003	0.33324494706707186
0.6300000000000003	0.33121406124923025
0.6400000000000003	0.3291616867094113
0.6500000000000004	0.3270883623392636
0.6600000000000004	0.32499463039164594
0.6700000000000004	0.3228810362428084
0.6800000000000004	0.32074812815425235
0.6900000000000004	0.3185964570343946
0.7000000000000004	0.3164265762001844
0.7100000000000004	0.31423904113880036
0.7200000000000004	0.31203440926962284
0.7300000000000004	0.3098132397065628
0.7400000000000004	0.3075760930209204
0.7500000000000004	0.3053235310049312
0.7600000000000005	0.3030561164361119
0.7700000000000005	0.3007744128425308
0.7800000000000005	0.2984789842692056
0.7900000000000005	0.29617039504569775
0.8000000000000005	0.29384920955505095
0.8100000000000005	0.2915159920042414
0.8200000000000005	0.28917130619624126
0.8300000000000005	0.28681571530380334
0.8400000000000005	0.2844497816451478
0.8500000000000005	0.2820740664616388
0.8600000000000005	0.27968912969755905
0.8700000000000006	0.27729552978215166
0.8800000000000006	0.2748938234140033
0.8900000000000006	0.27248456534789695
0.9000000000000006	0.2700683081842433
0.9100000000000006	0.26764560216123323
0.9200000000000006	0.265216994949741
0.9300000000000006	0.26278303145117526
0.9400000000000006	0.2603442535983144
0.9500000000000006	0.2579012001592481
0.9600000000000006	0.25545440654451085
0.9700000000000006	0.2530044046175322
0.9800000000000006	0.25055172250843794
0.9900000000000007	0.24809688443132943
1.0000000000000007	0.24564041050512314
1.0100000000000007	0.24318281657801208
1.0200000000000007	0.24072461405561923
1.0300000000000007	0.2382663097329668
1.0400000000000007	0.23580840563027025
1.0500000000000007	0.23335139883264217
1.0600000000000007	0.23089578133380756
1.0700000000000007	0.22844203988383938
1.0800000000000007	0.22599065584097955
1.0900000000000007	0.22354210502764196
1.1000000000000008	0.22109685759059755
1.1100000000000008	0.2186553778653938
1.1200000000000008	0.21621812424509018
1.1300000000000008	0.2137855490533119
1.1400000000000008	0.21135809842165085
1.1500000000000008	0.2089362121714859
1.1600000000000008	0.20652032370023143
1.1700000000000008	0.2041108598720057
1.1800000000000008	0.20170824091280914
1.1900000000000008	0.19931288031017655
1.2000000000000008	0.19692518471733822
1.2100000000000009	0.19454555386189595
1.2200000000000009	0.1921743804590482
1.2300000000000009	0.18981205012931607
1.2400000000000009	0.18745894132082333
1.2500000000000009	0.18511542523611207
1.260000000000001	0.1827818657634818
1.270000000000001	0.18045861941283484
1.280000000000001	0.17814603525606867
1.290000000000001	0.17584445487192518
1.300000000000001	0.17355421229533163
1.310000000000001	0.17127563397121875
1.320000000000001	0.1690090387127485
1.330000000000001	0.16675473766395313
1.340000000000001	0.16451303426677732
1.350000000000001	0.16228422423244698
1.360000000000001	0.16006859551715188
1.370000000000001	0.15786642830202416
1.380000000000001	0.15567799497733792
1.390000000000001	0.1535035601308969
1.400000000000001	0.15134338054059362
1.410000000000001	0.14919770517106098
1.420000000000001	0.1470667751743589
1.430000000000001	0.14495082389469335
1.440000000000001	0.14285007687706755
1.450000000000001	0.14076475187980636
1.460000000000001	0.13869505889094222
1.470000000000001	0.13664120014835807
1.480000000000001	0.13460337016362933
1.490000000000001	0.13258175574952985
1.500000000000001	0.13057653605110733
1.5100000000000011	0.12858788258026657
1.5200000000000011	0.12661595925379815
1.5300000000000011	0.12466092243478516
1.5400000000000011	0.12272292097729458
1.5500000000000012	0.12080209627429725
1.5600000000000012	0.11889858230875042
1.5700000000000012	0.11701250570774091
1.5800000000000012	0.11514398579961677
1.5900000000000012	0.11329313467406951
1.6000000000000012	0.11146005724501487
1.6100000000000012	0.10964485131625365
1.6200000000000012	0.1078476076498118
1.6300000000000012	0.1060684100368672
1.6400000000000012	0.10430733537117895
1.6500000000000012	0.10256445372497457
1.6600000000000013	0.1008398284271563
1.6700000000000013	0.09913351614377314
1.6800000000000013	0.09744556696067741
1.6900000000000013	0.0957760244683
1.7000000000000013	0.09412492584834288
1.7100000000000013	0.0924923019624972
1.7200000000000013	0.09087817744294593
1.7300000000000013	0.08928257078461138
1.7400000000000013	0.08770549443910336
1.7500000000000013	0.08614695491021471
1.7600000000000013	0.08460695285092891
1.7700000000000014	0.08308548316183254
1.7800000000000014	0.08158253509089379
1.7900000000000014	0.0800980923343961
1.8000000000000014	0.07863213313912355
1.8100000000000014	0.07718463040558421
1.8200000000000014	0.07575555179222627
1.8300000000000014	0.07434485982057641
1.8400000000000014	0.07295251198121769
1.8500000000000014	0.07157846084050502
1.8600000000000014	0.07022265414796153
1.8700000000000014	0.0688850349442794
1.8800000000000014	0.06756554166982899
1.8900000000000015	0.06626410827360148
1.9000000000000015	0.06498066432254644
1.9100000000000015	0.06371513511116891
1.9200000000000015	0.06246744177135965
1.9300000000000015	0.06123750138237909
1.9400000000000015	0.06002522708089964
1.9500000000000015	0.05883052817106364
1.9600000000000015	0.05765331023448064
1.9700000000000015	0.056493475240086063
1.9800000000000015	0.055350921653803634
1.9900000000000015	0.05422554454796199
2.0000000000000013	0.05311723571036939
2.010000000000001	0.052025883753007186
2.020000000000001	0.050951374220284215
2.0300000000000007	0.04989358969677945
2.0400000000000005	0.04885240991442604
2.0500000000000003	0.04782771185906973
2.06	0.046819369876370795
2.07	0.045827255776959994
2.0799999999999996	0.04485123894083122
2.0899999999999994	0.043891186420906086
2.099999999999999	0.04294696304571993
2.109999999999999	0.04201843152118605
2.1199999999999988	0.04110545253140465
2.1299999999999986	0.040207884838443404
2.1399999999999983	0.039325585381059146
2.149999999999998	0.03845840937243619
2.159999999999998	0.03760621039656925
2.1699999999999977	0.03676884050370299
2.1799999999999975	0.03594615030445907
2.1899999999999973	0.03513798906274621
2.199999999999997	0.03434420478740507
2.209999999999997	0.03356464432255237
2.2199999999999966	0.032799153436599005
2.2299999999999964	0.032047576909905284
2.239999999999996	0.03130975862107484
2.249999999999996	0.03058554163181195
2.259999999999996	0.02987476827038011
2.2699999999999956	0.029177280213595037
2.2799999999999954	0.028492918567351675
2.289999999999995	0.02782152394565102
2.299999999999995	0.02716293654819552
2.3099999999999947	0.02651699623631744
2.3199999999999945	0.02588354260751977
2.3299999999999943	0.0252624150684033
2.339999999999994	0.024653452906043677
2.349999999999994	0.024056495357810587
2.3599999999999937	0.023471381679606853
2.3699999999999934	0.022897951212528828
2.3799999999999932	0.022336043447938048
2.389999999999993	0.02178549809094348
2.399999999999993	0.021246155122288002
2.4099999999999926	0.020717854858640108
2.4199999999999924	0.02020043801128489
2.429999999999992	0.019693745743229497
2.439999999999992	0.019197619724695913
2.4499999999999917	0.018711902187041208
2.4599999999999915	0.018236435975079165
2.4699999999999913	0.017771064597819835
2.479999999999991	0.017315632277636116
2.489999999999991	0.016869983997863602
2.4999999999999907	0.016433965548823173
2.5099999999999905	0.016007423572314154
2.5199999999999902	0.015590205604547836
2.52999999999999	0.01518216011755464
2.53999999999999	0.014783136559073396
2.5499999999999896	0.01439298539092825
2.5599999999999894	0.014011558125920332
2.569999999999989	0.013638707363221479
2.579999999999989	0.013274286822326533
2.5899999999999888	0.012918151375535269
2.5999999999999885	0.01257015707901255
2.6099999999999883	0.01223016120242413
2.619999999999988	0.011898022257186378
2.629999999999988	0.011573600023309758
2.6399999999999877	0.011256755574906132
2.6499999999999875	0.010947351304341909
2.6599999999999873	0.010645250945055706
2.669999999999987	0.010350319593093056
2.679999999999987	0.010062423727346965
2.6899999999999866	0.00978143122852843
2.6999999999999864	0.009507211396911474
2.709999999999986	0.009239634968847539
2.719999999999986	0.008978574132086723
2.7299999999999858	0.00872390253992207
2.7399999999999856	0.008475495324185093
2.7499999999999853	0.008233229107102131
2.759999999999985	0.007996982012055925
2.769999999999985	0.007766633673257237
2.7799999999999847	0.00754206524435307
2.7899999999999845	0.007323159406006389
2.7999999999999843	0.0071098003724564835
2.809999999999984	0.006901873897094255
2.819999999999984	0.006699267277064866
2.8299999999999836	0.006501869356944962
2.8399999999999834	0.006309570531481107
2.849999999999983	0.006122262747451919
2.859999999999983	0.005939839504651283
2.869999999999983	0.005762195856033787
2.8799999999999826	0.00558922840702384
2.8899999999999824	0.005420835314048986
2.899999999999982	0.0052569162822776435
2.909999999999982	0.005097372562617149
2.9199999999999817	0.00494210694798405
2.9299999999999815	0.004791023768870279
2.9399999999999813	0.004644028888223255
2.949999999999981	0.004501029695677672
2.959999999999981	0.004361935101145846
2.9699999999999807	0.004226655527797509
2.9799999999999804	0.004095102904454274
2.9899999999999802	0.003967190657410104
2.99999999999998	0.0038428337017068145
3.00999999999998	0.003721948431898581
3.0199999999999796	0.0036044527122951336
3.0299999999999794	0.003490265866739859
3.039999999999979	0.0033793086679186836
3.049999999999979	0.003271503326235847
3.0599999999999787	0.0031667734782648213
3.0699999999999785	0.0030650441748096167
3.0799999999999783	0.0029662418685756607
3.089999999999978	0.002870294401489876
3.099999999999978	0.0027771309916771
3.1099999999999777	0.0026866822201147
3.1199999999999775	0.0025988800169847947
3.1299999999999772	0.0025136576477398534
3.139999999999977	0.0024309496989065355
3.149999999999977	0.002350692063627462
3.1599999999999766	0.0022728219269844206
3.1699999999999764	0.0021972777510946362
3.179999999999976	0.0021239992600150057
3.189999999999976	0.002052927424450933
3.1999999999999758	0.0019840044463141668
3.2099999999999755	0.0019171737431090013
3.2199999999999753	0.001852379932192107
3.229999999999975	0.0017895688149042219
3.239999999999975	0.0017286873605947522
3.2499999999999747	0.0016696836905413263
3.2599999999999745	0.0016125070618031793
3.2699999999999743	0.0015571078509877072
3.279999999999974	0.0015034375379814142
3.289999999999974	0.0014514486895740037
3.2999999999999736	0.0014010949431704268
3.3099999999999734	0.0013523309903550743
3.319999999999973	0.0013051125605196433
3.329999999999973	0.0012593964044618291
3.3399999999999728	0.0012151402780078019
3.3499999999999726	0.0011723029256628908
3.3599999999999723	0.0011308440642319062
3.369999999999972	0.0010907243666030176
3.379999999999972	0.0010519054454572365
3.3899999999999717	0.0010143498370974425
3.3999999999999715	0.0009780209853308425
3.4099999999999713	0.000942883225424717
3.419999999999971	0.000908901768147605
3.429999999999971	0.0008760426838948303
3.4399999999999706	0.0008442728869108909
3.4499999999999704	0.0008135601196212701
3.45999999999997	0.0007838729370638675
3.46999999999997	0.0007551806914288627
3.47999999999997	0.0007274535167855847
3.4899999999999696	0.000700662313801856
3.4999999999999694	0.0006747787347275333
3.509999999999969	0.0006497751684537543
3.519999999999969	0.0006256247257195336
3.5299999999999687	0.0006023012244568973
3.5399999999999685	0.0005797791753515533
3.5499999999999683	0.0005580337674228665
3.559999999999968	0.0005370408538948624
3.569999999999968	0.0005167769381668539
3.5799999999999677	0.0004972191599537945
3.5899999999999674	0.00047834528159808884
3.5999999999999672	0.0004601336745533763
3.609999999999967	0.0004425633060359806
3.619999999999967	0.0004256137258535707
3.6299999999999666	0.0004092650534179927
3.6399999999999664	0.0003934979648974737
3.649999999999966	0.00037829368062634064
3.659999999999966	0.00036363395261810406
3.6699999999999657	0.0003495010523015464
3.6799999999999655	0.00033587775843192056
3.6899999999999653	0.0003227473451827734
3.699999999999965	0.0003100935704353693
3.709999999999965	0.00029790066424422476
3.7199999999999647	0.00028615331746535726
3.7299999999999645	0.0002748366706395321
3.7399999999999642	0.00026393630298851973
3.749999999999964	0.0002534382216328506
3.759999999999964	0.00024332885099783368
3.7699999999999636	0.0002335950223880893
3.7799999999999634	0.00022422396376705305
3.789999999999963	0.00021520328970728655
3.799999999999963	0.00020652099153126385
3.8099999999999627	0.0001981654276338777
3.8199999999999625	0.00019012531399038784
3.8299999999999623	0.0001823897148379081
3.839999999999962	0.00017494803354799874
3.849999999999962	0.0001677900036697604
3.8599999999999617	0.0001609056801564862
3.8699999999999615	0.00015428543076921662
3.8799999999999613	0.0001479199276342021
3.889999999999961	0.00014180013902087782
3.899999999999961	0.0001359173212494612
3.9099999999999606	0.00013026301076584902
3.9199999999999604	0.00012482901643366028
3.92999999999996	0.00011960741192940174
3.93999999999996	0.0001145905283787528
3.9499999999999598	0.0001097709470545343
3.9599999999999596	0.00010514149231758334
3.9699999999999593	0.00010069522472712195
3.979999999999959	0.00009642543420748103
3.989999999999959	0.0000923256334789454
3.9999999999999587	0.00008838955158594063
4.009999999999959	0.0000846111275895067
4.019999999999959	0.00008098450440486013
4.0299999999999585	0.00007750402278830626
4.039999999999958	0.00007416421546939773
4.049999999999958	0.00007095980142155715
4.059999999999958	0.00006788568027313374
4.069999999999958	0.00006493692686415252
4.079999999999957	0.00006210878592330478
4.089999999999957	0.00005939666689270084
4.099999999999957	0.00005679613887679495
4.109999999999957	0.0000543029257183241
4.119999999999957	0.000051912901205111154
4.129999999999956	0.00004962208440144346
4.139999999999956	0.00004742663509189154
4.149999999999956	0.00004532284935899493
4.159999999999956	0.000043307155266741146
4.1699999999999555	0.00004137610866594255
4.179999999999955	0.00003952638910802745
4.189999999999955	0.00003775479587232032
4.199999999999955	0.00003605824410104098
4.209999999999955	0.00003443376104002341
4.2199999999999545	0.00003287848238383588
4.229999999999954	0.00003138964872167978
4.239999999999954	0.000029964602088859692
4.249999999999954	0.00002860078260288464
4.259999999999954	0.000027295725209940882
4.269999999999953	0.000026047056516696504
4.279999999999953	0.00002485249171085748
4.289999999999953	0.000023709831582122518
4.299999999999953	0.000022616959612778933
4.3099999999999525	0.00002157183917357878
4.319999999999952	0.00002057251078954341
4.329999999999952	0.000019617089487586946
4.339999999999952	0.000018703762231070407
4.349999999999952	0.00001783078542438666
4.3599999999999515	0.0000169964824985143
4.369999999999951	0.000016199241563341682
4.379999999999951	0.00001543751314191682
4.389999999999951	0.000014709807964167253
4.399999999999951	0.000014014694837402032
4.40999999999995	0.000013350798578300778
4.41999999999995	0.000012716798013158563
4.42999999999995	0.000012111424037886389
4.43999999999995	0.000011533457741391741
4.4499999999999496	0.000010981728589831883
4.459999999999949	0.000010455112669764129
4.469999999999949	9.952530985778647e-6
4.479999999999949	9.472947808865125e-6
4.489999999999949	9.015369093408737e-6
4.4999999999999485	8.578840930066753e-6
4.509999999999948	8.162448061844575e-6
4.519999999999948	7.765312435980085e-6
4.529999999999948	7.386591820011416e-6
4.539999999999948	7.02547845329382e-6
4.549999999999947	6.681197746002069e-6
4.559999999999947	6.353007025533591e-6
4.569999999999947	6.040194321722674e-6
4.579999999999947	5.742077195688719e-6
4.589999999999947	5.458001608503557e-6
4.599999999999946	5.187340830940095e-6
4.609999999999946	4.929494380717582e-6
4.619999999999946	4.683887017537987e-6
4.629999999999946	4.449967755459997e-6
4.6399999999999455	4.227208906922567e-6
4.649999999999945	4.015105186009613e-6
4.659999999999945	3.813172813978645e-6
4.669999999999945	3.620948675517037e-6
4.679999999999945	3.4379894956100565e-6
4.689999999999944	3.263871053836736e-6
4.699999999999944	3.0981874192532104e-6
4.709999999999944	2.9405502215111827e-6
4.719999999999944	2.790587939851553e-6
4.729999999999944	2.647945225974265e-6
4.739999999999943	2.5122822584265686e-6
4.749999999999943	2.3832740607517287e-6
4.759999999999943	2.260609973735614e-6
4.769999999999943	2.143993026955595e-6
4.7799999999999425	2.033139340860561e-6
4.789999999999942	1.927777665723013e-6
4.799999999999942	1.827648790104485e-6
4.809999999999942	1.7325050842383292e-6
4.819999999999942	1.6421099817097368e-6
4.8299999999999415	1.5562375526551187e-6
4.839999999999941	1.4746720171339261e-6
4.849999999999941	1.397207355235716e-6
4.859999999999941	1.3236468783667804e-6
4.869999999999941	1.2538028132280735e-6
4.87999999999994	1.187495960983362e-6
4.88999999999994	1.1245553042401479e-6
4.89999999999994	1.0648176637303325e-6
4.90999999999994	1.0081273593231149e-6
4.9199999999999395	9.5433589096488e-7
4.929999999999939	9.033016220352531e-7
4.939999999999939	8.548894829730135e-7
4.949999999999939	8.089706875121443e-7
4.959999999999939	7.654224512267964e-7
4.9699999999999385	7.241277395155437e-7
4.979999999999938	6.849750072584231e-7
4.989999999999938	6.478579516119283e-7
4.999999999999938	6.126752876311606e-7
5.009999999999938	5.793305220748678e-7
5.019999999999937	5.477317402144348e-7
5.029999999999937	5.177914008038063e-7
5.039999999999937	4.894261394912255e-7
5.049999999999937	4.625565771135352e-7
5.0599999999999365	4.3710715123127283e-7
5.069999999999936	4.130059357544209e-7
5.079999999999936	3.901844671707338e-7
5.089999999999936	3.685775985234118e-7
5.099999999999936	3.481233441779085e-7
5.1099999999999355	3.2876273429770456e-7
5.119999999999935	3.104396762216611e-7
5.129999999999935	2.931008214478688e-7
5.139999999999935	2.766954390732409e-7
5.149999999999935	2.6117529314142786e-7
5.159999999999934	2.4649452727947713e-7
5.169999999999934	2.3260955321120789e-7
5.179999999999934	2.1947894442762309e-7
5.189999999999934	2.0706333438485424e-7
5.199999999999934	1.9532531901792912e-7
5.209999999999933	1.8422937271378487e-7
5.219999999999933	1.7374172331973333e-7
5.229999999999933	1.6383033655890064e-7
5.239999999999933	1.5446474923315804e-7
5.2499999999999325	1.4561608583199498e-7
5.259999999999932	1.3725689126198567e-7
5.269999999999932	1.2936114164121056e-7
5.279999999999932	1.2190409357878873e-7
5.289999999999932	1.1486231229158876e-7
5.299999999999931	1.0821352436842865e-7
5.309999999999931	1.0193662061145424e-7
5.319999999999931	9.601157317385485e-8