-5.729999999999922	9.59892677174801e-8
-5.7199999999999225	1.0099259756408722e-7
-5.709999999999923	1.062484674038e-7
-5.699999999999923	1.1176916685297232e-7
-5.689999999999923	1.1756758728779949e-7
-5.679999999999923	1.2365717548497277e-7
-5.6699999999999235	1.3005205021478837e-7
-5.659999999999924	1.3676697152760494e-7
-5.649999999999924	1.4381738651217583e-7
-5.639999999999924	1.512194435712872e-7
-5.629999999999924	1.589900790740999e-7
-5.619999999999925	1.671469690026762e-7
-5.609999999999925	1.7570861764897387e-7
-5.599999999999925	1.8469437960829914e-7
-5.589999999999925	1.9412449725546127e-7
-5.5799999999999255	2.040201395759787e-7
-5.569999999999926	2.1440344220558893e-7
-5.559999999999926	2.252975618220136e-7
-5.549999999999926	2.3672668453367138e-7
-5.539999999999926	2.487160946397086e-7
-5.5299999999999265	2.612922455952973e-7
-5.519999999999927	2.7448277571652144e-7
-5.509999999999927	2.88316568458583e-7
-5.499999999999927	3.028238111528062e-7
-5.489999999999927	3.1803604211365557e-7
-5.479999999999928	3.339862140695442e-7
-5.469999999999928	3.507087574554163e-7
-5.459999999999928	3.6823963814416064e-7
-5.449999999999928	3.8661642368112397e-7
-5.4399999999999284	4.0587835175958154e-7
-5.429999999999929	4.260664003054453e-7
-5.419999999999929	4.4722336084912005e-7
-5.409999999999929	4.6939391489853716e-7
-5.399999999999929	4.926247129362704e-7
-5.3899999999999295	5.169644555938368e-7
-5.37999999999993	5.424639828864636e-7
-5.36999999999993	5.691763610160615e-7
-5.35999999999993	5.971569715848256e-7
-5.34999999999993	6.264636117357361e-7
-5.339999999999931	6.571565925560244e-7
-5.329999999999931	6.892988425433409e-7
-5.319999999999931	7.229560151933463e-7
-5.309999999999931	7.581966008117155e-7
-5.299999999999931	7.950920422592107e-7
-5.289999999999932	8.337168464341944e-7
-5.279999999999932	8.741487457816522e-7
-5.269999999999932	9.1646876407814e-7
-5.259999999999932	9.607614241451874e-7
-5.2499999999999325	1.0071148236437738e-6
-5.239999999999933	1.0556208168833936e-6
-5.229999999999933	1.1063751558727648e-6
-5.219999999999933	1.1594776467533986e-6
-5.209999999999933	1.2150323114967967e-6
-5.199999999999934	1.2731475559861797e-6
-5.189999999999934	1.3339363443033267e-6
-5.179999999999934	1.3975163792314348e-6
-5.169999999999934	1.4640102897403195e-6
-5.159999999999934	1.5335458256398473e-6
-5.149999999999935	1.6062560572618646e-6
-5.139999999999935	1.6822795852120764e-6
-5.129999999999935	1.7617607580130767e-6
-5.119999999999935	1.8448498942560122e-6
-5.1099999999999355	1.9317035155305643e-6
-5.099999999999936	2.0224845882044273e-6
-5.089999999999936	2.1173627697316304e-6
-5.079999999999936	2.2165146681444845e-6
-5.069999999999936	2.3201241089296185e-6
-5.0599999999999365	2.428382418004918e-6
-5.049999999999937	2.5414887015788015e-6
-5.039999999999937	2.6596501405238057e-6
-5.029999999999937	2.783082308500525e-6
-5.019999999999937	2.9120094796630265e-6
-5.009999999999938	3.04666496057292e-6
-4.999999999999938	3.1872914378549685e-6
-4.989999999999938	3.334141320630183e-6
-4.979999999999938	3.487477110049894e-6
-4.9699999999999385	3.647571773104794e-6
-4.959999999999939	3.814709153896063e-6
-4.949999999999939	3.989184332797294e-6
-4.939999999999939	4.171304100262164e-6
-4.929999999999939	4.361387337493764e-6
-4.9199999999999395	4.559765490035814e-6
-4.90999999999994	4.766783027624547e-6
-4.89999999999994	4.982797916391201e-6
-4.88999999999994	5.208182107997636e-6
-4.87999999999994	5.443322058535558e-6
-4.869999999999941	5.6886192526532115e-6
-4.859999999999941	5.944490739877517e-6
-4.849999999999941	6.211369700004603e-6
-4.839999999999941	6.48970603040524e-6
-4.8299999999999415	6.779966937751579e-6
-4.819999999999942	7.082637553787445e-6
-4.809999999999942	7.3982215889356365e-6
-4.799999999999942	7.727241974881517e-6
-4.789999999999942	8.070241553432559e-6
-4.7799999999999425	8.427783780803593e-6
-4.769999999999943	8.800453452830757e-6
-4.759999999999943	9.188857444471449e-6
-4.749999999999943	9.5936254972434e-6
-4.739999999999943	0.000010015411003757078
-4.729999999999944	0.000010454891831143628
-4.719999999999944	0.0000109127711769333
-4.709999999999944	0.000011389778432280073
-4.699999999999944	0.000011886670087383865
-4.689999999999944	0.000012404230664194795
-4.679999999999945	0.000012943273669565809
-4.669999999999945	0.000013504642578705162
-4.659999999999945	0.000014089211865533672
-4.649999999999945	0.000014697888040667582
-4.6399999999999455	0.000015331610728675202
-4.629999999999946	0.000015991353792119986
-4.619999999999946	0.000016678126467092344
-4.609999999999946	0.000017392974546166743
-4.599999999999946	0.000018136981598632425
-4.589999999999947	0.000018911270220391713
-4.579999999999947	0.00001971700331712049
-4.569999999999947	0.000020555385433733428
-4.559999999999947	0.00002142766412530686
-4.549999999999947	0.00002233513134828433
-4.539999999999948	0.000023279124917086696
-4.529999999999948	0.00002426102998988175
-4.519999999999948	0.000025282280594700493
-4.509999999999948	0.000026344361200114307
-4.4999999999999485	0.000027448808345500042
-4.489999999999949	0.000028597212288272475
-4.479999999999949	0.00002979121872351857
-4.469999999999949	0.00003103253054660344
-4.459999999999949	0.000032322909649248375
-4.4499999999999496	0.00003366417878276049
-4.43999999999995	0.000035058223466393985
-4.42999999999995	0.000036506993947937084
-4.41999999999995	0.00003801250721170652
-4.40999999999995	0.00003957684906046227
-4.399999999999951	0.000041202176226348614
-4.389999999999951	0.00004289071855536279
-4.379999999999951	0.00004464478125175917
-4.369999999999951	0.00004646674717293548
-4.3599999999999515	0.00004835907918468756
-4.349999999999952	0.00005032432259327738
-4.339999999999952	0.000052365107619584106
-4.329999999999952	0.000054484151950631984
-4.319999999999952	0.00005668426335558585
-4.3099999999999525	0.00005896834236702839
-4.299999999999953	0.00006133938502248409
-4.289999999999953	0.00006380048569466856
-4.279999999999953	0.00006635483997691449
-4.269999999999953	0.00006900574764063363
-4.259999999999954	0.00007175661567415384
-4.249999999999954	0.00007461096139937633
-4.239999999999954	0.00007757241564254944
-4.229999999999954	0.00008064472601323226
-4.2199999999999545	0.00008383176024349239
-4.209999999999955	0.00008713750960411145
-4.199999999999955	0.0000905660924167949
-4.189999999999955	0.00009412175764625467
-4.179999999999955	0.00009780888855974367
-4.1699999999999555	0.0001016320064949668
-4.159999999999956	0.00010559577470790391
-4.149999999999956	0.00010970500229555006
-4.139999999999956	0.00011396464823057503
-4.129999999999956	0.00011837982547571316
-4.119999999999957	0.00012295580518670735
-4.109999999999957	0.00012769802101504068
-4.099999999999957	0.000132612073515505
-4.089999999999957	0.0001377037346311076
-4.079999999999957	0.00014297895228377133
-4.069999999999958	0.0001484438550764334
-4.059999999999958	0.00015410475707973824
-4.049999999999958	0.00015996816272976263
-4.039999999999958	0.0001660407718146152
-4.0299999999999585	0.00017232948460333712
-4.019999999999959	0.0001788414070310543
-4.009999999999959	0.00018558385603453564
-3.9999999999999587	0.00019256436495027876
-3.989999999999959	0.00019979068907546467
-3.979999999999959	0.0002072708113066555
-3.9699999999999593	0.0002150129478909633
-3.9599999999999596	0.00022302555429790726
-3.9499999999999598	0.00023131733120423684
-3.93999999999996	0.0002398972306019287
-3.92999999999996	0.0002487744619969253
-3.9199999999999604	0.00025795849875706676
-3.9099999999999606	0.0002674590845605863
-3.899999999999961	0.000277286239958027
-3.889999999999961	0.00028745026907154935
-3.8799999999999613	0.0002979617664055607
-3.8699999999999615	0.0003088316237730512
-3.8599999999999617	0.00032007103735325217
-3.849999999999962	0.0003316915148755332
-3.839999999999962	0.00034370488290787974
-3.8299999999999623	0.00035612329428827427
-3.8199999999999625	0.0003689592356828936
-3.8099999999999627	0.00038222553524673125
-3.799999999999963	0.0003959353704278789
-3.789999999999963	0.0004101022759028558
-3.7799999999999634	0.00042474015161521106
-3.7699999999999636	0.00043986327095653984
-3.759999999999964	0.00045548628907464867
-3.749999999999964	0.0004716242513021073
-3.7399999999999642	0.0004882926017008318
-3.7299999999999645	0.0005055071917637931
-3.7199999999999647	0.0005232842892073705
-3.709999999999965	0.0005416405869011871
-3.699999999999965	0.000560593211938953
-3.6899999999999653	0.0005801597348093982
-3.6799999999999655	0.0006003581786951742
-3.6699999999999657	0.0006212070289166651
-3.659999999999966	0.0006427252424699955
-3.649999999999966	0.0006649322576941734
-3.6399999999999664	0.000687848004068476
-3.6299999999999666	0.0007114929121233104
-3.619999999999967	0.0007358879234519183
-3.609999999999967	0.0007610545008651457
-3.5999999999999672	0.0007870146386426351
-3.5899999999999674	0.0008137908728970516
-3.5799999999999677	0.0008414062920559898
-3.569999999999968	0.0008698845474573203
-3.559999999999968	0.00089924986402549
-3.5499999999999683	0.0009295270510804518
-3.5399999999999685	0.0009607415132409239
-3.5299999999999687	0.000992919261409266
-3.519999999999969	0.0010260869238788775
-3.509999999999969	0.0010602717575168331
-3.4999999999999694	0.001095501659049145
-3.4899999999999696	0.0011318051764135667
-3.47999999999997	0.0011692115202274283
-3.46999999999997	0.0012077505753017473
-3.45999999999997	0.0012474529122538049
-3.4499999999999704	0.0012883497991881578
-3.4399999999999706	0.0013304732134430265
-3.429999999999971	0.0013738558533919736
-3.419999999999971	0.0014185311503327029
-3.4099999999999713	0.0014645332804319848
-3.3999999999999715	0.0015118971765661017
-3.3899999999999717	0.0015606585405534218
-3.379999999999972	0.0016108538550725277
-3.369999999999972	0.0016625203957819064
-3.3599999999999723	0.00171569624345964
-3.3499999999999726	0.0017704202961347755
-3.3399999999999728	0.0018267322812468146
-3.329999999999973	0.001884672767859173
-3.319999999999973	0.001944283178696518
-3.3099999999999734	0.002005605802502859
-3.2999999999999736	0.0020686838060831243
-3.289999999999974	0.002133561246476307
-3.279999999999974	0.002200283083058316
-3.2699999999999743	0.0022688951896408195
-3.2599999999999745	0.002339444366511551
-3.2499999999999747	0.0024119783524194555
-3.239999999999975	0.0024865458365162132
-3.229999999999975	0.0025631964702321815
-3.2199999999999753	0.002641980879057044
-3.2099999999999755	0.0027229506742593446
-3.1999999999999758	0.0028061584645067985
-3.189999999999976	0.002891657867376186
-3.179999999999976	0.002979503520746523
-3.1699999999999764	0.003069751094097952
-3.1599999999999766	0.003162457299632031
-3.149999999999977	0.0032576799032871854
-3.139999999999977	0.0033554777355831508
-3.1299999999999772	0.003455910702299654
-3.1199999999999775	0.0035590397949688706
-3.1099999999999777	0.0036649271012149567
-3.099999999999978	0.0037736358148426573
-3.089999999999978	0.0038852302457472953
-3.0799999999999783	0.003999775829599071
-3.0699999999999785	0.004117339137273925
-3.0599999999999787	0.00423798788403933
-3.049999999999979	0.0043617909384956475
-3.039999999999979	0.004488818331216937
-3.0299999999999794	0.004619141263108109
-3.0199999999999796	0.004752832113477704
-3.00999999999998	0.004889964447772885
-2.99999999999998	0.0050306130249800395
-2.9899999999999802	0.005174853804706993
-2.9799999999999804	0.005322763953885898
-2.9699999999999807	0.005474421853092228
-2.959999999999981	0.005629907102504579
-2.949999999999981	0.005789300527439918
-2.9399999999999813	0.005952684183467014
-2.9299999999999815	0.00612014136109587
-2.9199999999999817	0.006291756590020501
-2.909999999999982	0.006467615642871415
-2.899999999999982	0.006647805538516245
-2.8899999999999824	0.006832414544850832
-2.8799999999999826	0.007021532181068889
-2.869999999999983	0.007215249219395159
-2.859999999999983	0.007413657686320926
-2.849999999999983	0.007616850863199986
-2.8399999999999834	0.007824923286325643
-2.8299999999999836	0.008037970746387882
-2.819999999999984	0.008256090287311576
-2.809999999999984	0.008479380204471141
-2.7999999999999843	0.008707940042272589
-2.7899999999999845	0.008941870591039396
-2.7799999999999847	0.009181273883241215
-2.769999999999985	0.009426253189020286
-2.759999999999985	0.009676913010999745
-2.7499999999999853	0.009933359078328118
-2.7399999999999856	0.010195698340055698
-2.7299999999999858	0.01046403895765636
-2.719999999999986	0.010738490296800268
-2.709999999999986	0.011019162918342587
-2.6999999999999864	0.01130616856846812
-2.6899999999999866	0.011599620167999303
-2.679999999999987	0.0118996318008786
-2.669999999999987	0.01220631870176107
-2.6599999999999873	0.012519797242715208
-2.6499999999999875	0.012840184919047678
-2.6399999999999877	0.013167600334194717
-2.629999999999988	0.013502163183668857
-2.619999999999988	0.013843994238075124
-2.6099999999999883	0.014193215325160768
-2.5999999999999885	0.014549949310855789
-2.5899999999999888	0.014914320079353432
-2.579999999999989	0.015286452512165347
-2.569999999999989	0.015666472466132654
-2.5599999999999894	0.016054506750421485
-2.5499999999999896	0.0164506831024627
-2.53999999999999	0.01685513016279176
-2.52999999999999	0.017267977448848622
-2.5199999999999902	0.017689355327646886
-2.5099999999999905	0.01811939498737061
-2.4999999999999907	0.018558228407804512
-2.489999999999991	0.01900598832968681
-2.479999999999991	0.0194628082228704
-2.4699999999999913	0.019928822253352838
-2.4599999999999915	0.020404165249155254
-2.4499999999999917	0.020888972664992456
-2.439999999999992	0.021383380545776706
-2.429999999999992	0.0218875254889474
-2.4199999999999924	0.022401544605568948
-2.4099999999999926	0.02292557548022713
-2.399999999999993	0.02345975612973521
-2.389999999999993	0.024004224960588228
-2.3799999999999932	0.024559120725194093
-2.3699999999999934	0.02512458247689113
-2.3599999999999937	0.025700749523718546
-2.349999999999994	0.0262877613809249
-2.339999999999994	0.026885757722277602
-2.3299999999999943	0.027494878330095927
-2.3199999999999945	0.02811526304403056
-2.3099999999999947	0.02874705170862907
-2.299999999999995	0.029390384119634905
-2.289999999999995	0.030045399969023567
-2.2799999999999954	0.03071223878883515
-2.2699999999999956	0.031391039893748356
-2.259999999999996	0.032081942322378015
-2.249999999999996	0.032785084777429904
-2.239999999999996	0.03350060556455835
-2.2299999999999964	0.03422864253001259
-2.2199999999999966	0.03496933299709729
-2.209999999999997	0.035722813701424286
-2.199999999999997	0.03648922072494673
-2.1899999999999973	0.0372686894288379
-2.1799999999999975	0.03806135438520443
-2.1699999999999977	0.03886734930760816
-2.159999999999998	0.039686806980468996
-2.149999999999998	0.04051985918735242
-2.1399999999999983	0.04136663663810686
-2.1299999999999986	0.04222726889493964
-2.1199999999999988	0.04310188429737598
-2.109999999999999	0.04399060988623641
-2.099999999999999	0.04489357132648311
-2.0899999999999994	0.04581089282912752
-2.0799999999999996	0.04674269707210087
-2.07	0.047689105120164964
-2.06	0.048650236343909845
-2.0500000000000003	0.04962620833780012
-2.0400000000000005	0.050617136837337
-2.0300000000000007	0.05162313563539427
-2.020000000000001	0.05264431649769123
-2.010000000000001	0.05368078907747642
-2.0000000000000013	0.054732660829451885
-1.9900000000000015	0.055800036922977046
-1.9800000000000015	0.05688302015453937
-1.9700000000000015	0.05798171085961262
-1.9600000000000015	0.05909620682386276
-1.9500000000000015	0.060226603193772446
-1.9400000000000015	0.06137299238673436
-1.9300000000000015	0.06253546400064296
-1.9200000000000015	0.06371410472299603
-1.9100000000000015	0.06490899823961628
-1.9000000000000015	0.06612022514299472
-1.8900000000000015	0.06734786284027502
-1.8800000000000014	0.06859198546099418
-1.8700000000000014	0.06985266376459247
-1.8600000000000014	0.07112996504770742
-1.8500000000000014	0.07242395305136186
-1.8400000000000014	0.073734687868083
-1.8300000000000014	0.07506222584895568
-1.8200000000000014	0.0764066195107266
-1.8100000000000014	0.07776791744299838
-1.8000000000000014	0.07914616421554783
-1.7900000000000014	0.08054140028577214
-1.7800000000000014	0.08195366190655422
-1.7700000000000014	0.0833829810342546
-1.7600000000000013	0.08482938523715454
-1.7500000000000013	0.08629289760434314
-1.7400000000000013	0.08777353665505336
-1.7300000000000013	0.08927131624855553
-1.7200000000000013	0.09078624549469942
-1.7100000000000013	0.09231832866509815
-1.7000000000000013	0.09386756510505466
-1.6900000000000013	0.09543394914632514
-1.6800000000000013	0.09701747002073022
-1.6700000000000013	0.09861811177469294
-1.6600000000000013	0.10023585318483622
-1.6500000000000012	0.10187066767456066
-1.6400000000000012	0.10352252323187722
-1.6300000000000012	0.105191382328361
-1.6200000000000012	0.10687720183942845
-1.6100000000000012	0.10857993296591864
-1.6000000000000012	0.11029952115713658
-1.5900000000000012	0.11203590603537054
-1.5800000000000012	0.11378902132193042
-1.5700000000000012	0.11555879476485265
-1.5600000000000012	0.11734514806829575
-1.5500000000000012	0.1191479968236711
-1.5400000000000011	0.12096725044263076
-1.5300000000000011	0.12280281209198204
-1.5200000000000011	0.12465457863052269
-1.5100000000000011	0.12652244054796152
-1.500000000000001	0.12840628190596712
-1.490000000000001	0.13030598028134718
-1.480000000000001	0.13222140671151758
-1.470000000000001	0.1341524256423118
-1.460000000000001	0.13609889487812699
-1.450000000000001	0.13806066553455296
-1.440000000000001	0.14003758199354918
-1.430000000000001	0.14202948186117353
-1.420000000000001	0.1440361959279661
-1.410000000000001	0.14605754813210228
-1.400000000000001	0.1480933555252767
-1.390000000000001	0.1501434282414449
-1.380000000000001	0.15220756946850603
-1.370000000000001	0.15428557542292903
-1.360000000000001	0.1563772353273849
-1.350000000000001	0.1584823313915339
-1.340000000000001	0.16060063879591274
-1.330000000000001	0.16273192567901115
-1.320000000000001	0.16487595312765727
-1.310000000000001	0.16703247517069067
-1.300000000000001	0.16920123877596283
-1.290000000000001	0.1713819838508115
-1.280000000000001	0.17357444324597715
-1.270000000000001	0.17577834276299248
-1.260000000000001	0.1779934011651847
-1.2500000000000009	0.18021933019225675
-1.2400000000000009	0.1824558345784793
-1.2300000000000009	0.18470261207462102
-1.2200000000000009	0.18695935347354917
-1.2100000000000009	0.18922574263962352
-1.2000000000000008	0.19150145654181347
-1.1900000000000008	0.19378616529077827
-1.1800000000000008	0.1960795321796177
-1.1700000000000008	0.19838121372859643
-1.1600000000000008	0.2006908597338708
-1.1500000000000008	0.20300811331987192
-1.1400000000000008	0.2053326109959399
-1.1300000000000008	0.20766398271672742
-1.1200000000000008	0.21000185194661844
-1.1100000000000008	0.2123458357282038
-1.1000000000000008	0.21469554475470168
-1.0900000000000007	0.21705058344643569
-1.0800000000000007	0.21941055003120793
-1.0700000000000007	0.2217750366289082
-1.0600000000000007	0.22414362933989077
-1.0500000000000007	0.22651590833766366
-1.0400000000000007	0.2288914479652033
-1.0300000000000007	0.2312698168356556
-1.0200000000000007	0.2336505779366933
-1.0100000000000007	0.23603328873911597
-1.0000000000000007	0.2384175013094937
-0.9900000000000007	0.24080276242590257
-0.9800000000000006	0.2431886136991042
-0.9700000000000006	0.24557459169598098
-0.9600000000000006	0.24796022806791523
-0.9500000000000006	0.2503450496826907
-0.9400000000000006	0.2527285787600257
-0.9300000000000006	0.2551103330110031
-0.9200000000000006	0.25748982578120666
-0.9100000000000006	0.2598665661975255
-0.9000000000000006	0.26224005931849864
-0.8900000000000006	0.26460980628831265
-0.8800000000000006	0.26697530449430384
-0.8700000000000006	0.2693360477278582
-0.8600000000000005	0.2716915263487639
-0.8500000000000005	0.27404122745292947
-0.8400000000000005	0.2763846350432743
-0.8300000000000005	0.2787212302038898
-0.8200000000000005	0.28105049127737514
-0.8100000000000005	0.2833718940451051
-0.8000000000000005	0.28568491191053097
-0.7900000000000005	0.28798901608550237
-0.7800000000000005	0.2902836757792998
-0.7700000000000005	0.2925683583901653
-0.7600000000000005	0.29484252970019287
-0.7500000000000004	0.2971056540717751
-0.7400000000000004	0.29935719464736577
-0.7300000000000004	0.30159661355123013
-0.7200000000000004	0.30382337209341015
-0.7100000000000004	0.306036930976013
-0.7000000000000004	0.3082367505015392
-0.6900000000000004	0.3104222907830624
-0.6800000000000004	0.31259301195635764
-0.6700000000000004	0.31474837439377296
-0.6600000000000004	0.316887838919632
-0.6500000000000004	0.31901086702722237
-0.6400000000000003	0.321116921097214
-0.6300000000000003	0.3232054646172525
-0.6200000000000003	0.32527596240277057
-0.6100000000000003	0.32732788081886394
-0.6000000000000003	0.32936068800300666
-0.5900000000000003	0.3313738540886553
-0.5800000000000003	0.3333668514290993
-0.5700000000000003	0.3353391548227275
-0.5600000000000003	0.33729024173813893
-0.5500000000000003	0.3392195925387411
-0.5400000000000003	0.3411266907092855
-0.5300000000000002	0.3430110230805942
-0.5200000000000002	0.34487208005557285
-0.5100000000000002	0.34670935583391804
-0.5000000000000002	0.3485223486370977
-0.49000000000000027	0.3503105609325593
-0.48000000000000026	0.3520734996570663
-0.47000000000000025	0.3538106764395815
-0.46000000000000024	0.35552160782294306
-0.45000000000000023	0.3572058154846067
-0.4400000000000002	0.3588628264559875
-0.4300000000000002	0.36049217334062783
-0.4200000000000002	0.36209339453074507
-0.4100000000000002	0.36366603442216167
-0.4000000000000002	0.36520964362745584
-0.3900000000000002	0.3667237791872117
-0.38000000000000017	0.3682080047791948
-0.37000000000000016	0.3696618909253194
-0.36000000000000015	0.37108501519632914
-0.35000000000000014	0.37247696241402634
-0.34000000000000014	0.37383732485081783
-0.3300000000000001	0.3751657024266706
-0.3200000000000001	0.3764617029030766
-0.3100000000000001	0.37772494207410023
-0.3000000000000001	0.3789550439543057
-0.2900000000000001	0.38015164096340986
-0.2800000000000001	0.3813143741075805
-0.2700000000000001	0.38244289315725966
-0.26000000000000006	0.38353685682132777
-0.25000000000000006	0.3845959329175529
-0.24000000000000007	0.38561979853921025
-0.23000000000000007	0.3866081402176904
-0.22000000000000006	0.3875606540810244
-0.21000000000000005	0.3884770460082567
-0.20000000000000004	0.38935703177947384
-0.19000000000000003	0.3902003372214215
-0.18000000000000002	0.3910066983486404
-0.17	0.39177586149996463
-0.16	0.3925075834702919
-0.15	0.39320163163758887
-0.13999999999999999	0.39385778408496713
-0.12999999999999998	0.39447582971744777
-0.11999999999999998	0.3950555683752523
-0.10999999999999999	0.39559681093877064
-0.09999999999999999	0.3960993794314436
-0.09	0.3965631071157728
-0.08	0.3969878385842676
-0.07	0.3973734298448915
-0.060000000000000005	0.3977197484010478
-0.05	0.39802667332597236
-0.04	0.3982940953314616
-0.03	0.3985219168309432
-0.02	0.3987100519968136
-0.01	0.39885842681195294
0	0.39896697911543594
0.01	0.39903565864240154
0.02	0.39906442705796974
0.03	0.39905325798526176
0.04	0.3990021370274847
0.05	0.3989110617839959
0.060000000000000005	0.39878004186039206
0.07	0.3986090988726173
0.08	0.3983982664450111
0.09	0.398147590202361
0.09999999999999999	0.3978571277559335
0.10999999999999999	0.39752694868347976
0.11999999999999998	0.39715713450322043
0.12999999999999998	0.39674777864186583
0.13999999999999999	0.39629898639648964
0.15	0.3958108748911066
0.16	0.3952835730261926
0.17	0.3947172214226994
0.18000000000000002	0.39411197236131934
0.19000000000000003	0.39346798971428404
0.20000000000000004	0.3927854488722411
0.21000000000000005	0.3920645366651891
0.22000000000000006	0.3913054512777371
0.23000000000000007	0.3905084021587091
0.24000000000000007	0.389673609925131
0.25000000000000006	0.38880130626072096
0.26000000000000006	0.38789173380890823
0.2700000000000001	0.38694514606042957
0.2800000000000001	0.3859618072356338
0.2900000000000001	0.3849419921615404
0.3000000000000001	0.3838859861436996
0.3100000000000001	0.3827940848329905
0.3200000000000001	0.3816665940874464
0.3300000000000001	0.38050382982912084
0.34000000000000014	0.3793061178961826
0.35000000000000014	0.37807379389029255
0.36000000000000015	0.3768072030193517
0.37000000000000016	0.37550669993573843
0.38000000000000017	0.37417264857017163
0.3900000000000002	0.3728054219612368
0.4000000000000002	0.3714054020807517
0.4100000000000002	0.369972979655072
0.4200000000000002	0.3685085539824305
0.4300000000000002	0.3670125327464405
0.4400000000000002	0.3654853318259264
0.45000000000000023	0.36392737510113854
0.46000000000000024	0.3623390942565096
0.47000000000000025	0.3607209285801198
0.48000000000000026	0.3590733247599375
0.49000000000000027	0.3573967366769905
0.5000000000000002	0.355691625195645
0.5100000000000002	0.353958457951068
0.5200000000000002	0.35219770913403176
0.5300000000000002	0.35040985927323115
0.5400000000000003	0.34859539501521336
0.5500000000000003	0.34675480890206944
0.5600000000000003	0.3448885991470533
0.5700000000000003	0.3429972694082642
0.5800000000000003	0.3410813285604998
0.5900000000000003	0.33914129046548935
0.6000000000000003	0.33717767374062335
0.6100000000000003	0.3351910015262873
0.6200000000000003	0.3331818012521889
0.6300000000000003	0.3311506044017729
0.6400000000000003	0.3290979462773858
0.6500000000000004	0.3270243657629996
0.6600000000000004	0.32493040508716126
0.6700000000000004	0.32281660958528996
0.6800000000000004	0.320683527461641
0.6900000000000004	0.3185317095511149
0.7000000000000004	0.316361709080999
0.7100000000000004	0.31417408143282677
0.7200000000000004	0.31196938390451706
0.7300000000000004	0.3097481754728747
0.7400000000000004	0.30751101655663765
0.7500000000000004	0.305258468780236
0.7600000000000005	0.30299109473833014
0.7700000000000005	0.3007094577613223
0.7800000000000005	0.2984141216819816
0.7900000000000005	0.29610565060327876
0.8000000000000005	0.29378460866758055
0.8100000000000005	0.2914515598273693
0.8200000000000005	0.2891070676175718
0.8300000000000005	0.28675169492962743
0.8400000000000005	0.284386003787475
0.8500000000000005	0.2820105551255226
0.8600000000000005	0.27962590856873065
0.8700000000000006	0.27723262221497225
0.8800000000000006	0.274831252419744
0.8900000000000006	0.2724223535833352
0.9000000000000006	0.2700064779406206
0.9100000000000006	0.2675841753535306
0.9200000000000006	0.26515599310632887
0.9300000000000006	0.26272247570380375
0.9400000000000006	0.2602841646724792
0.9500000000000006	0.25784159836490705
0.9600000000000006	0.25539531176718977
0.9700000000000006	0.25294583630978906
0.9800000000000006	0.25049369968172047
0.9900000000000007	0.2480394256482057
1.0000000000000007	0.24558353387191223
1.0100000000000007	0.24312653973778772
1.0200000000000007	0.24066895418161746
1.0300000000000007	0.23821128352238466
1.0400000000000007	0.23575402929845282
1.0500000000000007	0.23329768810767326
1.0600000000000007	0.23084275145149918
1.0700000000000007	0.22838970558310834
1.0800000000000007	0.22593903135963508
1.0900000000000007	0.22349120409856948
1.1000000000000008	0.221046693438326
1.1100000000000008	0.218605963203079
1.1200000000000008	0.21616947127188077
1.1300000000000008	0.2137376694521097
1.1400000000000008	0.21131100335726144
1.1500000000000008	0.20888991228916956
1.1600000000000008	0.20647482912462303
1.1700000000000008	0.2040661802064337
1.1800000000000008	0.20166438523898453
1.1900000000000008	0.19926985718826662
1.2000000000000008	0.19688300218639904
1.2100000000000009	0.19450421944068963
1.2200000000000009	0.19213390114720902
1.2300000000000009	0.1897724324088869
1.2400000000000009	0.18742019115813652
1.2500000000000009	0.18507754808403284
1.260000000000001	0.18274486656397157
1.270000000000001	0.18042250259987477
1.280000000000001	0.17811080475889585
1.290000000000001	0.17581011411860334
1.300000000000001	0.1735207642166359
1.310000000000001	0.17124308100483296
1.320000000000001	0.16897738280775998
1.330000000000001	0.1667239802856538
1.340000000000001	0.1644831764017492
1.350000000000001	0.16225526639392476
1.360000000000001	0.16004053775066357
1.370000000000001	0.15783927019129945
1.380000000000001	0.15565173565046567
1.390000000000001	0.15347819826674017
1.400000000000001	0.15131891437544698
1.410000000000001	0.14917413250553094
1.420000000000001	0.1470440933804761
1.430000000000001	0.14492902992323994
1.440000000000001	0.14282916726509942
1.450000000000001	0.1407447227583902
1.460000000000001	0.13867590599306967
1.470000000000001	0.13662291881704133
1.480000000000001	0.1345859553601716
1.490000000000001	0.13256520206195158
1.500000000000001	0.13056083770273189
1.5100000000000011	0.12857303343843757
1.5200000000000011	0.1266019528387432
1.5300000000000011	0.12464775192859885
1.5400000000000011	0.12271057923303436
1.5500000000000012	0.12079057582519054
1.5600000000000012	0.11888787537750556
1.5700000000000012	0.11700260421592648
1.5800000000000012	0.11513488137714609
1.5900000000000012	0.11328481866873591
1.6000000000000012	0.1114525207320952
1.6100000000000012	0.10963808510817087
1.6200000000000012	0.10784160230583185
1.6300000000000012	0.10606315587283334
1.6400000000000012	0.10430282246928395
1.6500000000000012	0.10256067194353806
1.6600000000000013	0.10083676741041679
1.6700000000000013	0.09913116533168509
1.6800000000000013	0.09744391559869485
1.6900000000000013	0.09577506161715875
1.7000000000000013	0.09412464039380344
1.7100000000000013	0.09249268262507616
1.7200000000000013	0.0908792127875922
1.7300000000000013	0.08928424923035759
1.7400000000000013	0.08770780426864691
1.7500000000000013	0.08614988427944874
1.7600000000000013	0.08461048979839836
1.7700000000000014	0.0830896156181644
1.7800000000000014	0.0815872508880522
1.7900000000000014	0.0801033792149443
1.8000000000000014	0.07863797876535117
1.8100000000000014	0.07719102236854777
1.8200000000000014	0.0757624776206757
1.8300000000000014	0.07435230698978672
1.8400000000000014	0.07296046792169444
1.8500000000000014	0.07158691294657414
1.8600000000000014	0.07023158978623455
1.8700000000000014	0.06889444146199471
1.8800000000000014	0.06757540640304176
1.8900000000000015	0.06627441855525658
1.9000000000000015	0.06499140749039381
1.9100000000000015	0.06372629851553072
1.9200000000000015	0.062479012782759975
1.9300000000000015	0.06124946739900522
1.9400000000000015	0.06003757553591267
1.9500000000000015	0.05884324653974842
1.9600000000000015	0.05766638604122928
1.9700000000000015	0.05650689606521552
1.9800000000000015	0.05536467514020581
1.9900000000000015	0.05423961840757745
2.0000000000000013	0.05313161773049331
2.010000000000001	0.05204056180241665
2.020000000000001	0.050966336255187546
2.0300000000000007	0.049908823766590546
2.0400000000000005	0.048867904167350054
2.0500000000000003	0.047843454547519745
2.06	0.04683534936218823
2.07	0.04584346053646249
2.0799999999999996	0.044867657569672724
2.0899999999999994	0.04390780763875307
2.099999999999999	0.04296377570074089
2.109999999999999	0.04203542459436184
2.1199999999999988	0.04112261514065121
2.1299999999999986	0.04022520624254685
2.1399999999999983	0.03934305498344933
2.149999999999998	0.038476016724719765
2.159999999999998	0.037623945201956
2.1699999999999977	0.036786692620204675
2.1799999999999975	0.035964109747916695
2.1899999999999973	0.0351560460096817
2.199999999999997	0.034362349577691784
2.209999999999997	0.033582867461918256
2.2199999999999966	0.032817445598940655
2.2299999999999964	0.03206592893944243
2.239999999999996	0.03132816153432803
2.249999999999996	0.030603986619414946
2.259999999999996	0.02989324669872294
2.2699999999999956	0.02919578362630207
2.2799999999999954	0.02851143868660457
2.289999999999995	0.027840052673348773
2.299999999999995	0.027181465966936248
2.3099999999999947	0.026535518610267567
2.3199999999999945	0.0259020503831033
2.3299999999999943	0.025280900874846413
2.339999999999994	0.02467190955578072
2.349999999999994	0.024074915846735677
2.3599999999999937	0.023489759187196254
2.3699999999999934	0.02291627910182492
2.3799999999999932	0.022354315265390938
2.389999999999993	0.02180370756613275
2.399999999999993	0.021264296167512308
2.4099999999999926	0.020735921568382845
2.4199999999999924	0.020218424661562737
2.429999999999992	0.019711646790815857
2.439999999999992	0.01921542980624183
2.4499999999999917	0.01872961611807656
2.4599999999999915	0.01825404874891157
2.4699999999999913	0.017788571384326574
2.479999999999991	0.01733302842196446
2.489999999999991	0.01688726501902038
2.4999999999999907	0.01645112713818799
2.5099999999999905	0.01602446159205054
2.5199999999999902	0.01560711608593386
2.52999999999999	0.015198939259232032
2.53999999999999	0.01479978072521113
2.5499999999999896	0.01440949110932371
2.5599999999999894	0.014027922086010546
2.569999999999989	0.013654926414045724
2.579999999999989	0.01329035797040724
2.5899999999999888	0.012934071782707501
2.5999999999999885	0.012585924060188984
2.6099999999999883	0.012245772223305269
2.619999999999988	0.011913474931935664
2.629999999999988	0.01158889211215264
2.6399999999999877	0.011271884981702092
2.6499999999999875	0.010962316074109187
2.6599999999999873	0.01066004926146031
2.669999999999987	0.010364949775895407
2.679999999999987	0.010076884229837027
2.6899999999999866	0.009795720634897564
2.6999999999999864	0.009521328419623809
2.709999999999986	0.00925357844597868
2.719999999999986	0.00899234302463933
2.7299999999999858	0.008737495929132649
2.7399999999999856	0.008488912408805048
2.7499999999999853	0.008246469200673815
2.759999999999985	0.008010044540175116
2.769999999999985	0.0077795181708277894
2.7799999999999847	0.007554771352841859
2.7899999999999845	0.007335686870685728
2.7999999999999843	0.00712214903966165
2.809999999999984	0.0069140437114677935
2.819999999999984	0.006711258278818051
2.8299999999999836	0.006513681679114606
2.8399999999999834	0.006321204397206161
2.849999999999983	0.006133718467251369
2.859999999999983	0.005951117473724921
2.869999999999983	0.005773296551567384
2.8799999999999826	0.005600152385517837
2.8899999999999824	0.005431583208666235
2.899999999999982	0.005267488800205525
2.909999999999982	0.005107770482455564
2.9199999999999817	0.004952331117157989
2.9299999999999815	0.004801075101061803
2.9399999999999813	0.004653908360836781
2.949999999999981	0.0045107383473277675
2.959999999999981	0.004371474029176025
2.9699999999999807	0.004236025885827766
2.9799999999999804	0.004104305899963774
2.9899999999999802	0.003976227549346252
2.99999999999998	0.0038517057981369463
3.00999999999998	0.0037306570876839765
3.0199999999999796	0.00361299932681343
3.0299999999999794	0.003498651881630636
3.039999999999979	0.003387535564881104
3.049999999999979	0.0032795726248509697
3.0599999999999787	0.0031746867338647592
3.0699999999999785	0.0030728029763800154
3.0799999999999783	0.0029738478367028857
3.089999999999978	0.0028777491863468106
3.099999999999978	0.0027844362710455913
3.1099999999999777	0.002693839697458801
3.1199999999999775	0.0026058914195554823
3.1299999999999772	0.0025205247247300547
3.139999999999977	0.002437674219634034
3.149999999999977	0.0023572758157812323
3.1599999999999766	0.002279266714895075
3.1699999999999764	0.0022035853940597983
3.179999999999976	0.0021301715906550662
3.189999999999976	0.002058966287123836
3.1999999999999758	0.0019899116955541768
3.2099999999999755	0.0019229512421216882
3.2199999999999753	0.0018580295513864115
3.229999999999975	0.001795092430471733
3.239999999999975	0.0017340868531203406
3.2499999999999747	0.001674960943670592
3.2599999999999745	0.0016176639609379617
3.2699999999999743	0.0015621462820321634
3.279999999999974	0.0015083593860801836
3.289999999999974	0.0014562558380754093
3.2999999999999736	0.0014057892723514191
3.3099999999999734	0.0013569143763788659
3.319999999999973	0.0013095868743749398
3.329999999999973	0.0012637635109525626
3.3399999999999728	0.0012194020347746322
3.3499999999999726	0.0011764611822008306
3.3599999999999723	0.0011349006611267303
3.369999999999972	0.001094681134532048
3.379999999999972	0.0010557642044099215
3.3899999999999717	0.0010181123955849264
3.3999999999999715	0.0009816891396335443
3.4099999999999713	0.000946458758871624
3.419999999999971	0.0009123864504358214
3.429999999999971	0.000879438270435707
3.4399999999999706	0.000847581118216992
3.4499999999999704	0.0008167827207188355
3.45999999999997	0.0007870116169432574
3.46999999999997	0.0007582371425365836
3.47999999999997	0.0007304294144923811
3.4899999999999696	0.0007035593159847235
3.4999999999999694	0.0006775984813264865
3.509999999999969	0.0006525192810699858
3.519999999999969	0.0006282948072396092
3.5299999999999687	0.0006048988587229105
3.5399999999999685	0.0005823059267976542
3.5499999999999683	0.0005604911808230438
3.559999999999968	0.0005394304540836817
3.569999999999968	0.0005191002297924482
3.5799999999999677	0.0004994776272599249
3.5899999999999674	0.00048054038822601454
3.5999999999999672	0.0004622668633700245
3.609999999999967	0.0004446359989805997
3.619999999999967	0.0004276273238054989
3.6299999999999666	0.0004112209360795913
3.6399999999999664	0.0003953974907311998
3.649999999999966	0.0003801381867539742
3.659999999999966	0.0003654247547782003
3.6699999999999657	0.0003512394448174073
3.6799999999999655	0.00033756501418889676
3.6899999999999653	0.00032438471563333985
3.699999999999965	0.00031168228561157495
3.709999999999965	0.00029944193277876786
3.7199999999999647	0.00028764832666561285
3.7299999999999645	0.00027628658652125506
3.7399999999999642	0.00026534227035430476
3.749999999999964	0.000254801364165358
3.759999999999964	0.00024465027135117505
3.7699999999999636	0.00023487580230522757
3.7799999999999634	0.00022546516419763978
3.789999999999963	0.0002164059509439399
3.799999999999963	0.00020768613334896523
3.8099999999999627	0.00019929404944773603
3.8199999999999625	0.00019121839501323393
3.8299999999999623	0.00018344821425616387
3.839999999999962	0.00017597289069707804
3.849999999999962	0.00016878213822375395
3.8599999999999617	0.00016186599232094064
3.8699999999999615	0.00015521480147425378
3.8799999999999613	0.00014881921876888843
3.889999999999961	0.0001426701936205347
3.899999999999961	0.00013675896371357493
3.9099999999999606	0.00013107704711089402
3.9199999999999604	0.00012561623449665232
3.92999999999996	0.00012036858161703476
3.93999999999996	0.00011532640187598151
3.9499999999999598	0.00011048225909619021
3.9599999999999596	0.00010582896043481918
3.9699999999999593	0.0001013595494586689
3.979999999999959	0.00009706729938751773
3.989999999999959	0.00009294570647279109
3.9999999999999587	0.00008898848354839301
4.009999999999959	0.00008518955371831019
4.019999999999959	0.00008154304419964545
4.0299999999999585	0.00007804328030669463
4.039999999999958	0.00007468477958915483
4.049999999999958	0.00007146224609635541
4.059999999999958	0.0000683705647983011
4.069999999999958	0.0000654047961299092
4.079999999999957	0.00006256017068066265
4.089999999999957	0.00005983208401002377
4.099999999999957	0.00005721609159965717
4.109999999999957	0.00005470790392677429
4.119999999999957	0.00005230338167439381
4.129999999999956	0.00004999853105311519
4.139999999999956	0.00004778949925437442
4.149999999999956	0.00004567257001592211
4.159999999999956	0.000043644159313279736
4.1699999999999555	0.000041700811156475665
4.179999999999955	0.00003983919350183526
4.189999999999955	0.0000380560942859017
4.199999999999955	0.00003634841754804053
4.209999999999955	0.000034713179671796285
4.2199999999999545	0.000033147505732165353
4.229999999999954	0.00003164862593785087
4.239999999999954	0.000030213872164577477
4.249999999999954	0.000028840674617018642
4.259999999999954	0.000027526558553699163
4.269999999999953	0.000026269141110223955
4.279999999999953	0.000025066128237964603
4.289999999999953	0.000023915311703383
4.299999999999953	0.00002281456618688109
4.3099999999999525	0.000021761846469494213
4.319999999999952	0.000020755184696265528
4.329999999999952	0.000019792687722605168
4.339999999999952	0.000018872534546062577
4.349999999999952	0.00001799297380569284
4.3599999999999515	0.000017152321362094
4.369999999999951	0.000016348957955039485
4.379999999999951	0.00001558132692403448
4.389999999999951	0.000014847932006665275
4.399999999999951	0.000014147335200478167
4.40999999999995	0.00001347815469583098
4.41999999999995	0.000012839062866847821
4.42999999999995	0.000012228784335746312
4.43999999999995	0.000011646094089518916
4.4499999999999496	0.00001108981565833126
4.459999999999949	0.00001055881935679716
4.469999999999949	0.000010052020579202697
4.479999999999949	9.568378148766434e-6
4.489999999999949	9.106892719543224e-6
4.4999999999999485	8.66660524001751e-6
4.509999999999948	8.246595453525907e-6
4.519999999999948	7.845980456261622e-6
4.529999999999948	7.46391330673899e-6
4.539999999999948	7.0995816724746385e-6
4.549999999999947	6.752206526819251e-6
4.559999999999947	6.421040895706384e-6
4.569999999999947	6.105368634090869e-6
4.579999999999947	5.8045032555543895e-6
4.589999999999947	5.517786796532989e-6
4.599999999999946	5.244588723775281e-6
4.609999999999946	4.984304869650393e-6
4.619999999999946	4.736356421443881e-6
4.629999999999946	4.500188931653327e-6
4.6399999999999455	4.275271364439546e-6
4.649999999999945	4.061095185705228e-6
4.659999999999945	3.857173476771537e-6
4.669999999999945	3.663040079924299e-6
4.679999999999945	3.4782487768656888e-6
4.689999999999944	3.302372501936661e-6
4.699999999999944	3.1350025695436532e-6
4.709999999999944	2.9757479420368648e-6
4.719999999999944	2.8242345267701224e-6
4.729999999999944	2.6801044831982703e-6
4.739999999999943	2.543015567730392e-6
4.749999999999943	2.412640513342742e-6
4.759999999999943	2.2886663844253154e-6
4.769999999999943	2.170794040712609e-6
4.7799999999999425	2.05873751762322e-6
4.789999999999942	1.9522235293180573e-6
4.799999999999942	1.850990918035887e-6
4.809999999999942	1.7547901575424876e-6
4.819999999999942	1.6633828695626506e-6
4.8299999999999415	1.5765413543479763e-6
4.839999999999941	1.4940481496322308e-6
4.849999999999941	1.4156955949428397e-6
4.859999999999941	1.3412854157499912e-6
4.869999999999941	1.2706283329386946e-6
4.87999999999994	1.2035436736535585e-6
4.88999999999994	1.1398590074077116e-6
4.89999999999994	1.0794097944689083e-6
4.90999999999994	1.022039042602087e-6
4.9199999999999395	9.67596987973728e-7
4.929999999999939	9.15940776313523e-7
4.939999999999939	8.669341671090719e-7
4.949999999999939	8.204472447476859e-7
4.959999999999939	7.763561424856854e-7
4.9699999999999385	7.345427859582856e-7
4.979999999999938	6.94894612969496e-7
4.989999999999938	6.573043473360934e-7
4.999999999999938	6.216697817506731e-7
5.009999999999938	5.878935280748832e-7
5.019999999999937	5.55882810911933e-7
5.029999999999937	5.255492617105364e-7
5.039999999999937	4.968087207688338e-7
5.049999999999937	4.6958104884130027e-7
5.0599999999999365	4.437899449959224e-7
5.069999999999936	4.1936277373028456e-7
5.079999999999936	3.962303981136552e-7
5.089999999999936	3.743270205083247e-7
5.099999999999936	3.5359003390969776e-7
5.1099999999999355	3.339598653262265e-7
5.119999999999935	3.153798430737813e-7
5.129999999999935	2.97796069702109e-7
5.139999999999935	2.811572841368297e-7
5.149999999999935	2.6541474076249375e-7
5.159999999999934	2.505220968767902e-7
5.169999999999934	2.3643529797794555e-7
5.179999999999934	2.2311246770201497e-7
5.189999999999934	2.1051380965372745e-7
5.199999999999934	1.9860150824822357e-7
5.209999999999933	1.87339634988824e-7
5.219999999999933	1.7669404675671053e-7
5.229999999999933	1.666323378231805e-7
5.239999999999933	1.5712373351032243e-7
5.2499999999999325	1.481389865600738e-7
5.259999999999932	1.396503395981394e-7
5.269999999999932	1.316314451785185e-7
5.279999999999932	1.2405729498883028e-7
5.289999999999932	1.1690416018412965e-7
5.299999999999931	1.1014949827810153e-7
5.309999999999931	1.0377196550401603e-7
5.319999999999931	9.775128474889047e-8