-5.729999999999922	9.574440891964483e-8
-5.7199999999999225	1.0073635844798016e-7
-5.709999999999923	1.059803415951601e-7
-5.699999999999923	1.114886276628499e-7
-5.689999999999923	1.1727406952955696e-7
-5.679999999999923	1.2335012311040743e-7
-5.6699999999999235	1.2973086858037743e-7
-5.659999999999924	1.3643104014167574e-7
-5.649999999999924	1.434660585244849e-7
-5.639999999999924	1.5085205986374725e-7
-5.629999999999924	1.5860592028406559e-7
-5.619999999999925	1.6674530586540292e-7
-5.609999999999925	1.7528868996509554e-7
-5.599999999999925	1.8425539692632197e-7
-5.589999999999925	1.9366564265378096e-7
-5.5799999999999255	2.035405567095733e-7
-5.569999999999926	2.1390224063193044e-7
-5.559999999999926	2.2477380254859393e-7
-5.549999999999926	2.3617940269063608e-7
-5.539999999999926	2.4814429369342845e-7
-5.5299999999999265	2.606948866427099e-7
-5.519999999999927	2.738587720909569e-7
-5.509999999999927	2.876647912672979e-7
-5.499999999999927	3.0214308410996234e-7
-5.489999999999927	3.173251389739057e-7
-5.479999999999928	3.332438669856825e-7
-5.469999999999928	3.499336520680383e-7
-5.459999999999928	3.674304025942049e-7
-5.449999999999928	3.857716321692631e-7
-5.4399999999999284	4.049965225694494e-7
-5.429999999999929	4.2514599357806324e-7
-5.419999999999929	4.4626277689814036e-7
-5.409999999999929	4.683914916570965e-7
-5.399999999999929	4.915787240015567e-7
-5.3899999999999295	5.158731095302663e-7
-5.37999999999993	5.413254170513924e-7
-5.36999999999993	5.67988640645455e-7
-5.35999999999993	5.95918088083046e-7
-5.34999999999993	6.251714803418827e-7
-5.339999999999931	6.55809048964098e-7
-5.329999999999931	6.878936402394735e-7
-5.319999999999931	7.214908224228409e-7
-5.309999999999931	7.566689980277858e-7
-5.299999999999931	7.934995185700126e-7
-5.289999999999932	8.320567997060493e-7
-5.279999999999932	8.724184708026107e-7
-5.269999999999932	9.146654601577423e-7
-5.259999999999932	9.588821809295293e-7
-5.2499999999999325	1.0051566257234886e-6
-5.239999999999933	1.0535805373794047e-6
-5.229999999999933	1.1042495527141099e-6
-5.219999999999933	1.1572633587692054e-6
-5.209999999999933	1.2127258544385892e-6
-5.199999999999934	1.2707453183908943e-6
-5.189999999999934	1.3314345833830635e-6
-5.179999999999934	1.3949112164214938e-6
-5.169999999999934	1.4612977062876823e-6
-5.159999999999934	1.530721657361071e-6
-5.149999999999935	1.6033159911744605e-6
-5.139999999999935	1.6792191544511579e-6
-5.129999999999935	1.7585753354209688e-6
-5.119999999999935	1.8415346882814243e-6
-5.1099999999999355	1.9282535654146e-6
-5.099999999999936	2.0188947579695285e-6
-5.089999999999936	2.1136277401698642e-6
-5.079999999999936	2.2126289370777886e-6
-5.069999999999936	2.3160819815475127e-6
-5.0599999999999365	2.424178006804719e-6
-5.049999999999937	2.5371158982257293e-6
-5.039999999999937	2.6551026438354482e-6
-5.029999999999937	2.7783535837003995e-6
-5.019999999999937	2.9070927723198004e-6
-5.009999999999938	3.041553290274642e-6
-4.999999999999938	3.18197758171215e-6
-4.989999999999938	3.3286178120742547e-6
-4.979999999999938	3.481736230146316e-6
-4.9699999999999385	3.641605536359832e-6
-4.959999999999939	3.808509316192712e-6
-4.949999999999939	3.982742363915506e-6
-4.939999999999939	4.164611195935141e-6
-4.929999999999939	4.354434395283229e-6
-4.9199999999999395	4.552543106130472e-6
-4.90999999999994	4.7592814899676585e-6
-4.89999999999994	4.975007191143897e-6
-4.88999999999994	5.200091832014921e-6
-4.87999999999994	5.434921534887026e-6
-4.869999999999941	5.679897433354734e-6
-4.859999999999941	5.935436214564382e-6
-4.849999999999941	6.201970700469327e-6
-4.839999999999941	6.479950404830656e-6
-4.8299999999999415	6.7698421448262615e-6
-4.819999999999942	7.072130663730553e-6
-4.809999999999942	7.387319245143623e-6
-4.799999999999942	7.71593040541125e-6
-4.789999999999942	8.058506554400603e-6
-4.7799999999999425	8.415610708103508e-6
-4.769999999999943	8.787827191645053e-6
-4.759999999999943	9.175762421136823e-6
-4.749999999999943	9.580045653695864e-6
-4.739999999999943	0.000010001329784977597
-4.729999999999944	0.000010440292177875983
-4.719999999999944	0.000010897635501202645
-4.709999999999944	0.000011374088619787195
-4.699999999999944	0.000011870407473662052
-4.689999999999944	0.000012387376020259809
-4.679999999999945	0.00001292580718811801
-4.669999999999945	0.000013486543860493298
-4.659999999999945	0.00001407045991123494
-4.649999999999945	0.000014678461220622726
-4.6399999999999455	0.000015311486780825233
-4.629999999999946	0.000015970509798201732
-4.619999999999946	0.000016656538845752423
-4.609999999999946	0.000017370619021237357
-4.599999999999946	0.000018113833195486015
-4.589999999999947	0.000018887303250516387
-4.579999999999947	0.00001969219135035864
-4.569999999999947	0.000020529701291494338
-4.559999999999947	0.00002140107985304386
-4.549999999999947	0.00002230761820260472
-4.539999999999948	0.00002325065335282412
-4.529999999999948	0.000024231569632895814
-4.519999999999948	0.00002525180022344392
-4.509999999999948	0.000026312828736791433
-4.4999999999999485	0.000027416190822758223
-4.489999999999949	0.000028563475839838243
-4.479999999999949	0.000029756328563866362
-4.469999999999949	0.0000309964509429452
-4.459999999999949	0.00003228560390807085
-4.4499999999999496	0.000033625609229446206
-4.43999999999995	0.0000350183514241258
-4.42999999999995	0.000036465779710116795
-4.41999999999995	0.00003796991003419702
-4.40999999999995	0.00003953282712733281
-4.399999999999951	0.00004115668663036809
-4.389999999999951	0.00004284371728101553
-4.379999999999951	0.00004459622315485205
-4.369999999999951	0.00004641658594949585
-4.3599999999999515	0.00004830726735665152
-4.349999999999952	0.0000502708114836591
-4.339999999999952	0.00005230984732357822
-4.329999999999952	0.000054427091321632364
-4.319999999999952	0.000056625349978248816
-4.3099999999999525	0.000058907522531309146
-4.299999999999953	0.000061276603704925
-4.289999999999953	0.00006373568653720058
-4.279999999999953	0.00006628796525375787
-4.269999999999953	0.00006893673824150962
-4.259999999999954	0.00007168541108268534
-4.249999999999954	0.00007453749966085347
-4.239999999999954	0.0000774966333469246
-4.229999999999954	0.0000805665582719643
-4.2199999999999545	0.00008375114066024133
-4.209999999999955	0.00008705437025529441
-4.199999999999955	0.00009048036383128783
-4.189999999999955	0.00009403336877132888
-4.179999999999955	0.00009771776674214005
-4.1699999999999555	0.00010153807746323162
-4.159999999999956	0.00010549896253906496
-4.149999999999956	0.00010960522939935523
-4.139999999999956	0.00011386183533426323
-4.129999999999956	0.0001182738915698388
-4.119999999999957	0.00012284666753068648
-4.109999999999957	0.00012758559511116105
-4.099999999999957	0.00013249627308965043
-4.089999999999957	0.00013758447157891844
-4.079999999999957	0.00014285613668959732
-4.069999999999958	0.00014831739517309528
-4.059999999999958	0.0001539745592293009
-4.049999999999958	0.00015983413139231925
-4.039999999999958	0.00016590280956787197
-4.0299999999999585	0.0001721874920740436
-4.019999999999959	0.00017869528290154774
-4.009999999999959	0.00018543349700512828
-3.9999999999999587	0.00019240966575493707
-3.989999999999959	0.00019963154243629063
-3.979999999999959	0.00020710710792492062
-3.9699999999999593	0.0002148445764261285
-3.9599999999999596	0.00022285240135757158
-3.9499999999999598	0.00023113928133084197
-3.93999999999996	0.000239714166249016
-3.92999999999996	0.00024858626352573717
-3.9199999999999604	0.00025776504442313067
-3.9099999999999606	0.0002672602504964101
-3.899999999999961	0.00027708190016761605
-3.889999999999961	0.0002872402954233842
-3.8799999999999613	0.00029774602861647214
-3.8699999999999615	0.00030860998940190855
-3.8599999999999617	0.00031984337180295035
-3.849999999999962	0.00033145768137673456
-3.839999999999962	0.0003434647425228856
-3.8299999999999623	0.00035587670591160167
-3.8199999999999625	0.0003687060560281754
-3.8099999999999627	0.0003819656188546828
-3.799999999999963	0.0003956685696706494
-3.789999999999963	0.00040982844098077256
-3.7799999999999634	0.00042445913055897934
-3.7699999999999636	0.000439574909643795
-3.759999999999964	0.00045519043123361176
-3.749999999999964	0.00047132073850872017
-3.7399999999999642	0.00048798127341689174
-3.7299999999999645	0.0005051878853298374
-3.7199999999999647	0.0005229568398548833
-3.709999999999965	0.000541304827784579
-3.699999999999965	0.0005602489741434817
-3.6899999999999653	0.0005798068473709807
-3.6799999999999655	0.0005999964686339239
-3.6699999999999657	0.0006208363212565065
-3.659999999999966	0.0006423453602557538
-3.649999999999966	0.0006645430220427215
-3.6399999999999664	0.000687449234189355
-3.6299999999999666	0.0007110844253443218
-3.619999999999967	0.0007354695352675922
-3.609999999999967	0.0007606260249757372
-3.5999999999999672	0.0007865758869916554
-3.5899999999999674	0.0008133416557170237
-3.5799999999999677	0.0008409464179156621
-3.569999999999968	0.0008694138233206304
-3.559999999999968	0.0008987680952887243
-3.5499999999999683	0.0009290340416407333
-3.5399999999999685	0.0009602370655460324
-3.5299999999999687	0.0009924031765228833
-3.519999999999969	0.0010255590015517037
-3.509999999999969	0.0010597317962383948
-3.4999999999999694	0.0010949494561406225
-3.4899999999999696	0.0011312405280907434
-3.47999999999997	0.001168634221673794
-3.46999999999997	0.0012071604207503272
-3.45999999999997	0.0012468496950807655
-3.4499999999999704	0.0012877333119942548
-3.4399999999999706	0.0013298432481410089
-3.429999999999971	0.0013732122013134414
-3.419999999999971	0.0014178736023169852
-3.4099999999999713	0.0014638616268934708
-3.3999999999999715	0.0015112112077045915
-3.3899999999999717	0.001559958046363913
-3.379999999999972	0.00161013862548381
-3.369999999999972	0.0016617902207875554
-3.3599999999999723	0.0017149509132320052
-3.3499999999999726	0.0017696596011442507
-3.3399999999999728	0.0018259560124002806
-3.329999999999973	0.0018838807165969121
-3.319999999999973	0.0019434751372166446
-3.3099999999999734	0.002004781563817809
-3.2999999999999736	0.0020678431641953923
-3.289999999999974	0.0021327039965184412
-3.279999999999974	0.0021994090214548104
-3.2699999999999743	0.002268004114266932
-3.2599999999999745	0.0023385360768434925
-3.2499999999999747	0.0024110526497053866
-3.239999999999975	0.002485602523951322
-3.229999999999975	0.0025622353531232775
-3.2199999999999753	0.002641001765002011
-3.2099999999999755	0.002721953373340276
-3.1999999999999758	0.0028051427894639964
-3.189999999999976	0.0028906236337980264
-3.179999999999976	0.00297845054727638
-3.1699999999999764	0.003068679202617919
-3.1599999999999766	0.003161366315471317
-3.149999999999977	0.0032565696554345304
-3.139999999999977	0.003354348056891186
-3.1299999999999772	0.003454761429698125
-3.1199999999999775	0.0035578707696948706
-3.1099999999999777	0.003663738169024056
-3.099999999999978	0.003772426826234567
-3.089999999999978	0.0038840010562068207
-3.0799999999999783	0.003998526299824266
-3.0699999999999785	0.004116069133407737
-3.0599999999999787	0.004236697277925096
-3.049999999999979	0.004360479607917122
-3.039999999999979	0.0044874861601388386
-3.0299999999999794	0.0046177881419405264
-3.0199999999999796	0.00475145793932748
-3.00999999999998	0.004888569124692637
-2.99999999999998	0.005029196464243596
-2.9899999999999802	0.005173415925072909
-2.9799999999999804	0.005321304681855236
-2.9699999999999807	0.005472941123189769
-2.959999999999981	0.0056284048575543566
-2.949999999999981	0.005787776718827931
-2.9399999999999813	0.005951138771429628
-2.9299999999999815	0.006118574315002334
-2.9199999999999817	0.006290167888647163
-2.909999999999982	0.006466005274691159
-2.899999999999982	0.006646173501994691
-2.8899999999999824	0.006830760848718705
-2.8799999999999826	0.007019856844625679
-2.869999999999983	0.0072135522727928255
-2.859999999999983	0.007411939170854452
-2.849999999999983	0.007615110831605275
-2.8399999999999834	0.007823161803078007
-2.8299999999999836	0.008036187887988896
-2.819999999999984	0.008254286142586567
-2.809999999999984	0.008477554874872496
-2.7999999999999843	0.00870609364216601
-2.7899999999999845	0.008940003247996054
-2.7799999999999847	0.00917938573834269
-2.769999999999985	0.009424344397146733
-2.759999999999985	0.009674983741120207
-2.7499999999999853	0.009931409513794046
-2.7399999999999856	0.01019372867889589
-2.7299999999999858	0.01046204941285386
-2.719999999999986	0.010736481096591179
-2.709999999999986	0.01101713430649531
-2.6999999999999864	0.011304120804552474
-2.6899999999999866	0.011597553527680434
-2.679999999999987	0.011897546576189853
-2.669999999999987	0.012204215201363007
-2.6599999999999873	0.012517675792176093
-2.6499999999999875	0.012838045861109617
-2.6399999999999877	0.013165444029015701
-2.629999999999988	0.013499990009090298
-2.619999999999988	0.013841804589870669
-2.6099999999999883	0.014191009617270035
-2.5999999999999885	0.01454772797563118
-2.5899999999999888	0.014912083567797664
-2.579999999999989	0.015284201294142841
-2.569999999999989	0.015664207030596174
-2.5599999999999894	0.016052227605630624
-2.5499999999999896	0.01644839077617174
-2.53999999999999	0.016852825202454624
-2.52999999999999	0.01726566042181403
-2.5199999999999902	0.01768702682132794
-2.5099999999999905	0.01811705560941618
-2.4999999999999907	0.01855587878627448
-2.489999999999991	0.019003629113190566
-2.479999999999991	0.0194604400807072
-2.4699999999999913	0.019926445875658567
-2.4599999999999915	0.020401781347010005
-2.4499999999999917	0.020886581970529255
-2.439999999999992	0.02138098381229668
-2.429999999999992	0.021885123490996288
-2.4199999999999924	0.022399138139005296
-2.4099999999999926	0.02292316536229948
-2.399999999999993	0.023457343199126676
-2.389999999999993	0.024001810077440327
-2.3799999999999932	0.02455670477114484
-2.3699999999999934	0.025122166355085906
-2.3599999999999937	0.02569833415878674
-2.349999999999994	0.026285347718979363
-2.339999999999994	0.026883346730876764
-2.3299999999999943	0.027492470998179034
-2.3199999999999945	0.028112860381869376
-2.3099999999999947	0.02874465474774014
-2.299999999999995	0.029387993912672807
-2.289999999999995	0.03004301758967829
-2.2799999999999954	0.0307098653317039
-2.2699999999999956	0.03138867647418555
-2.259999999999996	0.0320795900763021
-2.249999999999996	0.03278274486118284
-2.239999999999996	0.0334982791546747
-2.2299999999999964	0.0342263308230064
-2.2199999999999966	0.03496703720923533
-2.209999999999997	0.03572053506845271
-2.199999999999997	0.03648696050182073
-2.1899999999999973	0.037266448889438586
-2.1799999999999975	0.03805913482200713
-2.1699999999999977	0.038865152031349715
-2.159999999999998	0.03968463331980735
-2.149999999999998	0.04051771048847864
-2.1399999999999983	0.04136451426434831
-2.1299999999999986	0.042225174226374104
-2.1199999999999988	0.04309981873035194
-2.109999999999999	0.04398857483294309
-2.099999999999999	0.04489156821448166
-2.0899999999999994	0.04580892310084349
-2.0799999999999996	0.046740762184296375
-2.07	0.04768720654341883
-2.06	0.048648375562049255
-2.0500000000000003	0.049624386847312435
-2.0400000000000005	0.05061535614678456
-2.0300000000000007	0.05162139726478739
-2.020000000000001	0.052642621977832794
-2.010000000000001	0.05367913994930744
-2.0000000000000013	0.0547310586433718
-1.9900000000000015	0.055798483238121796
-1.9800000000000015	0.056881516538068326
-1.9700000000000015	0.05798025888596653
-1.9600000000000015	0.05909480807398387
-1.9500000000000015	0.06022525925432302
-1.9400000000000015	0.06137170484929992
-1.9300000000000015	0.06253423446088645
-1.9200000000000015	0.06371293477982101
-1.9100000000000015	0.06490788949431318
-1.9000000000000015	0.06611917919833804
-1.8900000000000015	0.0673468812996285
-1.8800000000000014	0.0685910699274042
-1.8700000000000014	0.06985181583982937
-1.8600000000000014	0.07112918633131184
-1.8500000000000014	0.07242324513968598
-1.8400000000000014	0.07373405235328634
-1.8300000000000014	0.0750616643179951
-1.8200000000000014	0.07640613354435374
-1.8100000000000014	0.07776750861471124
-1.8000000000000014	0.07914583409051483
-1.7900000000000014	0.08054115041982793
-1.7800000000000014	0.08195349384506428
-1.7700000000000014	0.08338289631102735
-1.7600000000000013	0.0848293853733562
-1.7500000000000013	0.08629298410736841
-1.7400000000000013	0.08777371101738693
-1.7300000000000013	0.08927157994665312
-1.7200000000000013	0.0907865999878313
-1.7100000000000013	0.0923187753941743
-1.7000000000000013	0.09386810549147435
-1.6900000000000013	0.09543458459080217
-1.6800000000000013	0.09701820190209078
-1.6700000000000013	0.09861894144870692
-1.6600000000000013	0.10023678198301145
-1.6500000000000012	0.10187169690296777
-1.6400000000000012	0.10352365416992233
-1.6300000000000012	0.10519261622759814
-1.6200000000000012	0.10687853992233032
-1.6100000000000012	0.10858137642468377
-1.6000000000000012	0.11030107115249009
-1.5900000000000012	0.11203756369533885
-1.5800000000000012	0.1137907877406417
-1.5700000000000012	0.11556067100135349
-1.5600000000000012	0.1173471351453283
-1.5500000000000012	0.11915009572648137
-1.5400000000000011	0.12096946211780135
-1.5300000000000011	0.12280513744622733
-1.5200000000000011	0.12465701852951824
-1.5100000000000011	0.12652499581520274
-1.500000000000001	0.1284089533215864
-1.490000000000001	0.13030876858098267
-1.480000000000001	0.1322243125851933
-1.470000000000001	0.13415544973330332
-1.460000000000001	0.13610203778184804
-1.450000000000001	0.1380639277974948
-1.440000000000001	0.14004096411219147
-1.430000000000001	0.14203298428091904
-1.420000000000001	0.1440398190421318
-1.410000000000001	0.14606129228089132
-1.400000000000001	0.14809722099476658
-1.390000000000001	0.15014741526263725
-1.380000000000001	0.15221167821636947
-1.370000000000001	0.15428980601545061
-1.360000000000001	0.15638158782469896
-1.350000000000001	0.1584868057950427
-1.340000000000001	0.16060523504741517
-1.330000000000001	0.1627366436599108
-1.320000000000001	0.16488079265817038
-1.310000000000001	0.16703743600906062
-1.300000000000001	0.16920632061775237
-1.290000000000001	0.17138718632821967
-1.280000000000001	0.17357976592714733
-1.270000000000001	0.1757837851514022
-1.260000000000001	0.17799896269907114
-1.2500000000000009	0.1802250102440371
-1.2400000000000009	0.18246163245423971
-1.2300000000000009	0.18470852701364537
-1.2200000000000009	0.18696538464787735
-1.2100000000000009	0.1892318891536242
-1.2000000000000008	0.1915077174319005
-1.1900000000000008	0.19379253952500966
-1.1800000000000008	0.19608601865745462
-1.1700000000000008	0.1983878112807294
-1.1600000000000008	0.20069756712192546
-1.1500000000000008	0.20301492923636302
-1.1400000000000008	0.20533953406411865
-1.1300000000000008	0.2076710114905675
-1.1200000000000008	0.21000898491079062
-1.1100000000000008	0.21235307129815797
-1.1000000000000008	0.21470288127672874
-1.0900000000000007	0.21705801919780973
-1.0800000000000007	0.2194180832203852
-1.0700000000000007	0.22178266539581248
-1.0600000000000007	0.22415135175615117
-1.0500000000000007	0.22652372240692606
-1.0400000000000007	0.22889935162359734
-1.0300000000000007	0.23127780795222375
-1.0200000000000007	0.2336586543138963
-1.0100000000000007	0.23604144811331979
-1.0000000000000007	0.23842574135163427
-0.9900000000000007	0.24081108074215365
-0.9800000000000006	0.24319700783154108
-0.9700000000000006	0.2455830591231451
-0.9600000000000006	0.24796876620598676
-0.9500000000000006	0.2503536558861678
-0.9400000000000006	0.25273725032260214
-0.9300000000000006	0.2551190671665719
-0.9200000000000006	0.2574986197048897
-0.9100000000000006	0.2598754170066966
-0.9000000000000006	0.26224896407391646
-0.8900000000000006	0.26461876199532075
-0.8800000000000006	0.26698430810400814
-0.8700000000000006	0.26934509613839647
-0.8600000000000005	0.27170061640666593
-0.8500000000000005	0.27405035595443544
-0.8400000000000005	0.2763937987357423
-0.8300000000000005	0.27873042578730856
-0.8200000000000005	0.2810597154058267
-0.8100000000000005	0.28338114332830416
-0.8000000000000005	0.2856941829154952
-0.7900000000000005	0.28799830533816223
-0.7800000000000005	0.2902929797660945
-0.7700000000000005	0.2925776735600334
-0.7600000000000005	0.2948518524659837
-0.7500000000000004	0.29711498081229715
-0.7400000000000004	0.29936652170924133
-0.7300000000000004	0.30160593725069657
-0.7200000000000004	0.30383268871828045
-0.7100000000000004	0.3060462367876802
-0.7000000000000004	0.3082460417369168
-0.6900000000000004	0.3104315636566337
-0.6800000000000004	0.3126022626622823
-0.6700000000000004	0.31475759910793727
-0.6600000000000004	0.31689703380178486
-0.6500000000000004	0.31902002822317077
-0.6400000000000003	0.32112604474096174
-0.6300000000000003	0.32321454683320416
-0.6200000000000003	0.3252849993080002
-0.6100000000000003	0.32733686852534183
-0.6000000000000003	0.32936962261985575
-0.5900000000000003	0.3313827317244474
-0.5800000000000003	0.3333756681943509
-0.5700000000000003	0.3353479068317906
-0.5600000000000003	0.3372989251120229
-0.5500000000000003	0.3392282034071958
-0.5400000000000003	0.34113522521311085
-0.5300000000000002	0.3430194773742644
-0.5200000000000002	0.3448804503093063
-0.5100000000000002	0.346717638236351
-0.5000000000000002	0.34853053939748807
-0.49000000000000027	0.35031865628321396
-0.48000000000000026	0.3520814958557005
-0.47000000000000025	0.3538185697717491
-0.46000000000000024	0.35552939460441235
-0.45000000000000023	0.35721349206367736
-0.4400000000000002	0.35887038921588565
-0.4300000000000002	0.3604996187018709
-0.4200000000000002	0.36210071895346624
-0.4100000000000002	0.36367323440842986
-0.4000000000000002	0.3652167157235951
-0.3900000000000002	0.36673071998609014
-0.38000000000000017	0.36821481092245584
-0.37000000000000016	0.369668559105676
-0.36000000000000015	0.3710915421597998
-0.35000000000000014	0.3724833449620765
-0.34000000000000014	0.3738435598425906
-0.3300000000000001	0.37517178678109775
-0.3200000000000001	0.37646763360097374
-0.3100000000000001	0.3777307161602687
-0.3000000000000001	0.3789606585395696
-0.2900000000000001	0.3801570932266034
-0.2800000000000001	0.38131966129753697
-0.2700000000000001	0.3824480125947261
-0.26000000000000006	0.38354180590083997
-0.25000000000000006	0.38460070910929683
-0.24000000000000007	0.3856243993908011
-0.23000000000000007	0.3866125633559074
-0.22000000000000006	0.387564897213532
-0.21000000000000005	0.3884811069252493
-0.20000000000000004	0.3893609083552526
-0.19000000000000003	0.3902040274159606
-0.18000000000000002	0.39101020020907484
-0.17	0.3917791731620006
-0.16	0.3925107031596039
-0.15	0.39320455767113416
-0.13999999999999999	0.393860514872225
-0.12999999999999998	0.3944783637619386
-0.11999999999999998	0.39505790427473825
-0.10999999999999999	0.39559894738709983
-0.09999999999999999	0.3961013152197317
-0.09	0.39656484113277746
-0.08	0.39698936981767907
-0.07	0.39737475738185957
-0.060000000000000005	0.39772087142903634
-0.05	0.39802759113340913
-0.04	0.39829480730834527
-0.03	0.39852242246939357
-0.02	0.39871035089151097
-0.01	0.39885851866052857
0	0.3989668637188077
0.01	0.3990353359050022
0.02	0.3990638969879201
0.03	0.39905252069449376
0.04	0.3990011927317532
0.05	0.39890991080283217
0.060000000000000005	0.39877868461700366
0.07	0.39860753589368886
0.08	0.3983964983604329
0.09	0.3981456177449076
0.09999999999999999	0.39785495176076746
0.10999999999999999	0.3975245700879207
0.11999999999999998	0.3971545543459545
0.12999999999999998	0.39674499806240426
0.13999999999999999	0.39629600663459436
0.15	0.3958076972856425
0.16	0.39528019901466005
0.17	0.3947136525402688
0.18000000000000002	0.3941082102397931
0.19000000000000003	0.393464036081088
0.20000000000000004	0.3927813055493023
0.21000000000000005	0.39206020556777527
0.22000000000000006	0.3913009344132288
0.23000000000000007	0.3905037016252775
0.24000000000000007	0.3896687279103838
0.25000000000000006	0.3887962450402889
0.26000000000000006	0.38788649574494166
0.2700000000000001	0.3869397336000602
0.2800000000000001	0.3859562229093858
0.2900000000000001	0.38493623858165144
0.3000000000000001	0.38388006600241065
0.3100000000000001	0.38278800090079007
0.3200000000000001	0.38166034921123454
0.3300000000000001	0.3804974269303381
0.34000000000000014	0.37929955996890397
0.35000000000000014	0.37806708399925115
0.36000000000000015	0.37680034429791565
0.37000000000000016	0.3754996955838741
0.38000000000000017	0.3741655018523286
0.3900000000000002	0.3727981362042007
0.4000000000000002	0.3713979806714818
0.4100000000000002	0.3699654260384749
0.4200000000000002	0.3685008716591014
0.4300000000000002	0.3670047252703948
0.4400000000000002	0.3654774028022788
0.45000000000000023	0.3639193281837434
0.46000000000000024	0.3623309331456059
0.47000000000000025	0.36071265701992883
0.48000000000000026	0.3590649465362272
0.49000000000000027	0.35738825561465043
0.5000000000000002	0.35568304515622
0.5100000000000002	0.3539497828302725
0.5200000000000002	0.35218894285926294
0.5300000000000002	0.3504010058010645
0.5400000000000003	0.34858645832887253
0.5500000000000003	0.34674579300890257
0.5600000000000003	0.3448795080760098
0.5700000000000003	0.3429881072073401
0.5800000000000003	0.34107209929420335
0.5900000000000003	0.33913199821231105
0.6000000000000003	0.3371683225904749
0.6100000000000003	0.335181595577975
0.6200000000000003	0.3331723446108504
0.6300000000000003	0.33114110117644846
0.6400000000000003	0.329088400578398
0.6500000000000004	0.32701478169949943
0.6600000000000004	0.32492078676463154
0.6700000000000004	0.3228069611030616
0.6800000000000004	0.3206738529104552
0.6900000000000004	0.3185220130106743
0.7000000000000004	0.31635199461754354
0.7100000000000004	0.314164353096762
0.7200000000000004	0.31195964572802964
0.7300000000000004	0.3097384314675887
0.7400000000000004	0.30750127071131855
0.7500000000000004	0.30524872505849676
0.7600000000000005	0.3029813570763735
0.7700000000000005	0.30069973006573636
0.7800000000000005	0.2984044078275529
0.7900000000000005	0.2960959544308339
0.8000000000000005	0.2937749339818922
0.8100000000000005	0.2914419103950874
0.8200000000000005	0.28909744716518443
0.8300000000000005	0.2867421071414865
0.8400000000000005	0.2843764523038568
0.8500000000000005	0.28200104354071587
0.8600000000000005	0.2796164404291975
0.8700000000000006	0.27722320101754705
0.8800000000000006	0.2748218816098697
0.8900000000000006	0.2724130365533623
0.9000000000000006	0.2699972180281617
0.9100000000000006	0.2675749758398442
0.9200000000000006	0.26514685721477543
0.9300000000000006	0.2627134065983524
0.9400000000000006	0.2602751654562582
0.9500000000000006	0.25783267207881416
0.9600000000000006	0.25538646138857213
0.9700000000000006	0.25293706475115924
0.9800000000000006	0.25048500978953264
0.9900000000000007	0.2480308202017102
1.0000000000000007	0.24557501558203862
1.0100000000000007	0.243118111246096
1.0200000000000007	0.24066061805932681
1.0300000000000007	0.23820304226943417
1.0400000000000007	0.23574588534262864
1.0500000000000007	0.23328964380381503
1.0600000000000007	0.23083480908074194
1.0700000000000007	0.2283818673521859
1.0800000000000007	0.22593129940026094
1.0900000000000007	0.22348358046686076
1.1000000000000008	0.2210391801142867
1.1100000000000008	0.2185985620901538
1.1200000000000008	0.21616218419656433
1.1300000000000008	0.21373049816360265
1.1400000000000008	0.2113039495272049
1.1500000000000008	0.20888297751142806
1.1600000000000008	0.2064680149151138
1.1700000000000008	0.20405948800303123
1.1800000000000008	0.20165781640148
1.1900000000000008	0.19926341299836736
1.2000000000000008	0.1968766838478015
1.2100000000000009	0.19449802807920993
1.2200000000000009	0.1921278378109437
1.2300000000000009	0.18976649806844845
1.2400000000000009	0.18741438670694538
1.2500000000000009	0.1850718743386373
1.260000000000001	0.18273932426443806
1.270000000000001	0.1804170924102342
1.280000000000001	0.1781055272676196
1.290000000000001	0.17580496983913774
1.300000000000001	0.1735157535879946
1.310000000000001	0.17123820439221402
1.320000000000001	0.1689726405032214
1.330000000000001	0.1667193725088384
1.340000000000001	0.16447870330064074
1.350000000000001	0.1622509280456466
1.360000000000001	0.16003633416233762
1.370000000000001	0.15783520130091844
1.380000000000001	0.15564780132781825
1.390000000000001	0.15347439831437654
1.400000000000001	0.15131524852967132
1.410000000000001	0.14917060043742375
1.420000000000001	0.1470406946969713
1.430000000000001	0.1449257641682179
1.440000000000001	0.14282603392051085
1.450000000000001	0.14074172124541498
1.460000000000001	0.13867303567330821
1.470000000000001	0.13662017899371462
1.480000000000001	0.13458334527936375
1.490000000000001	0.13256272091387886
1.500000000000001	0.13055848462301475
1.5100000000000011	0.12857080750941222
1.5200000000000011	0.12659985309079516
1.5300000000000011	0.12464577734149322
1.5400000000000011	0.12270872873728544
1.5500000000000012	0.1207888483034468
1.5600000000000012	0.11888626966592462
1.5700000000000012	0.11700111910559484
1.5800000000000012	0.11513351561549343
1.5900000000000012	0.11328357096095884
1.6000000000000012	0.11145138974259959
1.6100000000000012	0.10963706946201657
1.6200000000000012	0.10784070059018583
1.6300000000000012	0.10606236663841898
1.6400000000000012	0.10430214423185213
1.6500000000000012	0.1025601031853252
1.6600000000000013	0.10083630658161119
1.6700000000000013	0.09913081085189727
1.6800000000000013	0.09744366585842731
1.6900000000000013	0.09577491497923414
1.7000000000000013	0.09412459519486634
1.7100000000000013	0.09249273717703221
1.7200000000000013	0.09087936537905125
1.7300000000000013	0.08928449812808599
1.7400000000000013	0.08770814771899872
1.7500000000000013	0.08615032050978906
1.7600000000000013	0.08461101701853675
1.7700000000000014	0.0830902320217229
1.7800000000000014	0.08158795465388816
1.7900000000000014	0.08010416850852733
1.8000000000000014	0.07863885174013037
1.8100000000000014	0.07719197716729424
1.8200000000000014	0.07576351237683154
1.8300000000000014	0.07435341982877904
1.8400000000000014	0.07296165696223895
1.8500000000000014	0.07158817630195964
1.8600000000000014	0.07023292556559912
1.8700000000000014	0.06889584777155673
1.8800000000000014	0.06757688134733934
1.8900000000000015	0.06627596023835128
1.9000000000000015	0.06499301401705107
1.9100000000000015	0.06372796799238939
1.9200000000000015	0.062480743319470226
1.9300000000000015	0.06125125710934664
1.9400000000000015	0.06003942253888492
1.9500000000000015	0.058845148960644994
1.9600000000000015	0.05766834201267962
1.9700000000000015	0.05650890372820534
1.9800000000000015	0.055366732645075536
1.9900000000000015	0.05424172391499093
2.0000000000000013	0.05313376941237522
2.010000000000001	0.052042757842874786
2.020000000000001	0.050968574851407274
2.0300000000000007	0.04991110312968501
2.0400000000000005	0.048870222523211194
2.0500000000000003	0.04784581013762043
2.06	0.046837740444366296
2.07	0.04584588538567546
2.0799999999999996	0.044870114478725645
2.0899999999999994	0.04391029491899754
2.099999999999999	0.04296629168274818
2.109999999999999	0.04203796762856954
2.1199999999999988	0.041125183597971286
2.1299999999999986	0.04022779851496858
2.1399999999999983	0.03934566948458107
2.149999999999998	0.03847865189036149
2.159999999999998	0.03762659949057025
2.1699999999999977	0.03678936451341026
2.1799999999999975	0.03596679775094355
2.1899999999999973	0.035158748651790576
2.199999999999997	0.034365065412585404
2.209999999999997	0.03358559506810349
2.2199999999999966	0.032820183580084816
2.2299999999999964	0.03206867592469535
2.239999999999996	0.03133091617861138
2.249999999999996	0.030606747603698935
2.259999999999996	0.029896012730271326
2.2699999999999956	0.029198553438896838
2.2799999999999954	0.028514211040732512
2.289999999999995	0.027842826356379483
2.299999999999995	0.02718423979329618
2.3099999999999947	0.02653829142153415
2.3199999999999945	0.02590482104812365
2.3299999999999943	0.02528366828981852
2.339999999999994	0.024674672644308972
2.349999999999994	0.024077673559879102
2.3599999999999937	0.02349251050348098
2.3699999999999934	0.02291902302723655
2.3799999999999932	0.02235705083336385
2.389999999999993	0.021806433837500312
2.399999999999993	0.021267012230447597
2.4099999999999926	0.02073862653831971
2.4199999999999924	0.020221117681097453
2.429999999999992	0.019714327029592995
2.439999999999992	0.01921809646082134
2.4499999999999917	0.018732268411785626
2.4599999999999915	0.018256685931679742
2.4699999999999913	0.0177911927325076
2.479999999999991	0.01733563323813767
2.489999999999991	0.016889852631785048
2.4999999999999907	0.016453696901935374
2.5099999999999905	0.016027012886732705
2.5199999999999902	0.015609648316811445
2.52999999999999	0.015201451856608471
2.53999999999999	0.014802273144168827
2.5499999999999896	0.014411962829428993
2.5599999999999894	0.014030372611022336
2.569999999999989	0.013657355271610907
2.579999999999989	0.013292764711741735
2.5899999999999888	0.012936455982273042
2.5999999999999885	0.012588285315359209
2.6099999999999883	0.012248110154018834
2.619999999999988	0.011915789180361068
2.629999999999988	0.011591182342317501
2.6399999999999877	0.011274150879134257
2.6499999999999875	0.010964557345464454
2.6599999999999873	0.010662265634150745
2.669999999999987	0.010367140997700539
2.679999999999987	0.01007905006853348
2.6899999999999866	0.009797860877855247
2.6999999999999864	0.009523442873414174
2.709999999999986	0.00925566693597783
2.719999999999986	0.008994405394629824
2.7299999999999858	0.008739532040895654
2.7399999999999856	0.008490922141715792
2.7499999999999853	0.008248452451295159
2.759999999999985	0.008012001221847307
2.769999999999985	0.0077814482132583795
2.7799999999999847	0.007556674701692826
2.7899999999999845	0.007337563487168314
2.7999999999999843	0.0071239989001159335
2.809999999999984	0.006915866806955587
2.819999999999984	0.0067130546147152305
2.8299999999999836	0.006515451274698304
2.8399999999999834	0.006322947285246801
2.849999999999983	0.006135434693608348
2.859999999999983	0.005952807096941502
2.869999999999983	0.005774959642463125
2.8799999999999826	0.005601789026799075
2.8899999999999824	0.005433193494518793
2.899999999999982	0.005269072835905769
2.909999999999982	0.00510932838397902
2.9199999999999817	0.004953863010791108
2.9299999999999815	0.004802581123018336
2.9399999999999813	0.004655388656880203
2.949999999999981	0.004512193072391859
2.959999999999981	0.0043729033469963215
2.9699999999999807	0.004237429968574263
2.9799999999999804	0.004105684927878355
2.9899999999999802	0.003977581710386062
2.99999999999998	0.0038530352876214977
3.00999999999998	0.003731962107949232
3.0199999999999796	0.003614280086867792
3.0299999999999794	0.0034999085968227114
3.039999999999979	0.003388768456565588
3.049999999999979	0.0032807819200631255
3.0599999999999787	0.0031758726650030437
3.0699999999999785	0.0030739657808924953
3.0799999999999783	0.002974987756778391
3.089999999999978	0.002878866468612333
3.099999999999978	0.002785531166279181
3.1099999999999777	0.0026949124602871637
3.1199999999999775	0.0026069423081795775
3.1299999999999772	0.002521554000645574
3.139999999999977	0.002438682147363564
3.149999999999977	0.002358262662606361
3.1599999999999766	0.002280232750601766
3.1699999999999764	0.002204530890683125
3.179999999999976	0.00213109682223798
3.189999999999976	0.002059871529476311
3.1999999999999758	0.0019907972260200216
3.2099999999999755	0.0019238173393554669
3.2199999999999753	0.0018588764951321128
3.229999999999975	0.0017959205013474808
3.239999999999975	0.0017348963324151387
3.2499999999999747	0.0016757521131411724
3.2599999999999745	0.0016184371026153428
3.2699999999999743	0.0015629016780328506
3.279999999999974	0.0015090973184545766
3.289999999999974	0.0014569765885400407
3.2999999999999736	0.001406493122211932
3.3099999999999734	0.001357601606333585
3.319999999999973	0.0013102577643607834
3.329999999999973	0.001264418339986888
3.3399999999999728	0.001220041080813031
3.3499999999999726	0.0011770847220284588
3.3599999999999723	0.0011355089701274973
3.369999999999972	0.0010952744866539316
3.379999999999972	0.001056342872010878
3.3899999999999717	0.0010186766493120655
3.3999999999999715	0.0009822392483120831
3.4099999999999713	0.0009469949893991074
3.419999999999971	0.0009129090676743804
3.429999999999971	0.000879947537118869
3.4399999999999706	0.0008480772948559071
3.4499999999999704	0.0008172660655136891
3.45999999999997	0.0007874823857016011
3.46999999999997	0.0007586955886023419
3.47999999999997	0.0007308757886514381
3.4899999999999696	0.0007039938664156728
3.4999999999999694	0.0006780214535303758
3.509999999999969	0.0006529309178075192
3.519999999999969	0.0006286953484786459
3.5299999999999687	0.0006052885415907207
3.5399999999999685	0.0005826849855128644
3.5499999999999683	0.0005608598466729267
3.559999999999968	0.000539788955376068
3.569999999999968	0.000519448791818916
3.5799999999999677	0.0004998164722625102
3.5899999999999674	0.00048086973536971665
3.5999999999999672	0.00046258692871378374
3.609999999999967	0.00044494699545490985
3.619999999999967	0.0004279294611943309
3.6299999999999666	0.00041151442100883975
3.6399999999999664	0.00039568252663553077
3.649999999999966	0.00038041497388626995
3.659999999999966	0.0003656934901948504
3.6699999999999657	0.0003515003223702235
3.6799999999999655	0.0003378182245266579
3.6899999999999653	0.0003246304462008887
3.699999999999965	0.00031192072064633816
3.709999999999965	0.0002996732533244568
3.7199999999999647	0.0002878727105735688
3.7299999999999645	0.0002765042084531258
3.7399999999999642	0.0002655533018046954
3.749999999999964	0.00025500597346797646
3.759999999999964	0.0002448486236940261
3.7699999999999636	0.00023506805974923638
3.7799999999999634	0.00022565148569264116
3.789999999999963	0.00021658649234919275
3.799999999999963	0.00020786104745423465
3.8099999999999627	0.0001994634859980732
3.8199999999999625	0.00019138250072920775
3.8299999999999623	0.00018360713286160252
3.839999999999962	0.0001761267629465278
3.849999999999962	0.00016893110192969495
3.8599999999999617	0.00016201018238074885
3.8699999999999615	0.00015535434991270763
3.8799999999999613	0.00014895425474068243
3.889999999999961	0.00014280084346757573
3.899999999999961	0.00013688535100050514
3.9099999999999606	0.00013119929262994334
3.9199999999999604	0.0001257344563264986
3.92999999999996	0.00012048289514577006
3.93999999999996	0.0001154369198573913
3.9499999999999598	0.00011058909166145632
3.9599999999999596	0.00010593221513039043
3.9699999999999593	0.000101459331307531
3.979999999999959	0.00009716371089961731
3.989999999999959	0.00009303884769487674
3.9999999999999587	0.0000890784520991695
4.009999999999959	0.00008527644482631862
4.019999999999959	0.00008162695074328475
4.0299999999999585	0.00007812429285379922
4.039999999999958	0.00007476298643201887
4.049999999999958	0.00007153773329397092
4.059999999999958	0.0000684434162136353
4.069999999999958	0.00006547509346824171
4.079999999999957	0.0000626279935301367
4.089999999999957	0.00005989750987930994
4.099999999999957	0.00005727919595758215
4.109999999999957	0.00005476876024029858
4.119999999999957	0.000052362061446504065
4.129999999999956	0.00005005510386312979
4.139999999999956	0.000047844032791493985
4.149999999999956	0.000045725130124274176
4.159999999999956	0.000043694810024140074
4.1699999999999555	0.00004174961472502748
4.179999999999955	0.00003988621045110459
4.189999999999955	0.000038101383435595544
4.199999999999955	0.00003639203605369707
4.209999999999955	0.00003475518306495642
4.2199999999999545	0.000033187947950187774
4.229999999999954	0.00003168755936042216
4.239999999999954	0.000030251347655193024
4.249999999999954	0.000028876741549872152
4.259999999999954	0.000027561264849055904
4.269999999999953	0.000026302533274070546
4.279999999999953	0.000025098251389216016
4.289999999999953	0.000023946209609921814
4.299999999999953	0.000022844281294754935
4.3099999999999525	0.000021790419938569754
4.319999999999952	0.000020782656430955876
4.329999999999952	0.000019819096401328785
4.339999999999952	0.000018897917652950147
4.349999999999952	0.000018017367660656745
4.3599999999999515	0.000017175761151283234
4.369999999999951	0.000016371477758512147
4.379999999999951	0.00001560295974531208
4.389999999999951	0.0000148687097999817
4.399999999999951	0.000014167288900757772
4.40999999999995	0.000013497314242226915
4.41999999999995	0.000012857457233238365
4.42999999999995	0.000012246441554089568
4.43999999999995	0.000011663041280633253
4.4499999999999496	0.000011106079043834544
4.459999999999949	0.00001057442429802381
4.469999999999949	0.000010066991601460661
4.479999999999949	9.582738946680085e-6
4.489999999999949	9.120666202683272e-6
4.4999999999999485	8.679813543703845e-6
4.509999999999948	8.259259962266798e-6
4.519999999999948	7.858121830372637e-6
4.529999999999948	7.475551497300723e-6
4.539999999999948	7.110735945153448e-6
4.549999999999947	6.762895482374121e-6
4.559999999999947	6.431282488379534e-6
4.569999999999947	6.1151801919017404e-6
4.579999999999947	5.81390150017811e-6
4.589999999999947	5.526787860261123e-6
4.599999999999946	5.253208160249376e-6
4.609999999999946	4.99255769455706e-6
4.619999999999946	4.744257106759709e-6
4.629999999999946	4.507751423026113e-6
4.6399999999999455	4.282509118544353e-6
4.649999999999945	4.068021165915298e-6
4.659999999999945	3.8638001740571825e-6
4.669999999999945	3.6693795279826276e-6
4.679999999999945	3.484312567628015e-6
4.689999999999944	3.308171802429864e-6
4.699999999999944	3.1405481312794388e-6
4.709999999999944	2.9810501156621952e-6
4.719999999999944	2.8293032790500545e-6
4.729999999999944	2.684949403779049e-6
4.739999999999943	2.547645889528134e-6
4.749999999999943	2.4170651200022758e-6
4.759999999999943	2.2928938136973135e-6
4.769999999999943	2.1748325148389284e-6
4.7799999999999425	2.0625949331127444e-6
4.789999999999942	1.9559074766617167e-6
4.799999999999942	1.8545087075442497e-6
4.809999999999942	1.7581488040879317e-6
4.819999999999942	1.666589125427425e-6
4.8299999999999415	1.5796017037962762e-6
4.839999999999941	1.4969688271928644e-6
4.849999999999941	1.4184825752513327e-6
4.859999999999941	1.3439444380454827e-6
4.869999999999941	1.2731649214316358e-6
4.87999999999994	1.2059631250541836e-6
4.88999999999994	1.1421664059155203e-6
4.89999999999994	1.0816100203059653e-6
4.90999999999994	1.024136778285735e-6
4.9199999999999395	9.69596726307352e-7
4.929999999999939	9.178468299853114e-7
4.939999999999939	8.687506670964273e-7
4.949999999999939	8.221781578500823e-7
4.959999999999939	7.780052669560345e-7
4.9699999999999385	7.361137624651627e-7
4.979999999999938	6.963909343218515e-7
4.989999999999938	6.587293635967119e-7
4.999999999999938	6.230267002019406e-7
5.009999999999938	5.891854214426073e-7
5.019999999999937	5.57112622551754e-7
5.029999999999937	5.267198104069877e-7
5.039999999999937	4.979227059493025e-7
5.049999999999937	4.706410548936957e-7
5.0599999999999365	4.447984460169238e-7
5.069999999999936	4.2032213755576835e-7
5.079999999999936	3.971428907764778e-7
5.089999999999936	3.751948087065815e-7
5.099999999999936	3.544151900201407e-7
5.1099999999999355	3.3474437190367136e-7
5.119999999999935	3.161256022771337e-7
5.129999999999935	2.985048959259941e-7
5.139999999999935	2.818309177625989e-7
5.149999999999935	2.66054841307065e-7
5.159999999999934	2.511302429733731e-7
5.169999999999934	2.3701300257719725e-7
5.179999999999934	2.2366117762942935e-7
5.189999999999934	2.1103490928360847e-7
5.199999999999934	1.9909631769637142e-7
5.209999999999933	1.8780941284013894e-7
5.219999999999933	1.7714000953789797e-7
5.229999999999933	1.6705563471543013e-7
5.239999999999933	1.5752545552864958e-7
5.2499999999999325	1.4852018497222343e-7
5.259999999999932	1.4001200691380058e-7
5.269999999999932	1.3197453023487197e-7
5.279999999999932	1.2438270692099613e-7
5.289999999999932	1.1721276003935332e-7
5.299999999999931	1.1044212888245977e-7
5.309999999999931	1.0404940594901084e-7
5.319999999999931	9.801428116297047e-8