-5.7199999999999225	9.841426679757133e-8
-5.709999999999923	1.03550366547347e-7
-5.699999999999923	1.0894598298849542e-7
-5.689999999999923	1.1461376922093308e-7
-5.679999999999923	1.2056697449344448e-7
-5.6699999999999235	1.268194427702239e-7
-5.659999999999924	1.333857134395708e-7
-5.649999999999924	1.4028095955635977e-7
-5.639999999999924	1.4752107085417257e-7
-5.629999999999924	1.5512267762051013e-7
-5.619999999999925	1.6310319170582785e-7
-5.609999999999925	1.7148078721781714e-7
-5.599999999999925	1.802745174948282e-7
-5.589999999999925	1.8950430019791714e-7
-5.5799999999999255	1.991909624881129e-7
-5.569999999999926	2.093562897792888e-7
-5.559999999999926	2.200230600207523e-7
-5.549999999999926	2.312150926304384e-7
-5.539999999999926	2.429572904216325e-7
-5.5299999999999265	2.552756893420692e-7
-5.519999999999927	2.6819750143060923e-7
-5.509999999999927	2.8175116957647887e-7
-5.499999999999927	2.9596642542027453e-7
-5.489999999999927	3.108743365112072e-7
-5.479999999999928	3.2650736793518134e-7
-5.469999999999928	3.428994399333741e-7
-5.459999999999928	3.600859906404212e-7
-5.449999999999928	3.781040427300095e-7
-5.4399999999999284	3.9699226791446236e-7
-5.429999999999929	4.167910577968254e-7
-5.419999999999929	4.375425962482736e-7
-5.409999999999929	4.592909353052512e-7
-5.399999999999929	4.820820732779033e-7
-5.3899999999999295	5.059640365832075e-7
-5.37999999999993	5.309869643173243e-7
-5.36999999999993	5.57203192265228e-7
-5.35999999999993	5.846673619052155e-7
-5.34999999999993	6.134364847496713e-7
-5.339999999999931	6.435700768003984e-7
-5.329999999999931	6.751302298369261e-7
-5.319999999999931	7.081817360030942e-7
-5.309999999999931	7.427921943033818e-7
-5.299999999999931	7.790321251173148e-7
-5.289999999999932	8.169750906601831e-7
-5.279999999999932	8.566978178854192e-7
-5.269999999999932	8.98280328025138e-7
-5.259999999999932	9.418060699957007e-7
-5.2499999999999325	9.873620590801913e-7
-5.239999999999933	1.0350390352251006e-6
-5.229999999999933	1.0849315693662626e-6
-5.219999999999933	1.1371382475715664e-6
-5.209999999999933	1.1917618597457757e-6
-5.199999999999934	1.24890952378079e-6
-5.189999999999934	1.308692873017043e-6
-5.179999999999934	1.371228235569707e-6
-5.169999999999934	1.436636820229425e-6
-5.159999999999934	1.505044909525411e-6
-5.149999999999935	1.5765840611095732e-6
-5.139999999999935	1.6513913108833914e-6
-5.129999999999935	1.7296093909916116e-6
-5.119999999999935	1.811386954392423e-6
-5.1099999999999355	1.896878802461547e-6
-5.099999999999936	1.9862461263962166e-6
-5.089999999999936	2.079656751928014e-6
-5.079999999999936	2.177285393113874e-6
-5.069999999999936	2.279313932753963e-6
-5.0599999999999365	2.3859316824237043e-6
-5.049999999999937	2.4973356709743117e-6
-5.039999999999937	2.6137309462525775e-6
-5.029999999999937	2.7353308731188455e-6
-5.019999999999937	2.862357452781327e-6
-5.009999999999938	2.995041651203833e-6
-4.999999999999938	3.133623739876808e-6
-4.989999999999938	3.278353635570144e-6
-4.979999999999938	3.4294912828567267e-6
-4.9699999999999385	3.587307010515672e-6
-4.959999999999939	3.7520819184081533e-6
-4.949999999999939	3.924108321366876e-6
-4.939999999999939	4.103690092382343e-6
-4.929999999999939	4.291143166129946e-6
-4.9199999999999395	4.486795925592884e-6
-4.90999999999994	4.690989691537383e-6
-4.89999999999994	4.9040791908212165e-6
-4.88999999999994	5.126433044358153e-6
-4.87999999999994	5.358434283717346e-6
-4.869999999999941	5.6004808605140105e-6
-4.859999999999941	5.8529862018750815e-6
-4.849999999999941	6.1163797589203395e-6
-4.839999999999941	6.391107591636608e-6
-4.8299999999999415	6.677632963537107e-6
-4.819999999999942	6.976436957401387e-6
-4.809999999999942	7.28801911918414e-6
-4.799999999999942	7.6128980990582085e-6
-4.789999999999942	7.951612344634145e-6
-4.7799999999999425	8.304720793308438e-6
-4.769999999999943	8.67280360197883e-6
-4.759999999999943	9.056462887110807e-6
-4.749999999999943	9.456323494955293e-6
-4.739999999999943	9.87303379477678e-6
-4.729999999999944	0.00001030726650678926
-4.719999999999944	0.000010759719538798923
-4.709999999999944	0.000011231116843321686
-4.699999999999944	0.000011722209351095859
-4.689999999999944	0.000012233775871536941
-4.679999999999945	0.00001276662404894929
-4.669999999999945	0.00001332159136606368
-4.659999999999945	0.000013899546121509677
-4.649999999999945	0.000014501388516095371
-4.6399999999999455	0.0000151280517094419
-4.629999999999946	0.000015780502922930577
-4.619999999999946	0.00001645974461324957
-4.609999999999946	0.000017166815610413295
-4.599999999999946	0.000017902792362779335
-4.589999999999947	0.000018668790152295063
-4.579999999999947	0.00001946596441857138
-4.569999999999947	0.00002029551206204432
-4.559999999999947	0.0000211586728014137
-4.549999999999947	0.000022056730585334512
-4.539999999999948	0.00002299101503571291
-4.529999999999948	0.000023962902920274283
-4.519999999999948	0.0000249738196938424
-4.509999999999948	0.00002602524106177972
-4.4999999999999485	0.000027118694593650626
-4.489999999999949	0.000028255761387266673
-4.479999999999949	0.000029438077775266196
-4.469999999999949	0.00003066733708461152
-4.459999999999949	0.00003194529143084037
-4.4499999999999496	0.00003327375358718616
-4.43999999999995	0.00003465459887790977
-4.42999999999995	0.00003608976714280751
-4.41999999999995	0.00003758126474815532
-4.40999999999995	0.000039131166652134375
-4.399999999999951	0.00004074161852279151
-4.389999999999951	0.00004241483892918385
-4.379999999999951	0.000044153121564324236
-4.369999999999951	0.00004595883754733132
-4.3599999999999515	0.000047834437788619826
-4.349999999999952	0.00004978245539721432
-4.339999999999952	0.000051805508168752354
-4.329999999999952	0.00005390630113403904
-4.319999999999952	0.00005608762916984262
-4.3099999999999525	0.000058352379672980636
-4.299999999999953	0.00006070353532016828
-4.289999999999953	0.00006314417687862483
-4.279999999999953	0.00006567748609057053
-4.269999999999953	0.00006830674864429492
-4.259999999999954	0.00007103535720550363
-4.249999999999954	0.00007386681451751519
-4.239999999999954	0.00007680473660032352
-4.229999999999954	0.00007985285601102645
-4.2199999999999545	0.00008301502517853072
-4.209999999999955	0.0000862952198365484
-4.199999999999955	0.00008969754253015854
-4.189999999999955	0.00009322622619318455
-4.179999999999955	0.00009688563782993196
-4.1699999999999555	0.00010068028227756691
-4.159999999999956	0.00010461480603993097
-4.149999999999956	0.00010869400123623595
-4.139999999999956	0.00011292280961985609
-4.129999999999956	0.00011730632670036224
-4.119999999999957	0.00012184980594407601
-4.109999999999957	0.0001265586630943099
-4.099999999999957	0.00013143848055506191
-4.089999999999957	0.0001364950119008365
-4.079999999999957	0.0001417341864664899
-4.069999999999958	0.00014716211404413188
-4.059999999999958	0.0001527850896763255
-4.049999999999958	0.00015860959855957467
-4.039999999999958	0.0001646423210619364
-4.0299999999999585	0.0001708901377953141
-4.019999999999959	0.00017736013485691903
-4.009999999999959	0.00018405960914272908
-3.9999999999999587	0.00019099607378767196
-3.989999999999959	0.00019817726368772436
-3.979999999999959	0.00020561114116636987
-3.9699999999999593	0.00021330590173164907
-3.9599999999999596	0.00022126997995549982
-3.9499999999999598	0.0002295120554719261
-3.93999999999996	0.00023804105907015679
-3.92999999999996	0.0002468661789324508
-3.9199999999999604	0.0002559968669729932
-3.9099999999999606	0.0002654428452896699
-3.899999999999961	0.0002752141127549362
-3.889999999999961	0.0002853209517156009
-3.8799999999999613	0.0002957739348032774
-3.8699999999999615	0.0003065839318885302
-3.8599999999999617	0.0003177621171489224
-3.849999999999962	0.00032931997624527777
-3.839999999999962	0.0003412693136455328
-3.8299999999999623	0.0003536222600666294
-3.8199999999999625	0.0003663912800268018
-3.8099999999999627	0.00037958917953824706
-3.799999999999963	0.000393229113930468
-3.789999999999963	0.00040732459577745025
-3.7799999999999634	0.000421889502970791
-3.7699999999999636	0.00043693808691611693
-3.759999999999964	0.00045248498085073577
-3.749999999999964	0.00046854520828498535
-3.7399999999999642	0.00048513419159119454
-3.7299999999999645	0.0005022677606886593
-3.7199999999999647	0.0005199621618704375
-3.709999999999965	0.0005382340667673698
-3.699999999999965	0.0005571005814145127
-3.6899999999999653	0.0005765792554485329
-3.6799999999999655	0.000596688091450325
-3.6699999999999657	0.0006174455543790967
-3.659999999999966	0.0006388705811499748
-3.649999999999966	0.0006609825903271503
-3.6399999999999664	0.0006838014919400432
-3.6299999999999666	0.000707347697405641
-3.619999999999967	0.0007316421295919702
-3.609999999999967	0.0007567062329791209
-3.5999999999999672	0.0007825619839375356
-3.5899999999999674	0.0008092319011302874
-3.5799999999999677	0.00083673905601847
-3.569999999999968	0.0008651070834650605
-3.559999999999968	0.000894360192471598
-3.5499999999999683	0.000924523177003068
-3.5399999999999685	0.0009556214269048834
-3.5299999999999687	0.000987680938946627
-3.519999999999969	0.001020728327941933
-3.509999999999969	0.0010547908379686625
-3.4999999999999694	0.0010898963536758286
-3.4899999999999696	0.0011260734116979268
-3.47999999999997	0.001163351212119076
-3.46999999999997	0.0012017596300457057
-3.45999999999997	0.0012413292272503724
-3.4499999999999704	0.0012820912638818462
-3.4399999999999706	0.00132407771024175
-3.429999999999971	0.0013673212586487369
-3.419999999999971	0.0014118553353285321
-3.4099999999999713	0.0014577141123840855
-3.3999999999999715	0.0015049325198062272
-3.3899999999999717	0.0015535462575379817
-3.379999999999972	0.001603591807559482
-3.369999999999972	0.0016551064460371672
-3.3599999999999723	0.0017081282554737402
-3.3499999999999726	0.0017626961368900278
-3.3399999999999728	0.0018188498220380895
-3.329999999999973	0.001876629885606041
-3.319999999999973	0.0019360777574158768
-3.3099999999999734	0.001997235734663851
-3.2999999999999736	0.0020601469941057006
-3.289999999999974	0.0021248556042324364
-3.279999999999974	0.0021914065374441915
-3.2699999999999743	0.0022598456821701887
-3.2599999999999745	0.002330219854947255
-3.2499999999999747	0.0024025768124621392
-3.239999999999975	0.0024769652635332757
-3.229999999999975	0.0025534348810091925
-3.2199999999999753	0.0026320363136181453
-3.2099999999999755	0.0027128211977214415
-3.1999999999999758	0.002795842168962455
-3.189999999999976	0.0028811528738326465
-3.179999999999976	0.0029688079811176905
-3.1699999999999764	0.003058863193201371
-3.1599999999999766	0.00315137525726663
-3.149999999999977	0.003246401976334668
-3.139999999999977	0.00334400222015123
-3.1299999999999772	0.0034442359358997036
-3.1199999999999775	0.0035471641587627336
-3.1099999999999777	0.0036528490222610833
-3.099999999999978	0.003761353768408376
-3.089999999999978	0.003872742757663542
-3.0799999999999783	0.00398708147863258
-3.0699999999999785	0.004104436557550488
-3.0599999999999787	0.004224875767512465
-3.049999999999979	0.0043484680374351005
-3.039999999999979	0.004475283460735107
-3.0299999999999794	0.004605393303742944
-3.0199999999999796	0.004738870013784125
-3.00999999999998	0.0048757872269476945
-2.99999999999998	0.005016219775545782
-2.9899999999999802	0.005160243695203315
-2.9799999999999804	0.005307936231585222
-2.9699999999999807	0.005459375846773083
-2.959999999999981	0.005614642225229903
-2.949999999999981	0.005773816279361446
-2.9399999999999813	0.005936980154664959
-2.9299999999999815	0.006104217234444282
-2.9199999999999817	0.006275612144050809
-2.909999999999982	0.006451250754687779
-2.899999999999982	0.006631220186718266
-2.8899999999999824	0.0068156088124562845
-2.8799999999999826	0.007004506258453817
-2.869999999999983	0.007198003407334862
-2.859999999999983	0.007396192398881356
-2.849999999999983	0.007599166630765177
-2.8399999999999834	0.007807020758589423
-2.8299999999999836	0.00801985069535288
-2.819999999999984	0.008237753610292916
-2.809999999999984	0.008460827927117727
-2.7999999999999843	0.008689173321557157
-2.7899999999999845	0.008922890718266045
-2.7799999999999847	0.009162082287053059
-2.769999999999985	0.009406851438378053
-2.759999999999985	0.00965730281813644
-2.7499999999999853	0.009913542301804051
-2.7399999999999856	0.010175676987623039
-2.7299999999999858	0.010443815189212342
-2.719999999999986	0.010718066427317324
-2.709999999999986	0.010998541420745076
-2.6999999999999864	0.011285352076485733
-2.6899999999999866	0.011578611479015467
-2.679999999999987	0.011878433878723027
-2.669999999999987	0.012184934679462441
-2.6599999999999873	0.012498230425243874
-2.6499999999999875	0.012818438785991428
-2.6399999999999877	0.013145678542390297
-2.629999999999988	0.013480069569798076
-2.619999999999988	0.013821732821209569
-2.6099999999999883	0.01417079030922425
-2.5999999999999885	0.014527365087067045
-2.5899999999999888	0.014891581228590928
-2.579999999999989	0.015263563807248255
-2.569999999999989	0.015643438874062932
-2.5599999999999894	0.01603133343454827
-2.5499999999999896	0.01642737542454202
-2.53999999999999	0.01683169368500576
-2.52999999999999	0.017244417935723236
-2.5199999999999902	0.017665678747882156
-2.5099999999999905	0.01809560751557383
-2.4999999999999907	0.018534336426162454
-2.489999999999991	0.018981998429496105
-2.479999999999991	0.01943872720599182
-2.4699999999999913	0.019904657133572836
-2.4599999999999915	0.020379923253402255
-2.4499999999999917	0.020864661234466855
-2.439999999999992	0.021359007336971592
-2.429999999999992	0.021863098374525998
-2.4199999999999924	0.022377071675125593
-2.4099999999999926	0.022901065040945343
-2.399999999999993	0.02343521670688189
-2.389999999999993	0.0239796652978822
-2.3799999999999932	0.024534549785057525
-2.3699999999999934	0.025100009440538706
-2.3599999999999937	0.025676183791091507
-2.349999999999994	0.026263212570516555
-2.339999999999994	0.02686123567077291
-2.3299999999999943	0.027470393091851352
-2.3199999999999945	0.02809082489042976
-2.3099999999999947	0.028722671127251683
-2.299999999999995	0.029366071813245735
-2.289999999999995	0.030021166854433613
-2.2799999999999954	0.030688095995563765
-2.2699999999999956	0.03136699876252345
-2.259999999999996	0.03205801440340763
-2.249999999999996	0.032761281828597805
-2.239999999999996	0.033476939549337316
-2.2299999999999964	0.03420512561524432
-2.2199999999999966	0.03494597755057601
-2.209999999999997	0.03569963228926253
-2.199999999999997	0.03646622610877994
-2.1899999999999973	0.03724589456283381
-2.1799999999999975	0.0380387724128402
-2.1699999999999977	0.03884499355827697
-2.159999999999998	0.0396646909658939
-2.149999999999998	0.04049799659775852
-2.1399999999999983	0.04134504133821744
-2.1299999999999986	0.04220595491978508
-2.1199999999999988	0.04308086584780695
-2.109999999999999	0.04396990132433598
-2.099999999999999	0.04487318717072579
-2.0899999999999994	0.04579084774930434
-2.0799999999999996	0.04672300588405025
-2.07	0.047669782780309936
-2.06	0.04863129794355259
-2.0500000000000003	0.04960766909720604
-2.0400000000000005	0.05059901209964063
-2.0300000000000007	0.051605440860254134
-2.020000000000001	0.05262706725473851
-2.010000000000001	0.053664001039570204
-2.0000000000000013	0.054716349765716515
-1.9900000000000015	0.05578421869160216
-1.9800000000000015	0.05686771069541595
-1.9700000000000015	0.057966926186733485
-1.9600000000000015	0.05908196301751022
-1.9500000000000015	0.06021291639252681
-1.9400000000000015	0.06135987877927163
-1.9300000000000015	0.06252293981730404
-1.9200000000000015	0.06370218622720021
-1.9100000000000015	0.06489770171906738
-1.9000000000000015	0.06610956690066429
-1.8900000000000015	0.06733785918523524
-1.8800000000000014	0.06858265269906214
-1.8700000000000014	0.06984401818875823
-1.8600000000000014	0.07112202292841383
-1.8500000000000014	0.07241673062661753
-1.8400000000000014	0.07372820133336624
-1.8300000000000014	0.07505649134698347
-1.8200000000000014	0.07640165312106778
-1.8100000000000014	0.07776373517150077
-1.8000000000000014	0.07914278198362759
-1.7900000000000014	0.08053883391961389
-1.7800000000000014	0.08195192712606099
-1.7700000000000014	0.0833820934419332
-1.7600000000000013	0.08482936030688772
-1.7500000000000013	0.08629375066999664
-1.7400000000000013	0.08777528289897765
-1.7300000000000013	0.0892739706900182
-1.7200000000000013	0.09078982297816782
-1.7100000000000013	0.09232284384844039
-1.7000000000000013	0.09387303244768332
-1.6900000000000013	0.09544038289723085
-1.6800000000000013	0.09702488420643766
-1.6700000000000013	0.09862652018719674
-1.6600000000000013	0.10024526936942804
-1.6500000000000012	0.10188110491768203
-1.6400000000000012	0.10353399454885426
-1.6300000000000012	0.1052039004511685
-1.6200000000000012	0.10689077920438898
-1.6100000000000012	0.10859458170143899
-1.6000000000000012	0.11031525307142712
-1.5900000000000012	0.11205273260414103
-1.5800000000000012	0.1138069536761501
-1.5700000000000012	0.1155778436785289
-1.5600000000000012	0.11736532394625862
-1.5500000000000012	0.1191693096894401
-1.5400000000000011	0.12098970992635014
-1.5300000000000011	0.12282642741837324
-1.5200000000000011	0.12467935860696217
-1.5100000000000011	0.126548393552656
-1.500000000000001	0.12843341587618104
-1.490000000000001	0.13033430270178034
-1.480000000000001	0.13225092460282042
-1.470000000000001	0.13418314554968022
-1.460000000000001	0.13613082286008063
-1.450000000000001	0.13809380715188482
-1.440000000000001	0.14007194229839684
-1.430000000000001	0.14206506538628816
-1.420000000000001	0.1440730066762016
-1.410000000000001	0.14609558956606336
-1.400000000000001	0.1481326305571783
-1.390000000000001	0.1501839392232478
-1.380000000000001	0.15224931818222878
-1.370000000000001	0.1543285630712091
-1.360000000000001	0.15642146252435016
-1.350000000000001	0.1585277981538924
-1.340000000000001	0.1606473445343108
-1.330000000000001	0.16277986918973975
-1.320000000000001	0.16492513258461397
-1.310000000000001	0.16708288811764202
-1.300000000000001	0.1692528821191701
-1.290000000000001	0.1714348538519698
-1.280000000000001	0.17362853551546686
-1.270000000000001	0.1758336522535312
-1.260000000000001	0.17804992216583218
-1.2500000000000009	0.18027705632274388
-1.2400000000000009	0.18251475878398818
-1.2300000000000009	0.1847627266209245
-1.2200000000000009	0.18702064994251874
-1.2100000000000009	0.18928821192519346
-1.2000000000000008	0.19156508884638915
-1.1900000000000008	0.1938509501219561
-1.1800000000000008	0.19614545834745784
-1.1700000000000008	0.19844826934332147
-1.1600000000000008	0.20075903220391042
-1.1500000000000008	0.20307738935053204
-1.1400000000000008	0.2054029765883761
-1.1300000000000008	0.2077354231675061
-1.1200000000000008	0.21007435184768136
-1.1100000000000008	0.21241937896739985
-1.1000000000000008	0.21477011451671293
-1.0900000000000007	0.2171261622142559
-1.0800000000000007	0.21948711958809808
-1.0700000000000007	0.22185257806087488
-1.0600000000000007	0.22422212303873076
-1.0500000000000007	0.22659533400434484
-1.0400000000000007	0.2289717846139326
-1.0300000000000007	0.23135104279837992
-1.0200000000000007	0.23373267086827007
-1.0100000000000007	0.23611622562288753
-1.0000000000000007	0.2385012584630519
-0.9900000000000007	0.24088731550823084
-0.9800000000000006	0.24327393771732822
-0.9700000000000006	0.24566066101326778
-0.9600000000000006	0.24804701641169144
-0.9500000000000006	0.2504325301533152
-0.9400000000000006	0.25281672384007337
-0.9300000000000006	0.255199114575091
-0.9200000000000006	0.2575792151063352
-0.9100000000000006	0.25995653397386415
-0.9000000000000006	0.26233057566078405
-0.8900000000000006	0.26470084074774386
-0.8800000000000006	0.2670668260708841
-0.8700000000000006	0.2694280248833099
-0.8600000000000005	0.27178392701996723
-0.8500000000000005	0.2741340190657513
-0.8400000000000005	0.27647778452696864
-0.8300000000000005	0.27881470400601444
-0.8200000000000005	0.2811442553790443
-0.8100000000000005	0.2834659139767953
-0.8000000000000005	0.2857791527685213
-0.7900000000000005	0.2880834425484059
-0.7800000000000005	0.2903782521252809
-0.7700000000000005	0.2926630485147073
-0.7600000000000005	0.29493729713380534
-0.7500000000000004	0.2972004619987229
-0.7400000000000004	0.2994520059244366
-0.7300000000000004	0.30169139072688433
-0.7200000000000004	0.30391807742747473
-0.7100000000000004	0.30613152645969716
-0.7000000000000004	0.3083311978777067
-0.6900000000000004	0.3105165515669544
-0.6800000000000004	0.3126870474566393
-0.6700000000000004	0.31484214573379926
-0.6600000000000004	0.316981307059104
-0.6500000000000004	0.31910399278414875
-0.6400000000000003	0.321209665170049
-0.6300000000000003	0.323297787607352
-0.6200000000000003	0.32536782483712
-0.6100000000000003	0.3274192431729873
-0.6000000000000003	0.32945151072394385
-0.5900000000000003	0.33146409761844037
-0.5800000000000003	0.3334564762283988
-0.5700000000000003	0.33542812139388795
-0.5600000000000003	0.33737851064972363
-0.5500000000000003	0.33930712444906436
-0.5400000000000003	0.34121344639011064
-0.5300000000000002	0.3430969634418304
-0.5200000000000002	0.3449571661690401
-0.5100000000000002	0.34679354895771874
-0.5000000000000002	0.3486056102397766
-0.49000000000000027	0.35039285271735193
-0.48000000000000026	0.3521547835861605
-0.47000000000000025	0.35389091475832785
-0.46000000000000024	0.35560076308402006
-0.45000000000000023	0.3572838505720527
-0.4400000000000002	0.3589397046092859
-0.4300000000000002	0.3605678581785681
-0.4200000000000002	0.3621678500751988
-0.4100000000000002	0.36373922512169315
-0.4000000000000002	0.3652815343808378
-0.3900000000000002	0.36679433536660916
-0.38000000000000017	0.3682771922532955
-0.37000000000000016	0.36972967608217694
-0.36000000000000015	0.37115136496597784
-0.35000000000000014	0.3725418442907541
-0.34000000000000014	0.373900706915305
-0.3300000000000001	0.37522755336769886
-0.3200000000000001	0.37652199203896153
-0.3100000000000001	0.37778363937381826
-0.3000000000000001	0.3790121200582073
-0.2900000000000001	0.3802070672035776
-0.2800000000000001	0.3813681225278349
-0.2700000000000001	0.3824949365326873
-0.26000000000000006	0.3835871686774137
-0.25000000000000006	0.3846444875488923
-0.24000000000000007	0.38566657102770735
-0.23000000000000007	0.386653106450297
-0.22000000000000006	0.3876037907670145
-0.21000000000000005	0.3885183306959519
-0.20000000000000004	0.3893964428724391
-0.19000000000000003	0.3902378539941652
-0.18000000000000002	0.3910423009617197
-0.17	0.3918095310145156
-0.16	0.39253930186201863
-0.15	0.3932313818101242
-0.13999999999999999	0.3938855498826089
-0.12999999999999998	0.39450159593763034
-0.11999999999999998	0.39507932077887914
-0.10999999999999999	0.3956185362627036
-0.09999999999999999	0.39611906539771374
-0.09	0.39658074244136077
-0.08	0.397003412989944
-0.07	0.39738693406342757
-0.060000000000000005	0.39773117418471804
-0.05	0.39803601345332956
-0.04	0.3983013436134451
-0.03	0.3985270681162747
-0.02	0.3987131021766374
-0.01	0.39885937282378703
0	0.3989658189464086
0.01	0.3990323913317077
0.02	0.3990590526986266
0.03	0.3990457777251482
0.04	0.39899255306959236
0.05	0.3988993773859648
0.060000000000000005	0.39876626133333287
0.07	0.3985932275791432
0.08	0.3983803107965613
0.09	0.3981275576557871
0.09999999999999999	0.39783502680933824
0.10999999999999999	0.39750278887131574
0.11999999999999998	0.39713092639069586
0.12999999999999998	0.3967195338185875
0.13999999999999999	0.3962687174695205
0.15	0.39577859547680777
0.16	0.3952492977421669
0.17	0.39468096587832213
0.18000000000000002	0.3940737531480029
0.19000000000000003	0.39342782439485735
0.20000000000000004	0.39274335596968124
0.21000000000000005	0.39202053565071576
0.22000000000000006	0.3912595625582344
0.23000000000000007	0.39046064706347633
0.24000000000000007	0.3896240106920285
0.25000000000000006	0.38874988602168076
0.26000000000000006	0.3878385165748031
0.2700000000000001	0.3868901567053773
0.2800000000000001	0.3859050714807077
0.2900000000000001	0.38488353655787216
0.3000000000000001	0.3838258380550527
0.3100000000000001	0.3827322724177994
0.3200000000000001	0.38160314628027636
0.3300000000000001	0.3804387763216547
0.34000000000000014	0.3792394891177049
0.35000000000000014	0.37800562098767065
0.36000000000000015	0.3767375178365622
0.37000000000000016	0.3754355349929672
0.38000000000000017	0.37410003704244443
0.3900000000000002	0.3727313976566608
0.4000000000000002	0.3713299994183713
0.4100000000000002	0.3698962336423306
0.4200000000000002	0.36843050019227563
0.4300000000000002	0.36693320729412454
0.4400000000000002	0.36540477134545574
0.45000000000000023	0.3638456167214263
0.46000000000000024	0.3622561755772863
0.47000000000000025	0.36063688764755514
0.48000000000000026	0.35898820004202137
0.49000000000000027	0.3573105670387317
0.5000000000000002	0.35560444987405165
0.5100000000000002	0.35387031652994316
0.5200000000000002	0.35210864151865
0.5300000000000002	0.3503199056648614
0.5400000000000003	0.3485045958855193
0.5500000000000003	0.34666320496744496
0.5600000000000003	0.34479623134288623
0.5700000000000003	0.34290417886312136
0.5800000000000003	0.34098755657032925
0.5900000000000003	0.3390468784677949
0.6000000000000003	0.3370826632886422
0.6100000000000003	0.3350954342632264
0.6200000000000003	0.3330857188855575
0.6300000000000003	0.33105404867760935
0.6400000000000003	0.3290009589548416
0.6500000000000004	0.32692698858888186
0.6600000000000004	0.32483267977064567
0.6700000000000004	0.32271857777278445
0.6800000000000004	0.32058523071185785
0.6900000000000004	0.3184331893102981
0.7000000000000004	0.3162630066583901
0.7100000000000004	0.3140752379763769
0.7200000000000004	0.3118704403768232
0.7300000000000004	0.3096491726273959
0.7400000000000004	0.30741199491422727
0.7500000000000004	0.3051594686059405
0.7600000000000005	0.3028921560185267
0.7700000000000005	0.3006106201812141
0.7800000000000005	0.2983154246034235
0.7900000000000005	0.2960071330429752
0.8000000000000005	0.293686309275696
0.8100000000000005	0.29135351686652244
0.8200000000000005	0.28900931894223153
0.8300000000000005	0.2866542779659778
0.8400000000000005	0.28428895551369937
0.8500000000000005	0.2819139120525318
0.8600000000000005	0.2795297067213945
0.8700000000000006	0.27713689711381656
0.8800000000000006	0.27473603906312166
0.8900000000000006	0.2723276864301372
0.9000000000000006	0.2699123908934785
0.9100000000000006	0.26749070174254364
0.9200000000000006	0.2650631656733323
0.9300000000000006	0.26263032658718666
0.9400000000000006	0.26019272539252386
0.9500000000000006	0.2577508998097167
0.9600000000000006	0.25530538417917137
0.9700000000000006	0.2528567092727054
0.9800000000000006	0.25040540210831136
0.9900000000000007	0.24795198576842387
1.0000000000000007	0.24549697922170413
1.0100000000000007	0.24304089714849322
1.0200000000000007	0.24058424976996876
1.0300000000000007	0.23812754268108297
1.0400000000000007	0.23567127668735308
1.0500000000000007	0.23321594764559292
1.0600000000000007	0.2307620463086005
1.0700000000000007	0.22831005817389668
1.0800000000000007	0.22586046333658097
1.0900000000000007	0.22341373634630185
1.1000000000000008	0.22097034606845323
1.1100000000000008	0.21853075554960605
1.1200000000000008	0.21609542188723066
1.1300000000000008	0.2136647961037212
1.1400000000000008	0.21123932302481893
1.1500000000000008	0.20881944116239587
1.1600000000000008	0.2064055826016598
1.1700000000000008	0.2039981728928197
1.1800000000000008	0.20159763094720626
1.1900000000000008	0.19920436893786175
1.2000000000000008	0.19681879220465517
1.2100000000000009	0.19444129916388805
1.2200000000000009	0.19207228122241213
1.2300000000000009	0.18971212269628235
1.2400000000000009	0.18736120073392887
1.2500000000000009	0.18501988524382987
1.260000000000001	0.1826885388267227
1.270000000000001	0.18036751671231327
1.280000000000001	0.17805716670047486
1.290000000000001	0.17575782910692347
1.300000000000001	0.1734698367133771
1.310000000000001	0.1711935147221256
1.320000000000001	0.16892918071503588
1.330000000000001	0.16667714461695554
1.340000000000001	0.16443770866345261
1.350000000000001	0.1622111673729064
1.360000000000001	0.15999780752288814
1.370000000000001	0.15779790813079414
1.380000000000001	0.15561174043868956
1.390000000000001	0.15343956790235216
1.400000000000001	0.15128164618440776
1.410000000000001	0.14913822315157338
1.420000000000001	0.14700953887592613
1.430000000000001	0.14489582564014594
1.440000000000001	0.142797307946677
1.450000000000001	0.14071420253077951
1.460000000000001	0.13864671837736867
1.470000000000001	0.1365950567416086
1.480000000000001	0.13455941117319611
1.490000000000001	0.1325399675442697
1.500000000000001	0.1305369040808541
1.5100000000000011	0.12855039139782148
1.5200000000000011	0.1265805925372577
1.5300000000000011	0.12462766301016244
1.5400000000000011	0.12269175084145213
1.5500000000000012	0.12077299661815352
1.5600000000000012	0.11887153354070677
1.5700000000000012	0.11698748747734819
1.5800000000000012	0.11512097702144977
1.5900000000000012	0.1132721135517551
1.6000000000000012	0.11144100129543595
1.6100000000000012	0.10962773739388158
1.6200000000000012	0.10783241197114246
1.6300000000000012	0.1060551082049481
1.6400000000000012	0.10429590240022064
1.6500000000000012	0.10255486406498383
1.6600000000000013	0.10083205598860344
1.6700000000000013	0.09912753432229014
1.6800000000000013	0.09744134866168531
1.6900000000000013	0.09577354213163
1.7000000000000013	0.09412415147283518
1.7100000000000013	0.0924932071304756
1.7200000000000013	0.09088073334461284
1.7300000000000013	0.08928674824234685
1.7400000000000013	0.08771126393160682
1.7500000000000013	0.08615428659651758
1.7600000000000013	0.08461581659424333
1.7700000000000014	0.08309584855319074
1.7800000000000014	0.08159437147260437
1.7900000000000014	0.08011136882330487
1.8000000000000014	0.07864681864962264
1.8100000000000014	0.07720069367236351
1.8200000000000014	0.07577296139278566
1.8300000000000014	0.0743635841974586
1.8400000000000014	0.0729725194639381
1.8500000000000014	0.07159971966719034
1.8600000000000014	0.07024513248668543
1.8700000000000014	0.06890870091404605
1.8800000000000014	0.06759036336123272
1.8900000000000015	0.06629005376914747
1.9000000000000015	0.06500770171658182
1.9100000000000015	0.06374323252947074
1.9200000000000015	0.06249656739033595
1.9300000000000015	0.061267623447869964
1.9400000000000015	0.060056313926594815
1.9500000000000015	0.05886254823651357
1.9600000000000015	0.05768623208268124
1.9700000000000015	0.056527267574658646
1.9800000000000015	0.055385553335748
1.9900000000000015	0.05426098461196507
2.0000000000000013	0.053153453380686465
2.010000000000001	0.05206284845890062
2.020000000000001	0.050989055611014356
2.0300000000000007	0.049931957656140905
2.0400000000000005	0.04889143457483358
2.0500000000000003	0.04786736361519424
2.06	0.046859619398297886
2.07	0.045868074022902876
2.0799999999999996	0.04489259716938044
2.0899999999999994	0.043933056202805444
2.099999999999999	0.042989316275186075
2.109999999999999	0.042061240426764394
2.1199999999999988	0.04114868968635248
2.1299999999999986	0.040251523170660074
2.1399999999999983	0.039369598182546685
2.149999999999998	0.038502770308313596
2.159999999999998	0.03765089351360277
2.1699999999999977	0.03681382023840227
2.1799999999999975	0.035991401490706655
2.1899999999999973	0.03518348693898454
2.199999999999997	0.03438992500337857
2.209999999999997	0.033610562945594544
2.2199999999999966	0.03284524695748778
2.2299999999999964	0.032093822248294705
2.239999999999996	0.03135613313047134
2.249999999999996	0.030632023104152445
2.259999999999996	0.029921334940173478
2.2699999999999956	0.02922391076165939
2.2799999999999954	0.028539592124136873
2.289999999999995	0.027868220094155047
2.299999999999995	0.027209635326525032
2.3099999999999947	0.026563678139796397
2.3199999999999945	0.025930188590460434
2.3299999999999943	0.025309006545491404
2.339999999999994	0.024699971753353554
2.349999999999994	0.024102923913465205
2.3599999999999937	0.023517702744085628
2.3699999999999934	0.022944148048622683
2.3799999999999932	0.022382099780378542
2.389999999999993	0.02183139810569925
2.399999999999993	0.02129188346553606
2.4099999999999926	0.02076339663543528
2.4199999999999924	0.020245778783919137
2.429999999999992	0.019738871529292556
2.439999999999992	0.019242516994859953
2.4499999999999917	0.018756557862558577
2.4599999999999915	0.01828083742501386
2.4699999999999913	0.01781519963602033
2.479999999999991	0.01735948915945501
2.489999999999991	0.016913551416629202
2.4999999999999907	0.016477232632090263
2.5099999999999905	0.016050379877875855
2.5199999999999902	0.01563284111623795
2.52999999999999	0.01522446524084169
2.53999999999999	0.014825102116454842
2.5499999999999896	0.014434602617134988
2.5599999999999894	0.014052818662938543
2.569999999999989	0.013679603255147865
2.579999999999989	0.013314810510052866
2.5899999999999888	0.012958295691278418
2.5999999999999885	0.012609915240701717
2.6099999999999883	0.012269526807971555
2.619999999999988	0.011936989278527045
2.629999999999988	0.01161216280047428
2.6399999999999877	0.011294908809875605
2.6499999999999875	0.010985090054817704
2.6599999999999873	0.010682570618169443
2.669999999999987	0.0103872159389224
2.679999999999987	0.010098892832484153
2.6899999999999866	0.009817469509498335
2.6999999999999864	0.009542815593531791
2.709999999999986	0.00927480213753101
2.719999999999986	0.009013301639099766
2.7299999999999858	0.008758188054588618
2.7399999999999856	0.008509336812053264
2.7499999999999853	0.008266624823086701
2.759999999999985	0.00802993049354674
2.769999999999985	0.00779913373321316
2.7799999999999847	0.007574115964382354
2.7899999999999845	0.007354760129445216
2.7999999999999843	0.007140950697441093
2.809999999999984	0.006932573669641186
2.819999999999984	0.0067295165841673305
2.8299999999999836	0.006531668519675945
2.8399999999999834	0.006338920098126602
2.849999999999983	0.006151163486671232
2.859999999999983	0.00596829239866653
2.869999999999983	0.005790202093854781
2.8799999999999826	0.005616789377722625
2.8899999999999824	0.005447952600073119
2.899999999999982	0.005283591652814597
2.909999999999982	0.005123607967019298
2.9199999999999817	0.004967904509247369
2.9299999999999815	0.004816385777170068
2.9399999999999813	0.004668957794532783
2.949999999999981	0.004525528105439476
2.959999999999981	0.004386005768022122
2.9699999999999807	0.004250301347498871
2.9799999999999804	0.004118326908643972
2.9899999999999802	0.00398999600768964
2.99999999999998	0.003865223683691679
3.00999999999998	0.0037439264493722164
3.0199999999999796	0.0036260222814554445
3.0299999999999794	0.0035114306105417693
3.039999999999979	0.0034000723105076366
3.049999999999979	0.0032918696874677847
3.0599999999999787	0.003186746468338718
3.0699999999999785	0.003084627788984121
3.0799999999999783	0.0029854401819961454
3.089999999999978	0.0028891115641088354
3.099999999999978	0.0027955712232849332
3.1099999999999777	0.0027047498054671233
3.1199999999999775	0.002616579301038511
3.1299999999999772	0.002530993030993103
3.139999999999977	0.002447925632840629
3.149999999999977	0.0023673130462619784
3.1599999999999766	0.0022890924985375393
3.1699999999999764	0.002213202489745684
3.179999999999976	0.0021395827777772923
3.189999999999976	0.002068174363156891
3.1999999999999758	0.001998919473695906
3.2099999999999755	0.0019317615489983868
3.2199999999999753	0.0018666452248211833
3.229999999999975	0.0018035163173140637
3.239999999999975	0.001742321807147838
3.2499999999999747	0.0016830098235468725
3.2599999999999745	0.0016255296282379444
3.2699999999999743	0.0015698315993272678
3.279999999999974	0.0015158672151235346
3.289999999999974	0.0014635890379129466
3.2999999999999736	0.0014129506976947501
3.3099999999999734	0.001363906875905432
3.319999999999973	0.0013164132891227377
3.329999999999973	0.0012704266727733074
3.3399999999999728	0.0012259047648474674
3.3499999999999726	0.00118280628963662
3.3599999999999723	0.0011410909414994556
3.369999999999972	0.0011007193686613632
3.379999999999972	0.0010616531570683094
3.3899999999999717	0.0010238548142963155
3.3999999999999715	0.000987287753522204
3.4099999999999713	0.0009519162775702541
3.419999999999971	0.0009177055630353941
3.429999999999971	0.0008846216444988858
3.4399999999999706	0.0008526313988342226
3.4499999999999704	0.0008217025296177635
3.45999999999997	0.0007918035516422952
3.46999999999997	0.0007629037755532339
3.47999999999997	0.0007349732925951494
3.4899999999999696	0.0007079829594860802
3.4999999999999694	0.0006819043834280659
3.509999999999969	0.000656709907241998
3.519999999999969	0.0006323725946537431
3.5299999999999687	0.0006088662157194226
3.5399999999999685	0.000586165232397812
3.5499999999999683	0.000564244784275958
3.559999999999968	0.0005430806744544783
3.569999999999968	0.0005226493555873687
3.5799999999999677	0.0005029279160876507
3.5899999999999674	0.0004838940664973604
3.5999999999999672	0.00046552612602558603
3.609999999999967	0.00044780300925696497
3.619999999999967	0.00043070421303426364
3.6299999999999666	0.00041420980351491586
3.6399999999999664	0.00039830040340213703
3.649999999999966	0.0003829571793597987
3.659999999999966	0.00036816182960478384
3.6699999999999657	0.0003538965716737348
3.6799999999999655	0.0003401441303835514
3.6899999999999653	0.0003268877259688318
3.699999999999965	0.0003141110623984521
3.709999999999965	0.0003017983158864448
3.7199999999999647	0.0002899341235825719
3.7299999999999645	0.00027850357244141256
3.7399999999999642	0.00026749218829136425
3.749999999999964	0.0002568859250750329
3.759999999999964	0.0002466711542809465
3.7699999999999636	0.00023683465455818034
3.7799999999999634	0.00022736360151685958
3.789999999999963	0.00021824555770774194
3.799999999999963	0.0002094684627906704
3.8099999999999627	0.00020102062388065782
3.8199999999999625	0.00019289070607718457
3.8299999999999623	0.00018506772317134203
3.839999999999962	0.00017754102853996442
3.849999999999962	0.0001703003062013523
3.8599999999999617	0.00016333556206761852
3.8699999999999615	0.00015663711536433587
3.8799999999999613	0.0001501955901998562
3.889999999999961	0.00014400190736477592
3.899999999999961	0.00013804727624878356
3.9099999999999606	0.00013232318693246267
3.9199999999999604	0.00012682140248559381
3.92999999999996	0.00012153395139163899
3.93999999999996	0.00011645312014425056
3.9499999999999598	0.00011157144602323449
3.9599999999999596	0.00010688171001196737
3.9699999999999593	0.00010237692987773977
3.979999999999959	0.00009805035341488092
3.989999999999959	0.00009389545183844374
3.9999999999999587	0.00008990591332426912
4.009999999999959	0.00008607563670576554
4.019999999999959	0.00008239872532182908
4.0299999999999585	0.00007886948100080582
4.039999999999958	0.0000754823981912152
4.049999999999958	0.00007223215824354362
4.059999999999958	0.00006911362381681919
4.069999999999958	0.00006612183343220659
4.079999999999957	0.00006325199615730021
4.089999999999957	0.00006049948642580241
4.099999999999957	0.0000578598389815641
4.109999999999957	0.00005532874396294086
4.119999999999957	0.000052902042097476034
4.129999999999956	0.00005057572003228763
4.139999999999956	0.00004834590578025269
4.149999999999956	0.000046208864287495165
4.159999999999956	0.00004416099311706952
4.1699999999999555	0.000042198818246693205
4.179999999999955	0.00004031898998070941
4.189999999999955	0.0000385182789698274
4.199999999999955	0.00003679357234351591
4.209999999999955	0.00003514186994137506
4.2199999999999545	0.000033560280657287304
4.229999999999954	0.000032046018873597636
4.239999999999954	0.00003059640100645825
4.249999999999954	0.000029208842142318187
4.259999999999954	0.00002788085277081896
4.269999999999953	0.000026610035607083784
4.279999999999953	0.000025394082516950847
4.289999999999953	0.000024230771512040472
4.299999999999953	0.00002311796385584627
4.3099999999999525	0.000022053601231969684
4.319999999999952	0.000021035703006550605
4.329999999999952	0.000020062363580280258
4.339999999999952	0.000019131749798958714
4.349999999999952	0.000018242098456370006
4.3599999999999515	0.000017391713874117755
4.369999999999951	0.000016578965543395453
4.379999999999951	0.000015802285848861127
4.389999999999951	0.00001506016785767943
4.399999999999951	0.000014351163181788698
4.40999999999995	0.000013673879894269419
4.41999999999995	0.00001302698053124921
4.42999999999995	0.000012409180138434687
4.43999999999995	0.000011819244378441657
4.4499999999999496	0.000011255987736560262
4.459999999999949	0.000010718271711744121
4.469999999999949	0.000010205003128153244
4.479999999999949	9.715132496628745e-6
4.489999999999949	9.247652381482435e-6
4.4999999999999485	8.801595871964209e-6
4.509999999999948	8.376035080996606e-6
4.519999999999948	7.970079693843545e-6
4.529999999999948	7.5828755750096976e-6
4.539999999999948	7.213603407698587e-6
4.549999999999947	6.861477394691287e-6
4.559999999999947	6.525743979439311e-6
4.569999999999947	6.205680642686286e-6
4.579999999999947	5.900594712790311e-6
4.589999999999947	5.609822229557484e-6
4.599999999999946	5.3327268471073626e-6
4.609999999999946	5.06869875951472e-6
4.619999999999946	4.817153695085021e-6
4.629999999999946	4.577531919929165e-6
4.6399999999999455	4.349297267635331e-6
4.649999999999945	4.131936246496114e-6
4.659999999999945	3.924957132047684e-6
4.669999999999945	3.727889116304538e-6
4.679999999999945	3.5402814795253917e-6
4.689999999999944	3.361702800634959e-6
4.699999999999944	3.1917401798676735e-6
4.709999999999944	3.0299985043356464e-6
4.719999999999944	2.876099740226041e-6
4.729999999999944	2.729682233044808e-6
4.739999999999943	2.590400059662598e-6
4.749999999999943	2.45792239304535e-6
4.759999999999943	2.331932850268188e-6
4.769999999999943	2.2121289746614864e-6
4.7799999999999425	2.098221583646964e-6
4.789999999999942	1.9899342929775066e-6
4.799999999999942	1.8870029518441515e-6
4.809999999999942	1.7891751437454539e-6
4.819999999999942	1.696209698877535e-6
4.8299999999999415	1.6078762275334568e-6
4.839999999999941	1.5239546698305498e-6
4.849999999999941	1.444234856458142e-6
4.859999999999941	1.368516100933761e-6
4.869999999999941	1.2966067900978853e-6
4.87999999999994	1.2283240062253942e-6
4.88999999999994	1.1634931525631512e-6
4.89999999999994	1.1019476029025778e-6
4.90999999999994	1.043528353423462e-6
4.9199999999999395	9.880837032061418e-7
4.929999999999939	9.354689305399508e-7
4.939999999999939	8.855459989563303e-7
4.949999999999939	8.381832637655178e-7
4.959999999999939	7.932551777023156e-7
4.9699999999999385	7.506420678427322e-7
4.979999999999938	7.102298510769237e-7
4.989999999999938	6.71909761758535e-7
4.999999999999938	6.35578156020001e-7
5.009999999999938	6.01136272207e-7
5.019999999999937	5.684900141003351e-7
5.029999999999937	5.375497430532938e-7
5.039999999999937	5.082300854593873e-7
5.049999999999937	4.804497218923603e-7
5.0599999999999365	4.5413121746573844e-7
5.069999999999936	4.2920085992173755e-7
5.079999999999936	4.0558847168656656e-7
5.089999999999936	3.8322725609609734e-7
5.099999999999936	3.6205364271384625e-7
5.1099999999999355	3.420071407659214e-7
5.119999999999935	3.2303019745791414e-7
5.129999999999935	3.050680629711369e-7
5.139999999999935	2.8806865937849383e-7
5.149999999999935	2.7198246548353265e-7
5.159999999999934	2.567623854784927e-7
5.169999999999934	2.423636445225685e-7
5.179999999999934	2.2874367593151746e-7
5.189999999999934	2.1586202454059619e-7
5.199999999999934	2.0368024296937215e-7
5.209999999999933	1.92161793617474e-7
5.219999999999933	1.8127196344576963e-7
5.229999999999933	1.7097777709514453e-7
5.239999999999933	1.6124790455795655e-7
5.2499999999999325	1.520526204688548e-7
5.259999999999932	1.433636654100969e-7
5.269999999999932	1.3515422295509474e-7
5.279999999999932	1.273988334671001e-7
5.289999999999932	1.2007334754549187e-7
5.299999999999931	1.1315480341704974e-7
5.309999999999931	1.0662145792289465e-7
5.319999999999931	1.0045266301992488e-7
5.329999999999931	9.46288219173229e-8