-5.7199999999999225	9.772073321016521e-8
-5.709999999999923	1.0282455425233203e-7
-5.699999999999923	1.0818645373214242e-7
-5.689999999999923	1.138190286345338e-7
-5.679999999999923	1.1973546375512314e-7
-5.6699999999999235	1.259495233907317e-7
-5.659999999999924	1.3247571454977629e-7
-5.649999999999924	1.393291202025447e-7
-5.639999999999924	1.4652554981689e-7
-5.629999999999924	1.5408157413933563e-7
-5.619999999999925	1.620145028383916e-7
-5.609999999999925	1.7034245488202315e-7
-5.599999999999925	1.7908438547380123e-7
-5.589999999999925	1.8826012184263246e-7
-5.5799999999999255	1.978904022011723e-7
-5.569999999999926	2.0799691488624916e-7
-5.559999999999926	2.1860234069834285e-7
-5.549999999999926	2.2973040631253956e-7
-5.539999999999926	2.4140588626196124e-7
-5.5299999999999265	2.5365472576681166e-7
-5.519999999999927	2.6650400214419833e-7
-5.509999999999927	2.7998205229950765e-7
-5.499999999999927	2.9411848193648475e-7
-5.489999999999927	3.0894423833837434e-7
-5.479999999999928	3.2449164591286996e-7
-5.469999999999928	3.40794480464137e-7
-5.459999999999928	3.578880455033364e-7
-5.449999999999928	3.758092149390185e-7
-5.4399999999999284	3.9459650712274554e-7
-5.429999999999929	4.1429015459372776e-7
-5.419999999999929	4.349321766258502e-7
-5.409999999999929	4.5656645444178705e-7
-5.399999999999929	4.792388095215743e-7
-5.3899999999999295	5.029970773633457e-7
-5.37999999999993	5.278912227724842e-7
-5.36999999999993	5.539733738534624e-7
-5.35999999999993	5.812979755003964e-7
-5.34999999999993	6.099218296388874e-7
-5.339999999999931	6.399042250931574e-7
-5.329999999999931	6.713070323429033e-7
-5.319999999999931	7.041948097287525e-7
-5.309999999999931	7.386349144915266e-7
-5.299999999999931	7.746976169124826e-7
-5.289999999999932	8.124562200701562e-7
-5.279999999999932	8.519871744715422e-7
-5.269999999999932	8.93370250679698e-7
-5.259999999999932	9.36688584623037e-7
-5.2499999999999325	9.82028895216734e-7
-5.239999999999933	1.029481619442746e-6
-5.229999999999933	1.0791410082417598e-6
-5.219999999999933	1.1311053520698624e-6
-5.209999999999933	1.1854770792906088e-6
-5.199999999999934	1.2423629582120929e-6
-5.189999999999934	1.3018742607703352e-6
-5.179999999999934	1.364126941742873e-6
-5.169999999999934	1.429241824287233e-6
-5.159999999999934	1.4973447926091932e-6
-5.149999999999935	1.568566991624826e-6
-5.139999999999935	1.643045033794453e-6
-5.129999999999935	1.7209212146731479e-6
-5.119999999999935	1.8023437323543837e-6
-5.1099999999999355	1.887466919883614e-6
-5.099999999999936	1.9764514870180278e-6
-5.089999999999936	2.0694647592249508e-6
-5.079999999999936	2.166680944324004e-6
-5.069999999999936	2.2682813880670645e-6
-5.0599999999999365	2.3744548516900016e-6
-5.049999999999937	2.4853978126595363e-6
-5.039999999999937	2.6013147308395014e-6
-5.029999999999937	2.7224183659985472e-6
-5.019999999999937	2.848930114745736e-6
-5.009999999999938	2.981080292816918e-6
-4.999999999999938	3.119108526675005e-6
-4.989999999999938	3.263264048126516e-6
-4.979999999999938	3.4138061112414972e-6
-4.9699999999999385	3.5710043119760757e-6
-4.959999999999939	3.7351390458134156e-6
-4.949999999999939	3.906501818209048e-6
-4.939999999999939	4.085395764417192e-6
-4.929999999999939	4.2721359798178665e-6
-4.9199999999999395	4.467050022751539e-6
-4.90999999999994	4.6704783604019695e-6
-4.89999999999994	4.882774840159938e-6
-4.88999999999994	5.104307172381196e-6
-4.87999999999994	5.335457458131598e-6
-4.869999999999941	5.576622690707013e-6
-4.859999999999941	5.8282153089929644e-6
-4.849999999999941	6.090663750003731e-6
-4.839999999999941	6.364413030123747e-6
-4.8299999999999415	6.649925341158456e-6
-4.819999999999942	6.947680660643551e-6
-4.809999999999942	7.2581774019172205e-6
-4.799999999999942	7.581933050959961e-6
-4.789999999999942	7.919484858593713e-6
-4.7799999999999425	8.271390532473372e-6
-4.769999999999943	8.638228968563574e-6
-4.759999999999943	9.02060098371761e-6
-4.749999999999943	9.419130094290474e-6
-4.739999999999943	9.834463302051713e-6
-4.729999999999944	0.00001026727192128646
-4.719999999999944	0.000010718252418134984
-4.709999999999944	0.000011188127276083463
-4.699999999999944	0.000011677645904032218
-4.689999999999944	0.000012187585554910593
-4.679999999999945	0.000012718752280877031
-4.669999999999945	0.000013271981919096597
-4.659999999999945	0.00001384814110322714
-4.649999999999945	0.000014448128309835736
-4.6399999999999455	0.000015072874931863007
-4.629999999999946	0.000015723346394031092
-4.619999999999946	0.00001640054329174652
-4.609999999999946	0.000017105502561509104
-4.599999999999946	0.0000178392987072863
-4.589999999999947	0.000018603045031116935
-4.579999999999947	0.0000193978949292248
-4.569999999999947	0.00002022504321869647
-4.559999999999947	0.000021085727485623468
-4.549999999999947	0.000021981229494798072
-4.539999999999948	0.00002291287663311532
-4.529999999999948	0.000023882043385965484
-4.519999999999948	0.000024890152868059347
-4.509999999999948	0.0000259386783937818
-4.4999999999999485	0.000027029145091077067
-4.489999999999949	0.00002816313155642051
-4.479999999999949	0.00002934227157403296
-4.469999999999949	0.0000305682558595588
-4.459999999999949	0.00003184283386488002
-4.4499999999999496	0.00003316781563865728
-4.43999999999995	0.00003454507372889304
-4.42999999999995	0.000035976545134118465
-4.41999999999995	0.00003746423332288137
-4.40999999999995	0.000039010210299025326
-4.399999999999951	0.000040616618714364524
-4.389999999999951	0.00004228567405595553
-4.379999999999951	0.000044019666882070806
-4.369999999999951	0.000045820965108835
-4.3599999999999515	0.00004769201638177661
-4.349999999999952	0.000049635350485707604
-4.339999999999952	0.00005165358182412056
-4.329999999999952	0.00005374941197243838
-4.319999999999952	0.00005592563229245582
-4.3099999999999525	0.0000581851265978327
-4.299999999999953	0.00006053087391596006
-4.289999999999953	0.00006296595130084148
-4.279999999999953	0.00006549353671912283
-4.269999999999953	0.00006811691200924327
-4.259999999999954	0.00007083946592745623
-4.249999999999954	0.00007366469724252472
-4.239999999999954	0.00007659621792887728
-4.229999999999954	0.00007963775643444442
-4.2199999999999545	0.00008279316101426403
-4.209999999999955	0.0000860664031561076
-4.199999999999955	0.00008946158109583152
-4.189999999999955	0.00009298292339370976
-4.179999999999955	0.0000966347926127378
-4.1699999999999555	0.00010042168907933147
-4.159999999999956	0.00010434825473043123
-4.149999999999956	0.0001084192770430527
-4.139999999999956	0.00011263969306870752
-4.129999999999956	0.00011701459355030456
-4.119999999999957	0.0001215492271226776
-4.109999999999957	0.000126249004632821
-4.099999999999957	0.0001311195035329514
-4.089999999999957	0.00013616647237451893
-4.079999999999957	0.00014139583541440554
-4.069999999999958	0.0001468136973084985
-4.059999999999958	0.00015242634789910093
-4.049999999999958	0.00015824026713094952
-4.039999999999958	0.00016426213005066664
-4.0299999999999585	0.00017049881190606416
-4.019999999999959	0.00017695739337220768
-4.009999999999959	0.00018364516587420448
-3.9999999999999587	0.00019056963701513001
-3.989999999999959	0.0001977385361173907
-3.979999999999959	0.00020515981988110594
-3.9699999999999593	0.00021284167814525107
-3.9599999999999596	0.00022079253976829292
-3.9499999999999598	0.00022902107862781895
-3.93999999999996	0.0002375362197217771
-3.92999999999996	0.0002463471453965238
-3.9199999999999604	0.00025546330170057803
-3.9099999999999606	0.00026489440483448435
-3.899999999999961	0.0002746504477365259
-3.889999999999961	0.00028474170679681794
-3.8799999999999613	0.00029517874866739804
-3.8699999999999615	0.00030597243721641954
-3.8599999999999617	0.0003171339405977755
-3.849999999999962	0.0003286747384387575
-3.839999999999962	0.00034060662916169927
-3.8299999999999623	0.00035294173742524425
-3.8199999999999625	0.0003656925216921201
-3.8099999999999627	0.0003788717819123247
-3.799999999999963	0.00039249266735771405
-3.789999999999963	0.0004065686845578372
-3.7799999999999634	0.00042111370536518
-3.7699999999999636	0.0004361419751652859
-3.759999999999964	0.0004516681211995406
-3.749999999999964	0.0004677071609949319
-3.7399999999999642	0.00048427451099680296
-3.7299999999999645	0.000501385995208586
-3.7199999999999647	0.0005190578540584501
-3.709999999999965	0.000537306753353499
-3.699999999999965	0.0005561497933627274
-3.6899999999999653	0.0005756045180131641
-3.6799999999999655	0.0005956889242337134
-3.6699999999999657	0.000616421471406722
-3.659999999999966	0.0006378210909345276
-3.649999999999966	0.0006599071959739292
-3.6399999999999664	0.0006826996912119167
-3.6299999999999666	0.0007062189828287917
-3.619999999999967	0.0007304859885520533
-3.609999999999967	0.0007555221478348631
-3.5999999999999672	0.0007813494321358446
-3.5899999999999674	0.0008079903553239327
-3.5799999999999677	0.0008354679842151974
-3.569999999999968	0.0008638059491274797
-3.559999999999968	0.0008930284546963799
-3.5499999999999683	0.0009231602906680193
-3.5399999999999685	0.0009542268428304213
-3.5299999999999687	0.0009862541040629703
-3.519999999999969	0.001019268685472722
-3.509999999999969	0.0010532978276324115
-3.4999999999999694	0.001088369411835916
-3.4899999999999696	0.0011245119716121706
-3.47999999999997	0.0011617547041440012
-3.46999999999997	0.0012001274818579377
-3.45999999999997	0.0012396608640789493
-3.4499999999999704	0.0012803861087557545
-3.4399999999999706	0.001322335184239457
-3.429999999999971	0.0013655407811576353
-3.419999999999971	0.0014100363243245379
-3.4099999999999713	0.0014558559847093785
-3.3999999999999715	0.0015030346914630746
-3.3899999999999717	0.0015516081439964813
-3.379999999999972	0.0016016128240685507
-3.369999999999972	0.0016530860079467487
-3.3599999999999723	0.001706065778573101
-3.3499999999999726	0.0017605910377574774
-3.3399999999999728	0.00181670151838842
-3.329999999999973	0.0018744377966661227
-3.319999999999973	0.0019338413043070157
-3.3099999999999734	0.0019949543407837135
-3.2999999999999736	0.002057820085536324
-3.289999999999974	0.002122482610154161
-3.279999999999974	0.002188986890557102
-3.2699999999999743	0.0022573788191293798
-3.2599999999999745	0.002327705216816452
-3.2499999999999747	0.0024000138451643446
-3.239999999999975	0.0024743534183281034
-3.229999999999975	0.0025507736149777147
-3.2199999999999753	0.00262932509014905
-3.2099999999999755	0.0027100594870216994
-3.1999999999999758	0.002793029448577538
-3.189999999999976	0.0028782886291666174
-3.179999999999976	0.002965891705976803
-3.1699999999999764	0.0030558943903521217
-3.1599999999999766	0.003148353438993505
-3.149999999999977	0.003243326665015816
-3.139999999999977	0.0033408729488459475
-3.1299999999999772	0.0034410522489447277
-3.1199999999999775	0.003543925612377821
-3.1099999999999777	0.003649555185173979
-3.099999999999978	0.0037580042224803684
-3.089999999999978	0.0038693370985293522
-3.0799999999999783	0.00398361931636067
-3.0699999999999785	0.004100917517296029
-3.0599999999999787	0.0042212994901920315
-3.049999999999979	0.004344834180411997
-3.039999999999979	0.004471591698509901
-3.0299999999999794	0.004601643328649158
-3.0199999999999796	0.004735061536706039
-3.00999999999998	0.004871919978042061
-2.99999999999998	0.005012293504962587
-2.9899999999999802	0.005156258173831073
-2.9799999999999804	0.005303891251794464
-2.9699999999999807	0.005455271223167581
-2.959999999999981	0.005610477795409718
-2.949999999999981	0.005769591904691138
-2.9399999999999813	0.005932695721045751
-2.9299999999999815	0.006099872653100553
-2.9199999999999817	0.0062712073523167365
-2.909999999999982	0.006446785716800331
-2.899999999999982	0.006626694894612607
-2.8899999999999824	0.0068110232865764096
-2.8799999999999826	0.006999860548571101
-2.869999999999983	0.007193297593303102
-2.859999999999983	0.007391426591514935
-2.849999999999983	0.007594340972631834
-2.8399999999999834	0.0078021354248314105
-2.8299999999999836	0.008014905894509986
-2.819999999999984	0.008232749585120953
-2.809999999999984	0.008455764955410169
-2.7999999999999843	0.008684051716974466
-2.7899999999999845	0.00891771083115088
-2.7799999999999847	0.00915684450524844
-2.769999999999985	0.009401556188055545
-2.759999999999985	0.00965195056462474
-2.7499999999999853	0.009908133550335433
-2.7399999999999856	0.010170212284211869
-2.7299999999999858	0.010438295121431846
-2.719999999999986	0.010712491625092097
-2.709999999999986	0.010992912557148867
-2.6999999999999864	0.011279669868521436
-2.6899999999999866	0.011572876688386675
-2.679999999999987	0.011872647312606812
-2.669999999999987	0.012179097191263269
-2.6599999999999873	0.012492342915334883
-2.6499999999999875	0.012812502202453243
-2.6399999999999877	0.013139693881731076
-2.629999999999988	0.013474037877660845
-2.619999999999988	0.013815655193068618
-2.6099999999999883	0.01416466789106929
-2.5999999999999885	0.014521199076060285
-2.5899999999999888	0.014885372873715592
-2.579999999999989	0.015257314409942189
-2.569999999999989	0.015637149788821154
-2.5599999999999894	0.016025006069516935
-2.5499999999999896	0.016421011242094604
-2.53999999999999	0.016825294202280655
-2.52999999999999	0.0172379847251538
-2.5199999999999902	0.017659213437708342
-2.5099999999999905	0.01808911179030642
-2.4999999999999907	0.018527812027036947
-2.489999999999991	0.018975447154904183
-2.479999999999991	0.01943215091187398
-2.4699999999999913	0.019898057733784294
-2.4599999999999915	0.02037330272006158
-2.4499999999999917	0.02085802159825746
-2.439999999999992	0.02135235068741739
-2.429999999999992	0.02185642686024344
-2.4199999999999924	0.022370387504026954
-2.4099999999999926	0.02289437048041149
-2.399999999999993	0.023428514083911268
-2.389999999999993	0.023972956999189037
-2.3799999999999932	0.02452783825713374
-2.3699999999999934	0.02509329718968913
-2.3599999999999937	0.025669473383418833
-2.349999999999994	0.026256506631862908
-2.339999999999994	0.02685453688662516
-2.3299999999999943	0.027463704207212083
-2.3199999999999945	0.028084148709624477
-2.3099999999999947	0.02871601051371145
-2.299999999999995	0.029359429689239262
-2.289999999999995	0.030014546200741236
-2.2799999999999954	0.030681499851122722
-2.2699999999999956	0.031360430223983084
-2.259999999999996	0.03205147662476194
-2.249999999999996	0.0327547780205818
-2.239999999999996	0.033470472978905035
-2.2299999999999964	0.034198699604951095
-2.2199999999999966	0.03493959547791943
-2.209999999999997	0.03569329758597699
-2.199999999999997	0.03645994226006053
-2.1899999999999973	0.03723966510651511
-2.1799999999999975	0.03803260093853137
-2.1699999999999977	0.038838883706424604
-2.159999999999998	0.03965864642679817
-2.149999999999998	0.04049202111054288
-2.1399999999999983	0.041339138689721895
-2.1299999999999986	0.04220012894338299
-2.1199999999999988	0.04307512042230861
-2.109999999999999	0.04396424037260788
-2.099999999999999	0.04486761465839846
-2.0899999999999994	0.045785367683401704
-2.0799999999999996	0.04671762231154509
-2.07	0.04766449978662315
-2.06	0.04862611965100471
-2.0500000000000003	0.049602599663402816
-2.0400000000000005	0.050594055715793215
-2.0300000000000007	0.051600601749454224
-2.020000000000001	0.05262234967017257
-2.010000000000001	0.0536594092626637
-2.0000000000000013	0.05471188810424025
-1.9900000000000015	0.055779891477708295
-1.9800000000000015	0.05686352228361358
-1.9700000000000015	0.05796288095182029
-1.9600000000000015	0.059078065352442546
-1.9500000000000015	0.060209170706220255
-1.9400000000000015	0.06135628949436453
-1.9300000000000015	0.06251951136786682
-1.9200000000000015	0.06369892305637166
-1.9100000000000015	0.06489460827665507
-1.9000000000000015	0.0661066476406927
-1.8900000000000015	0.06733511856342751
-1.8800000000000014	0.06858009517028212
-1.8700000000000014	0.0698416482044062
-1.8600000000000014	0.0711198449337585
-1.8500000000000014	0.07241474905809221
-1.8400000000000014	0.07372642061582499
-1.8300000000000014	0.07505491589089419
-1.8200000000000014	0.07640028731967047
-1.8100000000000014	0.0777625833979483
-1.8000000000000014	0.07914184858799765
-1.7900000000000014	0.0805381232259947
-1.7800000000000014	0.08195144342953846
-1.7700000000000014	0.08338184100554848
-1.7600000000000013	0.0848293433585547
-1.7500000000000013	0.08629397339940494
-1.7400000000000013	0.08777574945444896
-1.7300000000000013	0.08927468517532663
-1.7200000000000013	0.09079078944935935
-1.7100000000000013	0.09232406631060237
-1.7000000000000013	0.09387451485169031
-1.6900000000000013	0.09544212913649107
-1.6800000000000013	0.09702689811360371
-1.6700000000000013	0.09862880553085324
-1.6600000000000013	0.10024782985080309
-1.6500000000000012	0.1018839441672524
-1.6400000000000012	0.10353711612305827
-1.6300000000000012	0.10520730782904181
-1.6200000000000012	0.10689447578421442
-1.6100000000000012	0.10859857079738051
-1.6000000000000012	0.11031953791017865
-1.5900000000000012	0.11205731632157775
-1.5800000000000012	0.11381183931396537
-1.5700000000000012	0.11558303418090016
-1.5600000000000012	0.11737082215652116
-1.5500000000000012	0.11917511834675788
-1.5400000000000011	0.12099583166241716
-1.5300000000000011	0.12283286475413795
-1.5200000000000011	0.12468611394936673
-1.5100000000000011	0.12655546919138969
-1.500000000000001	0.12844081398048632
-1.490000000000001	0.13034202531726688
-1.480000000000001	0.13225897364831588
-1.470000000000001	0.13419152281414007
-1.460000000000001	0.13613952999950601
-1.450000000000001	0.13810284568629852
-1.440000000000001	0.14008131360887988
-1.430000000000001	0.14207477071203453
-1.420000000000001	0.14408304711164477
-1.410000000000001	0.1461059660580544
-1.400000000000001	0.148143343902226
-1.390000000000001	0.15019499006479578
-1.380000000000001	0.1522607070080355
-1.370000000000001	0.15434029021077358
-1.360000000000001	0.15643352814639694
-1.350000000000001	0.1585402022639539
-1.340000000000001	0.16066008697237552
-1.330000000000001	0.16279294962796334
-1.320000000000001	0.16493855052514333
-1.310000000000001	0.1670966428905038
-1.300000000000001	0.16926697288024478
-1.290000000000001	0.17144927958107245
-1.280000000000001	0.17364329501450973
-1.270000000000001	0.17584874414480017
-1.260000000000001	0.17806534489031092
-1.2500000000000009	0.1802928081386276
-1.2400000000000009	0.18253083776519868
-1.2300000000000009	0.18477913065581
-1.2200000000000009	0.18703737673266674
-1.2100000000000009	0.18930525898425724
-1.2000000000000008	0.19158245349916364
-1.1900000000000008	0.19386862950347847
-1.1800000000000008	0.1961634494022295
-1.1700000000000008	0.19846656882474167
-1.1600000000000008	0.2007776366736924
-1.1500000000000008	0.20309629517834157
-1.1400000000000008	0.2054221799516009
-1.1300000000000008	0.20775492005110047
-1.1200000000000008	0.21009413804418592
-1.1100000000000008	0.21243945007704865
-1.1000000000000008	0.21479046594772644
-1.0900000000000007	0.21714678918321484
-1.0800000000000007	0.2195080171205524
-1.0700000000000007	0.2218737409919499
-1.0600000000000007	0.22424354601401542
-1.0500000000000007	0.226617011480649
-1.0400000000000007	0.22899371086076717
-1.0300000000000007	0.23137321189884003
-1.0200000000000007	0.23375507672060356
-1.0100000000000007	0.23613886194180056
-1.0000000000000007	0.23852411878185478
-0.9900000000000007	0.24091039318008767
-0.9800000000000006	0.24329722591758174
-0.9700000000000006	0.24568415274145294
-0.9600000000000006	0.24807070449374902
-0.9500000000000006	0.2504564072440012
-0.9400000000000006	0.2528407824255102
-0.9300000000000006	0.25522334697542476
-0.9200000000000006	0.25760361347856786
-0.9100000000000006	0.2599810903148341
-0.9000000000000006	0.262355281810246
-0.8900000000000006	0.2647256883916322
-0.8800000000000006	0.26709180674471406
-0.8700000000000006	0.26945312997567405
-0.8600000000000005	0.2718091477761993
-0.8500000000000005	0.27415934659175445
-0.8400000000000005	0.2765032097931151
-0.8300000000000005	0.2788402178511968
-0.8200000000000005	0.28116984851490656
-0.8100000000000005	0.283491576992065
-0.8000000000000005	0.2858048761334005
-0.7900000000000005	0.28810921661916733
-0.7800000000000005	0.2904040671489591
-0.7700000000000005	0.2926888946339023
-0.7600000000000005	0.2949631643916568
-0.7500000000000004	0.29722634034388185
-0.7400000000000004	0.2994778852162395
-0.7300000000000004	0.30171726074063154
-0.7200000000000004	0.3039439278597527
-0.7100000000000004	0.30615734693385116
-0.7000000000000004	0.3083569779494197
-0.6900000000000004	0.3105422807298749
-0.6800000000000004	0.3127127151481194
-0.6700000000000004	0.3148677413407468
-0.6600000000000004	0.3170068199238689
-0.6500000000000004	0.31912941221050667
-0.6400000000000003	0.3212349804292817
-0.6300000000000003	0.32332298794436076
-0.6200000000000003	0.32539289947663014
-0.6100000000000003	0.3274441813257557
-0.6000000000000003	0.32947630159319796
-0.5900000000000003	0.33148873040618604
-0.5800000000000003	0.3334809401416154
-0.5700000000000003	0.335452405651552
-0.5600000000000003	0.33740260448859355
-0.5500000000000003	0.3393310171305687
-0.5400000000000003	0.3412371272071065
-0.5300000000000002	0.3431204217247424
-0.5200000000000002	0.3449803912927517
-0.5100000000000002	0.3468165303480604
-0.5000000000000002	0.34862833738020854
-0.49000000000000027	0.3504153151555501
-0.48000000000000026	0.3521769709406256
-0.47000000000000025	0.3539128167249927
-0.46000000000000024	0.3556223694428506
-0.45000000000000023	0.35730515119365575
-0.4400000000000002	0.3589606894613931
-0.4300000000000002	0.3605885173326173
-0.4200000000000002	0.3621881737127874
-0.4100000000000002	0.36375920354104424
-0.4000000000000002	0.3653011580031744
-0.3900000000000002	0.36681359474255765
-0.38000000000000017	0.36829607806911546
-0.37000000000000016	0.36974817916604813
-0.36000000000000015	0.3711694762941281
-0.35000000000000014	0.3725595549935911
-0.34000000000000014	0.3739180082834066
-0.3300000000000001	0.37524443685775055
-0.3200000000000001	0.37653844927960745
-0.3100000000000001	0.37779966217141253
-0.3000000000000001	0.37902770040248185
-0.2900000000000001	0.3802221972731909
-0.2800000000000001	0.3813827946958097
-0.2700000000000001	0.3825091433717551
-0.26000000000000006	0.3836009029652288
-0.25000000000000006	0.3846577422731202
-0.24000000000000007	0.38567933939100213
-0.23000000000000007	0.3866653818751371
-0.22000000000000006	0.38761556690039795
-0.21000000000000005	0.38852960141397086
-0.20000000000000004	0.38940720228469583
-0.19000000000000003	0.390248096448036
-0.18000000000000002	0.39105202104648173
-0.17	0.3918187235653106
-0.16	0.39254796196364766
-0.15	0.3932395048007
-0.13999999999999999	0.39389313135703213
-0.12999999999999998	0.39450863175088946
-0.11999999999999998	0.3950858070492418
-0.10999999999999999	0.3956244693745148
-0.09999999999999999	0.3961244420043244
-0.09	0.3965855594676813
-0.08	0.3970076676348611
-0.07	0.39739062380201967
-0.060000000000000005	0.39773429677030175
-0.05	0.3980385669193142
-0.04	0.3983033262749786
-0.03	0.39852847857170437
-0.02	0.39871393930878646
-0.01	0.3988596358010125
0	0.3989655072234714
0.01	0.39903150465045234
0.02	0.39905759108844985
0.03	0.39904374150325894
0.04	0.3989899428410938
0.05	0.3988961940437119
0.060000000000000005	0.3987625060575924
0.07	0.39858890183707035
0.08	0.3983754163414466
0.09	0.39812209652611885
0.09999999999999999	0.39782900132766963
0.10999999999999999	0.3974962016429204
0.11999999999999998	0.3971237803020186
0.12999999999999998	0.3967118320355162
0.13999999999999999	0.39626046343545135
0.15	0.3957697929105061
0.16	0.39523995063539913
0.17	0.39467107849350547
0.18000000000000002	0.39406333001532995
0.19000000000000003	0.3934168703094673
0.20000000000000004	0.3927318759885835
0.21000000000000005	0.392008535089522
0.22000000000000006	0.39124704698772766
0.23000000000000007	0.39044762230599733
0.24000000000000007	0.38961048281767763
0.25000000000000006	0.38873586134436305
0.26000000000000006	0.38782400164810904
0.2700000000000001	0.3868751583182805
0.2800000000000001	0.38588959665311046
0.2900000000000001	0.38486759253601016
0.3000000000000001	0.38380943230672265
0.3100000000000001	0.3827154126274498
0.3200000000000001	0.3815858403439624
0.3300000000000001	0.3804210323418344
0.34000000000000014	0.37922131539791115
0.35000000000000014	0.37798702602705714
0.36000000000000015	0.3767185103243044
0.37000000000000016	0.3754161238025564
0.38000000000000017	0.3740802312258607
0.3900000000000002	0.3727112064384342
0.4000000000000002	0.3713094321895308
0.4100000000000002	0.369875299954264
0.4200000000000002	0.36840920975048164
0.4300000000000002	0.3669115699518698
0.4400000000000002	0.36538279709735905
0.45000000000000023	0.36382331569695403
0.46000000000000024	0.3622335580341671
0.47000000000000025	0.36061396396513623
0.48000000000000026	0.35896498071455984
0.49000000000000027	0.35728706266861654
0.5000000000000002	0.3555806711649821
0.5100000000000002	0.3538462742800636
0.5200000000000002	0.35208434661362287
0.5300000000000002	0.35029536907092845
0.5400000000000003	0.3484798286425253
0.5500000000000003	0.3466382181818262
0.5600000000000003	0.3447710361806549
0.5700000000000003	0.34287878654283366
0.5800000000000003	0.3409619783560385
0.5900000000000003	0.3390211256620118
0.6000000000000003	0.33705674722530143
0.6100000000000003	0.33506936630064993
0.6200000000000003	0.3330595103993912
0.6300000000000003	0.33102771105400114
0.6400000000000003	0.32897450358330493
0.6500000000000004	0.3269004268554271
0.6600000000000004	0.3248060230508844
0.6700000000000004	0.32269183742507707
0.6800000000000004	0.3205584180705095
0.6900000000000004	0.3184063156788168
0.7000000000000004	0.3162360833027926
0.7100000000000004	0.3140482761185645
0.7200000000000004	0.3118434511880316
0.7300000000000004	0.3096221672217107
0.7400000000000004	0.3073849843421758
0.7500000000000004	0.30513246384818304
0.7600000000000005	0.3028651679796194
0.7700000000000005	0.3005836596834676
0.7800000000000005	0.29828850238086896
0.7900000000000005	0.2959802597354266
0.8000000000000005	0.29365949542291087
0.8100000000000005	0.29132677290248066
0.8200000000000005	0.2889826551895311
0.8300000000000005	0.28662770463033255
0.8400000000000005	0.2842624826785711
0.8500000000000005	0.28188754967389257
0.8600000000000005	0.27950346462259457
0.8700000000000006	0.2771107849806074
0.8800000000000006	0.2747100664388024
0.8900000000000006	0.27230186271083723
0.9000000000000006	0.2698867253235833
0.9100000000000006	0.26746520341027
0.9200000000000006	0.26503784350643217
0.9300000000000006	0.2626051893488126
0.9400000000000006	0.26016778167724675
0.9500000000000006	0.25772615803968396
0.9600000000000006	0.2552808526004299
0.9700000000000006	0.25283239595167384
0.9800000000000006	0.25038131492841564
0.9900000000000007	0.2479281324268789
1.0000000000000007	0.24547336722647653
1.0100000000000007	0.24301753381540478
1.0200000000000007	0.24056114221997485
1.0300000000000007	0.23810469783771482
1.0400000000000007	0.2356487012743157
1.0500000000000007	0.23319364818452787
1.0600000000000007	0.23074002911702532
1.0700000000000007	0.228288329363296
1.0800000000000007	0.22583902881066042
1.0900000000000007	0.22339260179942638
1.1000000000000008	0.22094951698423093
1.1100000000000008	0.21851023719964077
1.1200000000000008	0.2160752193300418
1.1300000000000008	0.2136449141838284
1.1400000000000008	0.21121976637197643
1.1500000000000008	0.2088002141910012
1.1600000000000008	0.20638668951032138
1.1700000000000008	0.20397961766406822
1.1800000000000008	0.20157941734738458
1.1900000000000008	0.19918650051715808
1.2000000000000008	0.1968012722972898
1.2100000000000009	0.1944241308884585
1.2200000000000009	0.1920554674823865
1.2300000000000009	0.1896956661806347
1.2400000000000009	0.18734510391792772
1.2500000000000009	0.18500415038997461
1.260000000000001	0.18267316798581287
1.270000000000001	0.18035251172466132
1.280000000000001	0.17804252919725513
1.290000000000001	0.17574356051165654
1.300000000000001	0.173455938243539
1.310000000000001	0.17117998739089696
1.320000000000001	0.16891602533316624
1.330000000000001	0.16666436179475214
1.340000000000001	0.16442529881289977
1.350000000000001	0.16219913070988307
1.360000000000001	0.15998614406951125
1.370000000000001	0.1577866177178662
1.380000000000001	0.1556008227082589
1.390000000000001	0.15342902231036473
1.400000000000001	0.15127147200347185
1.410000000000001	0.1491284194738119
1.420000000000001	0.14700010461591914
1.430000000000001	0.14488675953797425
1.440000000000001	0.14278860857104045
1.450000000000001	0.14070586828219422
1.460000000000001	0.13863874749145466
1.470000000000001	0.13658744729244154
1.480000000000001	0.13455216107672782
1.490000000000001	0.13253307456182592
1.500000000000001	0.1305303658226884
1.5100000000000011	0.12854420532672653
1.5200000000000011	0.1265747559722335
1.5300000000000011	0.12462217313014037
1.5400000000000011	0.12268660468906174
1.5500000000000012	0.12076819110352793
1.5600000000000012	0.11886706544534657
1.5700000000000012	0.11698335345799989
1.5800000000000012	0.11511717361403545
1.5900000000000012	0.11326863717532153
1.6000000000000012	0.11143784825612509
1.6100000000000012	0.10962490388893319
1.6200000000000012	0.10782989409291065
1.6300000000000012	0.10605290194493129
1.6400000000000012	0.10429400365309745
1.6500000000000012	0.10255326863267161
1.6600000000000013	0.10083075958430812
1.6700000000000013	0.09912653257453169
1.6800000000000013	0.09744063711842745
1.6900000000000013	0.09577311626424952
1.7000000000000013	0.09412400668018192
1.7100000000000013	0.09249333874290026
1.7200000000000013	0.09088113662797005
1.7300000000000013	0.08928741840198509
1.7400000000000013	0.08771219611634586
1.7500000000000013	0.08615547590257912
1.7600000000000013	0.08461725806915406
1.7700000000000014	0.08309753719973217
1.7800000000000014	0.08159630225259924
1.7900000000000014	0.08011353666145929
1.8000000000000014	0.07864921843730154
1.8100000000000014	0.07720332027133811
1.8200000000000014	0.07577580963892475
1.8300000000000014	0.07436664890437814
1.8400000000000014	0.07297579542661044
1.8500000000000014	0.0716032016654985
1.8600000000000014	0.07024881528891831
1.8700000000000014	0.06891257928035645
1.8800000000000014	0.06759443204702574
1.8900000000000015	0.06629430752841683
1.9000000000000015	0.06501213530519313
1.9100000000000015	0.06374784070836768
1.9200000000000015	0.06250134492869891
1.9300000000000015	0.06127256512620849
1.9400000000000015	0.060061414539768654
1.9500000000000015	0.058867802596688404
1.9600000000000015	0.0576916350222282
1.9700000000000015	0.056532813948966344
1.9800000000000015	0.05539123802597675
1.9900000000000015	0.05426680252773499
2.0000000000000013	0.053159399462673534
2.010000000000001	0.05206891768138035
2.020000000000001	0.050995242984324445
2.0300000000000007	0.04993825822906807
2.0400000000000005	0.048897843436931224
2.0500000000000003	0.047873875899015456
2.06	0.046866230281567084
2.07	0.04587477873060051
2.0799999999999996	0.04489939097575369
2.0899999999999994	0.04393993443330555
2.099999999999999	0.042996274308330605
2.109999999999999	0.04206827369591874
2.1199999999999988	0.041155793681438804
2.1299999999999986	0.04025869343978713
2.1399999999999983	0.039376830333602
2.149999999999998	0.03851006001033844
2.159999999999998	0.03765823649830182
2.1699999999999977	0.03682121230143734
2.1799999999999975	0.035998838492955924
2.1899999999999973	0.035190964807720285
2.199999999999997	0.03439743973337517
2.209999999999997	0.033618110600168664
2.2199999999999966	0.03285282366946
2.2299999999999964	0.03210142422087792
2.239999999999996	0.031363756638098546
2.249999999999996	0.030639664493220347
2.259999999999996	0.029928990629735214
2.2699999999999956	0.02923157724403466
2.2799999999999954	0.028547265965459402
2.289999999999995	0.027875897934891376
2.299999999999995	0.02721731388179109
2.3099999999999947	0.026571354199809126
2.3199999999999945	0.025937859020799776
2.3299999999999943	0.02531666828732614
2.339999999999994	0.02470762182361282
2.349999999999994	0.02411055940495014
2.3599999999999937	0.02352532082551649
2.3699999999999934	0.02295174596464249
2.3799999999999932	0.022389674851488153
2.389999999999993	0.021838947728145628
2.399999999999993	0.021299405111148324
2.4099999999999926	0.020770887851404688
2.4199999999999924	0.020253237192535755
2.429999999999992	0.01974629482762701
2.439999999999992	0.0192499029544018
2.4499999999999917	0.018763904328809696
2.4599999999999915	0.018288142317036054
2.4699999999999913	0.017822460945937032
2.479999999999991	0.017366704951920286
2.489999999999991	0.016920719828249636
2.4999999999999907	0.01648435187080625
2.5099999999999905	0.016057448222316757
2.5199999999999902	0.015639856915030854
2.52999999999999	0.015231426911889633
2.53999999999999	0.014832008146186201
2.5499999999999896	0.014441451559716116
2.5599999999999894	0.014059609139458576
2.569999999999989	0.01368633395277569
2.579999999999989	0.013321480181166651
2.5899999999999888	0.012964903152572186
2.5999999999999885	0.012616459372262552
2.6099999999999883	0.01227600655231199
2.619999999999988	0.01194340363969957
2.629999999999988	0.0116185108430072
2.6399999999999877	0.011301189657798427
2.6499999999999875	0.010991302890641043
2.6599999999999873	0.010688714681821495
2.669999999999987	0.010393290526774297
2.679999999999987	0.010104897296212353
2.6899999999999866	0.009823403255028144
2.6999999999999864	0.009548678079952163
2.709999999999986	0.00928059287600082
2.719999999999986	0.009019020191730828
2.7299999999999858	0.008763834033342478
2.7399999999999856	0.008514909877616494
2.7499999999999853	0.008272124683743987
2.759999999999985	0.008035356904053931
2.769999999999985	0.0078044864936630326
2.7799999999999847	0.007579394919069975
2.7899999999999845	0.00735996516573237
2.7999999999999843	0.00714608174462057
2.809999999999984	0.006937630697797743
2.819999999999984	0.0067344996030501685
2.8299999999999836	0.006536577577566176
2.8399999999999834	0.006343755280708189
2.849999999999983	0.006155924915909983
2.859999999999983	0.005972980231691453
2.869999999999983	0.005794816521848209
2.8799999999999826	0.00562133062481391
2.8899999999999824	0.005452420922243186
2.899999999999982	0.005287987336806557
2.909999999999982	0.005127931329258845
2.9199999999999817	0.004972155894769701
2.9299999999999815	0.0048205655585663995
2.9399999999999813	0.004673066370891596
2.949999999999981	0.004529565901317
2.959999999999981	0.004389973232409565
2.9699999999999807	0.0042541989528128875
2.9799999999999804	0.004122155149727059
2.9899999999999802	0.003993755400817122
2.99999999999998	0.0038689147656020685
3.00999999999998	0.0037475497763057317
3.0199999999999796	0.003629578428213399
3.0299999999999794	0.0035149201695508342
3.039999999999979	0.0034034958909060172
3.049999999999979	0.0032952279142109218
3.0599999999999787	0.0031900399813109847
3.0699999999999785	0.003087857242134189
3.0799999999999783	0.002988606242484615
3.089999999999978	0.0028922149114770155
3.099999999999978	0.0027986125486341115
3.1099999999999777	0.0027077298106595745
3.1199999999999775	0.0026194986979133595
3.1299999999999772	0.002533852540602074
3.139999999999977	0.0024507259846972998
3.149999999999977	0.0023700549776123573
3.1599999999999766	0.002291776753644011
3.1699999999999764	0.0022158298191915383
3.179999999999976	0.002142153937788292
3.189999999999976	0.002070690114939139
3.1999999999999758	0.0020013805827945787
3.2099999999999755	0.0019341687846686638
3.2199999999999753	0.001868999359423023
3.229999999999975	0.0018058181257181118
3.239999999999975	0.001744572066162547
3.2499999999999747	0.0016852093113631905
3.2599999999999745	0.0016276791238909575
3.2699999999999743	0.0015719318821731112
3.279999999999974	0.0015179190643314882
3.289999999999974	0.0014655932319857545
3.2999999999999736	0.0014149080139888933
3.3099999999999734	0.0013658180901796656
3.319999999999973	0.0013182791751024448
3.329999999999973	0.0012722480017236233
3.3399999999999728	0.001227682305170878
3.3499999999999726	0.0011845408064807997
3.3599999999999723	0.0011427831963841876
3.369999999999972	0.0011023701191178914
3.379999999999972	0.0010632631562977116
3.3899999999999717	0.0010254248108400954
3.3999999999999715	0.0009888184909466028
3.4099999999999713	0.0009534084941685068
3.419999999999971	0.0009191599915415854
3.429999999999971	0.0008860390118169584
3.4399999999999706	0.0008540124257803959
3.4499999999999704	0.0008230479306776015
3.45999999999997	0.0007931140347397097
3.46999999999997	0.0007641800418160291
3.47999999999997	0.0007362160361968952
3.4899999999999696	0.0007091928674081981
3.4999999999999694	0.0006830821352925404
3.509999999999969	0.0006578561751474766
3.519999999999969	0.0006334880430151302
3.5299999999999687	0.0006099515011075222
3.5399999999999685	0.0005872210034498039
3.5499999999999683	0.0005652716815283216
3.559999999999968	0.0005440793302428756
3.569999999999968	0.0005236203939454544
3.5799999999999677	0.0005038719526524679
3.5899999999999674	0.00048481170842587794
3.5999999999999672	0.00046641797192320636
3.609999999999967	0.0004486696491084535
3.619999999999967	0.00043154622814938745
3.6299999999999666	0.0004150277664905654
3.6399999999999664	0.00039909487805680116
3.649999999999966	0.0003837287207268799
3.659999999999966	0.00036891098389996244
3.6699999999999657	0.00035462387627959054
3.6799999999999655	0.00034085011384151376
3.6899999999999653	0.0003275729079736054
3.699999999999965	0.0003147759538076066
3.709999999999965	0.00030244341872745685
3.7199999999999647	0.00029055993107864004
3.7299999999999645	0.0002791105690112466
3.7399999999999642	0.0002680808496022807
3.749999999999964	0.0002574567180677896
3.759999999999964	0.0002472245372105931
3.7699999999999636	0.00023737107703618505
3.7799999999999634	0.00022788350456320173
3.789999999999963	0.00021874937380132167
3.799999999999963	0.0002099566159289529
3.8099999999999627	0.00020149352964124359
3.8199999999999625	0.00019334877168414592
3.8299999999999623	0.00018551134756320984
3.839999999999962	0.00017797060244223358
3.849999999999962	0.00017071621220639548
3.8599999999999617	0.00016373817470979136
3.8699999999999615	0.0001570268011998244
3.8799999999999613	0.00015057270790460478
3.889999999999961	0.00014436680780497845
3.899999999999961	0.00013840030257764973
3.9099999999999606	0.00013266467468755612
3.9199999999999604	0.00012715167967471377
3.92999999999996	0.00012185333858996633
3.93999999999996	0.00011676193059500132
3.9499999999999598	0.00011186998573306764
3.9599999999999596	0.0001071702778519255
3.9699999999999593	0.0001026558176864338
3.979999999999959	0.00009831984609979292
3.989999999999959	0.00009415582747882101
3.9999999999999587	0.00009015744327664687
4.009999999999959	0.00008631858571165867
4.019999999999959	0.00008263335160739882
4.0299999999999585	0.00007909603638681445
4.039999999999958	0.00007570112820166582
4.049999999999958	0.00007244330220833754
4.059999999999958	0.00006931741498086494
4.069999999999958	0.00006631849906364902
4.079999999999957	0.00006344175765191163
4.089999999999957	0.00006068255941575387
4.099999999999957	0.00005803643344471047
4.109999999999957	0.00005549906432188223
4.119999999999957	0.00005306628733365275
4.129999999999956	0.00005073408378808839
4.139999999999956	0.00004849857646295422
4.149999999999956	0.000046356025177164865
4.159999999999956	0.000044302822468438906
4.1699999999999555	0.000042335489391917054
4.179999999999955	0.000040450671433161044
4.189999999999955	0.000038645134526342865
4.199999999999955	0.000036915761183167985
4.209999999999955	0.0000352595467263234
4.2199999999999545	0.00003367359563077481
4.229999999999954	0.00003215511795906279
4.239999999999954	0.00003070142590649792
4.249999999999954	0.000029309930430174936
4.259999999999954	0.000027978137985853028
4.269999999999953	0.000026703647351468025
4.279999999999953	0.00002548414654381214
4.289999999999953	0.00002431740982137193
4.299999999999953	0.000023201294777970578
4.3099999999999525	0.000022133739520547128
4.319999999999952	0.000021112759927643436
4.329999999999952	0.000020136446991109537
4.339999999999952	0.00001920296424018537
4.349999999999952	0.00001831054523256649
4.3599999999999515	0.000017457491134179735
4.369999999999951	0.00001664216836369427
4.379999999999951	0.000015863006311598363
4.389999999999951	0.000015118495128231533
4.399999999999951	0.000014407183586306177
4.40999999999995	0.000013727676996671656
4.41999999999995	0.00001307863520149264
4.42999999999995	0.000012458770629773224
4.43999999999995	0.000011866846402403576
4.4499999999999496	0.000011301674518225512
4.459999999999949	0.000010762114071783875
4.469999999999949	0.000010247069549524355
4.479999999999949	9.755489178086583e-6
4.489999999999949	9.286363313856771e-6
4.4999999999999485	8.838722896330235e-6
4.509999999999948	8.411637951455e-6
4.519999999999948	8.004216139790591e-6
4.529999999999948	7.615601354655923e-6
4.539999999999948	7.244972370868147e-6
4.549999999999947	6.891541534873181e-6
4.559999999999947	6.554553493395999e-6
4.569999999999947	6.233283981469294e-6
4.579999999999947	5.927038633427273e-6
4.589999999999947	5.63515184923809e-6
4.599999999999946	5.356985693901605e-6
4.609999999999946	5.091928813105529e-6
4.619999999999946	4.839395444450333e-6
4.629999999999946	4.5988244014147054e-6
4.6399999999999455	4.369678127958308e-6
4.649999999999945	4.151441759847331e-6
4.659999999999945	3.943622261228865e-6
4.669999999999945	3.745747550866272e-6
4.679999999999945	3.5573656758089907e-6
4.689999999999944	3.37804402377124e-6
4.699999999999944	3.207368539286527e-6
4.709999999999944	3.044942994160186e-6
4.719999999999944	2.8903882739516915e-6
4.729999999999944	2.743341681935668e-6
4.739999999999943	2.603456283898791e-6
4.749999999999943	2.470400279042635e-6
4.759999999999943	2.3438563385939534e-6
4.769999999999943	2.2235210983317206e-6
4.7799999999999425	2.1091044916601522e-6
4.789999999999942	2.000329287262073e-6
4.799999999999942	1.8969305201772007e-6
4.809999999999942	1.7986549740873547e-6
4.819999999999942	1.7052607085093347e-6
4.8299999999999415	1.616516607318496e-6
4.839999999999941	1.5322018874778446e-6
4.849999999999941	1.452105698904379e-6
4.859999999999941	1.3760266967706256e-6
4.869999999999941	1.3037726189845154e-6
4.87999999999994	1.235159936687285e-6
4.88999999999994	1.1700134587830628e-6
4.89999999999994	1.108165987103989e-6
4.90999999999994	1.049457965779025e-6
4.9199999999999395	9.937371622725356e-7
4.929999999999939	9.408583442819387e-7
4.939999999999939	8.906829799743076e-7
4.949999999999939	8.430789494990034e-7
4.959999999999939	7.979202640916571e-7
4.9699999999999385	7.550868048822083e-7
4.979999999999938	7.144640433859115e-7
4.989999999999938	6.759428113188972e-7
4.999999999999938	6.394190813013592e-7
5.009999999999938	6.047937143960352e-7
5.019999999999937	5.719722518759478e-7
5.029999999999937	5.408647062227492e-7
5.039999999999937	5.113853619743039e-7
5.049999999999937	4.834525842961348e-7
5.0599999999999365	4.5698863504386666e-7
5.069999999999936	4.3191949788065634e-7
5.079999999999936	4.0817470939867566e-7
5.089999999999936	3.8568719809610977e-7
5.099999999999936	3.6439314010521494e-7
5.1099999999999355	3.4423178123681014e-7
5.119999999999935	3.2514531571091536e-7
5.129999999999935	3.070787706898257e-7
5.139999999999935	2.8997984642394177e-7
5.149999999999935	2.737987966010353e-7
5.159999999999934	2.5848832699609306e-7
5.169999999999934	2.4400347129854185e-7
5.179999999999934	2.3030145764666975e-7
5.189999999999934	2.1734165874395946e-7
5.199999999999934	2.0508546314841902e-7
5.209999999999933	1.93496156146973e-7
5.219999999999933	1.8253886511546738e-7
5.229999999999933	1.721804608375207e-7
5.239999999999933	1.6238947469009906e-7
5.2499999999999325	1.531360199672161e-7
5.259999999999932	1.44391716507571e-7
5.269999999999932	1.3612961724646727e-7
5.279999999999932	1.2832416276236116e-7
5.289999999999932	1.209510260208597e-7
5.299999999999931	1.1398719791666371e-7
5.309999999999931	1.074107829735921e-7
5.319999999999931	1.0120103476731924e-7
5.329999999999931	9.5338282042567e-8