-5.7199999999999225	9.671344968170035e-8
-5.709999999999923	1.0177034840374268e-7
-5.699999999999923	1.0708324396686642e-7
-5.689999999999923	1.126646274636927e-7
-5.679999999999923	1.1852760550810475e-7
-5.6699999999999235	1.2468589211379005e-7
-5.659999999999924	1.311538080353518e-7
-5.649999999999924	1.3794637091487796e-7
-5.639999999999924	1.450792969741649e-7
-5.629999999999924	1.5256902655067847e-7
-5.619999999999925	1.6043276725146216e-7
-5.609999999999925	1.6868851394228134e-7
-5.599999999999925	1.7735510243328807e-7
-5.589999999999925	1.8645222857787916e-7
-5.5799999999999255	1.960004950755454e-7
-5.569999999999926	2.0602145321792855e-7
-5.559999999999926	2.1653763920512395e-7
-5.549999999999926	2.2757261946582277e-7
-5.539999999999926	2.391510347748097e-7
-5.5299999999999265	2.5129864739529794e-7
-5.519999999999927	2.6404238930823096e-7
-5.509999999999927	2.7741041291189826e-7
-5.499999999999927	2.9143214424542537e-7
-5.489999999999927	3.0613833633912776e-7
-5.479999999999928	3.215611320439941e-7
-5.469999999999928	3.377341089278484e-7
-5.459999999999928	3.546923500112669e-7
-5.449999999999928	3.724725185436191e-7
-5.4399999999999284	3.9111290903877466e-7
-5.429999999999929	4.106535223957394e-7
-5.419999999999929	4.3113613753101337e-7
-5.409999999999929	4.526043866695832e-7
-5.399999999999929	4.7510383354513605e-7
-5.3899999999999295	4.98682054072078e-7
-5.37999999999993	5.233887202415678e-7
-5.36999999999993	5.492756898448599e-7
-5.35999999999993	5.763970959041054e-7
-5.34999999999993	6.048094400703695e-7
-5.339999999999931	6.34571692959767e-7
-5.329999999999931	6.657453956278642e-7
-5.319999999999931	6.983947657097304e-7
-5.309999999999931	7.325868073185953e-7
-5.299999999999931	7.6839142577421e-7
-5.289999999999932	8.058815462074437e-7
-5.279999999999932	8.451332280337479e-7
-5.269999999999932	8.862258295667394e-7
-5.259999999999932	9.292420766178012e-7
-5.2499999999999325	9.742682833954451e-7
-5.239999999999933	1.0213943944866235e-6
-5.229999999999933	1.0707142164152224e-6
-5.219999999999933	1.1223255623531645e-6
-5.209999999999933	1.1763303665428184e-6
-5.199999999999934	1.2328348867988387e-6
-5.189999999999934	1.2919498677449386e-6
-5.179999999999934	1.3537907191754552e-6
-5.169999999999934	1.4184777013737454e-6
-5.159999999999934	1.4861361169973578e-6
-5.149999999999935	1.5568965104640666e-6
-5.139999999999935	1.6308948740957704e-6
-5.129999999999935	1.7082728629056995e-6
-5.119999999999935	1.7891780134533722e-6
-5.1099999999999355	1.8737639785938395e-6
-5.099999999999936	1.962190761694577e-6
-5.089999999999936	2.0546249617444005e-6
-5.079999999999936	2.1512400383497272e-6
-5.069999999999936	2.252216560866436e-6
-5.0599999999999365	2.3577424985423286e-6
-5.049999999999937	2.4680134939617746e-6
-5.039999999999937	2.5832331685502183e-6
-5.029999999999937	2.703613404203461e-6
-5.019999999999937	2.8293746944142722e-6
-5.009999999999938	2.9607464299016603e-6
-4.999999999999938	3.0979672659329123e-6
-4.989999999999938	3.2412854600731006e-6
-4.979999999999938	3.3909592377412526e-6
-4.9699999999999385	3.547257160138681e-6
-4.959999999999939	3.7104585214638226e-6
-4.949999999999939	3.880853738924441e-6
-4.939999999999939	4.058744772518939e-6
-4.929999999999939	4.244445555748624e-6
-4.9199999999999395	4.4382824309174726e-6
-4.90999999999994	4.640594612231936e-6
-4.89999999999994	4.851734655503713e-6
-4.88999999999994	5.072068963309627e-6
-4.87999999999994	5.301978261143856e-6
-4.869999999999941	5.5418581437372775e-6
-4.859999999999941	5.792119603111273e-6
-4.849999999999941	6.053189601417159e-6
-4.839999999999941	6.325511628193664e-6
-4.8299999999999415	6.609546307972694e-6
-4.819999999999942	6.905772006115366e-6
-4.809999999999942	7.214685476573935e-6
-4.799999999999942	7.5368025087415144e-6
-4.789999999999942	7.872658598858342e-6
-4.7799999999999425	8.222809660629412e-6
-4.769999999999943	8.58783274411598e-6
-4.759999999999943	8.968326769405586e-6
-4.749999999999943	9.364913305903182e-6
-4.739999999999943	9.778237362964008e-6
-4.729999999999944	0.000010208968198364089
-4.719999999999944	0.000010657800178275839
-4.709999999999944	0.000011125453617628035
-4.699999999999944	0.000011612675711197738
-4.689999999999944	0.000012120241437921502
-4.679999999999945	0.000012648954519825984
-4.669999999999945	0.00001319964840744213
-4.659999999999945	0.00001377318726782336
-4.649999999999945	0.00001437046707330631
-4.6399999999999455	0.000014992416625024995
-4.629999999999946	0.000015639998737142237
-4.619999999999946	0.00001631421127330575
-4.609999999999946	0.00001701608840657861
-4.599999999999946	0.00001774670180192762
-4.589999999999947	0.00001850716184731881
-4.579999999999947	0.000019298618967109853
-4.569999999999947	0.000020122264924986362
-4.559999999999947	0.00002097933419026192
-4.549999999999947	0.000021871105336031145
-4.539999999999948	0.00002279890247541653
-4.529999999999948	0.000023764096753707983
-4.519999999999948	0.000024768107873698347
-4.509999999999948	0.000025812405648510794
-4.4999999999999485	0.00002689851163098595
-4.489999999999949	0.00002802800077062499
-4.479999999999949	0.000029202503108144998
-4.469999999999949	0.000030423705544565043
-4.459999999999949	0.00003169335364063454
-4.4499999999999496	0.000033013253457511344
-4.43999999999995	0.000034385273475881945
-4.42999999999995	0.00003581134654757717
-4.41999999999995	0.00003729347190001265
-4.40999999999995	0.000038833717208800744
-4.399999999999951	0.00004043422071548011
-4.389999999999951	0.00004209719340106217
-4.379999999999951	0.000043824921229127086
-4.369999999999951	0.000045619767438107934
-4.3599999999999515	0.00004748417489463117
-4.349999999999952	0.00004942066851412445
-4.339999999999952	0.000051431857742834105
-4.329999999999952	0.000053520439103288705
-4.319999999999952	0.000055689198801130385
-4.3099999999999525	0.000057941015414395176
-4.299999999999953	0.00006027886263093422
-4.289999999999953	0.00006270581206596343
-4.279999999999953	0.00006522503616137031
-4.269999999999953	0.00006783981112881475
-4.259999999999954	0.00007055351999522182
-4.249999999999954	0.00007336965571362792
-4.239999999999954	0.00007629182434106418
-4.229999999999954	0.00007932374830255429
-4.2199999999999545	0.0000824692697460214
-4.209999999999955	0.00008573235395135294
-4.199999999999955	0.00008911709284187794
-4.189999999999955	0.00009262770857379002
-4.179999999999955	0.00009626855721190686
-4.1699999999999555	0.00010004413248124386
-4.159999999999956	0.00010395906962209465
-4.149999999999956	0.00010801814932553393
-4.139999999999956	0.00011222630174181302
-4.129999999999956	0.00011658861066043266
-4.119999999999957	0.00012111031763653052
-4.109999999999957	0.00012579682634481106
-4.099999999999957	0.00013065370696508415
-4.089999999999957	0.00013568670073398352
-4.079999999999957	0.0001409017244531843
-4.069999999999958	0.00014630487524959333
-4.059999999999958	0.0001519024353616446
-4.049999999999958	0.00015770087702950586
-4.039999999999958	0.00016370686752429075
-4.0299999999999585	0.00016992727423455892
-4.019999999999959	0.00017636916989082526
-4.009999999999959	0.00018303983789394967
-3.9999999999999587	0.00018994677776255537
-3.989999999999959	0.00019709771065029618
-3.979999999999959	0.00020450058501560997
-3.9699999999999593	0.00021216358239969463
-3.9599999999999596	0.00022009512329254069
-3.9499999999999598	0.00022830387313476307
-3.93999999999996	0.00023679874843994316
-3.92999999999996	0.0002455889230123861
-3.9199999999999604	0.00025468383429648467
-3.9099999999999606	0.000264093189854354
-3.899999999999961	0.00027382697393907817
-3.889999999999961	0.00028389545420744633
-3.8799999999999613	0.0002943091885510336
-3.8699999999999615	0.00030507903204360826
-3.8599999999999617	0.0003162161440104288
-3.849999999999962	0.0003277319952387688
-3.839999999999962	0.0003396383752912308
-3.8299999999999623	0.00035194739994776325
-3.8199999999999625	0.0003646715187911882
-3.8099999999999627	0.0003778235228988869
-3.799999999999963	0.00039141655265906837
-3.789999999999963	0.0004054641057349597
-3.7799999999999634	0.000419980045136228
-3.7699999999999636	0.0004349786074208159
-3.759999999999964	0.0004504744110312392
-3.749999999999964	0.000466482464755904
-3.7399999999999642	0.0004830181763031499
-3.7299999999999645	0.000500097361023105
-3.7199999999999647	0.0005177362507495572
-3.709999999999965	0.0005359515027493547
-3.699999999999965	0.0005547602088294622
-3.6899999999999653	0.0005741799045457514
-3.6799999999999655	0.0005942285785424355
-3.6699999999999657	0.0006149246820132878
-3.659999999999966	0.0006362871383030391
-3.649999999999966	0.000658335352595353
-3.6399999999999664	0.0006810892217566676
-3.6299999999999666	0.0007045691442838415
-3.619999999999967	0.0007287960303655233
-3.609999999999967	0.0007537913120679829
-3.5999999999999672	0.0007795769536446065
-3.5899999999999674	0.0008061754619346228
-3.5799999999999677	0.0008336098968527048
-3.569999999999968	0.0008619038821936582
-3.559999999999968	0.0008910816161176509
-3.5499999999999683	0.0009211678821601174
-3.5399999999999685	0.000952188060153722
-3.5299999999999687	0.0009841681372684224
-3.519999999999969	0.0010171347191531286
-3.509999999999969	0.0010511150411501493
-3.4999999999999694	0.0010861369797865888
-3.4899999999999696	0.001122229063939168
-3.47999999999997	0.0011594204865177167
-3.46999999999997	0.0011977411160085522
-3.45999999999997	0.001237221508127412
-3.4499999999999704	0.0012778929175713306
-3.4399999999999706	0.001319787309821677
-3.429999999999971	0.0013629373730068993
-3.419999999999971	0.0014073765298428047
-3.4099999999999713	0.0014531389496408847
-3.3999999999999715	0.0015002595602638075
-3.3899999999999717	0.0015487740603252844
-3.379999999999972	0.0015987189312418634
-3.369999999999972	0.001650131449404133
-3.3599999999999723	0.001703049698368187
-3.3499999999999726	0.00175751258107338
-3.3399999999999728	0.0018135598320553233
-3.329999999999973	0.0018712320297100391
-3.319999999999973	0.0019305706084674834
-3.3099999999999734	0.001991617871131374
-3.2999999999999736	0.002054417001033922
-3.289999999999974	0.0021190120742788764
-3.279999999999974	0.0021854480719130345
-3.2699999999999743	0.002253770892084947
-3.2599999999999745	0.00232402736216328
-3.2499999999999747	0.002396265250795301
-3.239999999999975	0.002470533279908611
-3.229999999999975	0.0025468811366675835
-3.2199999999999753	0.0026253594853272253
-3.2099999999999755	0.0027060199790123825
-3.1999999999999758	0.002788915271418023
-3.189999999999976	0.0028740990283902404
-3.179999999999976	0.0029616259393846693
-3.1699999999999764	0.0030515517288316166
-3.1599999999999766	0.003143933167347968
-3.149999999999977	0.003238828082793171
-3.139999999999977	0.0033362953712029963
-3.1299999999999772	0.0034363950075328915
-3.1199999999999775	0.003539188056215615
-3.1099999999999777	0.003644736681563386
-3.099999999999978	0.003753104157937907
-3.089999999999978	0.0038643548797094316
-3.0799999999999783	0.003978554371013214
-3.0699999999999785	0.004095769295245402
-3.0599999999999787	0.004216067464313318
-3.049999999999979	0.004339517847626647
-3.039999999999979	0.004466190580815262
-3.0299999999999794	0.004596156974133128
-3.0199999999999796	0.00472948952058585
-3.00999999999998	0.004866261903731446
-2.99999999999998	0.005006549005132433
-2.9899999999999802	0.005150426911479758
-2.9799999999999804	0.005297972921360482
-2.9699999999999807	0.005449265551622022
-2.959999999999981	0.005604384543366558
-2.949999999999981	0.005763410867544482
-2.9399999999999813	0.005926426730103992
-2.9299999999999815	0.0060935155767153255
-2.9199999999999817	0.0062647620970566
-2.909999999999982	0.006440252228606333
-2.899999999999982	0.006620073159959038
-2.8899999999999824	0.006804313333660429
-2.8799999999999826	0.006993062448460033
-2.869999999999983	0.0071864114612198125
-2.859999999999983	0.007384452587932092
-2.849999999999983	0.007587279304506858
-2.8399999999999834	0.0077949863467958215
-2.8299999999999836	0.008007669710078647
-2.819999999999984	0.008225426647906974
-2.809999999999984	0.008448355670315075
-2.7999999999999843	0.008676556541396584
-2.7899999999999845	0.008910130276201873
-2.7799999999999847	0.009149179136938234
-2.769999999999985	0.009393806628493585
-2.759999999999985	0.00964411749318507
-2.7499999999999853	0.009900217704958227
-2.7399999999999856	0.010162214462460807
-2.7299999999999858	0.0104302161817293
-2.719999999999986	0.010704332487870994
-2.709999999999986	0.010984674206006202
-2.6999999999999864	0.011271353351384693
-2.6899999999999866	0.011564483118636202
-2.679999999999987	0.011864177870190527
-2.669999999999987	0.012170553123825366
-2.6599999999999873	0.01248372553929775
-2.6499999999999875	0.012803812904087705
-2.6399999999999877	0.013130934118228674
-2.629999999999988	0.013465209178167459
-2.619999999999988	0.013806759159689498
-2.6099999999999883	0.014155706199883135
-2.5999999999999885	0.01451217347808785
-2.5899999999999888	0.014876285195854736
-2.579999999999989	0.015248166555907236
-2.569999999999989	0.015627943740038442
-2.5599999999999894	0.01601574388597275
-2.5499999999999896	0.016411695063183483
-2.53999999999999	0.016815926247616242
-2.52999999999999	0.01722856729531935
-2.5199999999999902	0.01764974891500429
-2.5099999999999905	0.018079602639458493
-2.4999999999999907	0.018518260795845874
-2.489999999999991	0.01896585647487065
-2.479999999999991	0.019422523498796307
-2.4699999999999913	0.01988839638827868
-2.4599999999999915	0.020363610328065974
-2.4499999999999917	0.02084830113149678
-2.439999999999992	0.021342605203794766
-2.429999999999992	0.021846659504196203
-2.4199999999999924	0.02236060150685798
-2.4099999999999926	0.022884569160526592
-2.399999999999993	0.02341870084702398
-2.389999999999993	0.0239631353384898
-2.3799999999999932	0.024518011753372898
-2.3699999999999934	0.025083469511210432
-2.3599999999999937	0.02565964828616161
-2.349999999999994	0.02624668795927236
-2.339999999999994	0.02684472856950917
-2.3299999999999943	0.02745391026355583
-2.3199999999999945	0.02807437324431938
-2.3099999999999947	0.028706257718211264
-2.299999999999995	0.029349703841186875
-2.289999999999995	0.03000485166350005
-2.2799999999999954	0.030671841073214
-2.2699999999999956	0.03135081173855877
-2.259999999999996	0.03204190304885914
-2.249999999999996	0.032745254054404524
-2.239999999999996	0.03346100340500909
-2.2299999999999964	0.034189289287355415
-2.2199999999999966	0.03493024936111838
-2.209999999999997	0.035684020693910454
-2.199999999999997	0.03645073969499875
-2.1899999999999973	0.037230542047838246
-2.1799999999999975	0.038023562641461464
-2.1699999999999977	0.03882993550067687
-2.159999999999998	0.03964979371511599
-2.149999999999998	0.04048326936718555
-2.1399999999999983	0.04133049345887377
-2.1299999999999986	0.04219159583743305
-2.1199999999999988	0.04306670512012284
-2.109999999999999	0.043955948617655324
-2.099999999999999	0.04485945225680612
-2.0899999999999994	0.04577734050193146
-2.0799999999999996	0.04670973627550294
-2.07	0.04765676087764939
-2.06	0.048618533904792344
-2.0500000000000003	0.04959517316735638
-2.0400000000000005	0.05058679460656326
-2.0300000000000007	0.05159351221040044
-2.020000000000001	0.05261543792876211
-2.010000000000001	0.05365268158775778
-2.0000000000000013	0.05470535080329254
-1.9900000000000015	0.05577355089391374
-1.9800000000000015	0.05685738479294556
-1.9700000000000015	0.05795695295997512
-1.9600000000000015	0.05907235329173995
-1.9500000000000015	0.06020368103239639
-1.9400000000000015	0.06135102868327028
-1.9300000000000015	0.06251448591211839
-1.9200000000000015	0.06369413946190926
-1.9100000000000015	0.06489007305919708
-1.9000000000000015	0.06610236732215712
-1.8900000000000015	0.06733109966826263
-1.8800000000000014	0.06857634422169252
-1.8700000000000014	0.0698381717205468
-1.8600000000000014	0.07111664942385275
-1.8500000000000014	0.07241184101844081
-1.8400000000000014	0.0737238065257858
-1.8300000000000014	0.07505260220879698
-1.8200000000000014	0.0763982804786344
-1.8100000000000014	0.07776088980164395
-1.8000000000000014	0.079140474606436
-1.7900000000000014	0.08053707519110603
-1.7800000000000014	0.08195072763079429
-1.7700000000000014	0.08338146368552828
-1.7600000000000013	0.08482931070841923
-1.7500000000000013	0.08629429155434194
-1.7400000000000013	0.08777642448910185
-1.7300000000000013	0.08927572309913306
-1.7200000000000013	0.09079219620186127
-1.7100000000000013	0.09232584775675456
-1.7000000000000013	0.0938766767770899
-1.6900000000000013	0.09544467724258203
-1.6800000000000013	0.0970298380128819
-1.6700000000000013	0.09863214274202464
-1.6600000000000013	0.10025156979388576
-1.6500000000000012	0.10188809215878346
-1.6400000000000012	0.10354167737113541
-1.6300000000000012	0.10521228742841739
-1.6200000000000012	0.10689987871141107
-1.6100000000000012	0.10860440190576971
-1.6000000000000012	0.11032580192504009
-1.5900000000000012	0.11206401783521096
-1.5800000000000012	0.11381898278079101
-1.5700000000000012	0.11559062391253919
-1.5600000000000012	0.11737886231693666
-1.5500000000000012	0.11918361294740684
-1.5400000000000011	0.12100478455738674
-1.5300000000000011	0.1228422796353572
-1.5200000000000011	0.12469599434183742
-1.5100000000000011	0.12656581844842826
-1.500000000000001	0.12845163527903694
-1.490000000000001	0.1303533216532676
-1.480000000000001	0.1322707478320675
-1.470000000000001	0.13420377746576317
-1.460000000000001	0.1361522675444746
-1.450000000000001	0.13811606835097776
-1.440000000000001	0.14009502341617194
-1.430000000000001	0.1420889694771146
-1.420000000000001	0.14409773643772048
-1.410000000000001	0.14612114733223439
-1.400000000000001	0.14815901829149694
-1.390000000000001	0.150211158512042
-1.380000000000001	0.15227737022816792
-1.370000000000001	0.154357448686988
-1.360000000000001	0.15645118212649506
-1.350000000000001	0.1585583517567742
-1.340000000000001	0.16067873174438163
-1.330000000000001	0.16281208919990467
-1.320000000000001	0.1649581841688212
-1.310000000000001	0.16711676962572108
-1.300000000000001	0.1692875914718466
-1.290000000000001	0.17147038853609897
-1.280000000000001	0.17366489257954063
-1.270000000000001	0.17587082830339326
-1.260000000000001	0.17808791336061794
-1.2500000000000009	0.18031585837112354
-1.2400000000000009	0.18255436694063604
-1.2300000000000009	0.18480313568320933
-1.2200000000000009	0.18706185424758331
-1.2100000000000009	0.18933020534718756
-1.2000000000000008	0.19160786479400468
-1.1900000000000008	0.19389450153634674
-1.1800000000000008	0.19618977770035392
-1.1700000000000008	0.19849334863545118
-1.1600000000000008	0.20080486296375563
-1.1500000000000008	0.2031239626334024
-1.1400000000000008	0.20545028297575557
-1.1300000000000008	0.20778345276673896
-1.1200000000000008	0.2101230942919961
-1.1100000000000008	0.21246882341621454
-1.1000000000000008	0.21482024965631624
-1.0900000000000007	0.21717697625883864
-1.0800000000000007	0.2195386002809951
-1.0700000000000007	0.22190471267633924
-1.0600000000000007	0.22427489838393747
-1.0500000000000007	0.22664873642157343
-1.0400000000000007	0.22902579998361844
-1.0300000000000007	0.2314056565419345
-1.0200000000000007	0.23378786795158726
-1.0100000000000007	0.23617199055983026
-1.0000000000000007	0.23855757531995475
-0.9900000000000007	0.24094416790849216
-0.9800000000000006	0.24333130884561283
-0.9700000000000006	0.24571853362121535
-0.9600000000000006	0.24810537282329803
-0.9500000000000006	0.2504913522708068
-0.9400000000000006	0.2528759931502205
-0.9300000000000006	0.2552588121557923
-0.9200000000000006	0.25763932163352904
-0.9100000000000006	0.2600170297288996
-0.9000000000000006	0.26239144053806734
-0.8900000000000006	0.2647620542626933
-0.8800000000000006	0.26712836736833484
-0.8700000000000006	0.2694898727462084
-0.8600000000000005	0.2718460598783317
-0.8500000000000005	0.2741964150060887
-0.8400000000000005	0.276540421301972
-0.8300000000000005	0.2788775590444722
-0.8200000000000005	0.281207305796261
-0.8100000000000005	0.28352913658534873
-0.8000000000000005	0.2858425240889053
-0.7900000000000005	0.28814693882067055
-0.7800000000000005	0.29044184932032463
-0.7700000000000005	0.29272672234619374
-0.7600000000000005	0.2950010230703932
-0.7500000000000004	0.2972642152764068
-0.7400000000000004	0.29951576155919685
-0.7300000000000004	0.301755123527727
-0.7200000000000004	0.30398176200961624
-0.7100000000000004	0.306195137257969
-0.7000000000000004	0.30839470916030703
-0.6900000000000004	0.3105799374493674
-0.6800000000000004	0.31275028191572146
-0.6700000000000004	0.31490520262219557
-0.6600000000000004	0.31704416011981496
-0.6500000000000004	0.319166615665224
-0.6400000000000003	0.3212720314395601
-0.6300000000000003	0.32335987076852013
-0.6200000000000003	0.3254295983435822
-0.6100000000000003	0.32748068044399087
-0.6000000000000003	0.3295125851604441
-0.5900000000000003	0.33152478261807033
-0.5800000000000003	0.33351674520181956
-0.5700000000000003	0.3354879477806555
-0.5600000000000003	0.33743786793390107
-0.5500000000000003	0.3393659861755731
-0.5400000000000003	0.3412717861810351
-0.5300000000000002	0.3431547550122629
-0.5200000000000002	0.3450143833435506
-0.5100000000000002	0.34685016568662214
-0.5000000000000002	0.34866160061539336
-0.49000000000000027	0.35044819099031455
-0.48000000000000026	0.3522094441817279
-0.47000000000000025	0.35394487229266164
-0.46000000000000024	0.35565399238039397
-0.45000000000000023	0.3573363266771155
-0.4400000000000002	0.3589914028091532
-0.4300000000000002	0.36061875401489124
-0.4200000000000002	0.36221791936117353
-0.4100000000000002	0.3637884439579177
-0.4000000000000002	0.3653298791710792
-0.3900000000000002	0.3668417828334892
-0.38000000000000017	0.36832371945374603
-0.37000000000000016	0.3697752604228143
-0.36000000000000015	0.371195984218275
-0.35000000000000014	0.3725854766061152
-0.34000000000000014	0.37394333083981474
-0.3300000000000001	0.3752691478567576
-0.3200000000000001	0.3765625364717269
-0.3100000000000001	0.3778231135673203
-0.3000000000000001	0.3790505042813167
-0.2900000000000001	0.3802443421906988
-0.2800000000000001	0.38140426949227835
-0.2700000000000001	0.3825299371798259
-0.26000000000000006	0.38362100521755477
-0.25000000000000006	0.38467714270978925
-0.24000000000000007	0.385698028066805
-0.23000000000000007	0.3866833491666706
-0.22000000000000006	0.3876328035129191
-0.21000000000000005	0.38854609838806103
-0.20000000000000004	0.3894229510027546
-0.19000000000000003	0.39026308864050996
-0.18000000000000002	0.39106624879787816
-0.17	0.3918321793200239
-0.16	0.3925606385315043
-0.15	0.3932513953622695
-0.13999999999999999	0.3939042294687353
-0.12999999999999998	0.39451893134982197
-0.11999999999999998	0.3950953024577359
-0.10999999999999999	0.3956331553044859
-0.09999999999999999	0.3961323135613366
-0.09	0.3965926121547143
-0.08	0.3970138973558609
-0.07	0.3973960268651569
-0.060000000000000005	0.3977388698909213
-0.05	0.3980423072226575
-0.04	0.39830623129860354
-0.03	0.3985305462676005
-0.02	0.39871516804523466
-0.01	0.39886002436415335
0	0.39896505481854827
0.01	0.39903021090279805
0.02	0.39905545604418285
0.03	0.39904076562965
0.04	0.39898612702666425
0.05	0.3988915395980571
0.060000000000000005	0.39875701471085734
0.07	0.39858257573915895
0.08	0.39836825806095694
0.09	0.3981141090489406
0.09999999999999999	0.3978201880553029
0.10999999999999999	0.3974865663905315
0.11999999999999998	0.3971133272961668
0.12999999999999998	0.3967005659115975
0.13999999999999999	0.39624838923488553
0.15	0.3957569160776018
0.16	0.395226277013935
0.17	0.3946566143230737
0.18000000000000002	0.394048081927365
0.19000000000000003	0.3934008453229899
0.20000000000000004	0.3927150815057231
0.21000000000000005	0.3919909788907376
0.22000000000000006	0.3912287372267552
0.23000000000000007	0.3904285675045722
0.24000000000000007	0.38959069185998796
0.25000000000000006	0.3887153434712296
0.26000000000000006	0.38780276645095785
0.2700000000000001	0.38685321573286446
0.2800000000000001	0.385866956952976
0.2900000000000001	0.3848442663257594
0.3000000000000001	0.3837854305150556
0.3100000000000001	0.382690746499951
0.3200000000000001	0.3815605214357159
0.3300000000000001	0.3803950725098307
0.34000000000000014	0.37919472679322463
0.35000000000000014	0.37795982108685805
0.36000000000000015	0.37669070176369623
0.37000000000000016	0.37538772460619807
0.38000000000000017	0.3740512546394444
0.3900000000000002	0.3726816659600038
0.4000000000000002	0.3712793415606172
0.4100000000000002	0.36984467315089
0.4200000000000002	0.36837806097403303
0.4300000000000002	0.3668799136198151
0.4400000000000002	0.36535064783384213
0.45000000000000023	0.3637906883233013
0.46000000000000024	0.36220046755924445
0.47000000000000025	0.360580425575614
0.48000000000000026	0.3589310097651079
0.49000000000000027	0.3572526746719891
0.5000000000000002	0.35554588178202234
0.5100000000000002	0.3538110993096684
0.5200000000000002	0.3520488019826252
0.5300000000000002	0.3502594708239189
0.5400000000000003	0.3484435929316561
0.5500000000000003	0.34660166125656683
0.5600000000000003	0.3447341743774998
0.5700000000000003	0.3428416362750355
0.5800000000000003	0.3409245561033012
0.5900000000000003	0.3389834479601784
0.6000000000000003	0.33701883065606775
0.6100000000000003	0.335031227481294
0.6200000000000003	0.33302116597249204
0.6300000000000003	0.3309891776772287
0.6400000000000003	0.3289357979192399
0.6500000000000004	0.32686156556140217
0.6600000000000004	0.32476702276891
0.6700000000000004	0.32265271477183466
0.6800000000000004	0.3205191896273851
0.6900000000000004	0.3183669979820357
0.7000000000000004	0.3161966928336503
0.7100000000000004	0.3140088292937185
0.7200000000000004	0.3118039643499149
0.7300000000000004	0.30958265662907103
0.7400000000000004	0.30734546616069564
0.7500000000000004	0.30509295414123405
0.7600000000000005	0.3028256826991737
0.7700000000000005	0.30054421466110265
0.7800000000000005	0.2982491133189348
0.7900000000000005	0.2959409421983704
0.8000000000000005	0.2936202648287409
0.8100000000000005	0.29128764451438904
0.8200000000000005	0.2889436441077073
0.8300000000000005	0.286588825783925
0.8400000000000005	0.2842237508178284
0.8500000000000005	0.28184897936249875
0.8600000000000005	0.27946507023019146
0.8700000000000006	0.27707258067548096
0.8800000000000006	0.2746720661808123
0.8900000000000006	0.272264080244516
0.9000000000000006	0.26984917417144083
0.9100000000000006	0.26742789686632185
0.9200000000000006	0.2650007946299428
0.9300000000000006	0.26256841095822764
0.9400000000000006	0.26013128634437277
0.9500000000000006	0.2576899580840894
0.9600000000000006	0.2552449600840459
0.9700000000000006	0.2527968226736513
0.9800000000000006	0.250346072420209
0.9900000000000007	0.24789323194754267
1.0000000000000007	0.2454388197582137
1.0100000000000007	0.24298335005935776
1.0200000000000007	0.24052733259222553
1.0300000000000007	0.23807127246554474
1.0400000000000007	0.23561566999271363
1.0500000000000007	0.23316102053291388
1.0600000000000007	0.23070781433622486
1.0700000000000007	0.22825653639277474
1.0800000000000007	0.225807666285971
1.0900000000000007	0.22336167804990606
1.1000000000000008	0.220919040030949
1.1100000000000008	0.21848021475358037
1.1200000000000008	0.21604565879050705
1.1300000000000008	0.2136158226371213
1.1400000000000008	0.21119115059028268
1.1500000000000008	0.20877208063151706
1.1600000000000008	0.20635904431462435
1.1700000000000008	0.20395246665771813
1.1800000000000008	0.20155276603973313
1.1900000000000008	0.19916035410141908
1.2000000000000008	0.1967756356508163
1.2100000000000009	0.19439900857323364
1.2200000000000009	0.19203086374575978
1.2300000000000009	0.18967158495626138
1.2400000000000009	0.18732154882691016
1.2500000000000009	0.18498112474223283
1.260000000000001	0.18265067478166197
1.270000000000001	0.18033055365657177
1.280000000000001	0.17802110865183615
1.290000000000001	0.17572267957183063
1.300000000000001	0.17343559869089534
1.310000000000001	0.17116019070824412
1.320000000000001	0.16889677270727582
1.330000000000001	0.1666456541192561
1.340000000000001	0.16440713669138224
1.350000000000001	0.16218151445914597
1.360000000000001	0.15996907372298683
1.370000000000001	0.15777009302920436
1.380000000000001	0.15558484315506993
1.390000000000001	0.1534135870981021
1.400000000000001	0.15125658006946754
1.410000000000001	0.14911406949145473
1.420000000000001	0.14698629499896673
1.430000000000001	0.1448734884449787
1.440000000000001	0.1427758739099323
1.450000000000001	0.14069366771495878
1.460000000000001	0.13862707843892053
1.470000000000001	0.13657630693920034
1.480000000000001	0.1345415463761384
1.490000000000001	0.13252298224111128
1.500000000000001	0.1305207923881464
1.5100000000000011	0.12853514706901042
1.5200000000000011	0.12656620897170745
1.5300000000000011	0.12461413326233561
1.5400000000000011	0.12267906763017722
1.5500000000000012	0.12076115233600532
1.5600000000000012	0.11886052026350336
1.5700000000000012	0.11697729697372584
1.5800000000000012	0.11511160076250711
1.5900000000000012	0.11326354272079409
1.6000000000000012	0.11143322679774573
1.6100000000000012	0.10962074986657978
1.6200000000000012	0.10782620179306793
1.6300000000000012	0.1060496655065877
1.6400000000000012	0.10429121707364872
1.6500000000000012	0.10255092577384022
1.6600000000000013	0.10082885417807777
1.6700000000000013	0.09912505822908621
1.6800000000000013	0.09743958732401468
1.6900000000000013	0.09577248439916977
1.7000000000000013	0.09412378601665108
1.7100000000000013	0.09249352245293926
1.7200000000000013	0.09088171778927047
1.7300000000000013	0.0892883900037398
1.7400000000000013	0.08771355106504024
1.7500000000000013	0.08615720702778118
1.7600000000000013	0.08461935812922448
1.7700000000000014	0.0830999988874828
1.7800000000000014	0.0815991182009717
1.7900000000000014	0.08011669944908352
1.8000000000000014	0.07865272059402356
1.8100000000000014	0.07720715428369344
1.8200000000000014	0.07577996795553955
1.8300000000000014	0.0743711239413033
1.8400000000000014	0.0729805795725992
1.8500000000000014	0.0716082872871982
1.8600000000000014	0.07025419473599162
1.8700000000000014	0.0689182448905266
1.8800000000000014	0.0676003761510352
1.8900000000000015	0.06630052245490548
1.9000000000000015	0.06501861338548652
1.9100000000000015	0.06375457428118675
1.9200000000000015	0.06250832634476433
1.9300000000000015	0.061279786752758914
1.9400000000000015	0.060068868764988764
1.9500000000000015	0.058875481834025835
1.9600000000000015	0.05769953171462182
1.9700000000000015	0.05654092057297607
1.9800000000000015	0.055399547095803484
1.9900000000000015	0.05427530659913235
2.0000000000000013	0.053168091136777985
2.010000000000001	0.052077789608408774
2.020000000000001	0.05100428786717456
2.0300000000000007	0.049947468826816596
2.0400000000000005	0.048907212568213336
2.0500000000000003	0.04788339644530202
2.06	0.046875895190327005
2.07	0.045884581018356414
2.0799999999999996	0.0449093237310184
2.0899999999999994	0.04394999081942545
2.099999999999999	0.04300644756619471
2.109999999999999	0.042078557146567476
2.1199999999999988	0.04116618072856775
2.1299999999999986	0.040269177572128834
2.1399999999999983	0.03938740512721449
2.149999999999998	0.038520719130729186
2.159999999999998	0.0376689737025256
2.1699999999999977	0.03683202144002412
2.1799999999999975	0.03600971351175183
2.1899999999999973	0.03520189974961277
2.199999999999997	0.034408428739913365
2.209999999999997	0.033629147913079076
2.2199999999999966	0.032863903632058884
2.2299999999999964	0.032112541279372506
2.239999999999996	0.03137490534279002
2.249999999999996	0.030650839499609266
2.259999999999996	0.029940186699514
2.2699999999999956	0.029242789245989595
2.2799999999999954	0.02855848887627912
2.289999999999995	0.02788712683987375
2.299999999999995	0.027228543975435664
2.3099999999999947	0.02658258078636072
2.3199999999999945	0.025949077514661613
2.3299999999999943	0.025327874213399087
2.339999999999994	0.024718810817551756
2.349999999999994	0.024121727213313533
2.3599999999999937	0.02353646330585292
2.3699999999999934	0.0229628590854843
2.3799999999999932	0.022400754692265865
2.389999999999993	0.021849990479022745
2.399999999999993	0.02131040707278249
2.4099999999999926	0.020781845434631477
2.4199999999999924	0.02026414691797503
2.429999999999992	0.019757153325230887
2.439999999999992	0.019260706962921124
2.4499999999999917	0.018774650695199954
2.4599999999999915	0.01829882799579704
2.4699999999999913	0.017833082998395127
2.479999999999991	0.0173772605454374
2.489999999999991	0.01693120623539012
2.4999999999999907	0.01649476646843626
2.5099999999999905	0.016067788490651408
2.5199999999999902	0.01565012043663219
2.52999999999999	0.015241611370616612
2.53999999999999	0.014842111326087619
2.5499999999999896	0.014451471343888286
2.5599999999999894	0.014069543508856612
2.569999999999989	0.013696180984977347
2.579999999999989	0.013331238049102826
2.5899999999999888	0.012974570123221282
2.5999999999999885	0.012626033805302828
2.6099999999999883	0.012285486898790686
2.619999999999988	0.011952788440492952
2.629999999999988	0.011627798727514144
2.6399999999999877	0.0113103793424311
2.6499999999999875	0.011000393177335342
2.6599999999999873	0.010697704456566263
2.669999999999987	0.010402178757944804
2.679999999999987	0.01011368303314721
2.6899999999999866	0.009832085626409585
2.6999999999999864	0.009557256292219473
2.709999999999986	0.009289066211743193
2.719999999999986	0.009027388008077706
2.7299999999999858	0.008772095760326074
2.7399999999999856	0.008523065016541575
2.7499999999999853	0.008280172805541513
2.759999999999985	0.008043297647630275
2.769999999999985	0.00781231956424368
2.7799999999999847	0.0075871200865453535
2.7899999999999845	0.007367582262990852
2.7999999999999843	0.007153590665892661
2.809999999999984	0.00694503139700061
2.819999999999984	0.006741792092122521
2.8299999999999836	0.0065437619248213084
2.8399999999999834	0.006350831609188685
2.849999999999983	0.006162893401742025
2.859999999999983	0.005979841102455562
2.869999999999983	0.005801570054952578
2.8799999999999826	0.005627977145881551
2.8899999999999824	0.00545896080350686
2.899999999999982	0.005294420995518854
2.909999999999982	0.005134259226111418
2.9199999999999817	0.004978378532331097
2.9299999999999815	0.004826683479732712
2.9399999999999813	0.004679080157349865
2.949999999999981	0.004535476172028027
2.959999999999981	0.004395780642112809
2.9699999999999807	0.004259904190538751
2.9799999999999804	0.004127758937333646
2.9899999999999802	0.0039992584915523755
2.99999999999998	0.003874317942674314
3.00999999999998	0.003752853851484722
3.0199999999999796	0.0036347842404468094
3.0299999999999794	0.0035200285836062776
3.039999999999979	0.0034085077960302568
3.049999999999979	0.003300144222821189
3.0599999999999787	0.003194861627698499
3.0699999999999785	0.003092585181194851
3.0799999999999783	0.0029932414484816977
3.089999999999978	0.002896758376817453
3.099999999999978	0.0028030652826708754
3.1099999999999777	0.002712092838525933
3.1199999999999775	0.00262377305937551
3.1299999999999772	0.002538039288937249
3.139999999999977	0.00245482618559858
3.149999999999977	0.0023740697081229747
3.1599999999999766	0.0022957071011054033
3.1699999999999764	0.0022196768802351875
3.179999999999976	0.00214591881733601
3.189999999999976	0.00207437392523868
3.1999999999999758	0.00200498444247481
3.2099999999999755	0.0019376938178276674
3.2199999999999753	0.0018724466947348767
3.229999999999975	0.0018091888955711142
3.239999999999975	0.0017478674058198748
3.2499999999999747	0.0016884303581464499
3.2599999999999745	0.0016308270163931438
3.2699999999999743	0.001575007759495534
3.279999999999974	0.0015209240653300364
3.289999999999974	0.0014685284945983037
3.2999999999999736	0.0014177746745067347
3.3099999999999734	0.00136861728259356
3.319999999999973	0.0013210120304590989
3.329999999999973	0.0012749156475126645
3.3399999999999728	0.0012302858647290395
3.3499999999999726	0.001187081398402139
3.3599999999999723	0.0011452619340228429
3.369999999999972	0.001104788110015016
3.379999999999972	0.0010656215016892564
3.3899999999999717	0.0010277246051812717
3.3999999999999715	0.0009910608214502164
3.4099999999999713	0.0009555944403631698
3.419999999999971	0.0009212906248586595
3.429999999999971	0.0008881153951907945
3.4399999999999706	0.0008560356132704928
3.4499999999999704	0.0008250189671122251
3.45999999999997	0.000795033955380035
3.46999999999997	0.0007660498720874099
3.47999999999997	0.0007380367912256959
3.4899999999999696	0.0007109655519079917
3.4999999999999694	0.0006848077432388522
3.509999999999969	0.0006595356895342871
3.519999999999969	0.0006351224356239306
3.5299999999999687	0.0006115417323505578
3.5399999999999685	0.000588768022001836
3.5499999999999683	0.0005667764243168394
3.559999999999968	0.000545542722223919
3.569999999999968	0.0005250433479521318
3.5799999999999677	0.0005052553692588286
3.5899999999999674	0.00048615647582465486
3.5999999999999672	0.00046772496581257085
3.609999999999967	0.0004499397326040992
3.619999999999967	0.00043278025169584614
3.6299999999999666	0.00041622656778318826
3.6399999999999664	0.00040025928200869984
3.649999999999966	0.000384859539399374
3.659999999999966	0.0003700090164715546
3.6699999999999657	0.000355689909028785
3.6799999999999655	0.0003418849201245557
3.6899999999999653	0.00032857724822599275
3.699999999999965	0.00031575057554774456
3.709999999999965	0.0003033890565738524
3.7199999999999647	0.0002914773067643873
3.7299999999999645	0.00028000039144414427
3.7399999999999642	0.00026894381487922427
3.749999999999964	0.0002582935095322511
3.759999999999964	0.00024803582551179046
3.7699999999999636	0.00023815752019274832
3.7799999999999634	0.00022864574803113986
3.789999999999963	0.0002194880505566263
3.799999999999963	0.00021067234654878207
3.8099999999999627	0.00020218692239399103
3.8199999999999625	0.0001940204226260946
3.8299999999999623	0.0001861618406401794
3.839999999999962	0.00017860050959342107
3.849999999999962	0.00017132609347556214
3.8599999999999617	0.0001643285783641249
3.8699999999999615	0.0001575982638496957
3.8799999999999613	0.0001511257546150927
3.889999999999961	0.00014490195223993568
3.899999999999961	0.0001389180471240383
3.9099999999999606	0.000133165510579935
3.9199999999999604	0.0001276360871466909
3.92999999999996	0.0001223217870162422
3.93999999999996	0.0001172148786026102
3.9499999999999598	0.00011230788137964422
3.9599999999999596	0.00010759355877002259
3.9699999999999593	0.00010306491119737401
3.979999999999959	0.00009871516940257711
3.989999999999959	0.00009453778778252103
3.9999999999999587	0.00009052643795767568
4.009999999999959	0.00008667500246585149
4.019999999999959	0.00008297756860479365
4.0299999999999585	0.00007942842242654462
4.039999999999958	0.00007602204286693625
4.049999999999958	0.00007275309602547499
4.059999999999958	0.00006961642957197155
4.069999999999958	0.00006660706730361305
4.079999999999957	0.00006372020382801296
4.089999999999957	0.000060951199380270045
4.099999999999957	0.000058295574771767694
4.109999999999957	0.00005574900646725316
4.119999999999957	0.00005330732178250515
4.129999999999956	0.00005096649421382275
4.139999999999956	0.000048722638881993206
4.149999999999956	0.000046572008098483324
4.159999999999956	0.00004451098704643985
4.1699999999999555	0.00004253608957980176
4.179999999999955	0.00004064395412945572
4.189999999999955	0.00003883133972383064
4.199999999999955	0.00003709512211976134
4.209999999999955	0.000035432290026733196
4.2199999999999545	0.00003383994145223532
4.229999999999954	0.00003231528013415722
4.239999999999954	0.00003085561208880209
4.249999999999954	0.00002945834222871052
4.259999999999954	0.000028120971104720802
4.269999999999953	0.00002684109173106337
4.279999999999953	0.000025616386488268926
4.289999999999953	0.000024444624139238165
4.299999999999953	0.000023323656907495048
4.3099999999999525	0.000022251417660026102
4.319999999999952	0.000021225917167881936
4.329999999999952	0.000020245241436697234
4.339999999999952	0.00001930754913364604
4.349999999999952	0.00001841106907825328
4.3599999999999515	0.000017554097818651513
4.369999999999951	0.00001673499727060728
4.379999999999951	0.00001595219244012477
4.389999999999951	0.000015204169207552748
4.399999999999951	0.000014489472184274131
4.40999999999995	0.000013806702633305677
4.41999999999995	0.000013154516458726825
4.42999999999995	0.000012531622250140333
4.43999999999995	0.000011936779396977623
4.4499999999999496	0.000011368796276439158
4.459999999999949	0.000010826528448805974
4.469999999999949	0.00001030887696708406
4.479999999999949	9.814786732221263e-6
4.489999999999949	9.343244854143161e-6
4.4999999999999485	8.893279124994053e-6
4.509999999999948	8.463956511450227e-6
4.519999999999948	8.054381706273273e-6
4.529999999999948	7.663695715671966e-6
4.539999999999948	7.291074517427351e-6
4.549999999999947	6.935727738716284e-6
4.559999999999947	6.596897391296217e-6
4.569999999999947	6.273856652108146e-6
4.579999999999947	5.965908675946007e-6
4.589999999999947	5.672385455769234e-6
4.599999999999946	5.392646719411408e-6
4.609999999999946	5.126078863734143e-6
4.619999999999946	4.872093929032107e-6
4.629999999999946	4.6301286066626844e-6
4.6399999999999455	4.3996432781460216e-6
4.649999999999945	4.1801210979549e-6
4.659999999999945	3.971067097581192e-6
4.669999999999945	3.7720073282858228e-6
4.679999999999945	3.582488036409649e-6
4.689999999999944	3.402074847106191e-6
4.699999999999944	3.2303520203270644e-6
4.709999999999944	3.0669216957814902e-6
4.719999999999944	2.911403163467243e-6
4.729999999999944	2.7634322034272588e-6
4.739999999999943	2.6226603989209955e-6
4.749999999999943	2.488754509569135e-6
4.759999999999943	2.3613958454645946e-6
4.769999999999943	2.2402796832801143e-6
4.7799999999999425	2.125114689141149e-6
4.789999999999942	2.0156223815030715e-6
4.799999999999942	1.911536568312263e-6
4.809999999999942	1.8126028941525529e-6
4.819999999999942	1.7185782895498483e-6
4.8299999999999415	1.629230550167077e-6
4.839999999999941	1.5443378584432423e-6
4.849999999999941	1.4636883515658714e-6
4.859999999999941	1.3870797072048706e-6
4.869999999999941	1.314318733634003e-6
4.87999999999994	1.2452209952305136e-6
4.88999999999994	1.1796104287642616e-6
4.89999999999994	1.1173189958628226e-6
4.90999999999994	1.0581863311564073e-6
4.9199999999999395	1.0020594223434294e-6
4.929999999999939	9.48792285973844e-7
4.939999999999939	8.982456662767188e-7
4.949999999999939	8.502867467756634e-7
4.959999999999939	8.047888735820031e-7
4.9699999999999385	7.616312587907547e-7
4.979999999999938	7.20698777022034e-7
4.989999999999938	6.818816540303333e-7
4.999999999999938	6.450752864859827e-7
5.009999999999938	6.101799818879952e-7
5.019999999999937	5.771007489423891e-7
5.029999999999937	5.457470882163258e-7
5.039999999999937	5.160327919284408e-7
5.049999999999937	4.878757520627316e-7
5.0599999999999365	4.6119777582613845e-7
5.069999999999936	4.3592440990635697e-7
5.079999999999936	4.1198477098193227e-7
5.089999999999936	3.893113844619068e-7
5.099999999999936	3.678400290276569e-7
5.1099999999999355	3.4750958890055474e-7
5.119999999999935	3.282619113152533e-7
5.129999999999935	3.1004167055289044e-7
5.139999999999935	2.92796233889053e-7
5.149999999999935	2.7647554943376404e-7
5.159999999999934	2.610320185676217e-7
5.169999999999934	2.464203744313047e-7
5.179999999999934	2.325975843377016e-7
5.189999999999934	2.1952274229550146e-7
5.199999999999934	2.0715696856712797e-7
5.209999999999933	1.9546331379179537e-7
5.219999999999933	1.844066723863538e-7
5.229999999999933	1.7395368880462556e-7
5.239999999999933	1.6407267792009654e-7
5.2499999999999325	1.5473354745868307e-7
5.259999999999932	1.4590771927558609e-7
5.269999999999932	1.3756805503501872e-7
5.279999999999932	1.2968879234538605e-7
5.289999999999932	1.222454655011464e-7
5.299999999999931	1.152148728873713e-7
5.309999999999931	1.085749902268728e-7
5.319999999999931	1.0230491114400179e-7
5.329999999999931	9.638479141376246e-8