-5.7199999999999225	9.584977308831075e-8
-5.709999999999923	1.0086637813780165e-7
-5.699999999999923	1.0613717075852372e-7
-5.689999999999923	1.1167461053986962e-7
-5.679999999999923	1.1749169645796647e-7
-5.6699999999999235	1.2360202615547246e-7
-5.659999999999924	1.300198857375809e-7
-5.649999999999924	1.3676020710682536e-7
-5.639999999999924	1.4383859289119497e-7
-5.629999999999924	1.5127139315151376e-7
-5.619999999999925	1.5907571693269349e-7
-5.609999999999925	1.6726945681860975e-7
-5.599999999999925	1.7587134452979217e-7
-5.589999999999925	1.8490094795818534e-7
-5.5799999999999255	1.9437876777359826e-7
-5.569999999999926	2.043262342281028e-7
-5.559999999999926	2.1476575998443943e-7
-5.549999999999926	2.2572078198172502e-7
-5.539999999999926	2.3721581554450117e-7
-5.5299999999999265	2.4927647604957265e-7
-5.519999999999927	2.619295392063536e-7
-5.509999999999927	2.752030203426154e-7
-5.499999999999927	2.8912619393190507e-7
-5.489999999999927	3.0372964883932476e-7
-5.479999999999928	3.1904535635103875e-7
-5.469999999999928	3.3510672570299485e-7
-5.459999999999928	3.519486658792036e-7
-5.449999999999928	3.696076491050761e-7
-5.4399999999999284	3.881217772786872e-7
-5.429999999999929	4.0753085162228314e-7
-5.419999999999929	4.2787644416683305e-7
-5.409999999999929	4.4920197262159574e-7
-5.399999999999929	4.715527784850454e-7
-5.3899999999999295	4.949762080257827e-7
-5.37999999999993	5.195216946171728e-7
-5.36999999999993	5.45240849297127e-7
-5.35999999999993	5.721875474848836e-7
-5.34999999999993	6.004180273245691e-7
-5.339999999999931	6.299909851992037e-7
-5.329999999999931	6.609676783915569e-7
-5.319999999999931	6.934120305451729e-7
-5.309999999999931	7.273907418859361e-7
-5.299999999999931	7.629734029581285e-7
-5.289999999999932	8.002326134008963e-7
-5.279999999999932	8.392441060722611e-7
-5.269999999999932	8.800868711864653e-7
-5.259999999999932	9.228432915565595e-7
-5.2499999999999325	9.675992821454843e-7
-5.239999999999933	1.014444429821051e-6
-5.229999999999933	1.0634721424487267e-6
-5.219999999999933	1.1147798031035055e-6
-5.209999999999933	1.1684689293222456e-6
-5.199999999999934	1.2246453389974891e-6
-5.189999999999934	1.2834193218583325e-6
-5.179999999999934	1.3449058179767195e-6
-5.169999999999934	1.4092246020966692e-6
-5.159999999999934	1.4765004755948489e-6
-5.149999999999935	1.5468634649554381e-6
-5.139999999999935	1.6204490277835235e-6
-5.129999999999935	1.697398267520928e-6
-5.119999999999935	1.777858150310434e-6
-5.1099999999999355	1.8619817381144964e-6
-5.099999999999936	1.949928429053404e-6
-5.089999999999936	2.0418641962096136e-6
-5.079999999999936	2.1379618496583992e-6
-5.069999999999936	2.2384012945100746e-6
-5.0599999999999365	2.343369822767706e-6
-5.049999999999937	2.4530623436813543e-6
-5.039999999999937	2.567681765048342e-6
-5.029999999999937	2.6874392002342323e-6
-5.019999999999937	2.812554362844326e-6
-5.009999999999938	2.9432558446566515e-6
-4.999999999999938	3.079781482822527e-6
-4.989999999999938	3.2223786699618058e-6
-4.979999999999938	3.371304764412464e-6
-4.9699999999999385	3.526827424901155e-6
-4.959999999999939	3.689224998607324e-6
-4.949999999999939	3.858786954620905e-6
-4.939999999999939	4.035814256885552e-6
-4.929999999999939	4.220619820706519e-6
-4.9199999999999395	4.413528940919587e-6
-4.90999999999994	4.6148797559626995e-6
-4.89999999999994	4.825023711631764e-6
-4.88999999999994	5.044326058173734e-6
-4.87999999999994	5.273166354469132e-6
-4.869999999999941	5.511938981552485e-6
-4.859999999999941	5.761053688763807e-6
-4.849999999999941	6.020936157769174e-6
-4.839999999999941	6.2920285596652444e-6
-4.8299999999999415	6.574790165061555e-6
-4.819999999999942	6.86969795633122e-6
-4.809999999999942	7.177247247321029e-6
-4.799999999999942	7.4979523563634445e-6
-4.789999999999942	7.832347278226203e-6
-4.7799999999999425	8.18098637837329e-6
-4.769999999999943	8.544445099018262e-6
-4.759999999999943	8.923320732186777e-6
-4.749999999999943	9.318233167319214e-6
-4.739999999999943	9.729825681302802e-6
-4.729999999999944	0.000010158765766855915
-4.719999999999944	0.000010605745966926702
-4.709999999999944	0.000011071484737266168
-4.699999999999944	0.000011556727354913838
-4.689999999999944	0.000012062246837956759
-4.679999999999945	0.000012588844887110617
-4.669999999999945	0.000013137352885782491
-4.659999999999945	0.000013708632893983837
-4.649999999999945	0.000014303578702521601
-4.6399999999999455	0.000014923116897553907
-4.629999999999946	0.0000155682079935373
-4.619999999999946	0.00001623984752790093
-4.609999999999946	0.00001693906727611079
-4.599999999999946	0.000017666936447469366
-4.589999999999947	0.00001842456292322166
-4.579999999999947	0.00001921309455046666
-4.569999999999947	0.00002003372046189539
-4.559999999999947	0.000020887672428692844
-4.549999999999947	0.00002177622626272749
-4.539999999999948	0.000022700703261382274
-4.529999999999948	0.000023662471667127747
-4.519999999999948	0.000024662948243253868
-4.509999999999948	0.00002570359977884997
-4.4999999999999485	0.000026785944735718047
-4.489999999999949	0.000027911554902048055
-4.479999999999949	0.000029082057097786047
-4.469999999999949	0.000030299134914312824
-4.459999999999949	0.000031564530558317235
-4.4499999999999496	0.000032880046643732554
-4.43999999999995	0.00003424754813643389
-4.42999999999995	0.000035668964292982735
-4.41999999999995	0.00003714629068349752
-4.40999999999995	0.00003868159124369704
-4.399999999999951	0.00004027700039572764
-4.389999999999951	0.00004193472523125312
-4.379999999999951	0.00004365704774489207
-4.369999999999951	0.00004544632711873747
-4.3599999999999515	0.000047305002094695384
-4.349999999999952	0.000049235593381145305
-4.339999999999952	0.00005124070613182717
-4.329999999999952	0.00005332303249902545
-4.319999999999952	0.000055485354243157975
-4.3099999999999525	0.00005773054540197076
-4.299999999999953	0.0000600615750482201
-4.289999999999953	0.00006248151010214066
-4.279999999999953	0.00006499351821595353
-4.269999999999953	0.00006760087073843017
-4.259999999999954	0.00007030694574948655
-4.249999999999954	0.0000731152311639269
-4.239999999999954	0.00007602932791911107
-4.229999999999954	0.00007905295324537153
-4.2199999999999545	0.00008218994399569941
-4.209999999999955	0.00008544426007985998
-4.199999999999955	0.00008881998796660348
-4.189999999999955	0.00009232134427091374
-4.179999999999955	0.00009595267943103969
-4.1699999999999555	0.0000997184814677881
-4.159999999999956	0.00010362337983057696
-4.149999999999956	0.00010767214933221513
-4.139999999999956	0.0001118697141805182
-4.129999999999956	0.00011622115210521522
-4.119999999999957	0.00012073169854511355
-4.109999999999957	0.0001254067509825698
-4.099999999999957	0.00013025187332956536
-4.089999999999957	0.00013527280043640317
-4.079999999999957	0.00014047544268360276
-4.069999999999958	0.0001458658906902542
-4.059999999999958	0.0001514504200996308
-4.049999999999958	0.00015723549650612902
-4.039999999999958	0.00016322778042790446
-4.0299999999999585	0.00016943413245367194
-4.019999999999959	0.00017586161844651481
-4.009999999999959	0.00018251751487922385
-3.9999999999999587	0.00018940931424013313
-3.989999999999959	0.00019654473062456993
-3.979999999999959	0.00020393170536884943
-3.9699999999999593	0.0002115784128162129
-3.9599999999999596	0.00021949326621318037
-3.9499999999999598	0.00022768492371031196
-3.93999999999996	0.00023616229446502788
-3.92999999999996	0.00024493454488409616
-3.9199999999999604	0.00025401110497803126
-3.9099999999999606	0.0002634016748182454
-3.899999999999961	0.0002731162311346471
-3.889999999999961	0.00028316503403044967
-3.8799999999999613	0.00029355863380668685
-3.8699999999999615	0.0003043078779158833
-3.8599999999999617	0.00031542391805366597
-3.849999999999962	0.00032691821734150443
-3.839999999999962	0.0003388025576645069
-3.8299999999999623	0.0003510890471254296
-3.8199999999999625	0.00036379012761265277
-3.8099999999999627	0.00037691858250360255
-3.799999999999963	0.00039048754450663885
-3.789999999999963	0.0004045105036033705
-3.7799999999999634	0.0004190013151349066
-3.7699999999999636	0.0004339742080187906
-3.759999999999964	0.00044944379307920653
-3.749999999999964	0.0004654250715006483
-3.7399999999999642	0.00048193344346607857
-3.7299999999999645	0.0004989847168130382
-3.7199999999999647	0.0005165951159120808
-3.709999999999965	0.0005347812906406962
-3.699999999999965	0.000553560325475811
-3.6899999999999653	0.0005729497487072262
-3.6799999999999655	0.0005929675418002055
-3.6699999999999657	0.0006136321488593753
-3.659999999999966	0.000634962486211485
-3.649999999999966	0.0006569779521676449
-3.6399999999999664	0.0006796984368003761
-3.6299999999999666	0.0007031443319364639
-3.619999999999967	0.0007273365412257426
-3.609999999999967	0.0007522964903404981
-3.5999999999999672	0.0007780461372705003
-3.5899999999999674	0.0008046079827545944
-3.5799999999999677	0.0008320050808059784
-3.569999999999968	0.000860261049396578
-3.559999999999968	0.0008894000811336748
-3.5499999999999683	0.000919446954181842
-3.5399999999999685	0.0009504270431913571
-3.5299999999999687	0.0009823663303664789
-3.519999999999969	0.0010152914166286385
-3.509999999999969	0.0010492295328475604
-3.4999999999999694	0.0010842085512365624
-3.4899999999999696	0.001120256996719417
-3.47999999999997	0.0011574040584860575
-3.46999999999997	0.0011956796015828363
-3.45999999999997	0.0012351141785925835
-3.4499999999999704	0.0012757390413797836
-3.4399999999999706	0.0013175861529042979
-3.429999999999971	0.001360688199119985
-3.419999999999971	0.001405078600909486
-3.4099999999999713	0.0014507915260776993
-3.3999999999999715	0.001497861901424016
-3.3899999999999717	0.0015463254248229336
-3.379999999999972	0.0015962185773583581
-3.369999999999972	0.0016475786355099069
-3.3599999999999723	0.0017004436833454074
-3.3499999999999726	0.0017548526247449434
-3.3399999999999728	0.001810845195645601
-3.329999999999973	0.0018684619762951227
-3.319999999999973	0.0019277444035039476
-3.3099999999999734	0.0019887347828956505
-3.2999999999999736	0.002051476301161874
-3.289999999999974	0.0021160130382698056
-3.279999999999974	0.002182389979679215
-3.2699999999999743	0.002250653028505623
-3.2599999999999745	0.002320849017645393
-3.2499999999999747	0.0023930257218520374
-3.239999999999975	0.002467231869774107
-3.229999999999975	0.0025435171558873125
-3.2199999999999753	0.0026219322523914554
-3.2099999999999755	0.0027025288210050027
-3.1999999999999758	0.002785359524661115
-3.189999999999976	0.002870478039108116
-3.179999999999976	0.0029579390644082675
-3.1699999999999764	0.0030477983362852167
-3.1599999999999766	0.0031401126373591546
-3.149999999999977	0.0032349398082359092
-3.139999999999977	0.003332338758431296
-3.1299999999999772	0.0034323694771278878
-3.1199999999999775	0.003535093043777463
-3.1099999999999777	0.0036405716384818863
-3.099999999999978	0.003748868552187079
-3.089999999999978	0.0038600481966756684
-3.0799999999999783	0.003974176114314697
-3.0699999999999785	0.004091318987564712
-3.0599999999999787	0.0042115446482567254
-3.049999999999979	0.004334922086592726
-3.039999999999979	0.004461521459854797
-3.0299999999999794	0.00459141410085542
-3.0199999999999796	0.004724672526060414
-3.00999999999998	0.004861370443386074
-2.99999999999998	0.005001582759690204
-2.9899999999999802	0.005145385587900078
-2.9799999999999804	0.0052928562537644525
-2.9699999999999807	0.005444073302261191
-2.959999999999981	0.005599116503591809
-2.949999999999981	0.005758066858767591
-2.9399999999999813	0.005921006604785777
-2.9299999999999815	0.006088019219369484
-2.9199999999999817	0.006259189425232097
-2.909999999999982	0.006434603193897129
-2.899999999999982	0.006614347749029971
-2.8899999999999824	0.006798511569248976
-2.8799999999999826	0.006987184390448362
-2.869999999999983	0.007180457207540774
-2.859999999999983	0.0073784222757269195
-2.849999999999983	0.007581173111115692
-2.8399999999999834	0.007788804490810088
-2.8299999999999836	0.008001412452373171
-2.819999999999984	0.008219094292678189
-2.809999999999984	0.008441948566135537
-2.7999999999999843	0.008670075082254616
-2.7899999999999845	0.008903574902533547
-2.7799999999999847	0.009142550336687372
-2.769999999999985	0.00938710493813778
-2.759999999999985	0.009637343498816136
-2.7499999999999853	0.009893372043176318
-2.7399999999999856	0.010155297821544639
-2.7299999999999858	0.01042322930258738
-2.719999999999986	0.010697276165071606
-2.709999999999986	0.010977549288782201
-2.6999999999999864	0.011264160744608783
-2.6899999999999866	0.011557223783819416
-2.679999999999987	0.011856852826460021
-2.669999999999987	0.012163163448864298
-2.6599999999999873	0.012476272370304797
-2.6499999999999875	0.012796297438713286
-2.6399999999999877	0.013123357615476656
-2.629999999999988	0.013457572959303414
-2.619999999999988	0.013799064609133896
-2.6099999999999883	0.014147954766054736
-2.5999999999999885	0.01450436667425295
-2.5899999999999888	0.014868424600963258
-2.579999999999989	0.015240253815371266
-2.569999999999989	0.015619980566509383
-2.5599999999999894	0.01600773206010845
-2.5499999999999896	0.016403636434358566
-2.53999999999999	0.016807822734614244
-2.52999999999999	0.017220420887020523
-2.5199999999999902	0.017641561671007555
-2.5099999999999905	0.018071376690685897
-2.4999999999999907	0.018509998345127426
-2.489999999999991	0.018957559797482294
-2.479999999999991	0.019414194942951126
-2.4699999999999913	0.019880038375619438
-2.4599999999999915	0.020355225354086473
-2.4499999999999917	0.02083989176592112
-2.439999999999992	0.021334174090951126
-2.429999999999992	0.021838209363322102
-2.4199999999999924	0.02235213513234985
-2.4099999999999926	0.022876089422186073
-2.399999999999993	0.023410210690232577
-2.389999999999993	0.02395463778432779
-2.3799999999999932	0.024509509898718487
-2.3699999999999934	0.02507496652877824
-2.3599999999999937	0.02565114742446782
-2.349999999999994	0.02623819254258361
-2.339999999999994	0.026836241997726627
-2.3299999999999943	0.027445436012025044
-2.3199999999999945	0.028065914863612974
-2.3099999999999947	0.02869781883385791
-2.299999999999995	0.029341288153305948
-2.289999999999995	0.029996462946410788
-2.2799999999999954	0.030663483174992012
-2.2699999999999956	0.031342488580488916
-2.259999999999996	0.03203361862486649
-2.249999999999996	0.03273701243041779
-2.239999999999996	0.03345280871824305
-2.2299999999999964	0.034181145745534845
-2.2199999999999966	0.034922161241661885
-2.209999999999997	0.03567599234300713
-2.199999999999997	0.036442775526634726
-2.1899999999999973	0.03722264654277721
-2.1799999999999975	0.03801574034612458
-2.1699999999999977	0.03882219102595533
-2.159999999999998	0.03964213173515113
-2.149999999999998	0.040475694618038335
-2.1399999999999983	0.041323010737125354
-2.1299999999999986	0.042184209998749715
-2.1199999999999988	0.043059421077706585
-2.109999999999999	0.043948771340632575
-2.099999999999999	0.04485238676856923
-2.0899999999999994	0.045770391878383554
-2.0799999999999996	0.046702909643217445
-2.07	0.04765006141199406
-2.06	0.048611966827956654
-2.0500000000000003	0.04958874374628378
-2.0400000000000005	0.050580508150851716
-2.0300000000000007	0.05158737407011444
-2.020000000000001	0.052609453492141106
-2.010000000000001	0.053646856278893616
-2.0000000000000013	0.054699690079725145
-1.9900000000000015	0.05576806024412454
-1.9800000000000015	0.05685206973380747
-1.9700000000000015	0.05795181903413572
-1.9600000000000015	0.05906740606489519
-1.9500000000000015	0.06019892609052627
-1.9400000000000015	0.061346471629809156
-1.9300000000000015	0.06251013236502662
-1.9200000000000015	0.0636899950506901
-1.9100000000000015	0.06488614342187393
-1.9000000000000015	0.06609865810213313
-1.8900000000000015	0.06732761651113779
-1.8800000000000014	0.0685730927720434
-1.8700000000000014	0.06983515761859892
-1.8600000000000014	0.07111387830210229
-1.8500000000000014	0.07240931849825276
-1.8400000000000014	0.07372153821388469
-1.8300000000000014	0.07505059369371836
-1.8200000000000014	0.07639653732713877
-1.8100000000000014	0.07775941755506811
-1.8000000000000014	0.07913927877691815
-1.7900000000000014	0.0805361612579029
-1.7800000000000014	0.0819501010364492
-1.7700000000000014	0.08338112983199891
-1.7600000000000013	0.0848292749532066
-1.7500000000000013	0.08629455920654847
-1.7400000000000013	0.08777700080542507
-1.7300000000000013	0.08927661327987295
-1.7200000000000013	0.09079340538687136
-1.7100000000000013	0.09232738102133158
-1.7000000000000013	0.09387853912788036
-1.6900000000000013	0.09544687361344605
-1.6800000000000013	0.09703237326071124
-1.6700000000000013	0.09863502164256059
-1.6600000000000013	0.10025479703754796
-1.6500000000000012	0.1018916723463657
-1.6400000000000012	0.10354561500963601
-1.6300000000000012	0.10521658692679653
-1.6200000000000012	0.10690454437630956
-1.6100000000000012	0.10860943793726413
-1.6000000000000012	0.11033121241241214
-1.5900000000000012	0.1120698067526684
-1.5800000000000012	0.11382515398322593
-1.5700000000000012	0.11559718113131282
-1.5600000000000012	0.11738580915563994
-1.5500000000000012	0.11919095287765033
-1.5400000000000011	0.12101252091464532
-1.5300000000000011	0.12285041561479357
-1.5200000000000011	0.12470453299415797
-1.5100000000000011	0.1265747626758168
-1.500000000000001	0.12846098783106843
-1.490000000000001	0.1303630851228669
-1.480000000000001	0.13228092465156183
-1.470000000000001	0.13421436990293165
-1.460000000000001	0.13616327769863926
-1.450000000000001	0.13812749814921327
-1.440000000000001	0.14010687460951377
-1.430000000000001	0.14210124363683424
-1.420000000000001	0.14411043495169815
-1.410000000000001	0.14613427140138804
-1.400000000000001	0.14817256892624805
-1.390000000000001	0.15022513652892328
-1.380000000000001	0.15229177624648021
-1.370000000000001	0.15437228312551599
-1.360000000000001	0.15646644520035946
-1.350000000000001	0.15857404347436926
-1.340000000000001	0.16069485190435628
-1.330000000000001	0.16282863738830683
-1.320000000000001	0.16497515975633492
-1.310000000000001	0.167134171764976
-1.300000000000001	0.1693054190948671
-1.290000000000001	0.17148864035189043
-1.280000000000001	0.17368356707174346
-1.270000000000001	0.1758899237280755
-1.260000000000001	0.17810742774423008
-1.2500000000000009	0.18033578950853138
-1.2400000000000009	0.18257471239330572
-1.2300000000000009	0.18482389277757852
-1.2200000000000009	0.18708302007344696
-1.2100000000000009	0.1893517767563515
-1.2000000000000008	0.1916298383990637
-1.1900000000000008	0.19391687370951222
-1.1800000000000008	0.19621254457252113
-1.1700000000000008	0.1985165060954293
-1.1600000000000008	0.2008284066576482
-1.1500000000000008	0.20314788796402747
-1.1400000000000008	0.20547458510241398
-1.1300000000000008	0.20780812660501927
-1.1200000000000008	0.21014813451378825
-1.1100000000000008	0.21249422444988786
-1.1000000000000008	0.2148460056870546
-1.0900000000000007	0.21720308122910323
-1.0800000000000007	0.21956504789139503
-1.0700000000000007	0.22193149638624687
-1.0600000000000007	0.224302011412699
-1.0500000000000007	0.22667617174973537
-1.0400000000000007	0.2290535503542478
-1.0300000000000007	0.23143371446211977
-1.0200000000000007	0.23381622569441943
-1.0100000000000007	0.236200640166111
-1.0000000000000007	0.2385865086005867
-0.9900000000000007	0.24097337644631664
-0.9800000000000006	0.2433607839985218
-0.9700000000000006	0.2457482665243743
-0.9600000000000006	0.24813535439211787
-0.9500000000000006	0.2505215732040199
-0.9400000000000006	0.2529064439330377
-0.9300000000000006	0.2552894830633117
-0.9200000000000006	0.2576702027343725
-0.9100000000000006	0.2600481108889194
-0.9000000000000006	0.2624227114242773
-0.8900000000000006	0.2647935043474528
-0.8800000000000006	0.26715998593359214
-0.8700000000000006	0.26952164888794705
-0.8600000000000005	0.271877982511284
-0.8500000000000005	0.27422847286850055
-0.8400000000000005	0.27657260296054026
-0.8300000000000005	0.2789098528996021
-0.8200000000000005	0.28123970008739285
-0.8100000000000005	0.2835616193961897
-0.8000000000000005	0.2858750833534736
-0.7900000000000005	0.28817956232867453
-0.7800000000000005	0.29047452472333635
-0.7700000000000005	0.29275943716376795
-0.7600000000000005	0.29503376469619713
-0.7500000000000004	0.2972969709846316
-0.7400000000000004	0.29954851851114617
-0.7300000000000004	0.30178786877840913
-0.7200000000000004	0.30401448251453594
-0.7100000000000004	0.3062278198800998
-0.7000000000000004	0.3084273406770848
-0.6900000000000004	0.3106125045598394
-0.6800000000000004	0.31278277124787845
-0.6700000000000004	0.31493760074030647
-0.6600000000000004	0.31707645353188957
-0.6500000000000004	0.3191987908306544
-0.6400000000000003	0.32130407477676826
-0.6300000000000003	0.32339176866271296
-0.6200000000000003	0.32546133715450903
-0.6100000000000003	0.3275122465141547
-0.6000000000000003	0.329543964822741
-0.5900000000000003	0.3315559622042298
-0.5800000000000003	0.33354771105014097
-0.5700000000000003	0.33551868624448455
-0.5600000000000003	0.33746836538942415
-0.5500000000000003	0.33939622903070127
-0.5400000000000003	0.3413017608831819
-0.5300000000000002	0.3431844480570065
-0.5200000000000002	0.3450437812827627
-0.5100000000000002	0.3468792551369511
-0.5000000000000002	0.34869036826659716
-0.49000000000000027	0.3504766236136549
-0.48000000000000026	0.3522375286383264
-0.47000000000000025	0.35397259554187444
-0.46000000000000024	0.35568134148816527
-0.45000000000000023	0.3573632888242952
-0.4400000000000002	0.35901796529975943
-0.4300000000000002	0.3606449042844279
-0.4200000000000002	0.3622436449847728
-0.4100000000000002	0.36381373265856004
-0.4000000000000002	0.3653547188276014
-0.3900000000000002	0.36686616148873696
-0.38000000000000017	0.3683476253224513
-0.37000000000000016	0.36979868189952264
-0.36000000000000015	0.3712189098851515
-0.35000000000000014	0.37260789524060584
-0.34000000000000014	0.3739652314223174
-0.3300000000000001	0.37529051957810355
-0.3200000000000001	0.37658336874055076
-0.3100000000000001	0.37784339601738864
-0.3000000000000001	0.37907022677865293
-0.2900000000000001	0.3802634948406011
-0.2800000000000001	0.38142284264622944
-0.2700000000000001	0.3825479214422315
-0.26000000000000006	0.3836383914523142
-0.25000000000000006	0.38469392204676567
-0.24000000000000007	0.385714191908112
-0.23000000000000007	0.3866988891927503
-0.22000000000000006	0.3876477116885195
-0.21000000000000005	0.3885603669680098
-0.20000000000000004	0.3894365725375073
-0.19000000000000003	0.3902760559815739
-0.18000000000000002	0.39107855510302075
-0.17	0.3918438180582577
-0.16	0.39257160348790904
-0.15	0.3932616806426034
-0.13999999999999999	0.39391382950380194
-0.12999999999999998	0.3945278408996493
-0.11999999999999998	0.3951035166156632
-0.10999999999999999	0.3956406695005465
-0.09999999999999999	0.3961391235660869
-0.09	0.3965987140824317
-0.08	0.3970192876675614
-0.07	0.39740070237140396
-0.060000000000000005	0.3977428277544251
-0.05	0.39804554496057437
-0.04	0.39830874678462663
-0.03	0.39853233773381186
-0.02	0.3987162340836857
-0.01	0.398860363928197
0	0.39896466722395585
0.01	0.3990290958285843
0.02	0.39905361353317886
0.03	0.39903819608885804
0.04	0.39898283122732536
0.05	0.3988875186754489
0.060000000000000005	0.3987522701638911
0.07	0.3985771094296786
0.08	0.3983620722127767
0.09	0.39810720624666707
0.09999999999999999	0.397812571242882
0.10999999999999999	0.3974782388695197
0.11999999999999998	0.39710429272378955
0.12999999999999998	0.39669082829854635
0.13999999999999999	0.3962379529428351
0.15	0.3957457858165248
0.16	0.3952144578390597
0.17	0.39464411163198426
0.18000000000000002	0.3940349014562638
0.19000000000000003	0.3933869931431564
0.20000000000000004	0.3927005640195824
0.21000000000000005	0.3919758028277409
0.22000000000000006	0.3912129096390335
0.23000000000000007	0.39041209576233665
0.24000000000000007	0.38957358364673006
0.25000000000000006	0.38869760677872317
0.26000000000000006	0.38778440957400895
0.2700000000000001	0.3868342472638782
0.2800000000000001	0.3858473857763287
0.2900000000000001	0.38482410161195324
0.3000000000000001	0.38376468171467787
0.3100000000000001	0.382669423337484
0.3200000000000001	0.38153863390312126
0.3300000000000001	0.38037263085996326
0.34000000000000014	0.3791717415331063
0.35000000000000014	0.3779363029707534
0.36000000000000015	0.3766666617860266
0.37000000000000016	0.3753631739943312
0.38000000000000017	0.37402620484631555
0.3900000000000002	0.3726561286565826
0.4000000000000002	0.37125332862827887
0.4100000000000002	0.36981819667362636
0.4200000000000002	0.36835113323053875
0.4300000000000002	0.3668525470754818
0.4400000000000002	0.3653228551326367
0.45000000000000023	0.3637624822795125
0.46000000000000024	0.3621718611491799
0.47000000000000025	0.36055143192919265
0.48000000000000026	0.3589016421573524
0.49000000000000027	0.3572229465144668
0.5000000000000002	0.35551580661422605
0.5100000000000002	0.35378069079030205
0.5200000000000002	0.352018073880872
0.5300000000000002	0.35022843701065853
0.5400000000000003	0.34841226737062597
0.5500000000000003	0.34657005799550894
0.5600000000000003	0.34470230753929976
0.5700000000000003	0.3428095200488025
0.5800000000000003	0.34089220473547227
0.5900000000000003	0.33895087574562466
0.6000000000000003	0.33698605192918424
0.6100000000000003	0.3349982566071064
0.6200000000000003	0.3329880173377194
0.6300000000000003	0.33095586568171137
0.6400000000000003	0.3289023369668494
0.6500000000000004	0.32682797005139164
0.6600000000000004	0.3247333070871879
0.6700000000000004	0.3226188932822952
0.6800000000000004	0.3204852766633288
0.6900000000000004	0.31833300783763474
0.7000000000000004	0.3161626397554792
0.7100000000000004	0.3139747274724033
0.7200000000000004	0.31176982791184354
0.7300000000000004	0.3095484996281842
0.7400000000000004	0.30731130257041367
0.7500000000000004	0.3050587978464733
0.7600000000000005	0.3027915474884512
0.7700000000000005	0.3005101142188016
0.7800000000000005	0.29821506121766767
0.7900000000000005	0.2959069518914673
0.8000000000000005	0.29358634964288466
0.8100000000000005	0.2912538176423934
0.8200000000000005	0.2889099186014094
0.8300000000000005	0.28655521454725863
0.8400000000000005	0.28419026660004476
0.8500000000000005	0.28181563475152493
0.8600000000000005	0.27943187764616956
0.8700000000000006	0.2770395523644867
0.8800000000000006	0.27463921420870246
0.8900000000000006	0.27223141649098237
0.9000000000000006	0.269816710324244
0.9100000000000006	0.26739564441568026
0.9200000000000006	0.264968764863119
0.9300000000000006	0.2625366149543198
0.9400000000000006	0.26009973496926814
0.9500000000000006	0.2576586619856176
0.9600000000000006	0.2552139296873463
0.9700000000000006	0.25276606817671154
0.9800000000000006	0.25031560378960854
0.9900000000000007	0.24786305891441557
1.0000000000000007	0.24540895181439457
1.0100000000000007	0.24295379645372722
1.0200000000000007	0.24049810232729046
1.0300000000000007	0.23804237429419917
1.0400000000000007	0.2355871124152024
1.0500000000000007	0.233132811794029
1.0600000000000007	0.23067996242269426
1.0700000000000007	0.22822904903084504
1.0800000000000007	0.2257805509392333
1.0900000000000007	0.22333494191730555
1.1000000000000008	0.2208926900450042
1.1100000000000008	0.21845425757881437
1.1200000000000008	0.21602010082209744
1.1300000000000008	0.21359066999972187
1.1400000000000008	0.2111664091370837
1.1500000000000008	0.2087477559435007
1.1600000000000008	0.2063351417000081
1.1700000000000008	0.20392899115160829
1.1800000000000008	0.20152972240399158
1.1900000000000008	0.19913774682469684
1.2000000000000008	0.19675346894880164
1.2100000000000009	0.19437728638909874
1.2200000000000009	0.1920095897507709
1.2300000000000009	0.1896507625505959
1.2400000000000009	0.18730118114066718
1.2500000000000009	0.1849612146366032
1.260000000000001	0.18263122485028385
1.270000000000001	0.18031156622708133
1.280000000000001	0.17800258578756312
1.290000000000001	0.17570462307367365
1.300000000000001	0.17341801009937374
1.310000000000001	0.17114307130569892
1.320000000000001	0.1688801235202242
1.330000000000001	0.16662947592092642
1.340000000000001	0.16439143000437484
1.350000000000001	0.1621662795582444
1.360000000000001	0.1599543106381233
1.370000000000001	0.15775580154855812
1.380000000000001	0.155571022828286
1.390000000000001	0.1534002372396661
1.400000000000001	0.15124369976218893
1.410000000000001	0.14910165759007202
1.420000000000001	0.146974350133871
1.430000000000001	0.1448620090260642
1.440000000000001	0.14276485813052056
1.450000000000001	0.14068311355585775
1.460000000000001	0.13861698367257327
1.470000000000001	0.13656666913391355
1.480000000000001	0.1345323629004165
1.490000000000001	0.13251425026807215
1.500000000000001	0.13051250890000604
1.5100000000000011	0.1285273088616487
1.5200000000000011	0.12655881265931546
1.5300000000000011	0.12460717528209955
1.5400000000000011	0.12267254424704473
1.5500000000000012	0.12075505964751056
1.5600000000000012	0.11885485420462474
1.5700000000000012	0.11697205332179657
1.5800000000000012	0.11510677514218352
1.5900000000000012	0.11325913060903281
1.6000000000000012	0.11142922352882903
1.6100000000000012	0.10961715063717221
1.6200000000000012	0.10782300166728476
1.6300000000000012	0.10604685942107926
1.6400000000000012	0.10428879984272188
1.6500000000000012	0.10254889209456167
1.6600000000000013	0.10082719863538414
1.6700000000000013	0.09912377530093407
1.6800000000000013	0.0974386713864869
1.6900000000000013	0.0957719297315608
1.7000000000000013	0.0941235868065911
1.7100000000000013	0.09249367280146885
1.7200000000000013	0.09088221171589837
1.7300000000000013	0.08928922145148784
1.7400000000000013	0.0877147139054565
1.7500000000000013	0.08615869506589838
1.7600000000000013	0.08462116510855902
1.7700000000000014	0.08310211849489832
1.7800000000000014	0.08160154407155
1.7900000000000014	0.08011942517095803
1.8000000000000014	0.07865573971315297
1.8100000000000014	0.07721046030857767
1.8200000000000014	0.07578355436189198
1.8300000000000014	0.07437498417666759
1.8400000000000014	0.07298470706089268
1.8500000000000014	0.07161267543320197
1.8600000000000014	0.07025883692978153
1.8700000000000014	0.0689231345118201
1.8800000000000014	0.0676055065734854
1.8900000000000015	0.06630588705030795
1.9000000000000015	0.06502420552792267
1.9100000000000015	0.06376038735108108
1.9200000000000015	0.06251435373287166
1.9300000000000015	0.06128602186406744
1.9400000000000015	0.06007530502252954
1.9500000000000015	0.05888211268262518
1.9600000000000015	0.05770635062454448
1.9700000000000015	0.05654792104348311
1.9800000000000015	0.055406722658635915
1.9900000000000015	0.05428265082189808
2.0000000000000013	0.053175597626234326
2.010000000000001	0.05208545201367898
2.020000000000001	0.051012099882853865
2.0300000000000007	0.04995542419598741
2.0400000000000005	0.04891530508537333
2.0500000000000003	0.04789161995919021
2.06	0.04688424360665687
2.07	0.04589304830245491
2.0799999999999996	0.044917903910372675
2.0899999999999994	0.043958677986117176
2.099999999999999	0.04301523587925732
2.109999999999999	0.04208744083424838
2.1199999999999988	0.041175154090469984
2.1299999999999986	0.040278234981282295
2.1399999999999983	0.03939654103203836
2.149999999999998	0.03852992805690776
2.159999999999998	0.03767825025477487
2.1699999999999977	0.03684136030378162
2.1799999999999975	0.03601910945475663
2.1899999999999973	0.035211347623402285
2.199999999999997	0.034417923481225854
2.209999999999997	0.03363868454516182
2.2199999999999966	0.03287347726588303
2.2299999999999964	0.032122147114768684
2.239999999999996	0.03138453866948264
2.249999999999996	0.030660495698165365
2.259999999999996	0.02994986124221552
2.2699999999999956	0.02925247769760728
2.2799999999999954	0.028568186894765715
2.289999999999995	0.027896830176980653
2.299999999999995	0.02723824847723688
2.3099999999999947	0.026592282393703287
2.3199999999999945	0.02595877226353632
2.3299999999999943	0.025337558235234023
2.339999999999994	0.02472848033942228
2.349999999999994	0.024131378558092074
2.3599999999999937	0.02354609289227289
2.3699999999999934	0.02297246342813652
2.3799999999999932	0.022410330401528622
2.389999999999993	0.021859534260919664
2.399999999999993	0.021319915728776655
2.4099999999999926	0.020791315861350353
2.4199999999999924	0.02027357610688147
2.429999999999992	0.019766538362221427
2.439999999999992	0.019270045027875476
2.4499999999999917	0.018783939061465593
2.4599999999999915	0.018308064029622432
2.4699999999999913	0.017842264158302413
2.479999999999991	0.017386384381555257
2.489999999999991	0.01694027038872098
2.4999999999999907	0.016503768670086127
2.5099999999999905	0.01607672656100956
2.5199999999999902	0.015658992284507404
2.52999999999999	0.015250414992322204
2.53999999999999	0.014850844804499438
2.5499999999999896	0.014460132847450733
2.5599999999999894	0.014078131290554411
2.569999999999989	0.01370469338127877
2.579999999999989	0.013339673478859029
2.5899999999999888	0.012982927086535631
2.5999999999999885	0.01263431088237746
2.6099999999999883	0.012293682748686821
2.619999999999988	0.01196090180005284
2.629999999999988	0.011635828409986471
2.6399999999999877	0.011318324236251093
2.6499999999999875	0.011008252244837702
2.6599999999999873	0.010705476732633154
2.669999999999987	0.01040986334881823
2.679999999999987	0.010121279114947423
2.6899999999999866	0.009839592443825889
2.6999999999999864	0.009564673157136754
2.709999999999986	0.009296392501856068
2.719999999999986	0.009034623165495075
2.7299999999999858	0.008779239290170037
2.7399999999999856	0.008530116485529168
2.7499999999999853	0.008287131840568257
2.759999999999985	0.008050163934343619
2.769999999999985	0.007819092845614613
2.7799999999999847	0.007593800161435286
2.7899999999999845	0.007374168984721418
2.7999999999999843	0.007160083940808956
2.809999999999984	0.006951431183039085
2.819999999999984	0.0067480983973866185
2.8299999999999836	0.006549974806146215
2.8399999999999834	0.006356951170723459
2.849999999999983	0.006168919793534696
2.859999999999983	0.00598577451903852
2.869999999999983	0.005807410733943049
2.8799999999999826	0.005633725366586355
2.8899999999999824	0.005464616885538253
2.899999999999982	0.0052999852974193054
2.909999999999982	0.0051397321439911915
2.9199999999999817	0.004983760498517866
2.9299999999999815	0.00483197496142849
2.9399999999999813	0.004684281655314278
2.949999999999981	0.004540588219261675
2.959999999999981	0.004400803802563643
2.9699999999999807	0.004264839057820838
2.9799999999999804	0.004132606133467526
2.9899999999999802	0.004004018665711873
2.99999999999998	0.0038789917699622715
3.00999999999998	0.003757442031719614
3.0199999999999796	0.003639287496968087
3.0299999999999794	0.003524447662100253
3.039999999999979	0.0034128434633789433
3.049999999999979	0.003304397265957665
3.0599999999999787	0.0031990328524999314
3.0699999999999785	0.0030966754113861765
3.0799999999999783	0.002997251524555476
3.089999999999978	0.0029006891549831137
3.099999999999978	0.0028069176338246897
3.1099999999999777	0.0027158676472337894
3.1199999999999775	0.00262747122288788
3.1299999999999772	0.002541661716217302
3.139999999999977	0.0024583737963835817
3.149999999999977	0.002377543431989788
3.1599999999999766	0.002299107876576634
3.1699999999999764	0.0022230056538918765
3.179999999999976	0.0021491765429640427
3.189999999999976	0.00207756156299021
3.1999999999999758	0.002008102958060235
3.2099999999999755	0.0019407441817183514
3.2199999999999753	0.0018754298813945668
3.229999999999975	0.0018121058827124462
3.239999999999975	0.0017507191736726752
3.2499999999999747	0.0016912178887598152
3.2599999999999745	0.0016335512929501925
3.2699999999999743	0.0015776697656549087
3.279999999999974	0.0015235247846055035
3.289999999999974	0.0014710689096850789
3.2999999999999736	0.0014202557667404127
3.3099999999999734	0.0013710400313567957
3.319999999999973	0.001323377412629171
3.329999999999973	0.0012772246369236002
3.3399999999999728	0.0012325394316561164
3.3499999999999726	0.0011892805090949893
3.3599999999999723	0.0011474075501654475
3.369999999999972	0.0011068811883322707
3.379999999999972	0.0010676629934943253
3.3899999999999717	0.001029715455953952
3.3999999999999715	0.000993001970441498
3.4099999999999713	0.0009574868202178366
3.419999999999971	0.0009231351612484823
3.429999999999971	0.000889913006475334
3.4399999999999706	0.0008577872101696706
3.4499999999999704	0.0008267254523956539
3.45999999999997	0.0007966962235730114
3.46999999999997	0.0007676688091728176
3.47999999999997	0.0007396132744601779
3.4899999999999696	0.0007125004494958376
3.4999999999999694	0.0006863019141343978
3.509999999999969	0.0006609899832231708
3.519999999999969	0.0006365376919268011
3.5299999999999687	0.0006129187812072995
3.5399999999999685	0.0005901076833884774
3.5499999999999683	0.0005680795079983172
3.559999999999968	0.0005468100276423444
3.569999999999968	0.000526275664094258
3.5799999999999677	0.0005064534745336523
3.5899999999999674	0.0004873211379626198
3.5999999999999672	0.00046885694176843675
3.609999999999967	0.0004510397684699006
3.619999999999967	0.00043384908263412734
3.6299999999999666	0.00041726491797216533
3.6399999999999664	0.0004012678645639548
3.649999999999966	0.0003858390563585992
3.659999999999966	0.0003709601587598263
3.6699999999999657	0.00035661335642843064
3.6799999999999655	0.0003427813412713718
3.6899999999999653	0.0003294473006001879
3.699999999999965	0.00031659490547974827
3.709999999999965	0.0003042082992568299
3.7199999999999647	0.0002922720862866356
3.7299999999999645	0.00028077132078261767
3.7399999999999642	0.00026969149596959365
3.749999999999964	0.0002590185332999706
3.759999999999964	0.0002487387719186881
3.7699999999999636	0.00023883895829311232
3.7799999999999634	0.00022930623603349622
3.789999999999963	0.00022012813589055924
3.799999999999963	0.0002112925659334772
3.8099999999999627	0.00020278780192165637
3.8199999999999625	0.0001946024778390958
3.8299999999999623	0.00018672557661944138
3.839999999999962	0.0001791464210507591
3.849999999999962	0.0001718546648495314
3.8599999999999617	0.00016484028391475466
3.8699999999999615	0.0001580935677568037
3.8799999999999613	0.0001516051111121093
3.889999999999961	0.0001453658056938462
3.899999999999961	0.00013936683214728986
3.9099999999999606	0.00013359965217772066
3.9199999999999604	0.00012805600080075932
3.92999999999996	0.0001227278788090123
3.93999999999996	0.00011760754537012149
3.9499999999999598	0.00011268751080179736
3.9599999999999596	0.00010796052949708819
3.9699999999999593	0.00010341959301444715
3.979999999999959	0.00009905792331883938
3.989999999999959	0.00009486896617902506
3.9999999999999587	0.00009084638471522551
4.009999999999959	0.0000869840530979092
4.019999999999959	0.00008327605039136005
4.0299999999999585	0.00007971665454757498
4.039999999999958	0.0000763003365372654
4.049999999999958	0.00007302175462622296
4.059999999999958	0.00006987574879155624
4.069999999999958	0.00006685733526743404
4.079999999999957	0.00006396170123527055
4.089999999999957	0.00006118419963926102
4.099999999999957	0.000058520344134142355
4.109999999999957	0.000055965804160985845
4.119999999999957	0.000053516400148374986
4.129999999999956	0.0000511680988372218
4.139999999999956	0.00004891700872386603
4.149999999999956	0.00004675937563097388
4.159999999999956	0.00004469157838171337
4.1699999999999555	0.00004271012459860683
4.179999999999955	0.00004081164661532992
4.189999999999955	0.00003899289748804417
4.199999999999955	0.00003725074712631744
4.209999999999955	0.00003558217852351744
4.2199999999999545	0.00003398428409336736
4.229999999999954	0.00003245426211275964
4.239999999999954	0.00003098941323073984
4.249999999999954	0.000029587137142614806
4.259999999999954	0.000028244929301553745
4.269999999999953	0.000026960377711503485
4.279999999999953	0.00002573115989296388
4.289999999999953	0.000024555039845472934
4.299999999999953	0.000023429865151704433
4.3099999999999525	0.00002235356414963788
4.319999999999952	0.00002132414318285552
4.329999999999952	0.00002033968394508409
4.339999999999952	0.00001939834089803572
4.349999999999952	0.00001849833875978655
4.3599999999999515	0.000017637970079160234
4.369999999999951	0.000016815592879394214
4.379999999999951	0.000016029628369649593
4.389999999999951	0.000015278558733476967
4.399999999999951	0.000014560924984883474
4.40999999999995	0.000013875324880119475
4.41999999999995	0.000013220410911467135
4.42999999999995	0.000012594888352173109
4.43999999999995	0.00001199751336180725
4.4499999999999496	0.000011427091170662992
4.459999999999949	0.000010882474288966317
4.469999999999949	0.0000103625608040393
4.479999999999949	9.86629271479893e-6
4.489999999999949	9.392654337618928e-6
4.4999999999999485	8.94067073482652e-6
4.509999999999948	8.509406225538018e-6
4.519999999999948	8.097962927128773e-6
4.529999999999948	7.705479355352903e-6
4.539999999999948	7.331129058953807e-6
4.549999999999947	6.97411931223227e-6
4.559999999999947	6.633689846380089e-6
4.569999999999947	6.309111621704513e-6
4.579999999999947	5.999685643477366e-6
4.589999999999947	5.70474182233982e-6
4.599999999999946	5.423637858196062e-6
4.609999999999946	5.155758202819888e-6
4.619999999999946	4.900512994244094e-6
4.629999999999946	4.6573370814743075e-6
4.6399999999999455	4.425689060761035e-6
4.649999999999945	4.2050503731923706e-6
4.659999999999945	3.994924372137696e-6
4.669999999999945	3.7948354911726043e-6
4.679999999999945	3.6043284079530457e-6
4.689999999999944	3.422967238820469e-6
4.699999999999944	3.2503347736984124e-6
4.709999999999944	3.0860317292673397e-6
4.719999999999944	2.929676034051047e-6
4.729999999999944	2.780902132090536e-6
4.739999999999943	2.6393603287491953e-6
4.749999999999943	2.504716139505272e-6
4.759999999999943	2.3766496732312763e-6
4.769999999999943	2.254855058578737e-6
4.7799999999999425	2.139039833651843e-6
4.789999999999942	2.0289244384152127e-6
4.799999999999942	1.92424165051264e-6
4.809999999999942	1.8247360854280123e-6
4.819999999999942	1.7301637210056435e-6
4.8299999999999415	1.6402914013444794e-6
4.839999999999941	1.5548963949290488e-6
4.849999999999941	1.4737659861496108e-6
4.859999999999941	1.396696998509399e-6
4.869999999999941	1.3234954192065243e-6
4.87999999999994	1.2539760478196234e-6
4.88999999999994	1.1879620558363747e-6
4.89999999999994	1.125284673357764e-6
4.90999999999994	1.0657828362247272e-6
4.9199999999999395	1.0093028516096192e-6
4.929999999999939	9.556980871430462e-7
4.939999999999939	9.048286618316007e-7
4.949999999999939	8.565611480451575e-7
4.959999999999939	8.107683077349172e-7
4.9699999999999385	7.673288036998299e-7
4.979999999999938	7.261269571849703e-7
4.989999999999938	6.870524905201066e-7
4.999999999999938	6.500002933854447e-7
5.009999999999938	6.148701936249904e-7
5.019999999999937	5.81566737137218e-7
5.029999999999937	5.499989802910019e-7
5.039999999999937	5.200802879322418e-7
5.049999999999937	4.917281414412308e-7
5.0599999999999365	4.6486395321503614e-7
5.069999999999936	4.394128908095779e-7
5.079999999999936	4.1530370633229755e-7
5.089999999999936	3.924685752499511e-7
5.099999999999936	3.708429374618336e-7
5.1099999999999355	3.5036535689064945e-7
5.119999999999935	3.309773731759728e-7
5.129999999999935	3.126233606471141e-7
5.139999999999935	2.9525040494255247e-7
5.149999999999935	2.788081762507598e-7
5.159999999999934	2.6324880898120826e-7
5.169999999999934	2.4852678798279815e-7
5.179999999999934	2.345988421310929e-7
5.189999999999934	2.2142382996991162e-7
5.199999999999934	2.0896264600396367e-7
5.209999999999933	1.97178132332923e-7
5.219999999999933	1.8603497674807772e-7
5.229999999999933	1.7549962473036542e-7
5.239999999999933	1.6554020352760256e-7
5.2499999999999325	1.5612644019432438e-7
5.259999999999932	1.4722959428426279e-7
5.269999999999932	1.3882236637254124e-7
5.279999999999932	1.3087882782953817e-7
5.289999999999932	1.2337438761508156e-7
5.299999999999931	1.1628566256772633e-7
5.309999999999931	1.0959048772720015e-7
5.319999999999931	1.0326784789484421e-7
5.329999999999931	9.729777823582667e-8