-5.7199999999999225	9.553323347252559e-8
-5.709999999999923	1.0053506018843807e-7
-5.699999999999923	1.0579043851594265e-7
-5.689999999999923	1.113117504593284e-7
-5.679999999999923	1.17111989884438e-7
-5.6699999999999235	1.2320475741511297e-7
-5.659999999999924	1.2960427202734395e-7
-5.649999999999924	1.3632542391294696e-7
-5.639999999999924	1.4338380347803616e-7
-5.629999999999924	1.5079571785882002e-7
-5.619999999999925	1.5857823952987096e-7
-5.609999999999925	1.6674922587199101e-7
-5.599999999999925	1.7532736131897858e-7
-5.589999999999925	1.8433219287492748e-7
-5.5799999999999255	1.937841670840325e-7
-5.569999999999926	2.037046700357289e-7
-5.559999999999926	2.1411607288803708e-7
-5.549999999999926	2.2504175663171503e-7
-5.539999999999926	2.3650618829877804e-7
-5.5299999999999265	2.4853493119038395e-7
-5.519999999999927	2.6115472491665124e-7
-5.509999999999927	2.743935177313322e-7
-5.499999999999927	2.882805231661164e-7
-5.489999999999927	3.028462735121278e-7
-5.479999999999928	3.1812268163450113e-7
-5.469999999999928	3.3414309078233613e-7
-5.459999999999928	3.509423463950889e-7
-5.449999999999928	3.685568511907686e-7
-5.4399999999999284	3.8702463623503054e-7
-5.429999999999929	4.0638542933141706e-7
-5.419999999999929	4.266807263446722e-7
-5.409999999999929	4.47953866267897e-7
-5.399999999999929	4.702501089747673e-7
-5.3899999999999295	4.936167155372557e-7
-5.37999999999993	5.18103032541032e-7
-5.36999999999993	5.437605769990001e-7
-5.35999999999993	5.706431359853466e-7
-5.34999999999993	5.988068450852313e-7
-5.339999999999931	6.283103046646333e-7
-5.329999999999931	6.592146652476769e-7
-5.319999999999931	6.915837425083796e-7
-5.309999999999931	7.254841247446438e-7
-5.299999999999931	7.60985286991489e-7
-5.289999999999932	7.981597090429079e-7
-5.279999999999932	8.370830010986205e-7
-5.269999999999932	8.778340218925872e-7
-5.259999999999932	9.204950273044958e-7
-5.2499999999999325	9.651517896319298e-7
-5.239999999999933	1.0118937562415105e-6
-5.229999999999933	1.0608141884767708e-6
-5.219999999999933	1.1120103179023454e-6
-5.209999999999933	1.1655835055910184e-6
-5.199999999999934	1.2216394073972673e-6
-5.189999999999934	1.2802881459780142e-6
-5.179999999999934	1.3416444884344451e-6
-5.169999999999934	1.4058280311507745e-6
-5.159999999999934	1.4729633910550482e-6
-5.149999999999935	1.5431804040572177e-6
-5.139999999999935	1.6166143310767074e-6
-5.129999999999935	1.6934060706248036e-6
-5.119999999999935	1.773702381770605e-6
-5.1099999999999355	1.857656110228206e-6
-5.099999999999936	1.9454264304671603e-6
-5.089999999999936	2.0371790831110293e-6
-5.079999999999936	2.1330866423671456e-6
-5.069999999999936	2.233328766339678e-6
-5.0599999999999365	2.338092486900065e-6
-5.049999999999937	2.4475724692526408e-6
-5.039999999999937	2.5619713276427833e-6
-5.029999999999937	2.6814999285432893e-6
-5.019999999999937	2.8063776783399644e-6
-5.009999999999938	2.936832881797804e-6
-4.999999999999938	3.073103060467648e-6
-4.989999999999938	3.2154353099541354e-6
-4.979999999999938	3.364086647677328e-6
-4.9699999999999385	3.5193244199329124e-6
-4.959999999999939	3.6814266071017614e-6
-4.949999999999939	3.850682349478447e-6
-4.939999999999939	4.0273922180667616e-6
-4.929999999999939	4.211868771817312e-6
-4.9199999999999395	4.404436917843011e-6
-4.90999999999994	4.605434394452564e-6
-4.89999999999994	4.815212245149196e-6
-4.88999999999994	5.034135293654226e-6
-4.87999999999994	5.262582665534598e-6
-4.869999999999941	5.500948300398637e-6
-4.859999999999941	5.7496414894059185e-6
-4.849999999999941	6.009087436977528e-6
-4.839999999999941	6.279727836770216e-6
-4.8299999999999415	6.562021458639478e-6
-4.819999999999942	6.856444768479419e-6
-4.809999999999942	7.163492553401633e-6
-4.799999999999942	7.48367860599952e-6
-4.789999999999942	7.817536351454274e-6
-4.7799999999999425	8.165619574055298e-6
-4.769999999999943	8.528503157409142e-6
-4.759999999999943	8.906783775232798e-6
-4.749999999999943	9.30108069770161e-6
-4.739999999999943	9.712036572617801e-6
-4.729999999999944	0.000010140318232560157
-4.719999999999944	0.00001058661755911362
-4.709999999999944	0.000011051652312876998
-4.699999999999944	0.000011536167068305285
-4.689999999999944	0.000012040934120543244
-4.679999999999945	0.000012566754432064478
-4.669999999999945	0.000013114458626623775
-4.659999999999945	0.000013684907975402706
-4.649999999999945	0.00001427899547610461
-4.6399999999999455	0.000014897646884321091
-4.629999999999946	0.000015541821894972798
-4.619999999999946	0.000016212515170829024
-4.609999999999946	0.000016910757607914726
-4.599999999999946	0.00001763761751480593
-4.589999999999947	0.00001839420184266951
-4.579999999999947	0.000019181657492983596
-4.569999999999947	0.000020001172628403157
-4.559999999999947	0.000020853978027888354
-4.549999999999947	0.000021741348487076257
-4.539999999999948	0.000022664604260397343
-4.529999999999948	0.000023625112549876586
-4.519999999999948	0.000024624288993925687
-4.509999999999948	0.000025663599282910258
-4.4999999999999485	0.00002674456074452049
-4.489999999999949	0.000027868744003533666
-4.479999999999949	0.000029037774687197773
-4.469999999999949	0.000030253335193342436
-4.459999999999949	0.000031517166453478805
-4.4499999999999496	0.000032831069828515635
-4.43999999999995	0.00003419690898924676
-4.42999999999995	0.000035616611876796144
-4.41999999999995	0.00003709217270276227
-4.40999999999995	0.00003862565402886527
-4.399999999999951	0.00004021918887375609
-4.389999999999951	0.00004187498289089035
-4.379999999999951	0.000043595316613196115
-4.369999999999951	0.000045382547734285296
-4.3599999999999515	0.0000472391134709717
-4.349999999999952	0.000049167532981613364
-4.339999999999952	0.00005117040984425942
-4.329999999999952	0.000053250434595764724
-4.319999999999952	0.00005541038735589025
-4.3099999999999525	0.000057653140495658596
-4.299999999999953	0.00005998166138523694
-4.289999999999953	0.00006239901521189867
-4.279999999999953	0.00006490836787063526
-4.269999999999953	0.00006751298891346445
-4.259999999999954	0.0000702162545945174
-4.249999999999954	0.00007302165097608875
-4.239999999999954	0.00007593277711094998
-4.229999999999954	0.00007895334830539738
-4.2199999999999545	0.00008208719947248852
-4.209999999999955	0.00008533828853773735
-4.199999999999955	0.000088710699958217
-4.189999999999955	0.00009220864831183459
-4.179999999999955	0.00009583648196128643
-4.1699999999999555	0.00009959868682018534
-4.159999999999956	0.00010349989020708148
-4.149999999999956	0.00010754486477130856
-4.139999999999956	0.0001117385325256025
-4.129999999999956	0.00011608596896660947
-4.119999999999957	0.00012059240728664697
-4.109999999999957	0.00012526324267758855
-4.099999999999957	0.00013010403673848083
-4.089999999999957	0.0001351205219755669
-4.079999999999957	0.0001403186063947884
-4.069999999999958	0.0001457043782151645
-4.059999999999958	0.00015128411065817716
-4.049999999999958	0.00015706426685593462
-4.039999999999958	0.0001630515048457377
-4.0299999999999585	0.00016925268271188165
-4.019999999999959	0.000175674863779058
-4.009999999999959	0.00018232532196113017
-3.9999999999999587	0.00018921154716722754
-3.989999999999959	0.00019634125088537692
-3.979999999999959	0.0002037223718200999
-3.9699999999999593	0.00021136308167160478
-3.9599999999999596	0.0002192717910112595
-3.9499999999999598	0.0002274571552948813
-3.93999999999996	0.00023592808097551332
-3.92999999999996	0.00024469373173254417
-3.9199999999999604	0.00025376353482513606
-3.9099999999999606	0.000263147187573598
-3.899999999999961	0.00027285466393111104
-3.889999999999961	0.0002828962212124293
-3.8799999999999613	0.000293282406920387
-3.8699999999999615	0.0003040240657024553
-3.8599999999999617	0.00031513234642792316
-3.849999999999962	0.0003266187094013113
-3.839999999999962	0.0003384949336761219
-3.8299999999999623	0.00035077312451606887
-3.8199999999999625	0.00036346572097680646
-3.8099999999999627	0.0003765855036000999
-3.799999999999963	0.0003901456022537027
-3.789999999999963	0.00040415950408794697
-3.7799999999999634	0.00041864106161964003
-3.7699999999999636	0.000433604500939053
-3.759999999999964	0.00044906443006349295
-3.749999999999964	0.0004650358473845092
-3.7399999999999642	0.00048153415028935045
-3.7299999999999645	0.000498575143850223
-3.7199999999999647	0.0005161750496914681
-3.709999999999965	0.0005343505149555678
-3.699999999999965	0.0005531186214142096
-3.6899999999999653	0.0005724968946830633
-3.6799999999999655	0.0005925033135735126
-3.6699999999999657	0.0006131563195720969
-3.659999999999966	0.0006344748264298607
-3.649999999999966	0.0006564782299021719
-3.6399999999999664	0.0006791864175598988
-3.6299999999999666	0.0007026197787707539
-3.619999999999967	0.0007267992147718469
-3.609999999999967	0.0007517461488645724
-3.5999999999999672	0.0007774825367386205
-3.5899999999999674	0.0008040308768772397
-3.5799999999999677	0.0008314142211426986
-3.569999999999968	0.0008596561852946703
-3.559999999999968	0.0008887809599261293
-3.5499999999999683	0.0009188133212063367
-3.5399999999999685	0.0009497786418781117
-3.5299999999999687	0.000981702902313334
-3.519999999999969	0.0010146127016787843
-3.509999999999969	0.0010485352692299406
-3.4999999999999694	0.0010834984755222746
-3.4899999999999696	0.0011195308440435296
-3.47999999999997	0.0011566615626103366
-3.46999999999997	0.0011949204949994506
-3.45999999999997	0.001234338192625475
-3.4499999999999704	0.0012749459063066335
-3.4399999999999706	0.001316775598076715
-3.429999999999971	0.0013598599530745177
-3.419999999999971	0.001404232391499623
-3.4099999999999713	0.0014499270806077884
-3.3999999999999715	0.0014969789467899342
-3.3899999999999717	0.0015454236876416404
-3.379999999999972	0.0015952977841280547
-3.369999999999972	0.0016466385127470295
-3.3599999999999723	0.0016994839577511476
-3.3499999999999726	0.001753873023368772
-3.3399999999999728	0.0018098454460416637
-3.329999999999973	0.0018674418066922658
-3.319999999999973	0.001926703543005999
-3.3099999999999734	0.001987672961641751
-3.2999999999999736	0.0020503932505122123
-3.289999999999974	0.002114908491016475
-3.279999999999974	0.0021812636702291718
-3.2699999999999743	0.0022495046930871257
-3.2599999999999745	0.002319678394523802
-3.2499999999999747	0.0023918325515393866
-3.239999999999975	0.0024660158952411436
-3.229999999999975	0.002542278122804788
-3.2199999999999753	0.002620669909350393
-3.2099999999999755	0.0027012429197510743
-3.1999999999999758	0.0027840498203445486
-3.189999999999976	0.002869144290528959
-3.179999999999976	0.0029565810342600043
-3.1699999999999764	0.0030464157914210557
-3.1599999999999766	0.003138705349054362
-3.149999999999977	0.0032335075524484325
-3.139999999999977	0.0033308813160856043
-3.1299999999999772	0.003430886634394702
-3.1199999999999775	0.003533584592346247
-3.1099999999999777	0.0036390373758589433
-3.099999999999978	0.003747308281995792
-3.089999999999978	0.003858461728939206
-3.0799999999999783	0.003972563265771035
-3.0699999999999785	0.00408967958198096
-3.0599999999999787	0.004209878516732021
-3.049999999999979	0.004333229067880829
-3.039999999999979	0.004459801400698122
-3.0299999999999794	0.004589666856296728
-3.0199999999999796	0.004722897959781207
-3.00999999999998	0.004859568428050385
-2.99999999999998	0.00499975317727484
-2.9899999999999802	0.005143528330040214
-2.9799999999999804	0.005290971222115757
-2.9699999999999807	0.005442160408836358
-2.959999999999981	0.005597175671120578
-2.949999999999981	0.005756098021065438
-2.9399999999999813	0.005919009707105837
-2.9299999999999815	0.006085994218764606
-2.9199999999999817	0.006257136290936989
-2.909999999999982	0.006432521907692058
-2.899999999999982	0.006612238305607785
-2.8899999999999824	0.006796373976605319
-2.8799999999999826	0.0069850186702705794
-2.869999999999983	0.007178263395525433
-2.859999999999983	0.007376200422026212
-2.849999999999983	0.00757892328069782
-2.8399999999999834	0.007786526763836244
-2.8299999999999836	0.007999106924593772
-2.819999999999984	0.00821676107581081
-2.809999999999984	0.008439587788247238
-2.7999999999999843	0.00866768688815226
-2.7899999999999845	0.008901159454151403
-2.7799999999999847	0.009140107813453528
-2.769999999999985	0.009384635537376777
-2.759999999999985	0.009634847436144353
-2.7499999999999853	0.009890849552812518
-2.7399999999999856	0.010152749156756012
-2.7299999999999858	0.010420654736053636
-2.719999999999986	0.010694675989241256
-2.709999999999986	0.0109749238162488
-2.6999999999999864	0.01126151030848505
-2.6899999999999866	0.011554548738087936
-2.679999999999987	0.011854153546334265
-2.669999999999987	0.012160440331156123
-2.6599999999999873	0.012473525833756716
-2.6499999999999875	0.012793527924347141
-2.6399999999999877	0.013120565586941389
-2.629999999999988	0.013454758903195072
-2.619999999999988	0.013796229035318387
-2.6099999999999883	0.014145098208000096
-2.5999999999999885	0.014501489689334197
-2.5899999999999888	0.014865527770754965
-2.579999999999989	0.015237337745960809
-2.569999999999989	0.015617045888774096
-2.5599999999999894	0.016004779429983428
-2.5499999999999896	0.016400666533119227
-2.53999999999999	0.01680483626912725
-2.52999999999999	0.01721741858997957
-2.5199999999999902	0.017638544301187043
-2.5099999999999905	0.018068345033156186
-2.4999999999999907	0.018506953211462847
-2.489999999999991	0.018954502025966526
-2.479999999999991	0.019411125398767753
-2.4699999999999913	0.019876957951008075
-2.4599999999999915	0.020352134968515703
-2.4499999999999917	0.020836792366237516
-2.439999999999992	0.021331066651493254
-2.429999999999992	0.021835094886046603
-2.4199999999999924	0.022349014646937053
-2.4099999999999926	0.022872963986104847
-2.399999999999993	0.023407081388816375
-2.389999999999993	0.02395150573083001
-2.3799999999999932	0.02450637623432837
-2.3699999999999934	0.02507183242264011
-2.3599999999999937	0.0256480140736889
-2.349999999999994	0.026235061172191165
-2.339999999999994	0.026833113860631506
-2.3299999999999943	0.027442312388965898
-2.3199999999999945	0.028062797063060717
-2.3099999999999947	0.02869470819190816
-2.299999999999995	0.029338186033569438
-2.289999999999995	0.029993370739857184
-2.2799999999999954	0.03066040229976694
-2.2699999999999956	0.03133942048175598
-2.259999999999996	0.03203056477456682
-2.249999999999996	0.03273397432703319
-2.239999999999996	0.03344978788654609
-2.2299999999999964	0.03417814373630137
-2.2199999999999966	0.03491917963134958
-2.209999999999997	0.03567303273344227
-2.199999999999997	0.036439839544646344
-2.1899999999999973	0.03721973583980834
-2.1799999999999975	0.03801285659783235
-2.1699999999999977	0.03881933593177995
-2.159999999999998	0.03963930701783925
-2.149999999999998	0.04047290202317306
-2.1399999999999983	0.041320252032617195
-2.1299999999999986	0.04218148697428913
-2.1199999999999988	0.043056735544190754
-2.109999999999999	0.04394612512960171
-2.099999999999999	0.04484978173156101
-2.0899999999999994	0.04576782988629959
-2.0799999999999996	0.046700392585658966
-2.07	0.04764759119654273
-2.06	0.04860954537945708
-2.0500000000000003	0.04958637300610165
-2.0400000000000005	0.05057819007607593
-2.0300000000000007	0.05158511063275029
-2.020000000000001	0.052607246678290975
-2.010000000000001	0.05364470808787526
-2.0000000000000013	0.05469760252318266
-1.9900000000000015	0.05576603534513036
-1.9800000000000015	0.056850109525901464
-1.9700000000000015	0.05794992556035441
-1.9600000000000015	0.05906558137679518
-1.9500000000000015	0.060197172247146276
-1.9400000000000015	0.061344790696618204
-1.9300000000000015	0.06250852641286296
-1.9200000000000015	0.06368846615465873
-1.9100000000000015	0.06488469366020795
-1.9000000000000015	0.06609728955506768
-1.8900000000000015	0.06732633125973
-1.8800000000000014	0.06857189289696439
-1.8700000000000014	0.06983404519893065
-1.8600000000000014	0.07111285541409251
-1.8500000000000014	0.07240838721403176
-1.8400000000000014	0.07372070060020305
-1.8300000000000014	0.07504985181063029
-1.8200000000000014	0.07639589322666361
-1.8100000000000014	0.07775887327984557
-1.8000000000000014	0.079138836358879
-1.7900000000000014	0.08053582271683025
-1.7800000000000014	0.08194986837859547
-1.7700000000000014	0.08338100504867746
-1.7600000000000013	0.0848292600193303
-1.7500000000000013	0.08629465607918961
-1.7400000000000013	0.08777721142236165
-1.7300000000000013	0.08927693955808505
-1.7200000000000013	0.09079384922105639
-1.7100000000000013	0.0923279442824121
-1.7000000000000013	0.09387922366146599
-1.6900000000000013	0.09544768123831052
-1.6800000000000013	0.09703330576727277
-1.6700000000000013	0.09863608079132331
-1.6600000000000013	0.1002559845575361
-1.6500000000000012	0.1018929899336245
-1.6400000000000012	0.10354706432561812
-1.6300000000000012	0.10521816959680307
-1.6200000000000012	0.10690626198794438
-1.6100000000000012	0.10861129203885118
-1.6000000000000012	0.11033320451141763
-1.5900000000000012	0.11207193831415954
-1.5800000000000012	0.11382742642829018
-1.5700000000000012	0.11559959583549133
-1.5600000000000012	0.11738836744739015
-1.5500000000000012	0.11919365603678914
-1.5400000000000011	0.1210153701707885
-1.5300000000000011	0.12285341214584614
-1.5200000000000011	0.12470767792479034
-1.5100000000000011	0.12657805707592998
-1.500000000000001	0.12846443271432093
-1.490000000000001	0.13036668144519292
-1.480000000000001	0.1322846733096769
-1.470000000000001	0.1342182717329019
-1.460000000000001	0.13616733347445664
-1.450000000000001	0.13813170858135418
-1.440000000000001	0.14011124034356892
-1.430000000000001	0.14210576525214932
-1.420000000000001	0.1441151129600081
-1.410000000000001	0.1461391062455084
-1.400000000000001	0.14817756097879992
-1.390000000000001	0.1502302860910467
-1.380000000000001	0.15229708354660473
-1.370000000000001	0.15437774831818235
-1.360000000000001	0.15647206836502905
-1.350000000000001	0.15857982461428946
-1.340000000000001	0.16070079094549086
-1.330000000000001	0.1628347341782458
-1.320000000000001	0.16498141406327743
-1.310000000000001	0.16714058327676815
-1.300000000000001	0.16931198741803302
-1.290000000000001	0.17149536501073873
-1.280000000000001	0.17369044750752177
-1.270000000000001	0.1758969592981683
-1.260000000000001	0.17811461772136425
-1.2500000000000009	0.18034313308010239
-1.2400000000000009	0.18258220866067132
-1.2300000000000009	0.18483154075544742
-1.2200000000000009	0.18709081868933725
-1.2100000000000009	0.189359724850061
-1.2000000000000008	0.1916379347221848
-1.1900000000000008	0.19392511692509862
-1.1800000000000008	0.19622093325463907
-1.1700000000000008	0.19852503872894772
-1.1600000000000008	0.20083708163794745
-1.1500000000000008	0.20315670359686513
-1.1400000000000008	0.2054835396037581
-1.1300000000000008	0.20781721810103793
-1.1200000000000008	0.21015736104081897
-1.1100000000000008	0.21250358395451135
-1.1000000000000008	0.2148554960262344
-1.0900000000000007	0.21721270017042754
-1.0800000000000007	0.2195747931131136
-1.0700000000000007	0.2219413654779011
-1.0600000000000007	0.2243120018753255
-1.0500000000000007	0.22668628099627858
-1.0400000000000007	0.2290637757101729
-1.0300000000000007	0.23144405316597125
-1.0200000000000007	0.23382667489822612
-1.0100000000000007	0.23621119693695922
-1.0000000000000007	0.2385971699202229
-0.9900000000000007	0.24098413921270775
-0.9800000000000006	0.24337164502660605
-0.9700000000000006	0.24575922254708257
-0.9600000000000006	0.24814640206139854
-0.9500000000000006	0.2505327090919384
-0.9400000000000006	0.25291766453301306
-0.9300000000000006	0.25530078479134116
-0.9200000000000006	0.2576815819303259
-0.9100000000000006	0.260059563817974
-0.9000000000000006	0.26243423427835305
-0.8900000000000006	0.264805093246695
-0.8800000000000006	0.2671716369280131
-0.8700000000000006	0.2695333579590629
-0.8600000000000005	0.2718897455737731
-0.8500000000000005	0.27424028577203624
-0.8400000000000005	0.2765844614916281
-0.8300000000000005	0.2789217527834105
-0.8200000000000005	0.2812516369897549
-0.8100000000000005	0.2835735889257118
-0.8000000000000005	0.28588708106342947
-0.7900000000000005	0.2881915837193034
-0.7800000000000005	0.2904865652439619
-0.7700000000000005	0.2927714922150149
-0.7600000000000005	0.29504582963236725
-0.7500000000000004	0.2973090411160164
-0.7400000000000004	0.2995605891064095
-0.7300000000000004	0.3017999350671019
-0.7200000000000004	0.3040265396895705
-0.7100000000000004	0.30623986310026485
-0.7000000000000004	0.3084393650696928
-0.6900000000000004	0.31062450522334933
-0.6800000000000004	0.3127947432545411
-0.6700000000000004	0.31494953913893015
-0.6600000000000004	0.3170883533505972
-0.6500000000000004	0.3192106470796397
-0.6400000000000003	0.3213158824511597
-0.6300000000000003	0.3234035227455172
-0.6200000000000003	0.32547303261915345
-0.6100000000000003	0.3275238783279837
-0.6000000000000003	0.3295555279494027
-0.5900000000000003	0.3315674516069387
-0.5800000000000003	0.33355912169467833
-0.5700000000000003	0.33553001310198927
-0.5600000000000003	0.3374796034399423
-0.5500000000000003	0.3394073732656162
-0.5400000000000003	0.34131280630855737
-0.5300000000000002	0.3431953896966608
-0.5200000000000002	0.34505461418130695
-0.5100000000000002	0.34688997436287106
-0.5000000000000002	0.3487009689153543
-0.49000000000000027	0.3504871008107621
-0.48000000000000026	0.35224787754245296
-0.47000000000000025	0.3539828113479014
-0.46000000000000024	0.35569141943027704
-0.45000000000000023	0.35737322417903133
-0.4400000000000002	0.3590277533891122
-0.4300000000000002	0.36065454047880263
-0.4200000000000002	0.3622531247061126
-0.4100000000000002	0.3638230513832536
-0.4000000000000002	0.3653638720895713
-0.3900000000000002	0.3668751448823143
-0.38000000000000017	0.3683564345053347
-0.37000000000000016	0.36980731259570765
-0.36000000000000015	0.3712273578877633
-0.35000000000000014	0.3726161564147909
-0.34000000000000014	0.3739733017079985
-0.3300000000000001	0.3752983949927789
-0.3200000000000001	0.37659104538201743
-0.3100000000000001	0.3778508700663869
-0.3000000000000001	0.3790774945015487
-0.2900000000000001	0.3802705525919494
-0.2800000000000001	0.38142968687130707
-0.2700000000000001	0.38255454867953226
-0.26000000000000006	0.3836447983359886
-0.25000000000000006	0.38470010530897153
-0.24000000000000007	0.3857201483813315
-0.23000000000000007	0.3867046158120682
-0.22000000000000006	0.3876532054937768
-0.21000000000000005	0.3885656251059402
-0.20000000000000004	0.3894415922638166
-0.19000000000000003	0.39028083466289576
-0.18000000000000002	0.3910830902188481
-0.17	0.39184810720279645
-0.16	0.392575644371832
-0.15	0.3932654710947413
-0.13999999999999999	0.39391736747277944
-0.12999999999999998	0.39453112445540994
-0.11999999999999998	0.3951065439507709
-0.10999999999999999	0.3956434389320188
-0.09999999999999999	0.39614163353623855
-0.09	0.39660096316021354
-0.08	0.3970212745497057
-0.07	0.39740242588344404
-0.060000000000000005	0.39774428685162944
-0.05	0.398046738728829
-0.04	0.39830967444118864
-0.03	0.3985329986279812
-0.02	0.3987166276974015
-0.01	0.39886048987653155
0	0.39896452525549575
0.01	0.3990286858257565
0.02	0.3990529355124663
0.03	0.3990372502009024
0.04	0.3989816177569695
0.05	0.3988860380416763
0.060000000000000005	0.39875052291963864
0.07	0.39857509626160026
0.08	0.3983597939408976
0.09	0.39810466382392046
0.09999999999999999	0.39780976575458343
0.10999999999999999	0.39747517153274403
0.11999999999999998	0.39710096488663915
0.12999999999999998	0.3966872414393319
0.13999999999999999	0.39623410866918884
0.15	0.3957416858643825
0.16	0.39521010407171814
0.17	0.39463950603850895
0.18000000000000002	0.3940300461506427
0.19000000000000003	0.39338189036279925
0.20000000000000004	0.39269521612390434
0.21000000000000005	0.391970212296622
0.22000000000000006	0.39120707907120794
0.23000000000000007	0.3904060278737211
0.24000000000000007	0.38956728126864215
0.25000000000000006	0.3886910728560234
0.26000000000000006	0.3877776471631933
0.2700000000000001	0.38682725953106256
0.2800000000000001	0.38584017599516857
0.2900000000000001	0.38481667316150125
0.3000000000000001	0.3837570380771609
0.3100000000000001	0.3826615680959965
0.3200000000000001	0.38153057073928265
0.3300000000000001	0.38036436355149567
0.34000000000000014	0.37916327395132954
0.35000000000000014	0.3779276390780541
0.36000000000000015	0.37665780563325557
0.37000000000000016	0.3753541297181185
0.38000000000000017	0.37401697666636863
0.3900000000000002	0.3726467208729219
0.4000000000000002	0.3712437456183977
0.4100000000000002	0.36980844288963527
0.4200000000000002	0.3683412131962622
0.4300000000000002	0.36684246538349147
0.4400000000000002	0.3653126164412569
0.45000000000000023	0.36375209130980474
0.46000000000000024	0.362161322681856
0.47000000000000025	0.36054075080152287
0.48000000000000026	0.358890823260045
0.49000000000000027	0.3572119947885006
0.5000000000000002	0.3555047270476704
0.5100000000000002	0.3537694884151315
0.5200000000000002	0.3520067537697279
0.5300000000000002	0.35021700427361474
0.5400000000000003	0.34840072715194353
0.5500000000000003	0.3465584154703719
0.5600000000000003	0.34469056791053115
0.5700000000000003	0.34279768854360904
0.5800000000000003	0.34088028660215147
0.5900000000000003	0.3389388762502849
0.6000000000000003	0.3369739763524718
0.6100000000000003	0.33498611024093244
0.6200000000000003	0.33297580548211836
0.6300000000000003	0.33094359364119447
0.6400000000000003	0.3288900100475644
0.6500000000000004	0.32681559355774553
0.6600000000000004	0.3247208863186538
0.6700000000000004	0.32260643353022456
0.6800000000000004	0.32047278320776756
0.6900000000000004	0.3183204859441952
0.7000000000000004	0.3161500946722287
0.7100000000000004	0.31396216442676467
0.7200000000000004	0.31175725210755517
0.7300000000000004	0.3095359162422858
0.7400000000000004	0.3072987167502595
0.7500000000000004	0.30504621470678905
0.7600000000000005	0.3027789721084496
0.7700000000000005	0.30049755163930775
0.7800000000000005	0.29820251643831386
0.7900000000000005	0.29589442986793746
0.8000000000000005	0.29357385528418983
0.8100000000000005	0.2912413558082082
0.8200000000000005	0.2888974940994772
0.8300000000000005	0.28654283213082216
0.8400000000000005	0.28417793096534566
0.8500000000000005	0.2818033505353785
0.8600000000000005	0.27941964942357234
0.8700000000000006	0.27702738464629023
0.8800000000000006	0.27462711143937685
0.8900000000000006	0.27221938304640986
0.9000000000000006	0.26980475050958797
0.9100000000000006	0.2673837624633395
0.9200000000000006	0.2649569649307272
0.9300000000000006	0.2625249011228151
0.9400000000000006	0.26008811124104947
0.9500000000000006	0.25764713228275843
0.9600000000000006	0.2552024978498762
0.9700000000000006	0.25275473796098935
0.9800000000000006	0.250304378866754
0.9900000000000007	0.24785194286881268
1.0000000000000007	0.24539794814227703
1.0100000000000007	0.24294290856184667
1.0200000000000007	0.24048733353163262
1.0300000000000007	0.23803172781880513
1.0400000000000007	0.23557659139105863
1.0500000000000007	0.2331224192580212
1.0600000000000007	0.23066970131664818
1.0700000000000007	0.22821892220065484
1.0800000000000007	0.22577056113403632
1.0900000000000007	0.22332509178876125
1.1000000000000008	0.2208829821466443
1.1100000000000008	0.21844469436545705
1.1200000000000008	0.2160106846493473
1.1300000000000008	0.2135814031235525
1.1400000000000008	0.2111572937134823
1.1500000000000008	0.20873879402818726
1.1600000000000008	0.20632633524824648
1.1700000000000008	0.2039203420180722
1.1800000000000008	0.20152123234270325
1.1900000000000008	0.19912941748906357
1.2000000000000008	0.19674530189169295
1.2100000000000009	0.19436928306300677
1.2200000000000009	0.19200175150805282
1.2300000000000009	0.1896430906437668
1.2400000000000009	0.1872936767227633
1.2500000000000009	0.18495387876162597
1.260000000000001	0.1826240584736979
1.270000000000001	0.18030457020637364
1.280000000000001	0.1779957608828842
1.290000000000001	0.17569796994852374
1.300000000000001	0.1734115293213518
1.310000000000001	0.17113676334732061
1.320000000000001	0.16887398875979512
1.330000000000001	0.166623514643456
1.340000000000001	0.164385642402572
1.350000000000001	0.16216066573355556
1.360000000000001	0.1599488706018135
1.370000000000001	0.15775053522285598
1.380000000000001	0.15556593004758296
1.390000000000001	0.15339531775173698
1.400000000000001	0.15123895322948813
1.410000000000001	0.1490970835910622
1.420000000000001	0.14696994816439007
1.430000000000001	0.14485777850073878
1.440000000000001	0.14276079838422578
1.450000000000001	0.14067922384520146
1.460000000000001	0.13861326317742256
1.470000000000001	0.13656311695896242
1.480000000000001	0.13452897807677222
1.490000000000001	0.1325110317548837
1.500000000000001	0.13050945558611762
1.5100000000000011	0.1285244195672821
1.5200000000000011	0.12655608613777228
1.5300000000000011	0.12460461022150213
1.5400000000000011	0.12267013927208475
1.5500000000000012	0.12075281332121507
1.5600000000000012	0.11885276503015894
1.5700000000000012	0.11697011974427106
1.5800000000000012	0.11510499555046934
1.5900000000000012	0.11325750333761263
1.6000000000000012	0.1114277468596423
1.6100000000000012	0.10961582280146902
1.6200000000000012	0.10782182084749925
1.6300000000000012	0.10604582375271027
1.6400000000000012	0.10428790741619612
1.6500000000000012	0.10254814095713362
1.6600000000000013	0.10082658679302486
1.6700000000000013	0.09912330072018392
1.6800000000000013	0.09743833199637336
1.6900000000000013	0.09577172342547398
1.7000000000000013	0.09412351144415151
1.7100000000000013	0.09249372621040407
1.7200000000000013	0.0908823916939125
1.7300000000000013	0.08928952576810345
1.7400000000000013	0.08771514030387134
1.7500000000000013	0.08615924126482966
1.7600000000000013	0.0846218288040268
1.7700000000000014	0.08310289736206844
1.7800000000000014	0.08160243576651652
1.7900000000000014	0.08012042733251876
1.8000000000000014	0.07865684996456085
1.8100000000000014	0.07721167625928879
1.8200000000000014	0.07578487360928114
1.8300000000000014	0.07437640430772308
1.8400000000000014	0.07298622565389928
1.8500000000000014	0.07161429005939011
1.8600000000000014	0.07026054515495102
1.8700000000000014	0.06892493389795479
1.8800000000000014	0.06760739468032392
1.8900000000000015	0.06630786143689313
1.9000000000000015	0.06502626375413355
1.9100000000000015	0.06376252697912377
1.9200000000000015	0.06251657232874375
1.9300000000000015	0.06128831699900017
1.9400000000000015	0.06007767427439299
1.9500000000000015	0.0588845536373006
1.9600000000000015	0.05770886087726912
1.9700000000000015	0.05655049820016796
1.9800000000000015	0.055409364337140006
1.9900000000000015	0.05428535465327525
2.0000000000000013	0.0531783612559521
2.010000000000001	0.052088273102789656
2.020000000000001	0.051014976109146556
2.0300000000000007	0.04995835325509854
2.0400000000000005	0.048918284691860256
2.0500000000000003	0.04789464784757337
2.06	0.04688731753242938
2.07	0.045896166043050954
2.0799999999999996	0.04492106326610528
2.0899999999999994	0.04396187678107882
2.099999999999999	0.04301847196218798
2.109999999999999	0.04209071207935515
2.1199999999999988	0.041178458398235356
2.1299999999999986	0.04028157027921592
2.1399999999999983	0.03939990527538967
2.149999999999998	0.038533319229391794
2.159999999999998	0.037681666369190986
2.1699999999999977	0.03684479940264002
2.1799999999999975	0.03602256961086902
2.1899999999999973	0.03521482694042971
2.199999999999997	0.03442142009419235
2.209999999999997	0.03364219662094029
2.2199999999999966	0.03287700300364352
2.2299999999999964	0.032125684746389015
2.239999999999996	0.03138808645993994
2.249999999999996	0.030664051945882197
2.259999999999996	0.029953424279375206
2.2699999999999956	0.029256045890445365
2.2799999999999954	0.028571758643825926
2.289999999999995	0.02790040391733766
2.299999999999995	0.027241822678691952
2.3099999999999947	0.026595855560952463
2.3199999999999945	0.025962342936303087
2.3299999999999943	0.025341124988379073
2.339999999999994	0.024732041783023493
2.349999999999994	0.02413493333749675
2.3599999999999937	0.02354963968812219
2.3699999999999934	0.022976000956367773
2.3799999999999932	0.02241385741334474
2.389999999999993	0.02186304954274031
2.399999999999993	0.0213234181021614
2.4099999999999926	0.02079480418289929
2.4199999999999924	0.020277049268111462
2.429999999999992	0.019769995289422852
2.439999999999992	0.019273484681941934
2.4499999999999917	0.01878736043770591
2.4599999999999915	0.0183114661575554
2.4699999999999913	0.017845646101423418
2.479999999999991	0.01738974523708784
2.489999999999991	0.0169436092873536
2.4999999999999907	0.0165070847756863
2.5099999999999905	0.0160800190703197
2.5199999999999902	0.015662260426828056
2.52999999999999	0.015253658029179579
2.53999999999999	0.014854062029290786
2.5499999999999896	0.014463323585089569
2.5599999999999894	0.014081294897082609
2.569999999999989	0.013707829243481549
2.579999999999989	0.013342781013859698
2.5899999999999888	0.012986005741380664
2.5999999999999885	0.012637360133607735
2.6099999999999883	0.01229670210187338
2.619999999999988	0.011963890789440013
2.629999999999988	0.011638786597941706
2.6399999999999877	0.011321251212830955
2.6499999999999875	0.011011147627316772
2.6599999999999873	0.01070834016499221
2.669999999999987	0.010412694501342324
2.679999999999987	0.010124077683648935
2.6899999999999866	0.009842358149968228
2.6999999999999864	0.009567405746732647
2.709999999999986	0.009299091745159334
2.719999999999986	0.009037288856483531
2.7299999999999858	0.008781871246029757
2.7399999999999856	0.008532714546136695
2.7499999999999853	0.008289695867964604
2.759999999999985	0.008052693812211301
2.769999999999985	0.007821588478751359
2.7799999999999847	0.007596261475227773
2.7899999999999845	0.007376595924614699
2.7999999999999843	0.007162476471784938
2.809999999999984	0.006953789289083741
2.819999999999984	0.006750422080963715
2.8299999999999836	0.00655226408767616
2.8399999999999834	0.006359206088057062
2.849999999999983	0.0061711404014301125
2.859999999999983	0.005987960888645445
2.869999999999983	0.005809562952285594
2.8799999999999826	0.005635843536047701
2.8899999999999824	0.005466701123352758
2.899999999999982	0.005302035735165451
2.909999999999982	0.005141748927091159
2.9199999999999817	0.00498574378573841
2.9299999999999815	0.004833924924390781
2.9399999999999813	0.004686198478002872
2.949999999999981	0.004542472097543734
2.959999999999981	0.0044026549437122565
2.9699999999999807	0.004266657680044389
2.9799999999999804	0.004134392465439358
2.9899999999999802	0.004005772946120503
2.99999999999998	0.003880714247050005
3.00999999999998	0.003759132962839673
3.0199999999999796	0.0036409471481471554
3.0299999999999794	0.00352607630760283
3.039999999999979	0.003414441385282432
3.049999999999979	0.003305964753738208
3.0599999999999787	0.003200570202613847
3.0699999999999785	0.0030981829268744328
3.0799999999999783	0.00299872951464337
3.089999999999978	0.0029021379346936033
3.099999999999978	0.0028083375235964858
3.1099999999999777	0.0027172589725545635
3.1199999999999775	0.002628834313922071
3.1299999999999772	0.0025429969074535434
3.139999999999977	0.002459681426284027
3.149999999999977	0.002378823842652924
3.1599999999999766	0.002300361413403301
3.1699999999999764	0.002224232665260939
3.179999999999976	0.0021503773799169358
3.189999999999976	0.0020787365789226844
3.1999999999999758	0.002009252508420951
3.2099999999999755	0.0019418686237212984
3.2199999999999753	0.001876529573731065
3.229999999999975	0.0018131811852782921
3.239999999999975	0.0017517704473029303
3.2499999999999747	0.0016922454949654473
3.2599999999999745	0.0016345555936696943
3.2699999999999743	0.001578651123010002
3.279999999999974	0.0015244835606725159
3.289999999999974	0.00147200546624768
3.2999999999999736	0.0014211704650907784
3.3099999999999734	0.0013719332320747193
3.319999999999973	0.0013242494753782433
3.329999999999973	0.0012780759202563024
3.3399999999999728	0.001233370292824083
3.3499999999999726	0.001190091303869837
3.3599999999999723	0.0011481986326507595
3.369999999999972	0.0011076529108071844
3.379999999999972	0.0010684157062551415
3.3899999999999717	0.0010304495071549293
3.3999999999999715	0.0009937177059505886
3.4099999999999713	0.000958184583475231
3.419999999999971	0.0009238152931359066
3.429999999999971	0.0008905758451865656
3.4399999999999706	0.0008584330910893591
3.4499999999999704	0.000827354707988682
3.45999999999997	0.0007973091832752697
3.46999999999997	0.0007682657992441386
3.47999999999997	0.0007401946180206301
3.4899999999999696	0.0007130664663048185
3.4999999999999694	0.0006868529205477223
3.509999999999969	0.0006615262921175822
3.519999999999969	0.0006370596126225066
3.5299999999999687	0.000613426619358789
3.5399999999999685	0.0005906017410509793
3.5499999999999683	0.0005685600834400618
3.559999999999968	0.0005472774153315148
3.569999999999968	0.0005267301546545063
3.5799999999999677	0.000506895354699705
3.5899999999999674	0.0004877506905369507
3.5999999999999672	0.0004692744455889495
3.609999999999967	0.00045144549838045553
3.619999999999967	0.00043424330945472374
3.6299999999999666	0.0004176479084776337
3.6399999999999664	0.0004016398814665051
3.649999999999966	0.00038620035829196517
3.659999999999966	0.000371311000264338
3.6699999999999657	0.00035695398794761534
3.6799999999999655	0.00034311200914374714
3.6899999999999653	0.0003297682470592612
3.699999999999965	0.00031690636865524104
3.709999999999965	0.0003045105131797269
3.7199999999999647	0.00029256528089261527
3.7299999999999645	0.00028105572193307663
3.7399999999999642	0.0002699673254532127
3.749999999999964	0.0002592860088510827
3.759999999999964	0.0002489981072377021
3.7699999999999636	0.0002390903630650906
3.7799999999999634	0.00022954991594991718
3.789999999999963	0.000220364292673505
3.799999999999963	0.00021152139736622212
3.8099999999999627	0.0002030095018690602
3.8199999999999625	0.00019481723628546544
3.8299999999999623	0.00018693357969727298
3.839999999999962	0.0001793478510728153
3.849999999999962	0.00017204970034625922
3.8599999999999617	0.0001650290996704002
3.8699999999999615	0.000158276334845918
3.8799999999999613	0.00015178199693989918
3.889999999999961	0.00014553697403462383
3.899999999999961	0.00013953244318911973
3.9099999999999606	0.00013375986256022838
3.9199999999999604	0.00012821096366388696
3.92999999999996	0.00012287774383034565
3.93999999999996	0.00011775245881626602
3.9499999999999598	0.0001128276155729976
3.9599999999999596	0.00010809596517023593
3.9699999999999593	0.00010355049589214589
3.979999999999959	0.00009918442647769247
3.989999999999959	0.00009499119951573228
3.9999999999999587	0.00009096447499563236
4.009999999999959	0.00008709812400716112
4.019999999999959	0.0000833862225808336
4.0299999999999585	0.0000798230456837043
4.039999999999958	0.00007640306135498845
4.049999999999958	0.00007312092497353486
4.059999999999958	0.00006997147368028195
4.069999999999958	0.00006694972092667136
4.079999999999957	0.00006405085115567616
4.089999999999957	0.0000612702146266025
4.099999999999957	0.00005860332235727186
4.109999999999957	0.00005604584120139138
4.119999999999957	0.000053593589048920935
4.129999999999956	0.00005124253015278609
4.139999999999956	0.000048988770568791723
4.149999999999956	0.00004682855372706958
4.159999999999956	0.00004475825610834139
4.1699999999999555	0.00004277438304086464
4.179999999999955	0.00004087356460786407
4.189999999999955	0.00003905255166637208
4.199999999999955	0.000037308211971937625
4.209999999999955	0.00003563752641109938
4.2199999999999545	0.000034037585335409096
4.229999999999954	0.00003250558499447381
4.239999999999954	0.00003103882408904957
4.249999999999954	0.000029634700376692238
4.259999999999954	0.00002829070741688366
4.269999999999953	0.000027004431398907124
4.279999999999953	0.000025773548033274247
4.289999999999953	0.000024595819568948776
4.299999999999953	0.00002346909187519013
4.3099999999999525	0.000022391291616641753
4.319999999999952	0.00002136042351105963
4.329999999999952	0.000020374567660447147
4.339999999999952	0.000019431876974236222
4.349999999999952	0.00001853057466245112
4.3599999999999515	0.000017668951797741578
4.369999999999951	0.00001684536496703755
4.379999999999951	0.000016058233981932544
4.389999999999951	0.000015306039662361813
4.399999999999951	0.000014587321693945136
4.40999999999995	0.000013900676542657755
4.41999999999995	0.000013244755443283272
4.42999999999995	0.000012618262443498215
4.43999999999995	0.000012019952510277891
4.4499999999999496	0.00001144862972102484
4.459999999999949	0.000010903145457258257
4.469999999999949	0.00001038239670401273
4.479999999999949	9.885324411874547e-6
4.489999999999949	9.410911849023668e-6
4.4999999999999485	8.958183077012536e-6
4.509999999999948	8.526201437553128e-6
4.519999999999948	8.114068100770447e-6
4.529999999999948	7.720920658812584e-6
4.539999999999948	7.345931768026798e-6
4.549999999999947	6.988307835336166e-6
4.559999999999947	6.647287748575419e-6
4.569999999999947	6.3221416513683285e-6
4.579999999999947	6.012169757260518e-6
4.589999999999947	5.716701206888601e-6
4.599999999999946	5.435092975150431e-6
4.609999999999946	5.166728754089651e-6
4.619999999999946	4.9110179976820886e-6
4.629999999999946	4.667394880708787e-6
4.6399999999999455	4.4353173569327455e-6
4.649999999999945	4.2142661959916265e-6
4.659999999999945	4.003744153692639e-6
4.669999999999945	3.803275065929935e-6
4.679999999999945	3.6124030325078957e-6
4.689999999999944	3.4306916114657705e-6
4.699999999999944	3.2577230501432423e-6
4.709999999999944	3.0930975439245506e-6
4.719999999999944	2.936432511686047e-6
4.729999999999944	2.7873619125125537e-6
4.739999999999943	2.645535574794693e-6
4.749999999999943	2.5106185403554414e-6
4.759999999999943	2.3822905167740746e-6
4.769999999999943	2.2602451583268074e-6
4.7799999999999425	2.14418963644184e-6
4.789999999999942	2.0338439589966028e-6
4.799999999999942	1.9289405307165087e-6
4.809999999999942	1.8292235966441445e-6
4.819999999999942	1.7344487645303942e-6
4.8299999999999415	1.6443825473514045e-6
4.839999999999941	1.5588018835053468e-6
4.849999999999941	1.477493712679927e-6
4.859999999999941	1.4002545565779745e-6
4.869999999999941	1.3268901141918588e-6
4.87999999999994	1.257214873648817e-6
4.88999999999994	1.191051737745918e-6
4.89999999999994	1.1282316685437369e-6
4.90999999999994	1.0685933427884706e-6
4.9199999999999395	1.011982817111882e-6
4.929999999999939	9.582532188647075e-7
4.939999999999939	9.072644328460375e-7
4.949999999999939	8.588828132194894e-7
4.959999999999939	8.129809020542392e-7
4.9699999999999385	7.694371572932706e-7
4.979999999999938	7.281357012644077e-7
4.989999999999938	6.889660676635617e-7
4.999999999999938	6.518229587819143e-7
5.009999999999938	6.166060241649358e-7
5.019999999999937	5.83219639935199e-7
5.029999999999937	5.515726981399529e-7
5.039999999999937	5.21578406090561e-7
5.049999999999937	4.931540973276561e-7
5.0599999999999365	4.6622103459347776e-7
5.069999999999936	4.407042409550599e-7
5.079999999999936	4.1653233849114903e-7
5.089999999999936	3.936373728803504e-7
5.099999999999936	3.719546628134219e-7
5.1099999999999355	3.5142264990093906e-7
5.119999999999935	3.319827579676825e-7
5.129999999999935	3.135792529694522e-7
5.139999999999935	2.9615911429016743e-7
5.149999999999935	2.796719115132267e-7
5.159999999999934	2.640696820920819e-7
5.169999999999934	2.4930681748291254e-7
5.179999999999934	2.3533995399175528e-7
5.189999999999934	2.2212786277124726e-7
5.199999999999934	2.0963136461412756e-7
5.209999999999933	1.9781322465696348e-7
5.219999999999933	1.866380498838319e-7
5.229999999999933	1.7607221785163603e-7
5.239999999999933	1.660837871574854e-7
5.2499999999999325	1.566424180684143e-7
5.259999999999932	1.4771929597080986e-7
5.269999999999932	1.3928705880641464e-7
5.279999999999932	1.31319729295773e-7
5.289999999999932	1.2379264201894318e-7
5.299999999999931	1.1668238444480461e-7
5.309999999999931	1.0996675023999075e-7
5.319999999999931	1.0362464651789568e-7
5.329999999999931	9.763605775125046e-8