-6.689999999999902	9.851420238687906e-9
-6.679999999999902	1.030923603459279e-8
-6.669999999999902	1.0787864281737275e-8
-6.659999999999902	1.1288227500386351e-8
-6.649999999999903	1.1811290777470556e-8
-6.639999999999903	1.2358058055763841e-8
-6.629999999999903	1.2929578155062272e-8
-6.619999999999903	1.3526944369916321e-8
-6.6099999999999035	1.4151298633205385e-8
-6.599999999999904	1.4803829345002333e-8
-6.589999999999904	1.5485776118798176e-8
-6.579999999999904	1.6198433588058476e-8
-6.569999999999904	1.6943151087009517e-8
-6.559999999999905	1.772133523783714e-8
-6.549999999999905	1.8534452914299527e-8
-6.539999999999905	1.938403356541775e-8
-6.529999999999905	2.0271671592524953e-8
-6.519999999999905	2.1199029843683378e-8
-6.509999999999906	2.2167840117493292e-8
-6.499999999999906	2.317990950242329e-8
-6.489999999999906	2.4237120831617013e-8
-6.479999999999906	2.5341438269787378e-8
-6.4699999999999065	2.6494904467614907e-8
-6.459999999999907	2.7699652595538974e-8
-6.449999999999907	2.895790458846759e-8
-6.439999999999907	3.027197658210608e-8
-6.429999999999907	3.164427945802681e-8
-6.419999999999908	3.3077327921079834e-8
-6.409999999999908	3.457374131715558e-8
-6.399999999999908	3.6136248936786484e-8
-6.389999999999908	3.776769416804171e-8
-6.379999999999908	3.9471038618648045e-8
-6.369999999999909	4.124936811466234e-8
-6.359999999999909	4.310589722061395e-8
-6.349999999999909	4.504397348907923e-8
-6.339999999999909	4.7067083874800114e-8
-6.3299999999999095	4.9178859894250605e-8
-6.31999999999991	5.1383084003311526e-8
-6.30999999999991	5.368369505390964e-8
-6.29999999999991	5.608479469350352e-8
-6.28999999999991	5.8590653629837523e-8
-6.2799999999999105	6.1205719076532e-8
-6.269999999999911	6.393462090602092e-8
-6.259999999999911	6.678218100099001e-8
-6.249999999999911	6.975341640842684e-8
-6.239999999999911	7.28535499119281e-8
-6.229999999999912	7.608802095436501e-8
-6.219999999999912	7.9462489928388e-8
-6.209999999999912	8.29828484498668e-8
-6.199999999999912	8.665522830147497e-8
-6.1899999999999125	9.048601115795367e-8
-6.179999999999913	9.448183807359306e-8
-6.169999999999913	9.864961997958122e-8
-6.159999999999913	1.0299654771027489e-7
-6.149999999999913	1.0753010383530461e-7
-6.1399999999999135	1.1225807303282128e-7
-6.129999999999914	1.1718855528548501e-7
-6.119999999999914	1.223299755469218e-7
-6.109999999999914	1.276911001914308e-7
-6.099999999999914	1.332810460302495e-7
-6.089999999999915	1.3910929755943672e-7
-6.079999999999915	1.451857191288073e-7
-6.069999999999915	1.5152057014785484e-7
-6.059999999999915	1.5812452018813631e-7
-6.0499999999999154	1.6500866497882954e-7
-6.039999999999916	1.7218454265541992e-7
-6.029999999999916	1.796641506467543e-7
-6.019999999999916	1.8745996351125914e-7
-6.009999999999916	1.955849510271865e-7
-5.9999999999999165	2.0405259713650301e-7
-5.989999999999917	2.128769195312648e-7
-5.979999999999917	2.2207249000336315e-7
-5.969999999999917	2.3165445555338738e-7
-5.959999999999917	2.416385600003125e-7
-5.949999999999918	2.5204116697343114e-7
-5.939999999999918	2.6287928285734957e-7
-5.929999999999918	2.7417058141353976e-7
-5.919999999999918	2.8593342900017763e-7
-5.909999999999918	2.981869101071378e-7
-5.899999999999919	3.109508550820376e-7
-5.889999999999919	3.242458666989121e-7
-5.879999999999919	3.380933523403473e-7
-5.869999999999919	3.525155488530009e-7
-5.8599999999999195	3.675355594533996e-7
-5.84999999999992	3.831773806894249e-7
-5.83999999999992	3.9946593874865875e-7
-5.82999999999992	4.1642712300461413e-7
-5.81999999999992	4.340878220940509e-7
-5.809999999999921	4.52475960422124e-7
-5.799999999999921	4.716205367431286e-7
-5.789999999999921	4.915516635499477e-7
-5.779999999999921	5.123006082630114e-7
-5.769999999999921	5.338998352517711e-7
-5.759999999999922	5.563830502021948e-7
-5.749999999999922	5.797852452643544e-7
-5.739999999999922	6.041427461610785e-7
-5.729999999999922	6.294932604864839e-7
-5.7199999999999225	6.558759285483296e-7
-5.709999999999923	6.833313750642468e-7
-5.699999999999923	7.119017630245847e-7
-5.689999999999923	7.416308495076938e-7
-5.679999999999923	7.725640431249678e-7
-5.6699999999999235	8.047484637424528e-7
-5.659999999999924	8.382330037898351e-7
-5.649999999999924	8.730683927476368e-7
-5.639999999999924	9.093072619200951e-7
-5.629999999999924	9.470042130323844e-7
-5.619999999999925	9.86215889325445e-7
-5.609999999999925	1.0270010471329932e-6
-5.599999999999925	1.0694206318529972e-6
-5.589999999999925	1.1135378556168924e-6
-5.5799999999999255	1.1594182777035458e-6
-5.569999999999926	1.2071298874722947e-6
-5.559999999999926	1.256743190341535e-6
-5.549999999999926	1.3083312964792733e-6
-5.539999999999926	1.3619700124301262e-6
-5.5299999999999265	1.4177379358522785e-6
-5.519999999999927	1.4757165534745296e-6
-5.509999999999927	1.535990341919032e-6
-5.499999999999927	1.5986468722051173e-6
-5.489999999999927	1.663776918005027e-6
-5.479999999999928	1.7314745662907721e-6
-5.469999999999928	1.80183733272815e-6
-5.459999999999928	1.8749662808084804e-6
-5.449999999999928	1.9509661437142895e-6
-5.4399999999999284	2.029945451551867e-6
-5.429999999999929	2.112016661808803e-6
-5.419999999999929	2.197296294484673e-6
-5.409999999999929	2.2859050712851302e-6
-5.399999999999929	2.377968059403202e-6
-5.3899999999999295	2.473614820019374e-6
-5.37999999999993	2.5729795613820915e-6
-5.36999999999993	2.6762012968686928e-6
-5.35999999999993	2.783424008109167e-6
-5.34999999999993	2.8947968131958005e-6
-5.339999999999931	3.010474140333923e-6
-5.329999999999931	3.1306159068847327e-6
-5.319999999999931	3.2553877040758375e-6
-5.309999999999931	3.384960987680716e-6
-5.299999999999931	3.519513274367566e-6
-5.289999999999932	3.6592283444334754e-6
-5.279999999999932	3.804296450733536e-6
-5.269999999999932	3.954914534437324e-6
-5.259999999999932	4.111286446820437e-6
-5.2499999999999325	4.273623178165462e-6
-5.239999999999933	4.442143095550119e-6
-5.229999999999933	4.617072183193389e-6
-5.219999999999933	4.798644296864847e-6
-5.209999999999933	4.987101419333479e-6
-5.199999999999934	5.182693928687718e-6
-5.189999999999934	5.385680872244924e-6
-5.179999999999934	5.5963302479600265e-6
-5.169999999999934	5.814919302849771e-6
-5.159999999999934	6.0417348208583525e-6
-5.149999999999935	6.277073446943784e-6
-5.139999999999935	6.521241991130094e-6
-5.129999999999935	6.7745577674632314e-6
-5.119999999999935	7.037348925998404e-6
-5.1099999999999355	7.309954804474854e-6
-5.099999999999936	7.5927262846193245e-6
-5.089999999999936	7.886026161489613e-6
-5.079999999999936	8.19022952339126e-6
-5.069999999999936	8.505724142912154e-6
-5.0599999999999365	8.8329108793676e-6
-5.049999999999937	9.172204093388924e-6
-5.039999999999937	9.52403207198032e-6
-5.029999999999937	9.888837469096339e-6
-5.019999999999937	0.000010267077756039371
-5.009999999999938	0.000010659225686150819
-4.999999999999938	0.000011065769771786632
-4.989999999999938	0.000011487214777622437
-4.979999999999938	0.00001192408222505804
-4.9699999999999385	0.000012376910912421994
-4.959999999999939	0.00001284625745023244
-4.949999999999939	0.000013332696811000783
-4.939999999999939	0.000013836822894362864
-4.929999999999939	0.000014359249109355337
-4.9199999999999395	0.00001490060897160167
-4.90999999999994	0.000015461556728760484
-4.89999999999994	0.000016042767957692646
-4.88999999999994	0.000016644940270764842
-4.87999999999994	0.000017268793877143695
-4.869999999999941	0.000017915072450242217
-4.859999999999941	0.000018584543639099473
-4.849999999999941	0.000019277999880016506
-4.839999999999941	0.000019996259209070975
-4.8299999999999415	0.000020740165875995148
-4.819999999999942	0.000021510591229664397
-4.809999999999942	0.000022308434504835026
-4.799999999999942	0.000023134623661590364
-4.789999999999942	0.000023990116153813045
-4.7799999999999425	0.000024875899942630096
-4.769999999999943	0.00002579299428099504
-4.759999999999943	0.000026742450629264937
-4.749999999999943	0.0000277253537128312
-4.739999999999943	0.000028742822375345322
-4.729999999999944	0.000029796010580212065
-4.719999999999944	0.000030886108507073256
-4.709999999999944	0.00003201434354287166
-4.699999999999944	0.00003318198132361573
-4.689999999999944	0.00003439032693437414
-4.679999999999945	0.000035640725958386197
-4.669999999999945	0.00003693456564686101
-4.659999999999945	0.00003827327612912995
-4.649999999999945	0.00003965833164586696
-4.6399999999999455	0.00004109125170373375
-4.629999999999946	0.00004257360247244281
-4.619999999999946	0.00004410699806768498
-4.609999999999946	0.00004569310184119525
-4.599999999999946	0.000047333627788003313
-4.589999999999947	0.00004903034204373622
-4.579999999999947	0.000050785064166336384
-4.569999999999947	0.000052599668749532147
-4.559999999999947	0.000054476086933849135
-4.549999999999947	0.00005641630788215741
-4.539999999999948	0.000058422380430293195
-4.529999999999948	0.000060496414781678844
-4.519999999999948	0.00006264058404373671
-4.509999999999948	0.00006485712602794668
-4.4999999999999485	0.00006714834502853946
-4.489999999999949	0.0000695166135243673
-4.479999999999949	0.0000719643740502788
-4.469999999999949	0.0000744941411672148
-4.459999999999949	0.00007710850326476376
-4.4499999999999496	0.00007981012454501953
-4.43999999999995	0.00008260174715093561
-4.42999999999995	0.00008548619310522662
-4.41999999999995	0.00008846636642173322
-4.40999999999995	0.00009154525534907361
-4.399999999999951	0.00009472593451004815
-4.389999999999951	0.00009801156712856432
-4.379999999999951	0.00010140540743124042
-4.369999999999951	0.00010491080294108909
-4.3599999999999515	0.00010853119684640773
-4.349999999999952	0.00011227013054678372
-4.339999999999952	0.00011613124614714634
-4.329999999999952	0.0001201182889229018
-4.319999999999952	0.00012423511012245477
-4.3099999999999525	0.00012848566953143964
-4.299999999999953	0.0001328740382291374
-4.289999999999953	0.00013740440137961134
-4.279999999999953	0.00014208106119237014
-4.269999999999953	0.00014690843964931973
-4.259999999999954	0.0001518910816446933
-4.249999999999954	0.00015703365799145093
-4.239999999999954	0.00016234096844609753
-4.229999999999954	0.00016781794495391311
-4.2199999999999545	0.00017346965489942968
-4.209999999999955	0.00017930130432151082
-4.199999999999955	0.0001853182413169553
-4.189999999999955	0.0001915259595281707
-4.179999999999955	0.00019793010152932574
-4.1699999999999555	0.0002045364624329558
-4.159999999999956	0.000211350993629447
-4.149999999999956	0.00021837980635938458
-4.139999999999956	0.00022562917551602067
-4.129999999999956	0.00023310554360724502
-4.119999999999957	0.00024081552456191405
-4.109999999999957	0.00024876590773813614
-4.099999999999957	0.00025696366206450004
-4.089999999999957	0.0002654159401673437
-4.079999999999957	0.0002741300825101624
-4.069999999999958	0.0002831136218543036
-4.059999999999958	0.00029237428754245683
-4.049999999999958	0.00030192000990658576
-4.039999999999958	0.00031175892495090795
-4.0299999999999585	0.00032189937889468397
-4.019999999999959	0.0003323499327864869
-4.009999999999959	0.0003431193674660723
-3.9999999999999587	0.00035421668830898606
-3.989999999999959	0.00036565113019409285
-3.979999999999959	0.0003774321625253392
-3.9699999999999593	0.00038956949443940216
-3.9599999999999596	0.00040207307984272496
-3.9499999999999598	0.0004149531228298858
-3.93999999999996	0.0004282200830136463
-3.92999999999996	0.0004418846809531865
-3.9199999999999604	0.000455957903722015
-3.9099999999999606	0.00047045101058495483
-3.899999999999961	0.0004853755386226233
-3.889999999999961	0.000500743308585052
-3.8799999999999613	0.0005165664308391132
-3.8699999999999615	0.0005328573112278178
-3.8599999999999617	0.0005496286572353308
-3.849999999999962	0.0005668934841324874
-3.839999999999962	0.0005846651212054773
-3.8299999999999623	0.0006029572180642063
-3.8199999999999625	0.0006217837511871949
-3.8099999999999627	0.0006411590302994584
-3.799999999999963	0.0006610977050194542
-3.789999999999963	0.0006816147715906624
-3.7799999999999634	0.0007027255796623041
-3.7699999999999636	0.0007244458390441636
-3.759999999999964	0.000746791626857891
-3.749999999999964	0.0007697793944623466
-3.7399999999999642	0.0007934259745392717
-3.7299999999999645	0.0008177485884604864
-3.7199999999999647	0.0008427648535200503
-3.709999999999965	0.0008684927902402523
-3.699999999999965	0.0008949508300274887
-3.6899999999999653	0.0009221578226221204
-3.6799999999999655	0.0009501330437279656
-3.6699999999999657	0.000978896202834595
-3.659999999999966	0.001008467451009149
-3.649999999999966	0.001038867388674318
-3.6399999999999664	0.0010701170737193145
-3.6299999999999666	0.0011022380295473337
-3.619999999999967	0.0011352522530663316
-3.609999999999967	0.0011691822230299488
-3.5999999999999672	0.0012040509083245002
-3.5899999999999674	0.0012398817762220352
-3.5799999999999677	0.0012766988008483732
-3.569999999999968	0.0013145264717637159
-3.559999999999968	0.0013533898023718675
-3.5499999999999683	0.0013933143386230635
-3.5399999999999685	0.0014343261677673364
-3.5299999999999687	0.001476451927020593
-3.519999999999969	0.0015197188123474545
-3.509999999999969	0.0015641545875136893
-3.4999999999999694	0.0016097875927756297
-3.4899999999999696	0.0016566467539974976
-3.47999999999997	0.0017047615916613984
-3.46999999999997	0.0017541622299425395
-3.45999999999997	0.0018048794057104207
-3.4499999999999704	0.0018569444778867765
-3.4399999999999706	0.0019103894364891224
-3.429999999999971	0.0019652469118600874
-3.419999999999971	0.0020215501840248
-3.4099999999999713	0.0020793331918998108
-3.3999999999999715	0.0021386305425361257
-3.3899999999999717	0.0021994775205976596
-3.379999999999972	0.0022619100976112995
-3.369999999999972	0.0023259649412616804
-3.3599999999999723	0.0023916794248832252
-3.3499999999999726	0.0024590916367757875
-3.3399999999999728	0.0025282403894397038
-3.329999999999973	0.0025991652290786663
-3.319999999999973	0.0026719064449277482
-3.3099999999999734	0.0027465050784304425
-3.2999999999999736	0.002823002932679603
-3.289999999999974	0.0029014425816865355
-3.279999999999974	0.0029818673795292926
-3.2699999999999743	0.0030643214695849617
-3.2599999999999745	0.003148849793783164
-3.2499999999999747	0.0032354981015295155
-3.239999999999975	0.003324312958866757
-3.229999999999975	0.0034153417574963396
-3.2199999999999753	0.0035086327235897513
-3.2099999999999755	0.0036042349266434764
-3.1999999999999758	0.0037021982883814093
-3.189999999999976	0.0038025735911873947
-3.179999999999976	0.00390541248683445
-3.1699999999999764	0.004010767504933753
-3.1599999999999766	0.004118692061235678
-3.149999999999977	0.004229240465832962
-3.139999999999977	0.004342467931418674
-3.1299999999999772	0.004458430581107222
-3.1199999999999775	0.004577185456306571
-3.1099999999999777	0.004698790524430265
-3.099999999999978	0.004823304686394618
-3.089999999999978	0.004950787783866325
-3.0799999999999783	0.005081300606616024
-3.0699999999999785	0.0052149048993996566
-3.0599999999999787	0.005351663368660285
-3.049999999999979	0.005491639689285496
-3.039999999999979	0.005634898510914477
-3.0299999999999794	0.005781505463953652
-3.0199999999999796	0.005931527165651536
-3.00999999999998	0.006085031225732311
-2.99999999999998	0.006242086251678908
-2.9899999999999802	0.00640276185402658
-2.9799999999999804	0.006567128651226175
-2.9699999999999807	0.006735258274121419
-2.959999999999981	0.006907223370298334
-2.949999999999981	0.007083097608171732
-2.9399999999999813	0.007262955680436636
-2.9299999999999815	0.007446873307534714
-2.9199999999999817	0.00763492724072265
-2.909999999999982	0.007827195264531014
-2.899999999999982	0.00802375619913332
-2.8899999999999824	0.008224689902360836
-2.8799999999999826	0.008430077270999316
-2.869999999999983	0.00864000024205573
-2.859999999999983	0.008854541793469351
-2.849999999999983	0.009073785944303556
-2.8399999999999834	0.009297817754604745
-2.8299999999999836	0.009526723324943387
-2.819999999999984	0.009760589795196293
-2.809999999999984	0.009999505343007788
-2.7999999999999843	0.010243559181940202
-2.7899999999999845	0.010492841558803256
-2.7799999999999847	0.010747443750579129
-2.769999999999985	0.011007458061059471
-2.759999999999985	0.011272977816638335
-2.7499999999999853	0.011544097361600102
-2.7399999999999856	0.011820912053090158
-2.7299999999999858	0.012103518255259191
-2.719999999999986	0.012392013332804548
-2.709999999999986	0.012686495644122102
-2.6999999999999864	0.012987064533749638
-2.6899999999999866	0.01329382032395422
-2.679999999999987	0.013606864306096582
-2.669999999999987	0.01392629873109067
-2.6599999999999873	0.01425222679907122
-2.6499999999999875	0.014584752648704617
-2.6399999999999877	0.014923981345664396
-2.629999999999988	0.015270018870181597
-2.619999999999988	0.015622972104252196
-2.6099999999999883	0.015982948817921325
-2.5999999999999885	0.016350057654736284
-2.5899999999999888	0.016724408116608754
-2.579999999999989	0.017106110547943105
-2.569999999999989	0.01749527611869437
-2.5599999999999894	0.017892016806925194
-2.5499999999999896	0.018296445380533936
-2.53999999999999	0.018708675377932957
-2.52999999999999	0.01912882108809549
-2.5199999999999902	0.019556997529883
-2.5099999999999905	0.019993320430172507
-2.4999999999999907	0.02043790620132007
-2.489999999999991	0.02089087191791864
-2.479999999999991	0.02135233529233242
-2.4699999999999913	0.02182241464949053
-2.4599999999999915	0.022301228900911196
-2.4499999999999917	0.02278889751763991
-2.439999999999992	0.02328554050220683
-2.429999999999992	0.02379127835996532
-2.4199999999999924	0.024306232069173286
-2.4099999999999926	0.024830523050141537
-2.399999999999993	0.02536427313372502
-2.389999999999993	0.02590760452855834
-2.3799999999999932	0.026460639787274996
-2.3699999999999934	0.027023501772092787
-2.3599999999999937	0.027596313619125765
-2.349999999999994	0.028179198701735627
-2.339999999999994	0.028772280592925595
-2.3299999999999943	0.02937568302689622
-2.3199999999999945	0.02998952985918645
-2.3099999999999947	0.030613945026249124
-2.299999999999995	0.031249052503769074
-2.289999999999995	0.03189497626396498
-2.2799999999999954	0.03255184023194494
-2.2699999999999956	0.03321976824113626
-2.259999999999996	0.0338988839873417
-2.249999999999996	0.03458931098215269
-2.239999999999996	0.0352911725052491
-2.2299999999999964	0.036004591555430884
-2.2199999999999966	0.03672969080087474
-2.209999999999997	0.03746659252847397
-2.199999999999997	0.03821541859178383
-2.1899999999999973	0.03897629035819555
-2.1799999999999975	0.039749328655233875
-2.1699999999999977	0.04053465371550073
-2.159999999999998	0.04133238512079962
-2.149999999999998	0.042142641745413024
-2.1399999999999983	0.04296554169815635
-2.1299999999999986	0.043801202263424835
-2.1199999999999988	0.0446497398416394
-2.109999999999999	0.04551126988831361
-2.099999999999999	0.04638590685224202
-2.0899999999999994	0.04727376411305065
-2.0799999999999996	0.048174953917507014
-2.07	0.04908958731486523
-2.06	0.05001777409167624
-2.0500000000000003	0.050959622705412655
-2.0400000000000005	0.0519152402171669
-2.0300000000000007	0.05288473222377503
-2.020000000000001	0.05386820278893301
-2.010000000000001	0.054865754373305486
-2.0000000000000013	0.05587748776423579
-1.9900000000000015	0.05690350200443654
-1.9800000000000015	0.05794389431976172
-1.9700000000000015	0.058998760046583464
-1.9600000000000015	0.06006819255835321
-1.9500000000000015	0.06115228319115767
-1.9400000000000015	0.06225112116898093
-1.9300000000000015	0.06336479352830089
-1.9200000000000015	0.06449338504172553
-1.9100000000000015	0.06563697814135826
-1.9000000000000015	0.06679565284165365
-1.8900000000000015	0.0679694866614214
-1.8800000000000014	0.06915855454549977
-1.8700000000000014	0.07036292878620072
-1.8600000000000014	0.07158267894383429
-1.8500000000000014	0.07281787176711152
-1.8400000000000014	0.07406857111336092
-1.8300000000000014	0.07533483786799317
-1.8200000000000014	0.07661672986385241
-1.8100000000000014	0.07791430180058859
-1.8000000000000014	0.07922760516332385
-1.7900000000000014	0.08055668814140769
-1.7800000000000014	0.0819015955471069
-1.7700000000000014	0.0832623687340239
-1.7600000000000013	0.0846390455153923
-1.7500000000000013	0.08603166008272714
-1.7400000000000013	0.087440242924162
-1.7300000000000013	0.08886482074285709
-1.7200000000000013	0.09030541637584942
-1.7100000000000013	0.09176204871281697
-1.7000000000000013	0.0932347326149101
-1.6900000000000013	0.09472347883429062
-1.6800000000000013	0.09622829393373164
-1.6700000000000013	0.09774918020638465
-1.6600000000000013	0.09928613559637357
-1.6500000000000012	0.10083915361972315
-1.6400000000000012	0.1024082232855
-1.6300000000000012	0.10399332901794009
-1.6200000000000012	0.10559445057912943
-1.6100000000000012	0.10721156299203856
-1.6000000000000012	0.1088446364646858
-1.5900000000000012	0.11049363631505195
-1.5800000000000012	0.11215852289654568
-1.5700000000000012	0.1138392515246306
-1.5600000000000012	0.11553577240457405
-1.5500000000000012	0.11724803055974062
-1.5400000000000011	0.11897596576128681
-1.5300000000000011	0.12071951245919157
-1.5200000000000011	0.12247859971401948
-1.5100000000000011	0.12425315113016892
-1.500000000000001	0.12604308479071782
-1.490000000000001	0.1278483131931436
-1.480000000000001	0.1296687431868143
-1.470000000000001	0.1315042759119736
-1.460000000000001	0.133354806740197
-1.450000000000001	0.13522022521635668
-1.440000000000001	0.13710041500272818
-1.430000000000001	0.13899525382437125
-1.420000000000001	0.14090461341642008
-1.410000000000001	0.1428283594735564
-1.400000000000001	0.1447663516011366
-1.390000000000001	0.1467184432681515
-1.380000000000001	0.148684481762739
-1.370000000000001	0.1506643081495238
-1.360000000000001	0.15265775722892816
-1.350000000000001	0.1546646574991916
-1.340000000000001	0.15668483112047255
-1.330000000000001	0.1587180938810691
-1.320000000000001	0.16076425516643342
-1.310000000000001	0.16282311793062904
-1.300000000000001	0.16489447866989118
-1.290000000000001	0.16697812739929724
-1.280000000000001	0.16907384763201205
-1.270000000000001	0.17118141636079984
-1.260000000000001	0.17330060404274497
-1.2500000000000009	0.1754311745868326
-1.2400000000000009	0.1775728853439001
-1.2300000000000009	0.17972548709991026
-1.2200000000000009	0.18188872407226322
-1.2100000000000009	0.18406233390875504
-1.2000000000000008	0.18624604768981273
-1.1900000000000008	0.18843958993410423
-1.1800000000000008	0.19064267860676298
-1.1700000000000008	0.19285502513114663
-1.1600000000000008	0.19507633440403235
-1.1500000000000008	0.19730630481365927
-1.1400000000000008	0.19954462826123495
-1.1300000000000008	0.2017909901862331
-1.1200000000000008	0.20404506959458615
-1.1100000000000008	0.20630653909034927
-1.1000000000000008	0.20857506491133218
-1.0900000000000007	0.21085030696779034
-1.0800000000000007	0.21313191888458027
-1.0700000000000007	0.21541954804736863
-1.0600000000000007	0.21771283565214783
-1.0500000000000007	0.22001141675809774
-1.0400000000000007	0.22231492034472924
-1.0300000000000007	0.2246229693723103
-1.0200000000000007	0.22693518084573672
-1.0100000000000007	0.2292511658826789
-1.0000000000000007	0.23157052978519382
-0.9900000000000007	0.23389287211468365
-0.9800000000000006	0.23621778677119742
-0.9700000000000006	0.2385448620763024
-0.9600000000000006	0.24087368085936
-0.9500000000000006	0.2432038205479108
-0.9400000000000006	0.2455348532619336
-0.9300000000000006	0.24786634591127812
-0.9200000000000006	0.25019786029735785
-0.9100000000000006	0.2525289532185871
-0.9000000000000006	0.2548591765790854
-0.8900000000000006	0.25718807750146705
-0.8800000000000006	0.259515198443541
-0.8700000000000006	0.2618400773180482
-0.8600000000000005	0.2641622476164276
-0.8500000000000005	0.2664812385365405
-0.8400000000000005	0.2687965751133503
-0.8300000000000005	0.2711077783534099
-0.8200000000000005	0.2734143653733829
-0.8100000000000005	0.2757158495413829
-0.8000000000000005	0.2780117406219967
-0.7900000000000005	0.2803015449251656
-0.7800000000000005	0.28258476545791505
-0.7700000000000005	0.2848609020794373
-0.7600000000000005	0.2871294516600487
-0.7500000000000004	0.289389908242834
-0.7400000000000004	0.29164176320839136
-0.7300000000000004	0.293884505443379
-0.7200000000000004	0.2961176215116346
-0.7100000000000004	0.2983405958280298
-0.7000000000000004	0.3005529108359984
-0.6900000000000004	0.30275404718756466
-0.6800000000000004	0.3049434839257685
-0.6700000000000004	0.30712069867054437
-0.6600000000000004	0.30928516780694804
-0.6500000000000004	0.31143636667562974
-0.6400000000000003	0.3135737697662521
-0.6300000000000003	0.3156968509133266
-0.6200000000000003	0.31780508349370873
-0.6100000000000003	0.31989794062701843
-0.6000000000000003	0.3219748953781756
-0.5900000000000003	0.3240354209612467
-0.5800000000000003	0.32607899094332177
-0.5700000000000003	0.328105079463257
-0.5600000000000003	0.3301131614255624
-0.5500000000000003	0.3321027127222563
-0.5400000000000003	0.334073210443616
-0.5300000000000002	0.33602413309215023
-0.5200000000000002	0.3379549607982498
-0.5100000000000002	0.3398651755374624
-0.5000000000000002	0.34175426134807824
-0.49000000000000027	0.3436217045498636
-0.48000000000000026	0.34546699396429525
-0.47000000000000025	0.3472896211345735
-0.46000000000000024	0.34908908054640314
-0.45000000000000023	0.3508648698500231
-0.4400000000000002	0.3526164900816872
-0.4300000000000002	0.35434344588530325
-0.4200000000000002	0.35604524573511015
-0.4100000000000002	0.35772140215751586
-0.4000000000000002	0.35937143195245796
-0.3900000000000002	0.36099485641547446
-0.38000000000000017	0.36259120155866686
-0.37000000000000016	0.3641599983306235
-0.36000000000000015	0.3657007828367431
-0.35000000000000014	0.36721309655813333
-0.34000000000000014	0.36869648656884535
-0.3300000000000001	0.3701505057532407
-0.3200000000000001	0.37157471302055234
-0.3100000000000001	0.3729686735224722
-0.3000000000000001	0.3743319588594176
-0.2900000000000001	0.3756641472963318
-0.2800000000000001	0.37696482396962255
-0.2700000000000001	0.37823358109496774
-0.26000000000000006	0.37947001817223613
-0.25000000000000006	0.3806737421868052
-0.24000000000000007	0.38184436781240333
-0.23000000000000007	0.3829815176065662
-0.22000000000000006	0.38408482220666434
-0.21000000000000005	0.38515392052240166
-0.20000000000000004	0.386188459925161
-0.19000000000000003	0.3871880964338106
-0.18000000000000002	0.38815249489876025
-0.17	0.3890813291816578
-0.16	0.3899742823310645
-0.15	0.3908310467559367
-0.13999999999999999	0.39165132439489964
-0.12999999999999998	0.39243482688087666
-0.11999999999999998	0.39318127570293215
-0.10999999999999999	0.39389040236376904
-0.09999999999999999	0.39456194853221066
-0.09	0.3951956661923228
-0.08	0.3957913177880355
-0.07	0.3963486763623772
-0.060000000000000005	0.3968675256929269
-0.05	0.39734766042248665
-0.04	0.3977888861845512
-0.03	0.3981910197233631
-0.02	0.39855388901037364
-0.01	0.39887733335402903
0	0.39916120350492046
0.01	0.39940536175606894
0.02	0.3996096820369575
0.03	0.3997740500023392
0.04	0.3998983631160113
0.05	0.3999825307281528
0.060000000000000005	0.4000264741471055
0.07	0.4000301267059475
0.08	0.3999934338224987
0.09	0.3999163530534238
0.09999999999999999	0.3997988541430772
0.10999999999999999	0.39964091906565513
0.11999999999999998	0.39944254206113505
0.12999999999999998	0.39920372966580503
0.13999999999999999	0.39892450073616165
0.15	0.3986048864662856
0.16	0.398244930399711
0.17	0.3978446884346782
0.18000000000000002	0.3974042288227506
0.19000000000000003	0.3969236321617727
0.20000000000000004	0.3964029913822702
0.21000000000000005	0.3958424117270953
0.22000000000000006	0.3952420107253021
0.23000000000000007	0.39460191815967577
0.24000000000000007	0.3939222760272942
0.25000000000000006	0.39320323849440203
0.26000000000000006	0.3924449718450136
0.2700000000000001	0.39164765442259375
0.2800000000000001	0.3908114765659599
0.2900000000000001	0.3899366405390958
0.3000000000000001	0.38902336045414704
0.3100000000000001	0.38807186218863593
0.3200000000000001	0.38708238329670713
0.3300000000000001	0.386055172913808
0.34000000000000014	0.3849904916555422
0.35000000000000014	0.3838886115108782
0.36000000000000015	0.38274981572883104
0.37000000000000016	0.3815743986994631
0.38000000000000017	0.3803626658295209
0.3900000000000002	0.3791149334117599
0.4000000000000002	0.37783152848867235
0.4100000000000002	0.37651278871121874
0.4200000000000002	0.37515906219140316
0.4300000000000002	0.37377070734961293
0.4400000000000002	0.3723480927569898
0.45000000000000023	0.3708915969722495
0.46000000000000024	0.36940160837324276
0.47000000000000025	0.3678785249839918
0.48000000000000026	0.3663227542965688
0.49000000000000027	0.3647347130878588
0.5000000000000002	0.3631148272322736
0.5100000000000002	0.3614635315096057
0.5200000000000002	0.3597812694081246
0.5300000000000002	0.3580684929238897
0.5400000000000003	0.3563256623558121
0.5500000000000003	0.35455324609596894
0.5600000000000003	0.35275172041703134
0.5700000000000003	0.3509215692553239
0.5800000000000003	0.34906328399014624
0.5900000000000003	0.34717736321984266
0.6000000000000003	0.345264312534656
0.6100000000000003	0.3433246442858613
0.6200000000000003	0.341358877352267
0.6300000000000003	0.33936753690383015
0.6400000000000003	0.33735115416217604
0.6500000000000004	0.33531026615870624
0.6600000000000004	0.33324541549056486
0.6700000000000004	0.3311571500737889
0.6800000000000004	0.3290460228945394
0.6900000000000004	0.32691259175869636
0.7000000000000004	0.3247574190391994
0.7100000000000004	0.32258107142183
0.7200000000000004	0.32038411964993757
0.7300000000000004	0.3181671382673671
0.7400000000000004	0.3159307053603948
0.7500000000000004	0.31367540229896596
0.7600000000000005	0.3114018134768233
0.7700000000000005	0.30911052605091177
0.7800000000000005	0.3068021296807776
0.7900000000000005	0.30447721626733093
0.8000000000000005	0.3021363796913197
0.8100000000000005	0.2997802155523205
0.8200000000000005	0.2974093209076456
0.8300000000000005	0.2950242940114749
0.8400000000000005	0.2926257340548079
0.8500000000000005	0.2902142409060922
0.8600000000000005	0.28779041485236173
0.8700000000000006	0.2853548563418241
0.8800000000000006	0.2829081657275117
0.8900000000000006	0.28045094301205303
0.9000000000000006	0.2779837875941732
0.9100000000000006	0.27550729801695784
0.9200000000000006	0.2730220717174828
0.9300000000000006	0.2705287047787639
0.9400000000000006	0.26802779168392177
0.9500000000000006	0.265519925072162
0.9600000000000006	0.2630056954974461
0.9700000000000006	0.2604856911898929
0.9800000000000006	0.2579604978194271
0.9900000000000007	0.2554306982624791
1.0000000000000007	0.25289687237182557
1.0100000000000007	0.2503595967491639
1.0200000000000007	0.2478194445210263
1.0300000000000007	0.24527698511831464
1.0400000000000007	0.24273278405893703
1.0500000000000007	0.24018740273406627
1.0600000000000007	0.23764139819847258
1.0700000000000007	0.23509532296428065
1.0800000000000007	0.23254972479864405
1.0900000000000007	0.23000514652580442
1.1000000000000008	0.2274621258330332
1.1100000000000008	0.22492119508064554
1.1200000000000008	0.22238288111675583
1.1300000000000008	0.21984770509617726
1.1400000000000008	0.21731618230377894
1.1500000000000008	0.21478882198255211
1.1600000000000008	0.21226612716644622
1.1700000000000008	0.20974859451752884
1.1800000000000008	0.207236714168415
1.1900000000000008	0.20473096956943349
1.2000000000000008	0.2022318373404446
1.2100000000000009	0.199739787128018
1.2200000000000009	0.19725528146764135
1.2300000000000009	0.19477877565060533
1.2400000000000009	0.19231071759651155
1.2500000000000009	0.18985154773081162
1.260000000000001	0.18740169886736477
1.270000000000001	0.18496159609643506
1.280000000000001	0.18253165667802
1.290000000000001	0.1801122899405159
1.300000000000001	0.17770389718410334
1.310000000000001	0.17530687159045302
1.320000000000001	0.17292159813697797
1.330000000000001	0.17054845351674824
1.340000000000001	0.16818780606385447
1.350000000000001	0.16584001568391882
1.360000000000001	0.16350543378996876
1.370000000000001	0.1611844032439029
1.380000000000001	0.1588772583029322
1.390000000000001	0.15658432457152097
1.400000000000001	0.15430591895860707
1.410000000000001	0.15204234964006882
1.420000000000001	0.14979391602624256
1.430000000000001	0.14756090873498667
1.440000000000001	0.14534360956965128
1.450000000000001	0.14314229150212415
1.460000000000001	0.14095721866111155
1.470000000000001	0.13878864632546892
1.480000000000001	0.13663682092217594
1.490000000000001	0.13450198002967897
1.500000000000001	0.13238435238585045
1.5100000000000011	0.13028415790066109
1.5200000000000011	0.1282016076737997
1.5300000000000011	0.1261369040169711
1.5400000000000011	0.12409024048046761
1.5500000000000012	0.12206180188465414
1.5600000000000012	0.12005176435577547
1.5700000000000012	0.1180602953659671
1.5800000000000012	0.11608755377776289
1.5900000000000012	0.11413368989289092
1.6000000000000012	0.11219884550486565
1.6100000000000012	0.11028315395584518
1.6200000000000012	0.1083867401975733
1.6300000000000012	0.10650972085581767
1.6400000000000012	0.10465220429878687
1.6500000000000012	0.1028142907092962
1.6600000000000013	0.10099607216036237
1.6700000000000013	0.09919763269419325
1.6800000000000013	0.0974190484048784
1.6900000000000013	0.0956603875240204
1.7000000000000013	0.0939217105096095
1.7100000000000013	0.09220307013810429
1.7200000000000013	0.09050451159942569
1.7300000000000013	0.08882607259452796
1.7400000000000013	0.08716778343625532
1.7500000000000013	0.08552966715234592
1.7600000000000013	0.08391173959118763
1.7700000000000014	0.08231400952996816
1.7800000000000014	0.08073647878527622
1.7900000000000014	0.07917914232551161
1.8000000000000014	0.07764198838589167
1.8100000000000014	0.07612499858515201
1.8200000000000014	0.07462814804408448
1.8300000000000014	0.07315140550605417
1.8400000000000014	0.07169473345908381
1.8500000000000014	0.07025808825937162
1.8600000000000014	0.06884142025639847
1.8700000000000014	0.06744467391941233
1.8800000000000014	0.06606778796488673
1.8900000000000015	0.06471069548533336
1.9000000000000015	0.06337332407919102
1.9100000000000015	0.06205559598129373
1.9200000000000015	0.06075742819445747
1.9300000000000015	0.05947873262165181
1.9400000000000015	0.0582194161987607
1.9500000000000015	0.05697938102780602
1.9600000000000015	0.05575852451071939
1.9700000000000015	0.05455673948328509
1.9800000000000015	0.053373914349214395
1.9900000000000015	0.05220993321464235
2.0000000000000013	0.05106467602227358
2.010000000000001	0.04993801868558073
2.020000000000001	0.04882983322298238
2.0300000000000007	0.0477399878916245
2.0400000000000005	0.04666834732063791
2.0500000000000003	0.04561477264443826
2.06	0.04457912163503114
2.07	0.04356124883399219
2.0799999999999996	0.04256100568366237
2.0899999999999994	0.041578240657660366
2.099999999999999	0.04061279939049154
2.109999999999999	0.0396645248062806
2.1199999999999988	0.03873325724656015
2.1299999999999986	0.03781883459692362
2.1399999999999983	0.036921092412665606
2.149999999999998	0.036039864043232415
2.159999999999998	0.03517498075529756
2.1699999999999977	0.0343262718546693
2.1799999999999975	0.03349356480687384
2.1899999999999973	0.03267668535608736
2.199999999999997	0.031875457642803834
2.209999999999997	0.031089704320022636
2.2199999999999966	0.030319246667582116
2.2299999999999964	0.029563904705141936
2.239999999999996	0.02882349730339065
2.249999999999996	0.028097842293462637
2.259999999999996	0.02738675657475583
2.2699999999999956	0.026690056220870936
2.2799999999999954	0.026007556583731602
2.289999999999995	0.025339072395735865
2.299999999999995	0.024684417870337153
2.3099999999999947	0.024043406800306446
2.3199999999999945	0.023415852654216425
2.3299999999999943	0.022801568671057794
2.339999999999994	0.022200367952728096
2.349999999999994	0.021612063554359053
2.3599999999999937	0.02103646857299575
2.3699999999999934	0.02047339623384038
2.3799999999999932	0.01992265997455986
2.389999999999993	0.019384073527630323
2.399999999999993	0.01885745100036548
2.4099999999999926	0.018342606952988682
2.4199999999999924	0.017839356474555965
2.429999999999992	0.017347515256765263
2.439999999999992	0.016866899665605378
2.4499999999999917	0.01639732681094816
2.4599999999999915	0.015938614614043764
2.4699999999999913	0.015490581872744652
2.479999999999991	0.015053048324771985
2.489999999999991	0.014625834708833888
2.4999999999999907	0.014208762823606834
2.5099999999999905	0.0138016555846107
2.5199999999999902	0.013404337079135215
2.52999999999999	0.013016632618909178
2.53999999999999	0.01263836879077368
2.5499999999999896	0.012269373505517971
2.5599999999999894	0.011909476044273733
2.569999999999989	0.0115585071032856
2.579999999999989	0.011216298836528148
2.5899999999999888	0.010882684896341392
2.5999999999999885	0.010557500472077389
2.6099999999999883	0.010240582327056864
2.619999999999988	0.009931768833271426
2.629999999999988	0.009630900004439969
2.6399999999999877	0.009337817527189277
2.6499999999999875	0.00905236479030443
2.6599999999999873	0.008774386912267762
2.669999999999987	0.008503730766970592
2.679999999999987	0.008240245007736633
2.6899999999999866	0.00798378008949239
2.6999999999999864	0.00773418828949252
2.709999999999986	0.007491323726116025
2.719999999999986	0.0072550423762046245
2.7299999999999858	0.007025202090765325
2.7399999999999856	0.006801662609100657
2.7499999999999853	0.006584285571426324
2.759999999999985	0.006372934529918216
2.769999999999985	0.006167474958489184
2.7799999999999847	0.005967774260871602
2.7899999999999845	0.00577370177749709
2.7999999999999843	0.005585128790955565
2.809999999999984	0.005401928530119647
2.819999999999984	0.005223976172946845
2.8299999999999836	0.00505114884815115
2.8399999999999834	0.004883325635441673
2.849999999999983	0.004720387564790312
2.859999999999983	0.004562217614421373
2.869999999999983	0.004408700707652952
2.8799999999999826	0.004259723708769692
2.8899999999999824	0.004115175417826456
2.899999999999982	0.003974946564284069
2.909999999999982	0.003838929799891917
2.9199999999999817	0.003707019690456854
2.9299999999999815	0.003579112706797333
2.9399999999999813	0.0034551072147494884
2.949999999999981	0.0033349034644269333
2.959999999999981	0.003218403578514432
2.9699999999999807	0.0031055115399770427
2.9799999999999804	0.0029961331788732177
2.9899999999999802	0.002890176158556312
2.99999999999998	0.0027875499611056394
3.00999999999998	0.0026881658722027824
3.0199999999999796	0.0025919369653317915
3.0299999999999794	0.002498778085412935
3.039999999999979	0.002408605831890831
3.049999999999979	0.0023213385412719965
3.0599999999999787	0.002236896269211494
3.0699999999999785	0.0021552007720418457
3.0799999999999783	0.0020761754880538512
3.089999999999978	0.001999745518100398
3.099999999999978	0.001925837606050762
3.1099999999999777	0.0018543801187723044
3.1199999999999775	0.0017853030258171282
3.1299999999999772	0.0017185378787583844
3.139999999999977	0.0016540177903938819
3.149999999999977	0.0015916774134601534
3.1599999999999766	0.0015314529193329865
3.1699999999999764	0.0014732819764394461
3.179999999999976	0.0014171037284227686
3.189999999999976	0.0013628587722680405
3.1999999999999758	0.001310489136244891
3.2099999999999755	0.0012599382576305893
3.2199999999999753	0.0012111509605175134
3.229999999999975	0.0011640734334008897
3.239999999999975	0.0011186532067802557
3.2499999999999747	0.0010748391306476363
3.2599999999999745	0.0010325813520987608
3.2699999999999743	0.000991831292761728
3.279999999999974	0.0009525416263365816
3.289999999999974	0.000914666256206088
3.2999999999999736	0.0008781602929844745
3.3099999999999734	0.0008429800321833795
3.319999999999973	0.000809082931961673
3.329999999999973	0.000776427590984679
3.3399999999999728	0.0007449737262566368
3.3499999999999726	0.0007146821512507034
3.3599999999999723	0.0006855147540826005
3.369999999999972	0.0006574344757238592
3.379999999999972	0.000630405288561983
3.3899999999999717	0.0006043921749973781
3.3999999999999715	0.0005793611061681063
3.4099999999999713	0.0005552790210305379
3.419999999999971	0.000532113805435047
3.429999999999971	0.0005098342715233905
3.4399999999999706	0.0004884101372850968
3.4499999999999704	0.00046781200636540436
3.45999999999997	0.00044801134799657194
3.46999999999997	0.00042898047733174876
3.47999999999997	0.0004106925358232408
3.4899999999999696	0.0003931214719842186
3.4999999999999694	0.00037624202229332105
3.509999999999969	0.0003600296924369716
3.519999999999969	0.0003444607387465218
3.5299999999999687	0.0003295121499187949
3.5399999999999685	0.000315161628994025
3.5499999999999683	0.00030138757560938683
3.559999999999968	0.00028816906850150976
3.569999999999968	0.0002754858482945265
3.5799999999999677	0.000263318300619102
3.5899999999999674	0.0002516474393281941
3.5999999999999672	0.0002404548902374237
3.609999999999967	0.0002297228749672057
3.619999999999967	0.0002194341951183164
3.6299999999999666	0.0002095722167372805
3.6399999999999664	0.00020012085509443287
3.649999999999966	0.0001910645596113495
3.659999999999966	0.00018238829927727531
3.6699999999999657	0.00017407754816645092
3.6799999999999655	0.00016611827133757384
3.6899999999999653	0.00015849691093467082
3.699999999999965	0.00015120037271162436
3.709999999999965	0.00014421601261790506
3.7199999999999647	0.000137531623887609
3.7299999999999645	0.00013113542422557066
3.7399999999999642	0.00012501604338477888
3.749999999999964	0.00011916251093387081
3.759999999999964	0.0001135642443679181
3.7699999999999636	0.00010821103739686483
3.7799999999999634	0.00010309304862780191
3.789999999999963	0.00009820079035488346
3.799999999999963	0.00009352511774100802
3.8099999999999627	0.00008905721815258378
3.8199999999999625	0.00008478860085219679
3.8299999999999623	0.00008071108685861171
3.839999999999962	0.00007681679903784539
3.849999999999962	0.00007309815260408464
3.8599999999999617	0.00006954784562805413
3.8699999999999615	0.00006615884991691496
3.8799999999999613	0.00006292440217907034
3.889999999999961	0.00005983799527058547
3.899999999999961	0.0000568933697729883
3.9099999999999606	0.000054084505795992694
3.9199999999999604	0.00005140561494014964
3.92999999999996	0.00004885113252798978
3.93999999999996	0.00004641571002682782
3.9499999999999598	0.000044094207688075534
3.9599999999999596	0.0000418816873701517
3.9699999999999593	0.00003977340561650915
3.979999999999959	0.0000377648068660357
3.989999999999959	0.000035851516874520736
3.9999999999999587	0.00003402933639579644
4.009999999999959	0.00003229423493840667
4.019999999999959	0.00003064234475366236
4.0299999999999585	0.000029069955070782896
4.039999999999958	0.000027573506372287063
4.049999999999958	0.000026149584954276813
4.059999999999958	0.000024794917582169304
4.069999999999958	0.000023506366377614324
4.079999999999957	0.00002228092376647584
4.089999999999957	0.00002111570771856222
4.099999999999957	0.000020007957020232088
4.109999999999957	0.000018955026722802066
4.119999999999957	0.000017954383787046327
4.129999999999956	0.000017003602854314483
4.139999999999956	0.000016100362069536254
4.149999999999956	0.000015242439144854042
4.159999999999956	0.000014427707553806473
4.1699999999999555	0.000013654132767177692
4.179999999999955	0.000012919768678586846
4.189999999999955	0.000012222754135748819
4.199999999999955	0.000011561309590861726
4.209999999999955	0.000010933733862520606
4.2199999999999545	0.000010338401015253966
4.229999999999954	9.773757342518477e-6
4.239999999999954	9.238318455795556e-6
4.249999999999954	8.730666480402305e-6
4.259999999999954	8.249447346295068e-6
4.269999999999953	7.793368177997943e-6
4.279999999999953	7.3611947779161304e-6
4.289999999999953	6.951749201078991e-6
4.299999999999953	6.5639074179129135e-6
4.3099999999999525	6.196597063457862e-6
4.319999999999952	5.848795268869531e-6
4.329999999999952	5.51952657426646e-6
4.339999999999952	5.2078609198852265e-6
4.349999999999952	4.912911711391638e-6
4.3599999999999515	4.6338339607318356e-6
4.369999999999951	4.369822495722373e-6
4.379999999999951	4.120110238898015e-6
4.389999999999951	3.883966557003754e-6
4.399999999999951	3.6606956637036794e-6
4.40999999999995	3.4496350998848952e-6
4.41999999999995	3.2501542584638015e-6
4.42999999999995	3.061652978746579e-6
4.43999999999995	2.88356019117108e-6
4.4499999999999496	2.7153326184385225e-6
4.459999999999949	2.556453526878398e-6
4.469999999999949	2.406431530873408e-6
4.479999999999949	2.2647994433580778e-6
4.489999999999949	2.1311131755018775e-6
4.4999999999999485	2.0049506795531542e-6
4.509999999999948	1.8859109396862907e-6
4.519999999999948	1.7736129968334514e-6
4.529999999999948	1.6676950249991146e-6
4.539999999999948	1.5678134355037629e-6
4.549999999999947	1.4736420292611462e-6
4.559999999999947	1.3848711720129667e-6
4.569999999999947	1.3012070239101844e-6
4.579999999999947	1.2223707858651266e-6
4.589999999999947	1.1480979784070943e-6
4.599999999999946	1.078137768217581e-6
4.609999999999946	1.0122523063716946e-6
4.619999999999946	9.502161024182491e-7
4.629999999999946	8.918154288783277e-7
4.6399999999999455	8.368477479105441e-7
4.649999999999945	7.851211637034575e-7
4.659999999999945	7.364539033118653e-7
4.669999999999945	6.906738161711235e-7
4.679999999999945	6.476178994247607e-7
4.689999999999944	6.071318429207312e-7
4.699999999999944	5.69069596313626e-7
4.709999999999944	5.332929552723009e-7
4.719999999999944	4.99671167145209e-7
4.729999999999944	4.680805546930518e-7
4.739999999999943	4.384041570632387e-7
4.749999999999943	4.105313891298411e-7
4.759999999999943	3.8435771484620953e-7
4.769999999999943	3.5978433629716135e-7
4.7799999999999425	3.367178988565924e-7
4.789999999999942	3.1507020980170604e-7
4.799999999999942	2.9475796945785447e-7
4.809999999999942	2.757025168900005e-7
4.819999999999942	2.578295866145802e-7
4.8299999999999415	2.410690779960384e-7
4.839999999999941	2.2535483476370344e-7
4.849999999999941	2.1062443675747344e-7
4.859999999999941	1.9681900108228019e-7
4.869999999999941	1.8388299316796582e-7
4.87999999999994	1.7176404741725e-7
4.88999999999994	1.6041279667570915e-7
4.89999999999994	1.4978271034296943e-7
4.90999999999994	1.3982994065409038e-7
4.9199999999999395	1.3051317655552603e-7
4.929999999999939	1.2179350513472548e-7
4.939999999999939	1.1363428013235601e-7
4.949999999999939	1.0600099735669774e-7
4.959999999999939	9.886117594357248e-8
4.9699999999999385	9.218424771725545e-8
4.979999999999938	8.594144703267471e-8
4.989999999999938	8.010571236676847e-8
4.999999999999938	7.465159298254369e-8
5.009999999999938	6.955515503139552e-8
5.019999999999937	6.479389672299505e-8
5.029999999999937	6.034666748632271e-8
5.039999999999937	5.6193590623364833e-8
5.049999999999937	5.231599081110796e-8
5.0599999999999365	4.869632522949484e-8
5.069999999999936	4.531811812928802e-8
5.079999999999936	4.216589964200343e-8
5.089999999999936	3.922514698095871e-8
5.099999999999936	3.648223002511797e-8
5.1099999999999355	3.392435893915067e-8
5.119999999999935	3.153953414664718e-8
5.129999999999935	2.9316500711384346e-8
5.139999999999935	2.72447044310381e-8
5.149999999999935	2.5314249993839223e-8
5.159999999999934	2.3515861368657633e-8
5.169999999999934	2.1840847401864532e-8
5.179999999999934	2.028106292345576e-8
5.189999999999934	1.882887862316781e-8
5.199999999999934	1.7477149233611587e-8
5.209999999999933	1.6219184305613048e-8
5.219999999999933	1.5048720545118034e-8
5.229999999999933	1.395989411955461e-8
5.239999999999933	1.2947222060181479e-8
5.2499999999999325	1.2005572755484977e-8
5.259999999999932	1.1130145578239778e-8
5.269999999999932	1.0316452245399859e-8
5.279999999999932	9.560295315714583e-9