-5.709999999999923	9.511003632434817e-8
-5.699999999999923	1.0011183565601614e-7
-5.689999999999923	1.0536826703480588e-7
-5.679999999999923	1.1089183994506159e-7
-5.6699999999999235	1.1669564368955898e-7
-5.659999999999924	1.2279338555947455e-7
-5.649999999999924	1.2919942767249755e-7
-5.639999999999924	1.3592879641731034e-7
-5.629999999999924	1.4299722209898179e-7
-5.619999999999925	1.5042116369814963e-7
-5.609999999999925	1.5821785767762607e-7
-5.599999999999925	1.6640535883734044e-7
-5.589999999999925	1.7500251343175e-7
-5.5799999999999255	1.8402908803034404e-7
-5.569999999999926	1.935057226193713e-7
-5.559999999999926	2.0345402775829474e-7
-5.549999999999926	2.1389661314621827e-7
-5.539999999999926	2.2485713470438037e-7
-5.5299999999999265	2.3636029770321625e-7
-5.519999999999927	2.484319700595759e-7
-5.509999999999927	2.610991897912519e-7
-5.499999999999927	2.743902268887084e-7
-5.489999999999927	2.883346336359003e-7
-5.479999999999928	3.0296329238333676e-7
-5.469999999999928	3.183085162472863e-7
-5.459999999999928	3.344040444521415e-7
-5.449999999999928	3.5128516048512635e-7
-5.4399999999999284	3.689887070219967e-7
-5.429999999999929	3.8755318047306567e-7
-5.419999999999929	4.070188269622394e-7
-5.409999999999929	4.2742767622871504e-7
-5.399999999999929	4.488236320198113e-7
-5.3899999999999295	4.7125254980928325e-7
-5.37999999999993	4.947623202943824e-7
-5.36999999999993	5.194029545413105e-7
-5.35999999999993	5.452266729013458e-7
-5.34999999999993	5.722879990911068e-7
-5.339999999999931	6.006438521483283e-7
-5.329999999999931	6.303536489819541e-7
-5.319999999999931	6.614794110352077e-7
-5.309999999999931	6.940858678645987e-7
-5.299999999999931	7.282405707704735e-7
-5.289999999999932	7.640140088212996e-7
-5.279999999999932	8.014797299847601e-7
-5.269999999999932	8.40714460812974e-7
-5.259999999999932	8.817982536667689e-7
-5.2499999999999325	9.248146109099179e-7
-5.239999999999933	9.698506137610035e-7
-5.229999999999933	1.0169970851176369e-6
-5.219999999999933	1.0663487352781173e-6
-5.209999999999933	1.1180043189330984e-6
-5.199999999999934	1.1720667978999553e-6
-5.189999999999934	1.228643510382037e-6
-5.179999999999934	1.2878463462033156e-6
-5.169999999999934	1.3497919287954433e-6
-5.159999999999934	1.4146018034331602e-6
-5.149999999999935	1.4824026335029285e-6
-5.139999999999935	1.5533264030512222e-6
-5.129999999999935	1.6275106268841392e-6
-5.119999999999935	1.7050985684583868e-6
-5.1099999999999355	1.7862394675982916e-6
-5.099999999999936	1.8710887740500343e-6
-5.089999999999936	1.959808385978052e-6
-5.079999999999936	2.0525669097474835e-6
-5.069999999999936	2.1495399092841895e-6
-5.0599999999999365	2.250910192585295e-6
-5.049999999999937	2.356868078874538e-6
-5.039999999999937	2.4676116784093944e-6
-5.029999999999937	2.5833472289086674e-6
-5.019999999999937	2.704289355328708e-6
-5.009999999999938	2.8306614391302333e-6
-4.999999999999938	2.9626959247037832e-6
-4.989999999999938	3.1006346689844674e-6
-4.979999999999938	3.2447292994101394e-6
-4.9699999999999385	3.395241586777382e-6
-4.959999999999939	3.5524437949534325e-6
-4.949999999999939	3.71661917812609e-6
-4.939999999999939	3.888062221160884e-6
-4.929999999999939	4.067079254427692e-6
-4.9199999999999395	4.253988718037472e-6
-4.90999999999994	4.4491217205862005e-6
-4.89999999999994	4.6528224747241096e-6
-4.88999999999994	4.865448783513298e-6
-4.87999999999994	5.087372533937173e-6
-4.869999999999941	5.318980229800176e-6
-4.859999999999941	5.560673507615963e-6
-4.849999999999941	5.8128696972718285e-6
-4.839999999999941	6.076002394989067e-6
-4.8299999999999415	6.350522045432948e-6
-4.819999999999942	6.636896553842491e-6
-4.809999999999942	6.9356119224671895e-6
-4.799999999999942	7.247172871138508e-6
-4.789999999999942	7.572103545462346e-6
-4.7799999999999425	7.910948191226945e-6
-4.769999999999943	8.2642718537152e-6
-4.759999999999943	8.632661141646292e-6
-4.749999999999943	9.016724978190777e-6
-4.739999999999943	9.417095378119253e-6
-4.729999999999944	9.83442826708232e-6
-4.719999999999944	0.000010269404319470287
-4.709999999999944	0.000010722729814921079
-4.699999999999944	0.00001119513751608929
-4.689999999999944	0.00001168738761930071
-4.679999999999945	0.000012200268670494657
-4.669999999999945	0.000012734598552642634
-4.659999999999945	0.00001329122548680362
-4.649999999999945	0.00001387102908060055
-4.6399999999999455	0.000014474921373743728
-4.629999999999946	0.00001510384796226636
-4.619999999999946	0.000015758789106609914
-4.609999999999946	0.000016440760926035057
-4.599999999999946	0.000017150816591736064
-4.589999999999947	0.000017890047567482427
-4.579999999999947	0.000018659584866505604
-4.569999999999947	0.0000194606004004871
-4.559999999999947	0.000020294308312246233
-4.549999999999947	0.000021161966362725904
-4.539999999999948	0.00002206487738167231
-4.529999999999948	0.00002300439073009705
-4.519999999999948	0.000023981903817075923
-4.509999999999948	0.00002499886367803183
-4.4999999999999485	0.000026056768558686337
-4.489999999999949	0.000027157169580547193
-4.479999999999949	0.000028301672437607264
-4.469999999999949	0.000029491939140658987
-4.459999999999949	0.00003072968981987873
-4.4499999999999496	0.000032016704562577226
-4.43999999999995	0.00003335482531775767
-4.42999999999995	0.00003474595784085321
-4.41999999999995	0.000036192073699834445
-4.40999999999995	0.00003769521234119176
-4.399999999999951	0.00003925748318690758
-4.389999999999951	0.000040881067822704284
-4.379999999999951	0.00004256822222346404
-4.369999999999951	0.000044321279038860924
-4.3599999999999515	0.000046142649947818425
-4.349999999999952	0.000048034828077398306
-4.339999999999952	0.0000500003904657172
-4.329999999999952	0.0000520420006148774
-4.319999999999952	0.000054162411095787126
-4.3099999999999525	0.00005636446622131899
-4.299999999999953	0.00005865110478663965
-4.289999999999953	0.000061025362895004885
-4.279999999999953	0.00006349037683044038
-4.269999999999953	0.00006604938601765488
-4.259999999999954	0.00006870573606005502
-4.249999999999954	0.00007146288184556552
-4.239999999999954	0.00007432439072110578
-4.229999999999954	0.00007729394577185744
-4.2199999999999545	0.00008037534915141952
-4.209999999999955	0.00008357252550569939
-4.199999999999955	0.0000868895254882202
-4.189999999999955	0.0000903305293425281
-4.179999999999955	0.00009389985057242101
-4.1699999999999555	0.0000976019397167501
-4.159999999999956	0.00010144138819019067
-4.149999999999956	0.00010542293222214556
-4.139999999999956	0.00010955145688600208
-4.129999999999956	0.00011383200024926341
-4.119999999999957	0.00011826975754189074
-4.109999999999957	0.00012287008550041748
-4.099999999999957	0.00012763850676708938
-4.089999999999957	0.00013258071441270817
-4.079999999999957	0.00013770257650892192
-4.069999999999958	0.00014301014086352316
-4.059999999999958	0.0001485096398172953
-4.049999999999958	0.0001542074951482952
-4.039999999999958	0.0001601103231251453
-4.0299999999999585	0.00016622493957543484
-4.019999999999959	0.00017255836515331292
-4.009999999999959	0.0001791178306639368
-3.9999999999999587	0.00018591078253336343
-3.989999999999959	0.0001929448883300834
-3.979999999999959	0.0002002280424738273
-3.9699999999999593	0.00020776837200121658
-3.9599999999999596	0.00021557424247113367
-3.9499999999999598	0.00022365426398836272
-3.93999999999996	0.00023201729732626268
-3.92999999999996	0.00024067246018313245
-3.9199999999999604	0.0002496291335546694
-3.9099999999999606	0.00025889696822313307
-3.899999999999961	0.00026848589136282627
-3.889999999999961	0.00027840611328658094
-3.8799999999999613	0.00028866813429268196
-3.8699999999999615	0.0002992827516394745
-3.8599999999999617	0.00031026106666255725
-3.849999999999962	0.0003216144919971611
-3.839999999999962	0.0003333547589255107
-3.8299999999999623	0.0003454939248707549
-3.8199999999999625	0.00035804438099786934
-3.8099999999999627	0.0003710188599461504
-3.799999999999963	0.0003844304436946011
-3.789999999999963	0.0003982925715558025
-3.7799999999999634	0.0004126190482824473
-3.7699999999999636	0.00042742405232595057
-3.759999999999964	0.00044272214420901023
-3.749999999999964	0.00045852827502660266
-3.7399999999999642	0.0004748577950709091
-3.7299999999999645	0.0004917264626225178
-3.7199999999999647	0.0005091504527939833
-3.709999999999965	0.0005271463665762452
-3.699999999999965	0.0005457312399785373
-3.6899999999999653	0.0005649225532884117
-3.6799999999999655	0.0005847382404729018
-3.6699999999999657	0.0006051966987081516
-3.659999999999966	0.0006263167980087401
-3.649999999999966	0.0006481178910171216
-3.6399999999999664	0.0006706198228791152
-3.6299999999999666	0.0006938429412620135
-3.619999999999967	0.0007178081064885888
-3.609999999999967	0.0007425367017908656
-3.5999999999999672	0.000768050643676247
-3.5899999999999674	0.0007943723924048532
-3.5799999999999677	0.0008215249626003645
-3.569999999999968	0.0008495319339360486
-3.559999999999968	0.0008784174619941114
-3.5499999999999683	0.0009082062891314698
-3.5399999999999685	0.0009389237555492922
-3.5299999999999687	0.000970595810402473
-3.519999999999969	0.0010032490230458798
-3.509999999999969	0.0010369105943345454
-3.4999999999999694	0.0010716083680883757
-3.4899999999999696	0.0011073708425350954
-3.47999999999997	0.0011442271819521392
-3.46999999999997	0.00118220722831765
-3.45999999999997	0.0012213415130795304
-3.4499999999999704	0.0012616612689842692
-3.4399999999999706	0.0013031984419652903
-3.429999999999971	0.0013459857031202318
-3.419999999999971	0.0013900564607429583
-3.4099999999999713	0.0014354448723921756
-3.3999999999999715	0.001482185857023073
-3.3899999999999717	0.0015303151072501642
-3.379999999999972	0.0015798691014427605
-3.369999999999972	0.001630885116073226
-3.3599999999999723	0.0016834012379947326
-3.3499999999999726	0.001737456376743353
-3.3399999999999728	0.0017930902768752116
-3.329999999999973	0.001850343530302269
-3.319999999999973	0.0019092575887043057
-3.3099999999999734	0.001969874775764514
-3.2999999999999736	0.0020322382995891074
-3.289999999999974	0.0020963922650056237
-3.279999999999974	0.0021623816858532675
-3.2699999999999743	0.00223025249726202
-3.2599999999999745	0.002300051567865211
-3.2499999999999747	0.002371826711974224
-3.239999999999975	0.0024456267017041403
-3.229999999999975	0.0025215012790270105
-3.2199999999999753	0.002599501167736347
-3.2099999999999755	0.0026796780853593307
-3.1999999999999758	0.0027620847549484095
-3.189999999999976	0.0028467749167697936
-3.179999999999976	0.0029338033399014273
-3.1699999999999764	0.003023225833687509
-3.1599999999999766	0.0031150992590518968
-3.149999999999977	0.003209481539695698
-3.139999999999977	0.003306431673114186
-3.1299999999999772	0.003406009741447516
-3.1199999999999775	0.0035082769221684807
-3.1099999999999777	0.003613295498572473
-3.099999999999978	0.003721128870048337
-3.089999999999978	0.0038318415621611842
-3.0799999999999783	0.003945499236499037
-3.0699999999999785	0.004062168700261856
-3.0599999999999787	0.004181917915623319
-3.049999999999979	0.0043048160088226825
-3.039999999999979	0.004430933278954859
-3.0299999999999794	0.004560341206490246
-3.0199999999999796	0.004693112461491217
-3.00999999999998	0.004829320911480986
-2.99999999999998	0.004969041629001965
-2.9899999999999802	0.005112350898819465
-2.9799999999999804	0.005259326224754899
-2.9699999999999807	0.005410046336137644
-2.959999999999981	0.005564591193883751
-2.949999999999981	0.005723041996134521
-2.9399999999999813	0.005885481183486623
-2.9299999999999815	0.006051992443789495
-2.9199999999999817	0.00622266071646889
-2.909999999999982	0.006397572196378689
-2.899999999999982	0.006576814337188826
-2.8899999999999824	0.006760475854237926
-2.8799999999999826	0.006948646726924488
-2.869999999999983	0.007141418200319431
-2.859999999999983	0.007338882786718632
-2.849999999999983	0.007541134266107157
-2.8399999999999834	0.007748267686317434
-2.8299999999999836	0.007960379362505899
-2.819999999999984	0.008177566876011264
-2.809999999999984	0.008399929072585363
-2.7999999999999843	0.008627566059960236
-2.7899999999999845	0.008860579204723383
-2.7799999999999847	0.009099071128531717
-2.769999999999985	0.009343145703603282
-2.759999999999985	0.009592908047516167
-2.7499999999999853	0.00984846451703292
-2.7399999999999856	0.01010992270167474
-2.7299999999999858	0.010377391415979282
-2.719999999999986	0.010650980691241645
-2.709999999999986	0.010930801766393185
-2.6999999999999864	0.011216967078025188
-2.6899999999999866	0.011509590249586336
-2.679999999999987	0.011808786079716669
-2.669999999999987	0.012114670529683336
-2.6599999999999873	0.012427360709923911
-2.6499999999999875	0.012746974865694661
-2.6399999999999877	0.013073632361752189
-2.629999999999988	0.013407453666104779
-2.619999999999988	0.013748560332815168
-2.6099999999999883	0.014097074983793633
-2.5999999999999885	0.014453121289603802
-2.5899999999999888	0.014816823949283166
-2.579999999999989	0.015188308669097894
-2.569999999999989	0.01556770214027656
-2.5599999999999894	0.01595513201569672
-2.5499999999999896	0.016350726885483155
-2.53999999999999	0.016754616251521408
-2.52999999999999	0.01716693050089683
-2.5199999999999902	0.017587800878203143
-2.5099999999999905	0.018017359456718448
-2.4999999999999907	0.01845573910847771
-2.489999999999991	0.018903073473175085
-2.479999999999991	0.019359496925894767
-2.4699999999999913	0.01982514454370297
-2.4599999999999915	0.02030015207104604
-2.4499999999999917	0.02078465588393815
-2.439999999999992	0.0212787929529814
-2.429999999999992	0.021782700805165287
-2.4199999999999924	0.022296517484436878
-2.4099999999999926	0.022820381511057693
-2.399999999999993	0.023354431839744685
-2.389999999999993	0.02389880781653514
-2.3799999999999932	0.02445364913444166
-2.3699999999999934	0.025019095787859814
-2.3599999999999937	0.025595288025693882
-2.349999999999994	0.026182366303252484
-2.339999999999994	0.02678047123289538
-2.3299999999999943	0.027389743533381642
-2.3199999999999945	0.028010323977993416
-2.3099999999999947	0.02864235334138681
-2.299999999999995	0.029285972345175767
-2.289999999999995	0.029941321602256293
-2.2799999999999954	0.03060854155990449
-2.2699999999999956	0.031287772441557414
-2.259999999999996	0.03197915418741838
-2.249999999999996	0.032682826393776704
-2.239999999999996	0.03339892825109144
-2.2299999999999964	0.034127598480841154
-2.2199999999999966	0.034868975271181595
-2.209999999999997	0.03562319621135942
-2.199999999999997	0.03639039822492001
-2.1899999999999973	0.03717071750175516
-2.1799999999999975	0.03796428942894747
-2.1699999999999977	0.03877124852043741
-2.159999999999998	0.039591728345569795
-2.149999999999998	0.040425861456488806
-2.1399999999999983	0.041273779314395076
-2.1299999999999986	0.04213561221474306
-2.1199999999999988	0.043011489211306625
-2.109999999999999	0.043901538039229
-2.099999999999999	0.04480588503699874
-2.0899999999999994	0.045724655067430627
-2.0799999999999996	0.04665797143761722
-2.07	0.04760595581794892
-2.06	0.048568728160177106
-2.0500000000000003	0.04954640661454496
-2.0400000000000005	0.050539107446046776
-2.0300000000000007	0.051546944949840585
-2.020000000000001	0.052570031365796216
-2.010000000000001	0.05360847679228168
-2.0000000000000013	0.05466238909918252
-1.9900000000000015	0.055731873840177165
-1.9800000000000015	0.056817034164331856
-1.9700000000000015	0.057917970727062174
-1.9600000000000015	0.05903478160044189
-1.9500000000000015	0.060167562182950544
-1.9400000000000015	0.06131640510871156
-1.9300000000000015	0.06248140015619902
-1.9200000000000015	0.06366263415650228
-1.9100000000000015	0.06486019090121509
-1.9000000000000015	0.06607415104993544
-1.8900000000000015	0.06730459203744563
-1.8800000000000014	0.06855158798066559
-1.8700000000000014	0.06981520958535761
-1.8600000000000014	0.07109552405266278
-1.8500000000000014	0.07239259498554923
-1.8400000000000014	0.07370648229518464
-1.8300000000000014	0.0750372421072773
-1.8200000000000014	0.07638492666850775
-1.8100000000000014	0.07774958425305618
-1.8000000000000014	0.07913125906917856
-1.7900000000000014	0.08052999116621522
-1.7800000000000014	0.08194581634168453
-1.7700000000000014	0.08337876604876823
-1.7600000000000013	0.0848288673042141
-1.7500000000000013	0.08629614259668422
-1.7400000000000013	0.08778060979559611
-1.7300000000000013	0.0892822820605719
-1.7200000000000013	0.09080116775153696
-1.7100000000000013	0.09233727033948819
-1.7000000000000013	0.09389058831807301
-1.6900000000000013	0.09546111511601017
-1.6800000000000013	0.09704883901038121
-1.6700000000000013	0.09865374304092123
-1.6600000000000013	0.10027580492538751
-1.6500000000000012	0.10191499697590777
-1.6400000000000012	0.10357128601669467
-1.6300000000000012	0.10524463330286674
-1.6200000000000012	0.10693499444062585
-1.6100000000000012	0.10864231930881862
-1.6000000000000012	0.11036655198197623
-1.5900000000000012	0.11210763065486026
-1.5800000000000012	0.1138654875685897
-1.5700000000000012	0.11564004893848619
-1.5600000000000012	0.11743123488361139
-1.5500000000000012	0.11923895935811452
-1.5400000000000011	0.12106313008450174
-1.5300000000000011	0.12290364848881848
-1.5200000000000011	0.12476040963783999
-1.5100000000000011	0.12663330217840438
-1.500000000000001	0.1285222082788726
-1.490000000000001	0.13042700357280135
-1.480000000000001	0.13234755710495605
-1.470000000000001	0.13428373127968396
-1.460000000000001	0.13623538181168
-1.450000000000001	0.13820235767931963
-1.440000000000001	0.14018450108052807
-1.430000000000001	0.1421816473912828
-1.420000000000001	0.1441936251268362
-1.410000000000001	0.14622025590572071
-1.400000000000001	0.14826135441653382
-1.390000000000001	0.15031672838766513
-1.380000000000001	0.15238617855998368
-1.370000000000001	0.15446949866250448
-1.360000000000001	0.1565664753911416
-1.350000000000001	0.1586768883906655
-1.340000000000001	0.16080051023974626
-1.330000000000001	0.16293710643931975
-1.320000000000001	0.1650864354042441
-1.310000000000001	0.16724824845832492
-1.300000000000001	0.16942228983266636
-1.290000000000001	0.17160829666762645
-1.280000000000001	0.1738059990181917
-1.270000000000001	0.17601511986280677
-1.260000000000001	0.17823537511609314
-1.2500000000000009	0.1804664736448975
-1.2400000000000009	0.1827081172881423
-1.2300000000000009	0.18496000088053619
-1.2200000000000009	0.1872218122797675
-1.2100000000000009	0.18949323239777424
-1.2000000000000008	0.19177393523558084
-1.1900000000000008	0.19406358792223186
-1.1800000000000008	0.19636185075742899
-1.1700000000000008	0.19866837725817882
-1.1600000000000008	0.20098281420945416
-1.1500000000000008	0.2033048017184366
-1.1400000000000008	0.20563397327331695
-1.1300000000000008	0.20796995580561534
-1.1200000000000008	0.21031236975670164
-1.1100000000000008	0.212660829148281
-1.1000000000000008	0.21501494165708568
-1.0900000000000007	0.2173743086934527
-1.0800000000000007	0.2197385254834086
-1.0700000000000007	0.22210718115614533
-1.0600000000000007	0.22447985883429344
-1.0500000000000007	0.22685613572847796
-1.0400000000000007	0.22923558323627877
-1.0300000000000007	0.23161776704514248
-1.0200000000000007	0.23400224723880944
-1.0100000000000007	0.23638857840827132
-1.0000000000000007	0.23877630976639982
-0.9900000000000007	0.24116498526659375
-0.9800000000000006	0.24355414372539042
-0.9700000000000006	0.24594331894887272
-0.9600000000000006	0.24833203986296848
-0.9500000000000006	0.2507198306476349
-0.9400000000000006	0.2531062108747426
-0.9300000000000006	0.25549069564970894
-0.9200000000000006	0.25787279575692335
-0.9100000000000006	0.26025201780873375
-0.9000000000000006	0.26262786439802793
-0.8900000000000006	0.26499983425446805
-0.8800000000000006	0.26736742240413747
-0.8700000000000006	0.2697301203326582
-0.8600000000000005	0.27208741615162724
-0.8500000000000005	0.27443879476859473
-0.8400000000000005	0.27678373805982726
-0.8300000000000005	0.27912172504676636
-0.8200000000000005	0.2814522320752603
-0.8100000000000005	0.2837747329978876
-0.8000000000000005	0.2860886993593189
-0.7900000000000005	0.28839360058442043
-0.7800000000000005	0.29068890416919074
-0.7700000000000005	0.29297407587444624
-0.7600000000000005	0.29524857992201015
-0.7500000000000004	0.2975118791934431
-0.7400000000000004	0.2997634354312527
-0.7300000000000004	0.3020027094423345
-0.7200000000000004	0.3042291613036411
-0.7100000000000004	0.3064422505700374
-0.7000000000000004	0.30864143648409026
-0.6900000000000004	0.31082617818774944
-0.6800000000000004	0.3129959349358899
-0.6700000000000004	0.3151501663116621
-0.6600000000000004	0.31728833244251176
-0.6500000000000004	0.31940989421964644
-0.6400000000000003	0.3215143135163722
-0.6300000000000003	0.3236010534095056
-0.6200000000000003	0.3256695784009184
-0.6100000000000003	0.3277193546404539
-0.6000000000000003	0.32974985014940644
-0.5900000000000003	0.3317605350451766
-0.5800000000000003	0.33375088176592066
-0.5700000000000003	0.33572036529574567
-0.5600000000000003	0.33766846339144496
-0.5500000000000003	0.3395946568069475
-0.5400000000000003	0.341498429520263
-0.5300000000000002	0.3433792689590573
-0.5200000000000002	0.34523666622643573
-0.5100000000000002	0.34707011632618767
-0.5000000000000002	0.3488791183876883
-0.49000000000000027	0.35066317589010915
-0.48000000000000026	0.3524217968859219
-0.47000000000000025	0.3541544942234394
-0.46000000000000024	0.355860785768388
-0.45000000000000023	0.3575401946242876
-0.4400000000000002	0.3591922493514551
-0.4300000000000002	0.3608164841847018
-0.4200000000000002	0.3624124392493166
-0.4100000000000002	0.3639796607753392
-0.4000000000000002	0.3655177013100195
-0.3900000000000002	0.36702611992827433
-0.38000000000000017	0.36850448244091566
-0.37000000000000016	0.3699523616007284
-0.36000000000000015	0.3713693373060639
-0.35000000000000014	0.37275499680187735
-0.34000000000000014	0.3741089348781608
-0.3300000000000001	0.375430754065503
-0.3200000000000001	0.37672006482771053
-0.3100000000000001	0.3779764857514138
-0.3000000000000001	0.3791996437324351
-0.2900000000000001	0.38038917415880524
-0.2800000000000001	0.3815447210904092
-0.2700000000000001	0.3826659374350054
-0.26000000000000006	0.3837524851205592
-0.25000000000000006	0.38480403526378193
-0.24000000000000007	0.38582026833475047
-0.23000000000000007	0.3868008743174434
-0.22000000000000006	0.3877455528661706
-0.21000000000000005	0.3886540134577302
-0.20000000000000004	0.3895259755391662
-0.19000000000000003	0.390361168671087
-0.18000000000000002	0.39115933266640907
-0.17	0.39192021772438834
-0.16	0.3926435845599084
-0.15	0.3933292045279259
-0.13999999999999999	0.3939768597429184
-0.12999999999999998	0.3945863431933018
-0.11999999999999998	0.3951574588505396
-0.10999999999999999	0.39569002177414175
-0.09999999999999999	0.39618385820909935
-0.09	0.3966388056802971
-0.08	0.39705471308031487
-0.07	0.39743144075196973
-0.060000000000000005	0.3977688605653448
-0.05	0.3980668559891736
-0.04	0.3983253221565529
-0.03	0.39854416592497927
-0.02	0.3987233059305915
-0.01	0.39886267263659353
0	0.39896220837587343
0.01	0.3990218673877161
0.02	0.39904161584858583
0.03	0.39902143189700945
0.04	0.39896130565247684
0.05	0.3988612392283471
0.060000000000000005	0.39872124673878256
0.07	0.3985413542996743
0.08	0.39832160002352696
0.09	0.3980620340083618
0.09999999999999999	0.3977627183206069
0.10999999999999999	0.3974237269719458
0.11999999999999998	0.39704514589020623
0.12999999999999998	0.3966270728842747
0.13999999999999999	0.3961696176030038
0.15	0.3956729014882232
0.16	0.39513705772205737
0.17	0.39456223116723693
0.18000000000000002	0.3939485783037849
0.19000000000000003	0.3932962671577156
0.20000000000000004	0.392605477225041
0.21000000000000005	0.3918763993898579
0.22000000000000006	0.3911092358367996
0.23000000000000007	0.3903041999578456
0.24000000000000007	0.3894615162536009
0.25000000000000006	0.38858142022911873
0.26000000000000006	0.3876641582842802
0.2700000000000001	0.38670998759883274
0.2800000000000001	0.385719176012196
0.2900000000000001	0.3846920018980462
0.3000000000000001	0.38362875403380015
0.3100000000000001	0.3825297314650962
0.3200000000000001	0.3813952433653348
0.3300000000000001	0.3802256088903645
0.34000000000000014	0.37902115702845945
0.35000000000000014	0.37778222644563175
0.36000000000000015	0.3765091653263963
0.37000000000000016	0.37520233121011987
0.38000000000000017	0.37386209082303656
0.3900000000000002	0.3724888199060214
0.4000000000000002	0.3710829030382963
0.4100000000000002	0.36964473345713583
0.4200000000000002	0.36817471287368503
0.4300000000000002	0.3666732512850538
0.4400000000000002	0.36514076678279267
0.45000000000000023	0.3635776853578391
0.46000000000000024	0.36198444070211966
0.47000000000000025	0.3603614740069174
0.48000000000000026	0.3587092337581038
0.49000000000000027	0.35702817552842026
0.5000000000000002	0.3553187617669185
0.5100000000000002	0.353581461585693
0.5200000000000002	0.35181675054404243
0.5300000000000002	0.35002511043024076
0.5400000000000003	0.348207029040988
0.5500000000000003	0.3463629999587316
0.5600000000000003	0.3444935223270162
0.5700000000000003	0.34259910062395194
0.5800000000000003	0.3406802444339748
0.5900000000000003	0.3387374682180742
0.6000000000000003	0.3367712910825746
0.6100000000000003	0.3347822365468604
0.6200000000000003	0.33277083230895604
0.6300000000000003	0.3307376100121909
0.6400000000000003	0.3286831050089479
0.6500000000000004	0.32660785612479787
0.6600000000000004	0.32451240542187293
0.6700000000000004	0.3223972979618317
0.6800000000000004	0.3202630815686178
0.6900000000000004	0.31811030659109996
0.7000000000000004	0.31593952566573746
0.7100000000000004	0.313751293479476
0.7200000000000004	0.31154616653294703
0.7300000000000004	0.3093247029041495
0.7400000000000004	0.30708746201274106
0.7500000000000004	0.3048350043851042
0.7600000000000005	0.3025678914202723
0.7700000000000005	0.30028668515690826
0.7800000000000005	0.29799194804145446
0.7900000000000005	0.29568424269754967
0.8000000000000005	0.2933641316969065
0.8100000000000005	0.2910321773317405
0.8200000000000005	0.2886889413888822
0.8300000000000005	0.286334984925701
0.8400000000000005	0.28397086804799365
0.8500000000000005	0.2815971496898925
0.8600000000000005	0.2792143873959866
0.8700000000000006	0.2768231371057291
0.8800000000000006	0.27442395294025324
0.8900000000000006	0.27201738699171
0.9000000000000006	0.26960398911525996
0.9100000000000006	0.26718430672378074
0.9200000000000006	0.26475888458542984
0.9300000000000006	0.2623282646241582
0.9400000000000006	0.25989298572326874
0.9500000000000006	0.2574535835320955
0.9600000000000006	0.2550105902759509
0.9700000000000006	0.2525645345693744
0.9800000000000006	0.2501159412327817
0.9900000000000007	0.24766533111263284
1.0000000000000007	0.24521322090516356
1.0100000000000007	0.242760122983748
1.0200000000000007	0.240306545230016
1.0300000000000007	0.2378529908687536
1.0400000000000007	0.23539995830665147
1.0500000000000007	0.23294794097500082
1.0600000000000007	0.23049742717637586
1.0700000000000007	0.22804889993533678
1.0800000000000007	0.22560283685325175
1.0900000000000007	0.22315970996727352
1.1000000000000008	0.220719985613483
1.1100000000000008	0.2182841242942958
1.1200000000000008	0.2158525805501462
1.1300000000000008	0.21342580283547427
1.1400000000000008	0.211004233399068
1.1500000000000008	0.2085883081687987
1.1600000000000008	0.2061784566407365
1.1700000000000008	0.20377510177270844
1.1800000000000008	0.2013786598823081
1.1900000000000008	0.19898954054936746
1.2000000000000008	0.19660814652288722
1.2100000000000009	0.19423487363249436
1.2200000000000009	0.19187011070435242
1.2300000000000009	0.18951423948158785
1.2400000000000009	0.18716763454921206
1.2500000000000009	0.18483066326353842
1.260000000000001	0.1825036856860653
1.270000000000001	0.1801870545218671
1.280000000000001	0.177881115062428
1.290000000000001	0.17558620513291884
1.300000000000001	0.17330265504392484
1.310000000000001	0.17103078754756643
1.320000000000001	0.16877091779799178
1.330000000000001	0.16652335331624746
1.340000000000001	0.16428839395946496
1.350000000000001	0.16206633189432001
1.360000000000001	0.15985745157477677
1.370000000000001	0.15766202972403917
1.380000000000001	0.15548033532066033
1.390000000000001	0.15331262958881192
1.400000000000001	0.1511591659926278
1.410000000000001	0.1490201902345805
1.420000000000001	0.1468959402578575
1.430000000000001	0.14478664625267015
1.440000000000001	0.14269253066644005
1.450000000000001	0.14061380821780697
1.460000000000001	0.13855068591441713
1.470000000000001	0.1365033630743948
1.480000000000001	0.13447203135146416
1.490000000000001	0.1324568747636582
1.500000000000001	0.13045806972552168
1.5100000000000011	0.1284757850837586
1.5200000000000011	0.12651018215627663
1.5300000000000011	0.1245614147745005
1.5400000000000011	0.12262962932893362
1.5500000000000012	0.1207149648178843
1.5600000000000012	0.11881755289925254
1.5700000000000012	0.11693751794534023
1.5800000000000012	0.11507497710058459
1.5900000000000012	0.11323004034214261
1.6000000000000012	0.11140281054324232
1.6100000000000012	0.10959338353924088
1.6200000000000012	0.10780184819627965
1.6300000000000012	0.10602828648247227
1.6400000000000012	0.10427277354154746
1.6500000000000012	0.102535377768843
1.6600000000000013	0.10081616088964136
1.6700000000000013	0.09911517803958173
1.6800000000000013	0.09743247784731741
1.6900000000000013	0.09576810251913684
1.7000000000000013	0.09412208792555313
1.7100000000000013	0.09249446368975348
1.7200000000000013	0.09088525327782322
1.7300000000000013	0.08929447409065977
1.7400000000000013	0.08772213755757767
1.7500000000000013	0.08616824923127639
1.7600000000000013	0.08463280888440962
1.7700000000000014	0.08311581060745761
1.7800000000000014	0.0816172429078661
1.7900000000000014	0.08013708881039486
1.8000000000000014	0.07867532595858788
1.8100000000000014	0.07723192671726693
1.8200000000000014	0.07580685827596949
1.8300000000000014	0.07440008275328606
1.8400000000000014	0.07301155730196054
1.8500000000000014	0.07164123421471759
1.8600000000000014	0.07028906103073983
1.8700000000000014	0.06895498064267436
1.8800000000000014	0.06763893140414919
1.8900000000000015	0.0663408472376895
1.9000000000000015	0.06506065774296864
1.9100000000000015	0.06379828830531188
1.9200000000000015	0.06255366020441384
1.9300000000000015	0.06132669072315312
1.9400000000000015	0.06011729325646331
1.9500000000000015	0.058925377420189544
1.9600000000000015	0.057750849159861915
1.9700000000000015	0.056593610859306365
1.9800000000000015	0.05545356144904972
1.9900000000000015	0.054330596514450574
2.0000000000000013	0.05322460840347746
2.010000000000001	0.052135486334092415
2.020000000000001	0.051063116501189235
2.0300000000000007	0.050007382182983756
2.0400000000000005	0.04896816384686355
2.0500000000000003	0.047945339254599165
2.06	0.046938783566865414
2.07	0.04594836944704245
2.0799999999999996	0.04497396716424442
2.0899999999999994	0.04401544469549416
2.099999999999999	0.043072667827040646
2.109999999999999	0.042145500254752555
2.1199999999999988	0.04123380368353882
2.1299999999999986	0.040337437925769
2.1399999999999983	0.0394562609986366
2.149999999999998	0.03859012922046833
2.159999999999998	0.03773889730583927
2.1699999999999977	0.03690241845960983
2.1799999999999975	0.03608054446970914
2.1899999999999973	0.03527312579872039
2.199999999999997	0.034480011674200464
2.209999999999997	0.03370105017770758
2.2199999999999966	0.03293608833252095
2.2299999999999964	0.03218497219000969
2.239999999999996	0.031447546914647594
2.249999999999996	0.030723656867621095
2.259999999999996	0.03001314568903886
2.2699999999999956	0.02931585637869949
2.2799999999999954	0.028631631375414267
2.289999999999995	0.027960312634847065
2.299999999999995	0.027301741705911486
2.3099999999999947	0.026655759805591556
2.3199999999999945	0.026022207892324532
2.3299999999999943	0.025400926737820878
2.339999999999994	0.024791756997357414
2.349999999999994	0.024194539278526293
2.3599999999999937	0.023609114208431654
2.3699999999999934	0.023035322499329033
2.3799999999999932	0.02247300501269913
2.389999999999993	0.02192200282175666
2.399999999999993	0.02138215727238646
2.4099999999999926	0.020853310042509666
2.4199999999999924	0.020335303199881923
2.429999999999992	0.019827979258306337
2.439999999999992	0.019331181232296917
2.4499999999999917	0.018844752690161837
2.4599999999999915	0.018368537805529505
2.4699999999999913	0.017902381407317904
2.479999999999991	0.017446129028151524
2.489999999999991	0.01699962695124163
2.4999999999999907	0.01656272225571495
2.5099999999999905	0.016135262860438867
2.5199999999999902	0.015717097566309617
2.52999999999999	0.015308076097048004
2.53999999999999	0.014908049138493933
2.5499999999999896	0.014516868376424756
2.5599999999999894	0.014134386532898084
2.569999999999989	0.013760457401149298
2.579999999999989	0.013394935879040249
2.5899999999999888	0.013037678001090387
2.5999999999999885	0.012688540969094829
2.6099999999999883	0.012347383181302768
2.619999999999988	0.012014064260473833
2.629999999999988	0.011688445080067496
2.6399999999999877	0.011370387789609698
2.6499999999999875	0.01105975583847055
2.6599999999999873	0.010756413998358668
2.669999999999987	0.010460228384784057
2.679999999999987	0.010171066476737437
2.6899999999999866	0.00988879713566032
2.6999999999999864	0.009613290622927487
2.709999999999986	0.009344418616186541
2.719999999999986	0.009082054224521486
2.7299999999999858	0.008826072002461608
2.7399999999999856	0.008576347962857925
2.7499999999999853	0.008332759588650566
2.759999999999985	0.008095185843547925
2.769999999999985	0.007863507181642913
2.7799999999999847	0.00763760555598598
2.7899999999999845	0.007417364426140134
2.7999999999999843	0.0072026687647452825
2.809999999999984	0.00699340506309847
2.819999999999984	0.006789461335801508
2.8299999999999836	0.006590727124473617
2.8399999999999834	0.006397093500561059
2.849999999999983	0.006208453067275779
2.859999999999983	0.006024699960676237
2.869999999999983	0.0058457298499083755
2.8799999999999826	0.005671439936660118
2.8899999999999824	0.005501728953803855
2.899999999999982	0.0053364971632977
2.909999999999982	0.005175646353340828
2.9199999999999817	0.005019079834815082
2.9299999999999815	0.004866702437030082
2.9399999999999813	0.004718420502805839
2.949999999999981	0.004574141882901345
2.959999999999981	0.004433775929823165
2.9699999999999807	0.0042972334910255355
2.9799999999999804	0.004164426901539914
2.9899999999999802	0.004035269976032022
2.99999999999998	0.003909678000333233
3.00999999999998	0.0037875677224493637
3.0199999999999796	0.0036688573430769325
3.0299999999999794	0.0035534665056442356
3.039999999999979	0.0034413162858986652
3.049999999999979	0.0033323291810607673
3.0599999999999787	0.003226429098564706
3.0699999999999785	0.003123541344404093
3.0799999999999783	0.00302359261110349
3.089999999999978	0.002926510965335456
3.099999999999978	0.002832225835197939
3.1099999999999777	0.0027406679971780333
3.1199999999999775	0.0026517695628062343
3.1299999999999772	0.002565463965039866
3.139999999999977	0.0024816859443708523
3.149999999999977	0.002400371534691929
3.1599999999999766	0.0023214580489247017
3.1699999999999764	0.002244884064443338
3.179999999999976	0.0021705894082808233
3.189999999999976	0.002098515142173683
3.1999999999999758	0.002028603547419087
3.2099999999999755	0.0019607981095895555
3.2199999999999753	0.0018950435031050213
3.229999999999975	0.0018312855756807238
3.239999999999975	0.0017694713326599286
3.2499999999999747	0.0017095489212614447
3.2599999999999745	0.0016514676147256482
3.2699999999999743	0.001595177796402204
3.279999999999974	0.0015406309437916454
3.289999999999974	0.0014877796124442705
3.2999999999999736	0.001436577420018104
3.3099999999999734	0.0013869790301173045
3.319999999999973	0.0013389401362143278
3.329999999999973	0.0012924174455512588
3.3399999999999728	0.001247368663045637
3.3499999999999726	0.0012037524752199465
3.3599999999999723	0.0011615285341696404
3.369999999999972	0.0011206574414729968
3.379999999999972	0.0010811007323467804
3.3899999999999717	0.0010428208596507112
3.3999999999999715	0.001005781178057888
3.4099999999999713	0.0009699459282742367
3.419999999999971	0.0009352802213340357
3.429999999999971	0.0009017500229805825
3.4399999999999706	0.0008693221381410325
3.4499999999999704	0.0008379641954943825
3.45999999999997	0.000807644632148989
3.46999999999997	0.0007783326784383429
3.47999999999997	0.000749998342782057
3.4899999999999696	0.0007226123967716972
3.4999999999999694	0.0006961463602845811
3.509999999999969	0.000670572486773646
3.519999999999969	0.0006458637486888867
3.5299999999999687	0.0006219938230406976
3.5399999999999685	0.0005989370771147435
3.5499999999999683	0.0005766685542856208
3.559999999999968	0.0005551639600900123
3.569999999999968	0.0005343996483475909
3.5799999999999677	0.0005143526074960926
3.5899999999999674	0.0004950004470758152
3.5999999999999672	0.0004763213843819072
3.609999999999967	0.0004582942312818088
3.619999999999967	0.00044089838119957365
3.6299999999999666	0.0004241137962848287
3.6399999999999664	0.00040792099472861636
3.649999999999966	0.0003923010382872984
3.659999999999966	0.0003772355199605333
3.6699999999999657	0.00036270655185248777
3.6799999999999655	0.0003486967532123782
3.6899999999999653	0.0003351892386614588
3.699999999999965	0.0003221676065862674
3.709999999999965	0.0003096159277282253
3.7199999999999647	0.00029751873394889806
3.7299999999999645	0.00028586100716464664
3.7399999999999642	0.0002746281684935038
3.749999999999964	0.00026380606755679187
3.759999999999964	0.0002533809719694227
3.7699999999999636	0.00024333955702116684
3.7799999999999634	0.00023366889552769323
3.789999999999963	0.00022435644787177338
3.799999999999963	0.00021539005221753846
3.8099999999999627	0.00020675791490844643
3.8199999999999625	0.00019844860104287025
3.8299999999999623	0.0001904510252272423
3.839999999999962	0.00018275444250569122
3.849999999999962	0.000175348439466162
3.8599999999999617	0.00016822292552034864
3.8699999999999615	0.00016136812435870116
3.8799999999999613	0.00015477456556289214
3.889999999999961	0.00014843307642190053
3.899999999999961	0.00014233477388586423
3.9099999999999606	0.00013647105668119797
3.9199999999999604	0.0001308335976372754
3.92999999999996	0.00012541433612959572
3.93999999999996	0.00012020547069071574
3.9499999999999598	0.00011519945182081364
3.9599999999999596	0.0001103889749158891
3.9699999999999593	0.00010576697334540856
3.979999999999959	0.00010132661174190588
3.989999999999959	0.0000970612793808234
3.9999999999999587	0.00009296458374440528
4.009999999999959	0.00008903034422196883
4.019999999999959	0.00008525258596442061
4.0299999999999585	0.00008162553387808138
4.039999999999958	0.00007814360676201643
4.049999999999958	0.0000748014115852367
4.059999999999958	0.00007159373790645562
4.069999999999958	0.0000685155524184549
4.079999999999957	0.00006556199364060196
4.089999999999957	0.00006272836673193363
4.099999999999957	0.00006001013844044192
4.109999999999957	0.000057402932170632605
4.119999999999957	0.00005490252319039828
4.129999999999956	0.000052504833948393093
4.139999999999956	0.00005020592951063759
4.149999999999956	0.000048002013128678116
4.159999999999956	0.000045889421913495454
4.1699999999999555	0.00004386462262241829
4.179999999999955	0.00004192420756510735
4.189999999999955	0.00004006489061470721
4.199999999999955	0.00003828350332492232
4.209999999999955	0.00003657699115682405
4.2199999999999545	0.000034942409805658224
4.229999999999954	0.000033376921630207664
4.239999999999954	0.00003187779218528785
4.249999999999954	0.00003044238682640521
4.259999999999954	0.00002906816746477273
4.269999999999953	0.000027752689338474118
4.279999999999953	0.000026493597955457168
4.289999999999953	0.000025288626056857244
4.299999999999953	0.000024135590707758643
4.3099999999999525	0.00002303239045974684
4.319999999999952	0.000021977002593957014
4.329999999999952	0.0000209674804511091
4.339999999999952	0.00002000195083756074
4.349999999999952	0.00001907861150909109
4.3599999999999515	0.00001819572872749389
4.369999999999951	0.000017351634898696924
4.379999999999951	0.000016544726268680676
4.389999999999951	0.000015773460705166148
4.399999999999951	0.000015036355536163884
4.40999999999995	0.000014331985460890439
4.41999999999995	0.00001365898052170655
4.42999999999995	0.000013016024142135699
4.43999999999995	0.000012401851228327287
4.4499999999999496	0.00001181524631671921
4.459999999999949	0.000011255041813895137
4.469999999999949	0.000010720116244695658
4.479999999999949	0.000010209392590383711
4.489999999999949	9.721836687643286e-6
4.4999999999999485	9.256455639753215e-6
4.509999999999948	8.812296314804346e-6
4.519999999999948	8.388443883336276e-6
4.529999999999948	7.9840204011766e-6
4.539999999999948	7.598183437715582e-6
4.549999999999947	7.230124755589302e-6
4.559999999999947	6.879069029839907e-6
4.569999999999947	6.544272615041241e-6
4.579999999999947	6.225022346596506e-6
4.589999999999947	5.920634389341999e-6
4.599999999999946	5.6304531244344105e-6
4.609999999999946	5.353850065557775e-6
4.619999999999946	5.090222839472587e-6
4.629999999999946	4.838994156090353e-6
4.6399999999999455	4.599610854383388e-6
4.649999999999945	4.371542978480892e-6
4.659999999999945	4.154282852865249e-6
4.669999999999945	3.9473442274256755e-6
4.679999999999945	3.750261435850325e-6
4.689999999999944	3.562588583955353e-6
4.699999999999944	3.38389877602825e-6
4.709999999999944	3.213783354279906e-6
4.719999999999944	3.0518511758228124e-6
4.729999999999944	2.897727922667394e-6
4.739999999999943	2.751055414971779e-6
4.749999999999943	2.6114909708889128e-6
4.759999999999943	2.4787068042644727e-6
4.769999999999943	2.3523893242389712e-6
4.7799999999999425	2.232238729992081e-6
4.789999999999942	2.117968251325569e-6
4.799999999999942	2.009303782855333e-6
4.809999999999942	1.905983290754022e-6
4.819999999999942	1.8077562956900304e-6
4.8299999999999415	1.7143834461649208e-6
4.839999999999941	1.625636014011191e-6
4.849999999999941	1.5412954757837886e-6
4.859999999999941	1.461153080347139e-6
4.869999999999941	1.385009441647083e-6
4.87999999999994	1.3126741401697051e-6
4.88999999999994	1.2439653521096412e-6
4.89999999999994	1.1787094773103093e-6
4.90999999999994	1.116740799359685e-6
4.9199999999999395	1.0579011385785031e-6
4.929999999999939	1.0020395414962972e-6
4.939999999999939	9.490119610014821e-7
4.949999999999939	8.986809641729004e-7
4.959999999999939	8.509154471230819e-7
4.9699999999999385	8.055903596601862e-7
4.979999999999938	7.625864407638485e-7
4.989999999999938	7.217899740114604e-7
4.999999999999938	6.830925276513053e-7
5.009999999999938	6.463907337616534e-7
5.019999999999937	6.11586076082764e-7
5.029999999999937	5.785846598658405e-7
5.039999999999937	5.47297012277328e-7
5.049999999999937	5.17637886114521e-7
5.0599999999999365	4.895260711837405e-7
5.069999999999936	4.628842141025178e-7
5.079999999999936	4.376386447803999e-7
5.089999999999936	4.137192093456264e-7
5.099999999999936	3.9105911672081e-7
5.1099999999999355	3.695947824793751e-7
5.119999999999935	3.4926568012293244e-7
5.129999999999935	3.3001420660734627e-7
5.139999999999935	3.1178553368816123e-7
5.149999999999935	2.9452752153352163e-7
5.159999999999934	2.7819056888384497e-7
5.169999999999934	2.6272746233086576e-7
5.179999999999934	2.4809332580299966e-7
5.189999999999934	2.3424547139102046e-7
5.199999999999934	2.2114332003757918e-7
5.209999999999933	2.0874828324735028e-7
5.219999999999933	1.970236832194888e-7
5.229999999999933	1.8593467031403167e-7
5.239999999999933	1.7544811211334945e-7
5.2499999999999325	1.6553255155146958e-7
5.259999999999932	1.5615810886619607e-7
5.269999999999932	1.4729635367092633e-7
5.279999999999932	1.3892031385392314e-7
5.289999999999932	1.3100437230298458e-7
5.299999999999931	1.2352421762179003e-7
5.309999999999931	1.1645675765591222e-7
5.319999999999931	1.0978006311030722e-7
5.329999999999931	1.0347334552286867e-7
5.339999999999931	9.75168527064549e-8