-5.699999999999923	9.75539575007691e-8
-5.689999999999923	1.0269050708782349e-7
-5.679999999999923	1.0808883186846679e-7
-5.6699999999999235	1.1376179690974353e-7
-5.659999999999924	1.197228715923704e-7
-5.649999999999924	1.2598616941239637e-7
-5.639999999999924	1.3256647526881562e-7
-5.629999999999924	1.394792513917683e-7
-5.619999999999925	1.4674067403156374e-7
-5.609999999999925	1.5436769443642965e-7
-5.599999999999925	1.6237806463194994e-7
-5.589999999999925	1.7079033686091297e-7
-5.5799999999999255	1.796239355692447e-7
-5.569999999999926	1.8889918660257576e-7
-5.559999999999926	1.986373523405686e-7
-5.549999999999926	2.0886067941093216e-7
-5.539999999999926	2.195924376942866e-7
-5.5299999999999265	2.3085696679394476e-7
-5.519999999999927	2.4267975078502113e-7
-5.509999999999927	2.5508736344262967e-7
-5.499999999999927	2.6810764763179396e-7
-5.489999999999927	2.817697185505364e-7
-5.479999999999928	2.9610400405044905e-7
-5.469999999999928	3.111423118885145e-7
-5.459999999999928	3.2691788968394394e-7
-5.449999999999928	3.4346548218307e-7
-5.4399999999999284	3.608214112955845e-7
-5.429999999999929	3.790236325315419e-7
-5.419999999999929	3.9811179339900546e-7
-5.409999999999929	4.1812732304200736e-7
-5.399999999999929	4.391135017390217e-7
-5.3899999999999295	4.6111553987895725e-7
-5.37999999999993	4.841806589807086e-7
-5.36999999999993	5.083581769678889e-7
-5.35999999999993	5.336995964881407e-7
-5.34999999999993	5.602586956912052e-7
-5.339999999999931	5.880916251924553e-7
-5.329999999999931	6.172570051357694e-7
-5.319999999999931	6.478160300202447e-7
-5.309999999999931	6.798325744027936e-7
-5.299999999999931	7.13373304460067e-7
-5.289999999999932	7.485077931912802e-7
-5.279999999999932	7.853086405847469e-7
-5.269999999999932	8.238516082153327e-7
-5.259999999999932	8.642157070822917e-7
-5.2499999999999325	9.064834046365875e-7
-5.239999999999933	9.50740680962362e-7
-5.229999999999933	9.970772461345575e-7
-5.219999999999933	1.0455866490890329e-6
-5.209999999999933	1.0963664433511328e-6
-5.199999999999934	1.1495183493534363e-6
-5.189999999999934	1.2051484218690987e-6
-5.179999999999934	1.263367224266961e-6
-5.169999999999934	1.324290009133282e-6
-5.159999999999934	1.388036905617321e-6
-5.149999999999935	1.4547331136107075e-6
-5.139999999999935	1.5245091055872192e-6
-5.129999999999935	1.597500835188507e-6
-5.119999999999935	1.6738499554194473e-6
-5.1099999999999355	1.7537040389418817e-6
-5.099999999999936	1.837216814011036e-6
-5.089999999999936	1.924548409048955e-6
-5.079999999999936	2.0158655950377784e-6
-5.069999999999936	2.1113420503146815e-6
-5.0599999999999365	2.2111586293717368e-6
-5.049999999999937	2.3155036304958285e-6
-5.039999999999937	2.4245731069516145e-6
-5.029999999999937	2.538571135045703e-6
-5.019999999999937	2.657710154894373e-6
-5.009999999999938	2.7822112541522425e-6
-4.999999999999938	2.91230453704165e-6
-4.989999999999938	3.048229438244686e-6
-4.979999999999938	3.1902350890071232e-6
-4.9699999999999385	3.338580691464305e-6
-4.959999999999939	3.493535880205054e-6
-4.949999999999939	3.6553811417294083e-6
-4.939999999999939	3.824408186300741e-6
-4.929999999999939	4.0009204114696405e-6
-4.9199999999999395	4.185233297177213e-6
-4.90999999999994	4.377674878038737e-6
-4.89999999999994	4.578586208785814e-6
-4.88999999999994	4.7883218348813435e-6
-4.87999999999994	5.0072502994541e-6
-4.869999999999941	5.23575465656738e-6
-4.859999999999941	5.474232997891792e-6
-4.849999999999941	5.723099007045022e-6
-4.839999999999941	5.982782527405325e-6
-4.8299999999999415	6.2537301454628005e-6
-4.819999999999942	6.5364057990524375e-6
-4.809999999999942	6.831291398836708e-6
-4.799999999999942	7.138887493009469e-6
-4.789999999999942	7.459713907119752e-6
-4.7799999999999425	7.794310452809787e-6
-4.769999999999943	8.143237629115156e-6
-4.759999999999943	8.507077374550021e-6
-4.749999999999943	8.886433805594376e-6
-4.739999999999943	9.281934007470491e-6
-4.729999999999944	9.69422883914793e-6
-4.719999999999944	0.00001012399377591004
-4.709999999999944	0.000010571929757899425
-4.699999999999944	0.000011038764080423686
-4.689999999999944	0.000011525251314180435
-4.679999999999945	0.000012032174239964893
-4.669999999999945	0.000012560344825109015
-4.659999999999945	0.000013110605229278896
-4.649999999999945	0.000013683828828964567
-4.6399999999999455	0.000014280921291012167
-4.629999999999946	0.000014902821666933554
-4.619999999999946	0.00001555050352577569
-4.609999999999946	0.000016224976118610073
-4.599999999999946	0.00001692728557567584
-4.589999999999947	0.000017658516150687864
-4.579999999999947	0.000018419791485336927
-4.569999999999947	0.00001921227592650322
-4.559999999999947	0.00002003717587520907
-4.549999999999947	0.000020895741173689774
-4.539999999999948	0.00002178926653865092
-4.529999999999948	0.000022719093037343943
-4.519999999999948	0.000023686609596813322
-4.509999999999948	0.000024693254552783615
-4.4999999999999485	0.000025740517282096847
-4.489999999999949	0.000026829939822307255
-4.479999999999949	0.00002796311858558945
-4.469999999999949	0.000029141706102056763
-4.459999999999949	0.000030367412794063755
-4.4499999999999496	0.000031642008845388675
-4.43999999999995	0.00003296732608915301
-4.42999999999995	0.00003434525994594274
-4.41999999999995	0.000035777771429812296
-4.40999999999995	0.000037266889212122526
-4.399999999999951	0.00003881471172309247
-4.389999999999951	0.00004042340932266798
-4.379999999999951	0.00004209522654062443
-4.369999999999951	0.0000438324843499646
-4.3599999999999515	0.00004563758252041236
-4.349999999999952	0.000047513002034593364
-4.339999999999952	0.000049461307558359585
-4.329999999999952	0.00005148514997527704
-4.319999999999952	0.0000535872690051682
-4.3099999999999525	0.000055770495868975624
-4.299999999999953	0.000058037756030707683
-4.289999999999953	0.00006039207201152685
-4.279999999999953	0.00006283656627912763
-4.269999999999953	0.0000653744641913617
-4.259999999999954	0.0000680090970399941
-4.249999999999954	0.0000707439051545341
-4.239999999999954	0.00007358244107810458
-4.229999999999954	0.00007652837284027018
-4.2199999999999545	0.00007958548729567714
-4.209999999999955	0.00008275769354380036
-4.199999999999955	0.00008604902643710292
-4.189999999999955	0.0000894636501772042
-4.179999999999955	0.00009300586197684771
-4.1699999999999555	0.00009668009583512853
-4.159999999999956	0.00010049092638431313
-4.149999999999956	0.00010444307282726809
-4.139999999999956	0.00010854140297297652
-4.129999999999956	0.00011279093736005
-4.119999999999957	0.00011719685347554866
-4.109999999999957	0.00012176449006654135
-4.099999999999957	0.00012649935155587485
-4.089999999999957	0.00013140711254419626
-4.079999999999957	0.00013649362242153842
-4.069999999999958	0.0001417649100840318
-4.059999999999958	0.0001472271887362638
-4.049999999999958	0.0001528868608046018
-4.039999999999958	0.00015875052297635128
-4.0299999999999585	0.00016482497130716574
-4.019999999999959	0.0001711172064592214
-4.009999999999959	0.00017763443905966555
-3.9999999999999587	0.00018438409513576485
-3.989999999999959	0.00019137382169495006
-3.979999999999959	0.00019861149239709658
-3.9699999999999593	0.0002061052133461512
-3.9599999999999596	0.0002138633290057629
-3.9499999999999598	0.00022189442821103685
-3.93999999999996	0.00023020735031946076
-3.92999999999996	0.00023881119146623532
-3.9199999999999604	0.00024771531094319006
-3.9099999999999606	0.00025692933770494016
-3.899999999999961	0.00026646317697707876
-3.889999999999961	0.0002763270170112678
-3.8799999999999613	0.0002865313359512114
-3.8699999999999615	0.00029708690881187857
-3.8599999999999617	0.0003080048146077067
-3.849999999999962	0.00031929644358787075
-3.839999999999962	0.0003309735046018076
-3.8299999999999623	0.0003430480325940515
-3.8199999999999625	0.00035553239623198216
-3.8099999999999627	0.00036843930564117174
-3.799999999999963	0.000381781820291237
-3.789999999999963	0.00039557335700009607
-3.7799999999999634	0.00040982769806789454
-3.7699999999999636	0.00042455899953264774
-3.759999999999964	0.00043978179957757297
-3.749999999999964	0.00045551102703873136
-3.7399999999999642	0.0004717620100568825
-3.7299999999999645	0.0004885504848616614
-3.7199999999999647	0.0005058926046774283
-3.709999999999965	0.0005238049487510511
-3.699999999999965	0.0005423045315296247
-3.6899999999999653	0.0005614088119414124
-3.6799999999999655	0.000581135702810936
-3.6699999999999657	0.0006015035804146282
-3.659999999999966	0.0006225312941440557
-3.649999999999966	0.000644238176282528
-3.6399999999999664	0.000666644051949387
-3.6299999999999666	0.0006897692491217386
-3.619999999999967	0.0007136346087868881
-3.609999999999967	0.0007382614952329289
-3.5999999999999672	0.0007636718064392963
-3.5899999999999674	0.0007898879845804956
-3.5799999999999677	0.0008169330266575842
-3.569999999999968	0.0008448304952652053
-3.559999999999968	0.0008736045293097048
-3.5499999999999683	0.0009032798551475035
-3.5399999999999685	0.0009338817975268681
-3.5299999999999687	0.0009654362907696463
-3.519999999999969	0.0009979698900367778
-3.509999999999969	0.0010315097827204272
-3.4999999999999694	0.0010660837997633226
-3.4899999999999696	0.0011017204273825881
-3.47999999999997	0.0011384488185825709
-3.46999999999997	0.001176298804891304
-3.45999999999997	0.0012153009081443383
-3.4499999999999704	0.001255486352365279
-3.4399999999999706	0.001296887075687461
-3.429999999999971	0.0013395357423599658
-3.419999999999971	0.0013834657548228214
-3.4099999999999713	0.0014287112658173942
-3.3999999999999715	0.0014753071905699209
-3.3899999999999717	0.0015232892189965942
-3.379999999999972	0.0015726938280005076
-3.369999999999972	0.0016235582937403163
-3.3599999999999723	0.001675920703983743
-3.3499999999999726	0.0017298199704520341
-3.3399999999999728	0.0017852958411893932
-3.329999999999973	0.001842388912967407
-3.319999999999973	0.0019011406436431459
-3.3099999999999734	0.001961593364580338
-3.2999999999999736	0.002023790293015567
-3.289999999999974	0.0020877755444219308
-3.279999999999974	0.002153594144844645
-3.2699999999999743	0.002221292043211355
-3.2599999999999745	0.002290916123604731
-3.2499999999999747	0.002362514217465909
-3.239999999999975	0.0024361351157700375
-3.229999999999975	0.0025118285811225167
-3.2199999999999753	0.002589645359766382
-3.2099999999999755	0.002669637193531142
-3.1999999999999758	0.002751856831679707
-3.189999999999976	0.002836358042632839
-3.179999999999976	0.002923195625605172
-3.1699999999999764	0.003012425422111751
-3.1599999999999766	0.0031041043273237773
-3.149999999999977	0.003198290301296374
-3.139999999999977	0.0032950423800443035
-3.1299999999999772	0.003394420686427199
-3.1199999999999775	0.00349648644087108
-3.1099999999999777	0.0036013019719127876
-3.099999999999978	0.003708930726504792
-3.089999999999978	0.003819437280135676
-3.0799999999999783	0.003932887346717439
-3.0699999999999785	0.004049347788223105
-3.0599999999999787	0.004168886624071385
-3.049999999999979	0.004291573040264937
-3.039999999999979	0.004417477398217427
-3.0299999999999794	0.004546671243308776
-3.0199999999999796	0.004679227313128643
-3.00999999999998	0.004815219545394598
-2.99999999999998	0.004954723085527534
-2.9899999999999802	0.0050978142938991845
-2.9799999999999804	0.005244570752692342
-2.9699999999999807	0.005395071272383624
-2.959999999999981	0.005549395897840037
-2.949999999999981	0.005707625914005711
-2.9399999999999813	0.005869843851137782
-2.9299999999999815	0.006036133489637135
-2.9199999999999817	0.006206579864396956
-2.909999999999982	0.0063812692686737804
-2.899999999999982	0.00656028925748715
-2.8899999999999824	0.006743728650506149
-2.8799999999999826	0.006931677534407105
-2.869999999999983	0.007124227264648967
-2.859999999999983	0.007321470466824424
-2.849999999999983	0.007523501037278994
-2.8399999999999834	0.007730414143232906
-2.8299999999999836	0.007942306222280539
-2.819999999999984	0.008159274981240942
-2.809999999999984	0.008381419394388561
-2.7999999999999843	0.008608839701029837
-2.7899999999999845	0.008841637402374281
-2.7799999999999847	0.009079915257734985
-2.769999999999985	0.009323777280016638
-2.759999999999985	0.00957332873048123
-2.7499999999999853	0.00982867611268332
-2.7399999999999856	0.010089927165825937
-2.7299999999999858	0.010357190857144908
-2.719999999999986	0.01063057737358576
-2.709999999999986	0.010910198112661432
-2.6999999999999864	0.011196165672457372
-2.6899999999999866	0.011488593840786284
-2.679999999999987	0.011787597583499492
-2.669999999999987	0.012093293031888226
-2.6599999999999873	0.012405797469179254
-2.6499999999999875	0.012725229316144088
-2.6399999999999877	0.013051708115746121
-2.629999999999988	0.013385354516830292
-2.619999999999988	0.013726290256875768
-2.6099999999999883	0.014074638143743403
-2.5999999999999885	0.01443052203641739
-2.5899999999999888	0.014794066824754825
-2.579999999999989	0.015165398408195913
-2.569999999999989	0.01554464367341017
-2.5599999999999894	0.015931930470913406
-2.5499999999999896	0.016327387590600498
-2.53999999999999	0.016731144736168827
-2.52999999999999	0.017143332498472368
-2.5199999999999902	0.017564082327754475
-2.5099999999999905	0.017993526504728123
-2.4999999999999907	0.01843179811054316
-2.489999999999991	0.018879030995604645
-2.479999999999991	0.019335359747199243
-2.4699999999999913	0.019800919655973685
-2.4599999999999915	0.0202758466812253
-2.4499999999999917	0.020760277414990175
-2.439999999999992	0.021254349044925187
-2.429999999999992	0.021758199316002636
-2.4199999999999924	0.022271966490949726
-2.4099999999999926	0.022795789309475407
-2.399999999999993	0.02332980694628077
-2.389999999999993	0.0238741589677967
-2.3799999999999932	0.024428985287683665
-2.3699999999999934	0.024994426121105875
-2.3599999999999937	0.025570621937717187
-2.349999999999994	0.02615771341339455
-2.339999999999994	0.026755841380730706
-2.3299999999999943	0.027365146778243407
-2.3199999999999945	0.027985770598313288
-2.3099999999999947	0.028617853833887364
-2.299999999999995	0.02926153742389694
-2.289999999999995	0.029916962197402787
-2.2799999999999954	0.030584268816516384
-2.2699999999999956	0.03126359771803459
-2.259999999999996	0.031955089053823084
-2.249999999999996	0.032658882629972026
-2.239999999999996	0.03337511784470543
-2.2299999999999964	0.034103933625031724
-2.2199999999999966	0.03484546836220425
-2.209999999999997	0.03559985984595786
-2.199999999999997	0.03636724519751605
-2.1899999999999973	0.03714776080142973
-2.1799999999999975	0.0379415422362353
-2.1699999999999977	0.038748724203916486
-2.159999999999998	0.03956944045823921
-2.149999999999998	0.04040382373194705
-2.1399999999999983	0.04125200566282762
-2.1299999999999986	0.042114116718643776
-2.1199999999999988	0.04299028612107615
-2.109999999999999	0.043880641768493565
-2.099999999999999	0.04478531015773341
-2.0899999999999994	0.04570441630487645
-2.0799999999999996	0.046638083664990414
-2.07	0.047586434050913645
-2.06	0.048549587551123825
-2.0500000000000003	0.049527662446647025
-2.0400000000000005	0.05052077512709788
-2.0300000000000007	0.05152904000587757
-2.020000000000001	0.052552569434520156
-2.010000000000001	0.05359147361624234
-2.0000000000000013	0.054645860518764924
-1.9900000000000015	0.055715835786381195
-1.9800000000000015	0.05680150265132552
-1.9700000000000015	0.057902961844528374
-1.9600000000000015	0.05902031150573194
-1.9500000000000015	0.06015364709301604
-1.9400000000000015	0.061303061291828345
-1.9300000000000015	0.062468643923507094
-1.9200000000000015	0.06365048185333479
-1.9100000000000015	0.0648486588982262
-1.9000000000000015	0.06606325573404549
-1.8900000000000015	0.06729434980259337
-1.8800000000000014	0.06854201521836124
-1.8700000000000014	0.0698063226750698
-1.8600000000000014	0.07108733935201474
-1.8500000000000014	0.07238512882033554
-1.8400000000000014	0.0736997509492291
-1.8300000000000014	0.07503126181212177
-1.8200000000000014	0.07637971359292334
-1.8100000000000014	0.07774515449241078
-1.8000000000000014	0.07912762863467188
-1.7900000000000014	0.08052717597392256
-1.7800000000000014	0.08194383220149004
-1.7700000000000014	0.0833776286531663
-1.7600000000000013	0.08482859221696372
-1.7500000000000013	0.08629674524135773
-1.7400000000000013	0.08778210544401226
-1.7300000000000013	0.08928468582110768
-1.7200000000000013	0.0908044945573474
-1.7100000000000013	0.09234153493664231
-1.7000000000000013	0.09389580525357917
-1.6900000000000013	0.0954672987257784
-1.6800000000000013	0.0970560034071238
-1.6700000000000013	0.0986619021019739
-1.6600000000000013	0.10028497228047406
-1.6500000000000012	0.10192518599489332
-1.6400000000000012	0.10358250979726376
-1.6300000000000012	0.10525690465818091
-1.6200000000000012	0.10694832588698408
-1.6100000000000012	0.1086567230532894
-1.6000000000000012	0.11038203991003458
-1.5900000000000012	0.11212421431803915
-1.5800000000000012	0.1138831781721553
-1.5700000000000012	0.1156588573291217
-1.5600000000000012	0.11745117153717005
-1.5500000000000012	0.11926003436741149
-1.5400000000000011	0.12108535314714616
-1.5300000000000011	0.12292702889514964
-1.5200000000000011	0.12478495625893825
-1.5100000000000011	0.12665902345416974
-1.500000000000001	0.12854911220623766
-1.490000000000001	0.130455097694048
-1.480000000000001	0.13237684849615128
-1.470000000000001	0.13431422653925562
-1.460000000000001	0.13626708704915197
-1.450000000000001	0.13823527850418033
-1.440000000000001	0.14021864259129535
-1.430000000000001	0.14221701416474727
-1.420000000000001	0.1442302212074763
-1.410000000000001	0.1462580847953371
-1.400000000000001	0.14830041906411126
-1.390000000000001	0.15035703117943264
-1.380000000000001	0.15242772130972623
-1.370000000000001	0.15451228260213068
-1.360000000000001	0.1566105011615128
-1.350000000000001	0.158722156032673
-1.340000000000001	0.16084701918569053
-1.330000000000001	0.16298485550458966
-1.320000000000001	0.16513542277928542
-1.310000000000001	0.16729847170089557
-1.300000000000001	0.16947374586050393
-1.290000000000001	0.17166098175136593
-1.280000000000001	0.1738599087746387
-1.270000000000001	0.1760702492486532
-1.260000000000001	0.1782917184218391
-1.2500000000000009	0.18052402448932423
-1.2400000000000009	0.18276686861307403
-1.2300000000000009	0.1850199449459773
-1.2200000000000009	0.1872829406595258
-1.2100000000000009	0.18955553597543778
-1.2000000000000008	0.1918374042008949
-1.1900000000000008	0.1941282117679719
-1.1800000000000008	0.19642761827674868
-1.1700000000000008	0.19873527654223203
-1.1600000000000008	0.20105083264559764
-1.1500000000000008	0.20337392598894347
-1.1400000000000008	0.20570418935442633
-1.1300000000000008	0.20804124896709775
-1.1200000000000008	0.21038472456204335
-1.1100000000000008	0.21273422945521556
-1.1000000000000008	0.21508937061854796
-1.0900000000000007	0.21744974875895798
-1.0800000000000007	0.2198149584016999
-1.0700000000000007	0.22218458797737714
-1.0600000000000007	0.22455821991280384
-1.0500000000000007	0.2269354307268637
-1.0400000000000007	0.22931579112941242
-1.0300000000000007	0.23169886612462634
-1.0200000000000007	0.23408421511826108
-1.0100000000000007	0.23647139202896927
-1.0000000000000007	0.23885994540351793
-0.9900000000000007	0.2412494185359255
-0.9800000000000006	0.24363934959060682
-0.9700000000000006	0.24602927172935266
-0.9600000000000006	0.24841871324212011
-0.9500000000000006	0.2508071976817449
-0.9400000000000006	0.2531942440023921
-0.9300000000000006	0.25557936670168396
-0.9200000000000006	0.25796207596663195
-0.9100000000000006	0.26034187782318247
-0.9000000000000006	0.262718274289285
-0.8900000000000006	0.2650907635316606
-0.8800000000000006	0.26745884002607684
-0.8700000000000006	0.2698219947206518
-0.8600000000000005	0.2721797152031563
-0.8500000000000005	0.2745314858711876
-0.8400000000000005	0.2768767881056803
-0.8300000000000005	0.2792151004476683
-0.8200000000000005	0.28154589877805253
-0.8100000000000005	0.28386865650039195
-0.8000000000000005	0.2861828447267092
-0.7900000000000005	0.28848793246608784
-0.7800000000000005	0.2907833868160097
-0.7700000000000005	0.29306867315646884
-0.7600000000000005	0.29534325534662226
-0.7500000000000004	0.2976065959238998
-0.7400000000000004	0.29985815630560897
-0.7300000000000004	0.3020973969928043
-0.7200000000000004	0.30432377777630876
-0.7100000000000004	0.30653675794491464
-0.7000000000000004	0.30873579649544075
-0.6900000000000004	0.31092035234536175
-0.6800000000000004	0.31308988454534964
-0.6700000000000004	0.31524385249639614
-0.6600000000000004	0.3173817161654963
-0.6500000000000004	0.3195029363047992
-0.6400000000000003	0.32160697467156735
-0.6300000000000003	0.32369329424853
-0.6200000000000003	0.3257613594663949
-0.6100000000000003	0.3278106364269271
-0.6000000000000003	0.3298405931263608
-0.5900000000000003	0.33185069968046155
-0.5800000000000003	0.33384042854909673
-0.5700000000000003	0.33580925476221846
-0.5600000000000003	0.3377566561455827
-0.5500000000000003	0.3396821135465459
-0.5400000000000003	0.34158511106038913
-0.5300000000000002	0.34346513625619
-0.5200000000000002	0.345321680402581
-0.5100000000000002	0.3471542386931139
-0.5000000000000002	0.3489623104711573
-0.49000000000000027	0.3507453994540838
-0.48000000000000026	0.3525030139568026
-0.47000000000000025	0.35423466711423274
-0.46000000000000024	0.35593987710284564
-0.45000000000000023	0.35761816736095264
-0.4400000000000002	0.3592690668076435
-0.4300000000000002	0.3608921100603337
-0.4200000000000002	0.36248683765062184
-0.4100000000000002	0.3640527962384467
-0.4000000000000002	0.36558953882434564
-0.3900000000000002	0.3670966249597042
-0.38000000000000017	0.3685736209548273
-0.37000000000000016	0.37002010008472785
-0.36000000000000015	0.3714356427925034
-0.35000000000000014	0.3728198368901122
-0.34000000000000014	0.3741722777564784
-0.3300000000000001	0.3754925685327928
-0.3200000000000001	0.37678032031478786
-0.3100000000000001	0.3780351523419825
-0.3000000000000001	0.3792566921837078
-0.2900000000000001	0.38044457592175673
-0.2800000000000001	0.3815984483295923
-0.2700000000000001	0.3827179630479853
-0.26000000000000006	0.38380278275690255
-0.25000000000000006	0.3848525793435928
-0.24000000000000007	0.38586703406673545
-0.23000000000000007	0.38684583771651615
-0.22000000000000006	0.38778869077052636
-0.21000000000000005	0.3886953035454258
-0.20000000000000004	0.38956539634417703
-0.19000000000000003	0.390398699598794
-0.18000000000000002	0.3911949540085443
-0.17	0.3919539106734164
-0.16	0.392675331222802
-0.15	0.3933589879393483
-0.13999999999999999	0.3940046638778061
-0.12999999999999998	0.3946121529788178
-0.11999999999999998	0.39518126017760186
-0.10999999999999999	0.39571180150744684
-0.09999999999999999	0.39620360419779826
-0.09	0.3966565067671175
-0.08	0.3970703591102498
-0.07	0.39744502258027076
-0.060000000000000005	0.397780370064819
-0.05	0.39807628605679973
-0.04	0.39833266671938344
-0.03	0.39854941994532017
-0.02	0.3987264654104858
-0.01	0.3988637346215754
0	0.3989611709579873
0.01	0.399018729707817
0.02	0.39903637809791176
0.03	0.39901409531800425
0.04	0.3989518725388917
0.05	0.39884971292460003
0.060000000000000005	0.3987076316385733
0.07	0.3985256558438724
0.08	0.39830382469732534
0.09	0.3980421893376823
0.09999999999999999	0.3977408128677842
0.10999999999999999	0.39739977033069157
0.11999999999999998	0.3970191486798301
0.12999999999999998	0.39659904674318835
0.13999999999999999	0.39613957518152554
0.15	0.3956408564406526
0.16	0.39510302469783093
0.17	0.3945262258022764
0.18000000000000002	0.39391061720982923
0.19000000000000003	0.39325636791184637
0.20000000000000004	0.392563658358332
0.21000000000000005	0.3918326803753456
0.22000000000000006	0.39106363707680125
0.23000000000000007	0.3902567427706497
0.24000000000000007	0.38941222285951355
0.25000000000000006	0.3885303137358904
0.26000000000000006	0.3876112626719314
0.2700000000000001	0.38665532770388866
0.2800000000000001	0.38566277751132305
0.2900000000000001	0.38463389129114306
0.3000000000000001	0.38356895862652235
0.3100000000000001	0.38246827935084193
0.3200000000000001	0.3813321634067154
0.3300000000000001	0.38016093070016843
0.34000000000000014	0.37895491095011274
0.35000000000000014	0.37771444353320266
0.36000000000000015	0.3764398773241341
0.37000000000000016	0.3751315705315447
0.38000000000000017	0.3737898905296214
0.3900000000000002	0.3724152136854711
0.4000000000000002	0.37100792518242426
0.4100000000000002	0.36956841883938935
0.4200000000000002	0.3680970969263239
0.4300000000000002	0.3665943699759901
0.4400000000000002	0.36506065659212716
0.45000000000000023	0.36349638325411365
0.46000000000000024	0.3619019841182918
0.47000000000000025	0.3602779008160857
0.48000000000000026	0.35862458224902255
0.49000000000000027	0.35694248438077864
0.5000000000000002	0.3552320700264547
0.5100000000000002	0.35349380863913543
0.5200000000000002	0.3517281760939022
0.5300000000000002	0.34993565446947433
0.5400000000000003	0.3481167318275706
0.5500000000000003	0.3462719019901377
0.5600000000000003	0.34440166431463665
0.5700000000000003	0.34250652346747223
0.5800000000000003	0.34058698919574054
0.5900000000000003	0.33864357609744117
0.6000000000000003	0.3366768033902972
0.6100000000000003	0.33468719467930763
0.6200000000000003	0.332675277723198
0.6300000000000003	0.3306415841999651
0.6400000000000003	0.32858664947153143
0.6500000000000004	0.3265110123477934
0.6600000000000004	0.3244152148501471
0.6700000000000004	0.3222998019746188
0.6800000000000004	0.32016532145478654
0.6900000000000004	0.3180123235246364
0.7000000000000004	0.31584136068144864
0.7100000000000004	0.31365298744891457
0.7200000000000004	0.3114477601406108
0.7300000000000004	0.30922623662394416
0.7400000000000004	0.3069889760847339
0.7500000000000004	0.30473653879258983
0.7600000000000005	0.30246948586716144
0.7700000000000005	0.3001883790454599
0.7800000000000005	0.29789378045035464
0.7900000000000005	0.29558625236038494
0.8000000000000005	0.2932663569809988
0.8100000000000005	0.29093465621740294
0.8200000000000005	0.2885917114490861
0.8300000000000005	0.2862380833061741
0.8400000000000005	0.2838743314477516
0.8500000000000005	0.2815010143422476
0.8600000000000005	0.2791186890500016
0.8700000000000006	0.276727911008164
0.8800000000000006	0.2743292338180042
0.8900000000000006	0.27192320903474726
0.9000000000000006	0.26951038596007154
0.9100000000000006	0.2670913114373521
0.9200000000000006	0.26466652964973963
0.9300000000000006	0.2622365819212178
0.9400000000000006	0.2598020065207139
0.9500000000000006	0.2573633384693303
0.9600000000000006	0.25492110935084417
0.9700000000000006	0.25247584712553434
0.9800000000000006	0.25002807594740417
0.9900000000000007	0.24757831598491545
1.0000000000000007	0.24512708324531343
1.0100000000000007	0.2426748894025767
1.0200000000000007	0.2402222416291139
1.0300000000000007	0.23776964243126641
1.0400000000000007	0.23531758948865522
1.0500000000000007	0.23286657549746
1.0600000000000007	0.23041708801771063
1.0700000000000007	0.2279696093245851
1.0800000000000007	0.22552461626383272
1.0900000000000007	0.2230825801113389
1.1000000000000008	0.22064396643688108
1.1100000000000008	0.21820923497211636
1.1200000000000008	0.21577883948286564
1.1300000000000008	0.21335322764569245
1.1400000000000008	0.2109328409288313
1.1500000000000008	0.2085181144774964
1.1600000000000008	0.20610947700359566
1.1700000000000008	0.20370735067984594
1.1800000000000008	0.2013121510383626
1.1900000000000008	0.19892428687369137
1.2000000000000008	0.19654416015030085
1.2100000000000009	0.19417216591457778
1.2200000000000009	0.19180869221130517
1.2300000000000009	0.18945412000460252
1.2400000000000009	0.18710882310338914
1.2500000000000009	0.18477316809132002
1.260000000000001	0.18244751426118191
1.270000000000001	0.18013221355378198
1.280000000000001	0.17782761050128396
1.290000000000001	0.17553404217496815
1.300000000000001	0.17325183813742265
1.310000000000001	0.17098132039914202
1.320000000000001	0.16872280337946827
1.330000000000001	0.16647659387189703
1.340000000000001	0.16424299101370404
1.350000000000001	0.16202228625982554
1.360000000000001	0.15981476336099973
1.370000000000001	0.15762069834612152
1.380000000000001	0.15544035950873822
1.390000000000001	0.15327400739768282
1.400000000000001	0.1511218948117799
1.410000000000001	0.1489842667985727
1.420000000000001	0.14686136065702127
1.430000000000001	0.14475340594414413
1.440000000000001	0.1426606244855044
1.450000000000001	0.1405832303895144
1.460000000000001	0.13852143006549555
1.470000000000001	0.13647542224543296
1.480000000000001	0.13444539800933422
1.490000000000001	0.1324315408141854
1.500000000000001	0.130434026526383
1.5100000000000011	0.1284530234575894
1.5200000000000011	0.12648869240397007
1.5300000000000011	0.12454118668870807
1.5400000000000011	0.12261065220772238
1.5500000000000012	0.12069722747855258
1.5600000000000012	0.1188010436923037
1.5700000000000012	0.11692222476856755
1.5800000000000012	0.11506088741328795
1.5900000000000012	0.11321714117944295
1.6000000000000012	0.11139108853048989
1.6100000000000012	0.10958282490649224
1.6200000000000012	0.10779243879285454
1.6300000000000012	0.10602001179154504
1.6400000000000012	0.10426561869477806
1.6500000000000012	0.10252932756108715
1.6600000000000013	0.10081119979355536
1.6700000000000013	0.09911129022034794
1.6800000000000013	0.0974296471773072
1.6900000000000013	0.09576631259255508
1.7000000000000013	0.09412132207304544
1.7100000000000013	0.09249470499297549
1.7200000000000013	0.09088648458394125
1.7300000000000013	0.08929667802683644
1.7400000000000013	0.08772529654525864
1.7500000000000013	0.08617234550051955
1.7600000000000013	0.08463782448804918
1.7700000000000014	0.08312172743515901
1.7800000000000014	0.08162404270008168
1.7900000000000014	0.08014475317217565
1.8000000000000014	0.07868383637326358
1.8100000000000014	0.07724126455997764
1.8200000000000014	0.0758170048270473
1.8300000000000014	0.07441101921146094
1.8400000000000014	0.07302326479740792
1.8500000000000014	0.0716536938219192
1.8600000000000014	0.07030225378115151
1.8700000000000014	0.06896888753721887
1.8800000000000014	0.06765353342548532
1.8900000000000015	0.06635612536228866
1.9000000000000015	0.06507659295297012
1.9100000000000015	0.0638148616001669
1.9200000000000015	0.06257085261229428
1.9300000000000015	0.06134448331213196
1.9400000000000015	0.060135667145466185
1.9500000000000015	0.058944313789699235
1.9600000000000015	0.05777032926237645
1.9700000000000015	0.0566136160295563
1.9800000000000015	0.055474073113954726
1.9900000000000015	0.05435159620282628
2.0000000000000013	0.05324607775547947
2.010000000000001	0.052157407110398374
2.020000000000001	0.05108547059191234
2.0300000000000007	0.0500301516163353
2.0400000000000005	0.04899133079752314
2.0500000000000003	0.04796888605183049
2.06	0.04696269270235689
2.07	0.04597262358247594
2.0799999999999996	0.04499854913857972
2.0899999999999994	0.04404033753199223
2.099999999999999	0.0430978547400061
2.109999999999999	0.04217096465599868
2.1199999999999988	0.04125952918858601
2.1299999999999986	0.04036340835975442
2.1399999999999983	0.039482460401967026
2.149999999999998	0.0386165418541912
2.159999999999998	0.03776550765674361
2.1699999999999977	0.03692921124505227
2.1799999999999975	0.03610750464218145
2.1899999999999973	0.03530023855014423
2.199999999999997	0.0345072624399562
2.209999999999997	0.03372842464040614
2.2199999999999966	0.03296357242550829
2.2299999999999964	0.03221255210062541
2.239999999999996	0.03147520908721505
2.249999999999996	0.030751388006197405
2.259999999999996	0.03004093275991055
2.2699999999999956	0.02934368661263649
2.2799999999999954	0.028659492269681407
2.289999999999995	0.027988191954978727
2.299999999999995	0.02732962748724238
2.3099999999999947	0.02668364035457845
2.3199999999999945	0.02605007178762135
2.3299999999999943	0.025428762831144737
2.339999999999994	0.024819554414131202
2.349999999999994	0.02422228741830717
2.3599999999999937	0.023636802745137096
2.3699999999999934	0.023062941381252894
2.3799999999999932	0.022500544462327212
2.389999999999993	0.021949453335395788
2.399999999999993	0.02140950961959552
2.4099999999999926	0.02088055526534864
2.4199999999999924	0.020362432611978412
2.429999999999992	0.01985498444375695
2.439999999999992	0.01935805404438071
2.4499999999999917	0.018871485249905152
2.4599999999999915	0.018395122500106015
2.4699999999999913	0.01792881088828907
2.479999999999991	0.017472396209565217
2.489999999999991	0.01702572500757741
2.4999999999999907	0.016588644619702917
2.5099999999999905	0.016161003220729463
2.5199999999999902	0.015742649865028935
2.52999999999999	0.015333434527220219
2.53999999999999	0.014933208141346783
2.5499999999999896	0.014541822638586575
2.5599999999999894	0.014159130983483221
2.569999999999989	0.013784987208738322
2.579999999999989	0.013419246448569047
2.5899999999999888	0.013061764970640218
2.5999999999999885	0.012712400206598187
2.6099999999999883	0.012371010781198073
2.619999999999988	0.012037456540150376
2.629999999999988	0.011711598576435917
2.6399999999999877	0.011393299255470767
2.6499999999999875	0.011082422238859392
2.6599999999999873	0.010778832506855395
2.669999999999987	0.01048239637963852
2.679999999999987	0.010192981537153468
2.6899999999999866	0.009910457037886938
2.6999999999999864	0.009634693336358233
2.709999999999986	0.00936556229941068
2.719999999999986	0.009102937221347581
2.7299999999999858	0.008846692837915393
2.7399999999999856	0.008596705339152255
2.7499999999999853	0.008352852381138615
2.759999999999985	0.008115013096657046
2.769999999999985	0.007883068104802727
2.7799999999999847	0.007656899519541057
2.7899999999999845	0.007436390957264182
2.7999999999999843	0.007221427543346
2.809999999999984	0.007011895917736576
2.819999999999984	0.006807684239603077
2.8299999999999836	0.006608682191060236
2.8399999999999834	0.0064147809799862164
2.849999999999983	0.00622587334198253
2.859999999999983	0.006041853541464674
2.869999999999983	0.005862617371933814
2.8799999999999826	0.0056880621554436465
2.8899999999999824	0.005518086741281812
2.899999999999982	0.005352591503888081
2.909999999999982	0.005191478340049219
2.9199999999999817	0.005034650665370136
2.9299999999999815	0.004882013410057873
2.9399999999999813	0.004733473014038655
2.949999999999981	0.004588937421432789
2.959999999999981	0.004448316074395034
2.9699999999999807	0.004311519906369816
2.9799999999999804	0.004178461334760108
2.9899999999999802	0.004049054253033612
2.99999999999998	0.003923214022302694
3.00999999999998	0.0038008574623840945
3.0199999999999796	0.0036819028423673936
3.0299999999999794	0.003566269870708009
3.039999999999979	0.003453879684871421
3.049999999999979	0.0033446548405390696
3.0599999999999787	0.003238519300409226
3.0699999999999785	0.003135398422596282
3.0799999999999783	0.0030352189486665
3.089999999999978	0.002937908991308123
3.099999999999978	0.0028433980216728957
3.1099999999999777	0.0027516168563963155
3.1199999999999775	0.002662497644319831
3.1299999999999772	0.002575973852927393
3.139999999999977	0.0024919802545228012
3.149999999999977	0.002410452912151944
3.1599999999999766	0.0023313291652996807
3.1699999999999764	0.0022545476153700496
3.179999999999976	0.002180048110961772
3.189999999999976	0.0021077717329693853
3.1999999999999758	0.002037660779510654
3.2099999999999755	0.0019696587506970132
3.2199999999999753	0.001903710333273793
3.229999999999975	0.001839761385128829
3.239999999999975	0.001777758919689541
3.2499999999999747	0.0017176510902278533
3.2599999999999745	0.0016593871740736977
3.2699999999999743	0.0016029175567613347
3.279999999999974	0.0015481937161063335
3.289999999999974	0.0014951682062715897
3.2999999999999736	0.0014437946417254247
3.3099999999999734	0.0013940276812459387
3.319999999999973	0.0013458230118760257
3.329999999999973	0.001299137332884676
3.3399999999999728	0.0012539283397275355
3.3499999999999726	0.0012101547080345014
3.3599999999999723	0.0011677760776087835
3.369999999999972	0.0011267530365000208
3.379999999999972	0.0010870471050500091
3.3899999999999717	0.0010486207200635766
3.3999999999999715	0.0010114372190017731
3.4099999999999713	0.000975460824255212
3.419999999999971	0.0009406566274913678
3.429999999999971	0.0009069905740858758
3.4399999999999706	0.0008744294476452548
3.4499999999999704	0.0008429408546277771
3.45999999999997	0.0008124932090636947
3.46999999999997	0.000783055717362905
3.47999999999997	0.0007545983633777892
3.4899999999999696	0.0007270918932980289
3.4999999999999694	0.0007005078009644484
3.509999999999969	0.0006748183131651511
3.519999999999969	0.0006499963750984279
3.5299999999999687	0.0006260156359749867
3.5399999999999685	0.0006028504347365946
3.5499999999999683	0.0005804757860637497
3.559999999999968	0.0005588673662526039
3.569999999999968	0.0005380014995287491
3.5799999999999677	0.0005178551443821897
3.5899999999999674	0.0004984058800810308
3.5999999999999672	0.00047963189336387805
3.609999999999967	0.0004615119652859738
3.619999999999967	0.00044402545824124423
3.6299999999999666	0.0004271523031504857
3.6399999999999664	0.0004108729868247287
3.649999999999966	0.00039516853950740283
3.659999999999966	0.0003800205225781794
3.6699999999999657	0.00036541101644494816
3.6799999999999655	0.0003513226086148441
3.6899999999999653	0.00033773838193802057
3.699999999999965	0.00032464190303497153
3.709999999999965	0.0003120172108999877
3.7199999999999647	0.0002998488056919511
3.7299999999999645	0.00028812163770676436
3.7399999999999642	0.0002768210965151754
3.749999999999964	0.00026593300030320526
3.759999999999964	0.00025544358538209046
3.7699999999999636	0.00024533949587874547
3.7799999999999634	0.0002356077736152306
3.789999999999963	0.00022623584815649624
3.799999999999963	0.00021721152704637145
3.8099999999999627	0.00020852298621920767
3.8199999999999625	0.00020015876058903476
3.8299999999999623	0.00019210773481724574
3.839999999999962	0.0001843591342546863
3.849999999999962	0.00017690251605969733
3.8599999999999617	0.00016972776048870494
3.8699999999999615	0.0001628250623647028
3.8799999999999613	0.00015618492269838552
3.889999999999961	0.00014979814051156338
3.899999999999961	0.00014365580479904793
3.9099999999999606	0.00013774928666269418
3.9199999999999604	0.00013207023162904022
3.92999999999996	0.00012661055210845396
3.93999999999996	0.00012136242002124785
3.9499999999999598	0.00011631825959598095
3.9599999999999596	0.00011147074030586337
3.9699999999999593	0.00010681276997746717
3.979999999999959	0.00010233748804682289
3.989999999999959	0.00009803825896466671
3.9999999999999587	0.00009390866576117881
4.009999999999959	0.00008994250374869136
4.019999999999959	0.00008613377437413748
4.0299999999999585	0.00008247667922249951
4.039999999999958	0.00007896561414937194
4.049999999999958	0.00007559516356312033
4.059999999999958	0.0000723600948418353
4.069999999999958	0.0000692553528842288
4.079999999999957	0.00006627605479639519
4.089999999999957	0.000063417484707954
4.099999999999957	0.00006067508871840056
4.109999999999957	0.00005804446996976387
4.119999999999957	0.000055521383843392075
4.129999999999956	0.000053101733280823125
4.139999999999956	0.00005078156422378386
4.149999999999956	0.00004855706116992935
4.159999999999956	0.00004642454285254101
4.1699999999999555	0.000044380458023699
4.179999999999955	0.000042421381353499275
4.189999999999955	0.000040544009444405974
4.199999999999955	0.000038745156942042535
4.209999999999955	0.000037021752758183684
4.2199999999999545	0.00003537083639732413
4.229999999999954	0.00003378955437940809
4.239999999999954	0.00003227515675914614
4.249999999999954	0.00003082499377186691
4.259999999999954	0.00002943651250592455
4.269999999999953	0.00002810725375907574
4.279999999999953	0.000026834848897434647
4.289999999999953	0.000025617016865308143
4.299999999999953	0.00002445156125248818
4.3099999999999525	0.000023336367456490652
4.319999999999952	0.000022269399924727056
4.329999999999952	0.000021248699469458446
4.339999999999952	0.000020272380682624687
4.349999999999952	0.000019338629403822698
4.3599999999999515	0.000018445700279270017
4.369999999999951	0.000017591914388728558
4.379999999999951	0.000016775656944835436
4.389999999999951	0.000015995375063165223
4.399999999999951	0.000015249575596790557
4.40999999999995	0.000014536823046439375
4.41999999999995	0.000013855737523705599
4.42999999999995	0.000013204992785813722
4.43999999999995	0.00001258331432915073
4.4499999999999496	0.000011989477544671077
4.459999999999949	0.000011422305922445396
4.469999999999949	0.000010880669332513664
4.479999999999949	0.000010363482342836185
4.489999999999949	9.869702592818024e-6
4.4999999999999485	9.39832923491454e-6
4.509999999999948	8.948401408722704e-6
4.519999999999948	8.518996773425149e-6
4.529999999999948	8.109230090897224e-6
4.539999999999948	7.718251846666251e-6
4.549999999999947	7.34524692667681e-6
4.559999999999947	6.9894333311989505e-6
4.569999999999947	6.650060935303624e-6
4.579999999999947	6.3264102888156675e-6
4.589999999999947	6.017791461566764e-6
4.599999999999946	5.7235429181557824e-6
4.609999999999946	5.4430304501830095e-6
4.619999999999946	5.17564610339577e-6
4.629999999999946	4.920807211104608e-6
4.6399999999999455	4.677955393883927e-6
4.649999999999945	4.446555634356922e-6
4.659999999999945	4.226095349710485e-6
4.669999999999945	4.0160835481016825e-6
4.679999999999945	3.816049968224933e-6
4.689999999999944	3.625544267405858e-6
4.699999999999944	3.4441352419921094e-6
4.709999999999944	3.271410066781146e-6
4.719999999999944	3.1069735693048965e-6
4.729999999999944	2.9504475272706333e-6
4.739999999999943	2.8014699901243618e-6
4.749999999999943	2.659694628254114e-6
4.759999999999943	2.524790109719399e-6
4.769999999999943	2.396439473511859e-6
4.7799999999999425	2.2743395850332625e-6
4.789999999999942	2.158200530601826e-6
4.799999999999942	2.0477451215816533e-6
4.809999999999942	1.942708330492474e-6
4.819999999999942	1.8428368279827274e-6
4.8299999999999415	1.7478884866983744e-6
4.839999999999941	1.6576319004669575e-6
4.849999999999941	1.571845972446693e-6
4.859999999999941	1.4903194585666811e-6
4.869999999999941	1.4128505740216134e-6
4.87999999999994	1.3392465803032516e-6
4.88999999999994	1.2693234191848448e-6
4.89999999999994	1.2029053367298735e-6
4.90999999999994	1.1398245390065211e-6
4.9199999999999395	1.0799208437924753e-6
4.929999999999939	1.0230413685660907e-6
4.939999999999939	9.690402073999048e-7
4.949999999999939	9.177781354006433e-7
4.959999999999939	8.691223239114844e-7
4.9699999999999385	8.229460495632662e-7
4.979999999999938	7.79128462897057e-7
4.989999999999938	7.375543117265765e-7
4.999999999999938	6.981136777966306e-7
5.009999999999938	6.607017720317693e-7
5.019999999999937	6.252187002311029e-7
5.029999999999937	5.915692472722019e-7
5.039999999999937	5.596626702724964e-7
5.049999999999937	5.294125008167421e-7
5.0599999999999365	5.007363544586585e-7
5.069999999999936	4.7355574886415656e-7
5.079999999999936	4.477959291119426e-7
5.089999999999936	4.233857004336002e-7
5.099999999999936	4.002572775862816e-7
5.1099999999999355	3.7834609267152815e-7
5.119999999999935	3.575907066201618e-7
5.129999999999935	3.379326296555104e-7
5.139999999999935	3.193161943353709e-7
5.149999999999935	3.01688428622348e-7
5.159999999999934	2.849989315672708e-7
5.169999999999934	2.691997473830141e-7
5.179999999999934	2.5424527556210584e-7
5.189999999999934	2.4009214667540674e-7
5.199999999999934	2.2669908112641404e-7
5.209999999999933	2.1402690534840224e-7
5.219999999999933	2.0203831177290832e-7
5.229999999999933	1.906978563344705e-7
5.239999999999933	1.7997185524382396e-7
5.2499999999999325	1.698282973202503e-7
5.259999999999932	1.6023676404703029e-7
5.269999999999932	1.5116837452817642e-7
5.279999999999932	1.425956656789812e-7
5.289999999999932	1.344925948835887e-7
5.299999999999931	1.2683436210977364e-7
5.309999999999931	1.1959747959401137e-7
5.319999999999931	1.1275963812510561e-7
5.329999999999931	1.0629965005428095e-7
5.339999999999931	1.0019740825912516e-7
5.34999999999993	9.443383740517791e-8