-5.699999999999923	9.601214244648365e-8
-5.689999999999923	1.0107622758075214e-7
-5.679999999999923	1.0639886019254178e-7
-5.6699999999999235	1.1199274442911952e-7
-5.659999999999924	1.1787122863563538e-7
-5.649999999999924	1.2404825539197678e-7
-5.639999999999924	1.3053844924141182e-7
-5.629999999999924	1.373571069339895e-7
-5.619999999999925	1.445202594557766e-7
-5.609999999999925	1.5204468433777003e-7
-5.599999999999925	1.5994791107484962e-7
-5.589999999999925	1.6824834911577128e-7
-5.5799999999999255	1.7696521295047465e-7
-5.569999999999926	1.8611862513741587e-7
-5.559999999999926	1.957296396469599e-7
-5.549999999999926	2.0582028368733388e-7
-5.539999999999926	2.1641360019657332e-7
-5.5299999999999265	2.2753369305022816e-7
-5.519999999999927	2.392057635267539e-7
-5.509999999999927	2.5145620812723765e-7
-5.499999999999927	2.64312568586645e-7
-5.489999999999927	2.778036966582338e-7
-5.479999999999928	2.9195971500736453e-7
-5.469999999999928	3.068121479394759e-7
-5.459999999999928	3.223939445524245e-7
-5.449999999999928	3.38739525595277e-7
-5.4399999999999284	3.558848916501355e-7
-5.429999999999929	3.738676398321291e-7
-5.419999999999929	3.9272707652717e-7
-5.409999999999929	4.1250426482836114e-7
-5.399999999999929	4.3324210589444434e-7
-5.3899999999999295	4.5498541677004556e-7
-5.37999999999993	4.777810117917954e-7
-5.36999999999993	5.016777866862142e-7
-5.35999999999993	5.267268048190515e-7
-5.34999999999993	5.529813953160357e-7
-5.339999999999931	5.804972353953605e-7
-5.329999999999931	6.093324636749257e-7
-5.319999999999931	6.395477692500229e-7
-5.309999999999931	6.71206505718049e-7
-5.299999999999931	7.043747999121784e-7
-5.289999999999932	7.391216665798397e-7
-5.279999999999932	7.755191278234402e-7
-5.269999999999932	8.136423574053368e-7
-5.259999999999932	8.53569747752427e-7
-5.2499999999999325	8.953830851847735e-7
-5.239999999999933	9.391677287577516e-7
-5.229999999999933	9.85012693336755e-7
-5.219999999999933	1.0330108194442572e-6
-5.209999999999933	1.0832589283639406e-6
-5.199999999999934	1.1358579831532333e-6
-5.189999999999934	1.190913255846749e-6
-5.179999999999934	1.2485345006614038e-6
-5.169999999999934	1.308836133995216e-6
-5.159999999999934	1.371937420666491e-6
-5.149999999999935	1.437962667980824e-6
-5.139999999999935	1.5070414258239587e-6
-5.129999999999935	1.5793086951863072e-6
-5.119999999999935	1.6549051410176885e-6
-5.1099999999999355	1.7339773243511368e-6
-5.099999999999936	1.8166779275703153e-6
-5.089999999999936	1.9031659918644368e-6
-5.079999999999936	1.9936071700112954e-6
-5.069999999999936	2.0881739878196437e-6
-5.0599999999999365	2.187046105881861e-6
-5.049999999999937	2.2904106193337282e-6
-5.039999999999937	2.3984622666781114e-6
-5.029999999999937	2.5114038626722744e-6
-5.019999999999937	2.629446452023764e-6
-5.009999999999938	2.752809757515107e-6
-4.999999999999938	2.881722439236683e-6
-4.989999999999938	3.016422467785062e-6
-4.979999999999938	3.157157437841398e-6
-4.9699999999999385	3.3041849931089976e-6
-4.959999999999939	3.457773173378095e-6
-4.949999999999939	3.6182007346177613e-6
-4.939999999999939	3.785757734509392e-6
-4.929999999999939	3.960745736821644e-6
-4.9199999999999395	4.143478429247538e-6
-4.90999999999994	4.334281972250568e-6
-4.89999999999994	4.533495484255002e-6
-4.88999999999994	4.741471525791466e-6
-4.87999999999994	4.958576587893199e-6
-4.869999999999941	5.185191619408832e-6
-4.859999999999941	5.421712544416783e-6
-4.849999999999941	5.66855081349601e-6
-4.839999999999941	5.92613397802485e-6
-4.8299999999999415	6.19490626168694e-6
-4.819999999999942	6.475329175713074e-6
-4.809999999999942	6.767882138691798e-6
-4.799999999999942	7.073063127648836e-6
-4.789999999999942	7.391389332896786e-6
-4.7799999999999425	7.723397858236448e-6
-4.769999999999943	8.06964641649333e-6
-4.759999999999943	8.430714085221857e-6
-4.749999999999943	8.807202042500196e-6
-4.739999999999943	9.199734351621685e-6
-4.729999999999944	9.608958776761328e-6
-4.719999999999944	0.00001003554760845785
-4.709999999999944	0.000010480198503275713
-4.699999999999944	0.000010943635435773839
-4.689999999999944	0.000011426609521595621
-4.679999999999945	0.000011929900007887021
-4.669999999999945	0.000012454315257511729
-4.659999999999945	0.000013000693680737122
-4.649999999999945	0.00001356990486307684
-4.6399999999999455	0.000014162850561360782
-4.629999999999946	0.000014780465826194927
-4.619999999999946	0.000015423720103536267
-4.609999999999946	0.000016093618467826983
-4.599999999999946	0.000016791202726607727
-4.589999999999947	0.000017517552698420293
-4.579999999999947	0.000018273787532669363
-4.569999999999947	0.000019061066929906356
-4.559999999999947	0.000019880592547586
-4.549999999999947	0.000020733609372928463
-4.539999999999948	0.00002162140715313751
-4.529999999999948	0.00002254532186924742
-4.519999999999948	0.000023506737225771144
-4.509999999999948	0.000024507086273015083
-4.4999999999999485	0.00002554785292402257
-4.489999999999949	0.000026630573649206534
-4.479999999999949	0.000027756839169089282
-4.469999999999949	0.000028928296179973483
-4.459999999999949	0.000030146649191096224
-4.4499999999999496	0.000031413662296319484
-4.43999999999995	0.00003273116112155778
-4.42999999999995	0.0000341010347460196
-4.41999999999995	0.000035525237713170874
-4.40999999999995	0.00003700579208412833
-4.399999999999951	0.00003854478954292247
-4.389999999999951	0.000040144393568137824
-4.379999999999951	0.00004180684166381063
-4.369999999999951	0.00004353444763705845
-4.3599999999999515	0.00004532960395141075
-4.349999999999952	0.00004719478413719742
-4.339999999999952	0.000049132545263317614
-4.329999999999952	0.00005114553047304637
-4.319999999999952	0.00005323647159836454
-4.3099999999999525	0.000055408191822832075
-4.299999999999953	0.000057663608422832806
-4.289999999999953	0.00006000573558978639
-4.279999999999953	0.00006243768730231189
-4.269999999999953	0.0000649626802815536
-4.259999999999954	0.0000675840370345668
-4.249999999999954	0.00007030518894868931
-4.239999999999954	0.00007312967947538364
-4.229999999999954	0.00007606116740254148
-4.2199999999999545	0.00007910343018360244
-4.209999999999955	0.00008226036736830261
-4.199999999999955	0.00008553600410706831
-4.189999999999955	0.00008893449474420299
-4.179999999999955	0.00009246012648252459
-4.1699999999999555	0.00009611732316127018
-4.159999999999956	0.00009991064910239266
-4.149999999999956	0.00010384481304289606
-4.139999999999956	0.00010792467216810569
-4.129999999999956	0.00011215523628013843
-4.119999999999957	0.00011654167193960124
-4.109999999999957	0.00012108930683929332
-4.099999999999957	0.0001258036341876333
-4.089999999999957	0.00013069031726073985
-4.079999999999957	0.00013575519395150613
-4.069999999999958	0.00014100428152835441
-4.059999999999958	0.00014644378142706225
-4.049999999999958	0.00015208008417737676
-4.039999999999958	0.00015791977442636444
-4.0299999999999585	0.00016396963606590836
-4.019999999999959	0.00017023665746690922
-4.009999999999959	0.00017672803683951263
-3.9999999999999587	0.00018345118767559607
-3.989999999999959	0.00019041374432398313
-3.979999999999959	0.0001976235676796006
-3.9699999999999593	0.0002050887509618712
-3.9599999999999596	0.00021281762565948797
-3.9499999999999598	0.0002208187675208525
-3.93999999999996	0.0002291010027145287
-3.92999999999996	0.0002376734141169415
-3.9199999999999604	0.0002465453476609229
-3.9099999999999606	0.0002557264188583193
-3.899999999999961	0.0002652265194261093
-3.889999999999961	0.0002750558240377276
-3.8799999999999613	0.00028522479719362274
-3.8699999999999615	0.00029574420021135283
-3.8599999999999617	0.0003066250983619134
-3.849999999999962	0.00031787886810989355
-3.839999999999962	0.0003295172044852863
-3.8299999999999623	0.000341552128590269
-3.8199999999999625	0.00035399599523064823
-3.8099999999999627	0.0003668615006607911
-3.799999999999963	0.000380161690482281
-3.789999999999963	0.0003939099676553548
-3.7799999999999634	0.0004081201006355084
-3.7699999999999636	0.0004228062316536423
-3.759999999999964	0.00043798288512174864
-3.749999999999964	0.00045366497614957073
-3.7399999999999642	0.0004698678192172778
-3.7299999999999645	0.0004866071369695208
-3.7199999999999647	0.0005038990691220855
-3.709999999999965	0.0005217601815128367
-3.699999999999965	0.0005402074752889569
-3.6899999999999653	0.0005592583961969568
-3.6799999999999655	0.0005789308440169714
-3.6699999999999657	0.000599243182128588
-3.659999999999966	0.0006202142471803581
-3.649999999999966	0.000641863358902672
-3.6399999999999664	0.0006642103300433678
-3.6299999999999666	0.0006872754764126747
-3.619999999999967	0.0007110796270553308
-3.609999999999967	0.0007356441345565432
-3.5999999999999672	0.0007609908854416153
-3.5899999999999674	0.0007871423107006941
-3.5799999999999677	0.0008141213964408008
-3.569999999999968	0.0008419516946372192
-3.559999999999968	0.0008706573339768371
-3.5499999999999683	0.0009002630308631743
-3.5399999999999685	0.0009307941004719381
-3.5299999999999687	0.0009622764679327093
-3.519999999999969	0.000994736679611129
-3.509999999999969	0.0010282019144921097
-3.4999999999999694	0.0010626999956248912
-3.4899999999999696	0.001098259401716522
-3.47999999999997	0.0011349092787652057
-3.46999999999997	0.0011726794517835477
-3.45999999999997	0.0012116004366224072
-3.4499999999999704	0.001251703451859424
-3.4399999999999706	0.0012930204307417164
-3.429999999999971	0.0013355840332264822
-3.419999999999971	0.0013794276580639962
-3.4099999999999713	0.0014245854549431052
-3.3999999999999715	0.0014710923367149667
-3.3899999999999717	0.001518983991536644
-3.379999999999972	0.0015682968953171922
-3.369999999999972	0.0016190683239320296
-3.3599999999999723	0.0016713363656180283
-3.3499999999999726	0.0017251399333368153
-3.3399999999999728	0.001780518777183063
-3.329999999999973	0.0018375134968254645
-3.319999999999973	0.0018961655538044
-3.3099999999999734	0.001956517284112771
-3.2999999999999736	0.0020186119105030276
-3.289999999999974	0.002082493554887371
-3.279999999999974	0.0021482072507109638
-3.2699999999999743	0.002215798955286911
-3.2599999999999745	0.002285315562086473
-3.2499999999999747	0.0023568049129780648
-3.239999999999975	0.0024303158104321747
-3.229999999999975	0.0025058980296277637
-3.2199999999999753	0.0025836023305067873
-3.2099999999999755	0.0026634804697366916
-3.1999999999999758	0.002745585212586528
-3.189999999999976	0.0028299703446736605
-3.179999999999976	0.00291669068363961
-3.1699999999999764	0.0030058020906706916
-3.1599999999999766	0.0030973614818819123
-3.149999999999977	0.0031914268395784717
-3.139999999999977	0.0032880572233492736
-3.1299999999999772	0.0033873127809766032
-3.1199999999999775	0.003489254759194958
-3.1099999999999777	0.0035939455142460787
-3.099999999999978	0.0037014485222166015
-3.089999999999978	0.0038118283891848273
-3.0799999999999783	0.003925150861132319
-3.0699999999999785	0.00404148283359629
-3.0599999999999787	0.00416089236109083
-3.049999999999979	0.004283448666260814
-3.039999999999979	0.004409222148730667
-3.0299999999999794	0.004538284393684807
-3.0199999999999796	0.004670708180133563
-3.00999999999998	0.004806567488847908
-2.99999999999998	0.004945937509961434
-2.9899999999999802	0.005088894650235835
-2.9799999999999804	0.0052355165399343125
-2.9699999999999807	0.005385882039327771
-2.959999999999981	0.0055400712448146075
-2.949999999999981	0.00569816549460853
-2.9399999999999813	0.005860247374004243
-2.9299999999999815	0.006026400720223214
-2.9199999999999817	0.006196710626764735
-2.909999999999982	0.0063712634473033275
-2.899999999999982	0.006550146799092928
-2.8899999999999824	0.0067334495658649685
-2.8799999999999826	0.006921261900195605
-2.869999999999983	0.00711367522529971
-2.859999999999983	0.007310782236374307
-2.849999999999983	0.007512676901233832
-2.8399999999999834	0.007719454460440542
-2.8299999999999836	0.007931211426798339
-2.819999999999984	0.008148045584209906
-2.809999999999984	0.008370055985914511
-2.7999999999999843	0.008597342952056561
-2.7899999999999845	0.008830008066554828
-2.7799999999999847	0.009068154173308255
-2.769999999999985	0.009311885371678449
-2.759999999999985	0.009561307011232078
-2.7499999999999853	0.009816525685702227
-2.7399999999999856	0.010077649226301895
-2.7299999999999858	0.010344786694108678
-2.719999999999986	0.010618048371737309
-2.709999999999986	0.010897545754171881
-2.6999999999999864	0.011183391538759694
-2.6899999999999866	0.011475699614350368
-2.679999999999987	0.011774585049585479
-2.669999999999987	0.012080164080269294
-2.6599999999999873	0.012392554095856689
-2.6499999999999875	0.012711873625026224
-2.6399999999999877	0.013038242320296212
-2.629999999999988	0.013371780941693103
-2.619999999999988	0.013712611339475229
-2.6099999999999883	0.01406085643583275
-2.5999999999999885	0.01441664020560387
-2.5899999999999888	0.014780087655988415
-2.579999999999989	0.015151324805206185
-2.569999999999989	0.015530478660109192
-2.5599999999999894	0.015917677192756455
-2.5499999999999896	0.016313049315890137
-2.53999999999999	0.016716724857317847
-2.52999999999999	0.017128834533219013
-2.5199999999999902	0.017549509920312765
-2.5099999999999905	0.017978883426885924
-2.4999999999999907	0.01841708826271133
-2.489999999999991	0.018864258407794147
-2.479999999999991	0.01932052857993671
-2.4699999999999913	0.019786034201159583
-2.4599999999999915	0.020260911362923097
-2.4499999999999917	0.02074529679013544
-2.439999999999992	0.021239327803977907
-2.429999999999992	0.021743142283514764
-2.4199999999999924	0.02225687862605434
-2.4099999999999926	0.02278067570630949
-2.399999999999993	0.023314672834312655
-2.389999999999993	0.023859009712077026
-2.3799999999999932	0.024413826389013477
-2.3699999999999934	0.024979263216114753
-2.3599999999999937	0.025555460798843424
-2.349999999999994	0.02614255994878229
-2.339999999999994	0.026740701634033345
-2.3299999999999943	0.02735002692831913
-2.3199999999999945	0.027970676958832832
-2.3099999999999947	0.028602792852842656
-2.299999999999995	0.02924651568299325
-2.289999999999995	0.029901986411362297
-2.2799999999999954	0.030569345832264127
-2.2699999999999956	0.031248734513778922
-2.259999999999996	0.03194029273802446
-2.249999999999996	0.0326441604402061
-2.239999999999996	0.03336047714640119
-2.2299999999999964	0.03408938191009963
-2.2199999999999966	0.034831013247555095
-2.209999999999997	0.03558550907188949
-2.199999999999997	0.03635300662598312
-2.1899999999999973	0.03713364241419916
-2.1799999999999975	0.03792755213290999
-2.1699999999999977	0.038734870599835124
-2.159999999999998	0.039555731682259856
-2.149999999999998	0.04039026822409701
-2.1399999999999983	0.04123861197182371
-2.1299999999999986	0.042100893499284524
-2.1199999999999988	0.04297724213151512
-2.109999999999999	0.04386778586736394
-2.099999999999999	0.04477265130116119
-2.0899999999999994	0.045691963543351866
-2.0799999999999996	0.04662584614010159
-2.07	0.04757442099196489
-2.06	0.04853780827161155
-2.0500000000000003	0.049516126340598474
-2.0400000000000005	0.05050949166528953
-2.0300000000000007	0.05151801873191405
-2.020000000000001	0.05254181996077539
-2.010000000000001	0.05358100561968159
-2.0000000000000013	0.05463568373663236
-1.9900000000000015	0.055705960011746006
-1.9800000000000015	0.05679193772851181
-1.9700000000000015	0.057893717664415464
-1.9600000000000015	0.05901139800091143
-1.9500000000000015	0.060145074232835175
-1.9400000000000015	0.061294839077311085
-1.9300000000000015	0.06246078238213692
-1.9200000000000015	0.06364299103372344
-1.9100000000000015	0.06484154886466857
-1.9000000000000015	0.06605653656093743
-1.8900000000000015	0.0672880315687484
-1.8800000000000014	0.06853610800120509
-1.8700000000000014	0.06980083654471846
-1.8600000000000014	0.07108228436524477
-1.8500000000000014	0.0723805150144565
-1.8400000000000014	0.07369558833583473
-1.8300000000000014	0.07502756037074297
-1.8200000000000014	0.07637648326459462
-1.8100000000000014	0.07774240517312705
-1.8000000000000014	0.07912537016874015
-1.7900000000000014	0.08052541814725565
-1.7800000000000014	0.08194258473478985
-1.7700000000000014	0.08337690119502772
-1.7600000000000013	0.08482839433691079
-1.7500000000000013	0.08629708642279574
-1.7400000000000013	0.08778299507710514
-1.7300000000000013	0.08928613319560243
-1.7200000000000013	0.09080650885532698
-1.7100000000000013	0.09234412522521356
-1.7000000000000013	0.09389898047752596
-1.6900000000000013	0.09547106770015994
-1.6800000000000013	0.09706037480981722
-1.6700000000000013	0.09866688446619634
-1.6600000000000013	0.10029057398727069
-1.6500000000000012	0.10193141526557462
-1.6400000000000012	0.10358937468584618
-1.6300000000000012	0.1052644130438072
-1.6200000000000012	0.1069564854663167
-1.6100000000000012	0.10866554133291283
-1.6000000000000012	0.11039152419886064
-1.5900000000000012	0.11213437171970601
-1.5800000000000012	0.11389401557744558
-1.5700000000000012	0.1156703814084043
-1.5600000000000012	0.11746338873285717
-1.5500000000000012	0.1192729508864441
-1.5400000000000011	0.12109897495354263
-1.5300000000000011	0.1229413617025669
-1.5200000000000011	0.12480000552329479
-1.5100000000000011	0.1266747943663441
-1.500000000000001	0.12856560968480246
-1.490000000000001	0.13047232637808406
-1.480000000000001	0.1323948127381529
-1.470000000000001	0.13433293039810384
-1.460000000000001	0.13628653428317397
-1.450000000000001	0.13825547256433765
-1.440000000000001	0.14023958661445032
-1.430000000000001	0.14223871096703403
-1.420000000000001	0.14425267327782232
-1.410000000000001	0.1462812942890876
-1.400000000000001	0.14832438779677393
-1.390000000000001	0.15038176062059808
-1.380000000000001	0.15245321257711467
-1.370000000000001	0.15453853645578317
-1.360000000000001	0.15663751799815442
-1.350000000000001	0.15874993588024733
-1.340000000000001	0.1608755616980674
-1.330000000000001	0.1630141599564255
-1.320000000000001	0.16516548806110085
-1.310000000000001	0.167329296314348
-1.300000000000001	0.16950532791386014
-1.290000000000001	0.17169331895513745
-1.280000000000001	0.17389299843747888
-1.270000000000001	0.17610408827348356
-1.260000000000001	0.1783263033021848
-1.2500000000000009	0.1805593513057829
-1.2400000000000009	0.18280293303022369
-1.2300000000000009	0.1850567422093625
-1.2200000000000009	0.1873204655929405
-1.2100000000000009	0.18959378297847249
-1.2000000000000008	0.19187636724681015
-1.1900000000000008	0.19416788440166421
-1.1800000000000008	0.19646799361308234
-1.1700000000000008	0.19877634726472435
-1.1600000000000008	0.20109259100531054
-1.1500000000000008	0.2034163638036472
-1.1400000000000008	0.20574729800793376
-1.1300000000000008	0.2080850194092579
-1.1200000000000008	0.21042914730865322
-1.1100000000000008	0.2127792945882678
-1.1000000000000008	0.21513506778695385
-1.0900000000000007	0.21749606717986164
-1.0800000000000007	0.21986188686149272
-1.0700000000000007	0.2222321148327119
-1.0600000000000007	0.22460633309342007
-1.0500000000000007	0.22698411773731564
-1.0400000000000007	0.22936503905169894
-1.0300000000000007	0.23174866162103078
-1.0200000000000007	0.2341345444345431
-1.0100000000000007	0.23652224099787372
-1.0000000000000007	0.23891129944857756
-0.9900000000000007	0.2413012626756274
-0.9800000000000006	0.24369166844288723
-0.9700000000000006	0.2460820495163798
-0.9600000000000006	0.2484719337954319
-0.9500000000000006	0.2508608444477249
-0.9400000000000006	0.2532483000480268
-0.9300000000000006	0.2556338147206558
-0.9200000000000006	0.2580168982857506
-0.9100000000000006	0.2603970564091684
-0.9000000000000006	0.2627737907557671
-0.8900000000000006	0.2651465991466928
-0.8800000000000006	0.2675149757196235
-0.8700000000000006	0.26987841109275473
-0.8600000000000005	0.27223639253222487
-0.8500000000000005	0.27458840412258045
-0.8400000000000005	0.2769339269406324
-0.8300000000000005	0.2792724392325188
-0.8200000000000005	0.2816034165937379
-0.8100000000000005	0.283926332152248
-0.8000000000000005	0.2862406567545582
-0.7900000000000005	0.2885458591545687
-0.7800000000000005	0.2908414062052134
-0.7700000000000005	0.29312676305283747
-0.7600000000000005	0.2954013933340784
-0.7500000000000004	0.2976647593752604
-0.7400000000000004	0.2999163223942449
-0.7300000000000004	0.30215554270450645
-0.7200000000000004	0.30438187992116034
-0.7100000000000004	0.30659479317063415
-0.7000000000000004	0.3087937412985299
-0.6900000000000004	0.3109781830845871
-0.6800000000000004	0.3131475774549165
-0.6700000000000004	0.3153013836985692
-0.6600000000000004	0.31743906168443237
-0.6500000000000004	0.3195600720798987
-0.6400000000000003	0.32166387657088646
-0.6300000000000003	0.323749938082884
-0.6200000000000003	0.3258177210034041
-0.6100000000000003	0.32786669140482794
-0.6000000000000003	0.3298963172685271
-0.5900000000000003	0.3319060687095619
-0.5800000000000003	0.33389541820174623
-0.5700000000000003	0.33586384080311343
-0.5600000000000003	0.3378108143827184
-0.5500000000000003	0.33973581984549633
-0.5400000000000003	0.34163834135915566
-0.5300000000000002	0.3435178665800112
-0.5200000000000002	0.3453738868787952
-0.5100000000000002	0.3472058975660067
-0.5000000000000002	0.34901339811681936
-0.49000000000000027	0.3507958923953603
-0.48000000000000026	0.35255288887809794
-0.47000000000000025	0.35428390087639583
-0.46000000000000024	0.3559884467579552
-0.45000000000000023	0.35766605016713254
-0.4400000000000002	0.35931624024373576
-0.4300000000000002	0.3609385518405479
-0.4200000000000002	0.3625325257391123
-0.4100000000000002	0.3640977088637639
-0.4000000000000002	0.3656336544938035
-0.3900000000000002	0.36713992247361754
-0.38000000000000017	0.36861607942062435
-0.37000000000000016	0.3700616989309153
-0.36000000000000015	0.37147636178249566
-0.35000000000000014	0.37285965613587085
-0.34000000000000014	0.37421117773199414
-0.3300000000000001	0.3755305300873584
-0.3200000000000001	0.3768173246860829
-0.3100000000000001	0.37807118116895116
-0.3000000000000001	0.3792917275192095
-0.2900000000000001	0.3804786002449668
-0.2800000000000001	0.3816314445581857
-0.2700000000000001	0.38274991455004437
-0.26000000000000006	0.38383367336255886
-0.25000000000000006	0.38488239335640045
-0.24000000000000007	0.38589575627475287
-0.23000000000000007	0.3868734534030872
-0.22000000000000006	0.38781518572476303
-0.21000000000000005	0.38872066407237443
-0.20000000000000004	0.38958960927464203
-0.19000000000000003	0.3904217522988515
-0.18000000000000002	0.39121683438869576
-0.17	0.391974607197388
-0.16	0.3926948329159962
-0.15	0.39337728439692654
-0.13999999999999999	0.39402174527238143
-0.12999999999999998	0.39462801006778
-0.11999999999999998	0.39519588430988484
-0.10999999999999999	0.395725184630553
-0.09999999999999999	0.39621573886343237
-0.09	0.39666738613707875
-0.08	0.3970799769617343
-0.07	0.39745337331076097
-0.060000000000000005	0.3977874486965562
-0.05	0.39808208824081004
-0.04	0.3983371887390803
-0.03	0.3985526587196802
-0.02	0.3987284184967649
-0.01	0.3988644002175909
0	0.39896054790396257
0.01	0.39901681748776807
0.02	0.3990331768405854
0.03	0.399009605797374
0.04	0.3989460961741923
0.05	0.3988426517799084
0.060000000000000005	0.39869928842195024
0.07	0.398516033906038
0.08	0.39829292802988453
0.09	0.39803002257091263
0.09999999999999999	0.3977273812679646
0.10999999999999999	0.397385079796978
0.11999999999999998	0.3970032057406999
0.12999999999999998	0.3965818585524377
0.13999999999999999	0.3961211495138191
0.15	0.3956212016866466
0.16	0.39508214985903767
0.17	0.3945041404848162
0.18000000000000002	0.3938873316187759
0.19000000000000003	0.3932318928444863
0.20000000000000004	0.39253800519716436
0.21000000000000005	0.39180586108069276
0.22000000000000006	0.3910356641790104
0.23000000000000007	0.39022762936190175
0.24000000000000007	0.389381982585243
0.25000000000000006	0.38849896078583507
0.26000000000000006	0.38757881177079856
0.2700000000000001	0.3866217941016614
0.2800000000000001	0.385628176973217
0.2900000000000001	0.3845982400872034
0.3000000000000001	0.3835322735208844
0.3100000000000001	0.38243057759067844
0.3200000000000001	0.38129346271084064
0.3300000000000001	0.3801212492473461
0.34000000000000014	0.37891426736706524
0.35000000000000014	0.37767285688232033
0.36000000000000015	0.3763973670909048
0.37000000000000016	0.3750881566117271
0.38000000000000017	0.3737455932161485
0.3900000000000002	0.37237005365510417
0.4000000000000002	0.3709619234821842
0.4100000000000002	0.3695215968727555
0.4200000000000002	0.36804947643921704
0.4300000000000002	0.36654597304256265
0.4400000000000002	0.365011505600361
0.45000000000000023	0.3634465008912367
0.46000000000000024	0.361851393356037
0.47000000000000025	0.3602266248958009
0.48000000000000026	0.3585726446666263
0.49000000000000027	0.3568899088716073
0.5000000000000002	0.35517888054998825
0.5100000000000002	0.3534400293636121
0.5200000000000002	0.3516738313808588
0.5300000000000002	0.3498807688582045
0.5400000000000003	0.34806133001951883
0.5500000000000003	0.34621600883324344
0.5600000000000003	0.3443453047876458
0.5700000000000003	0.3424497226642205
0.5800000000000003	0.34052977230942116
0.5900000000000003	0.33858596840488336
0.6000000000000003	0.33661883023624745
0.6100000000000003	0.3346288814608934
0.6200000000000003	0.33261664987382916
0.6300000000000003	0.33058266717418594
0.6400000000000003	0.32852746872933813
0.6500000000000004	0.3264515933391804
0.6600000000000004	0.3243555829997352
0.6700000000000004	0.32223998266637965
0.6800000000000004	0.32010534001689284
0.6900000000000004	0.31795220521442447
0.7000000000000004	0.3157811306705161
0.7100000000000004	0.3135926708083727
0.7200000000000004	0.3113873818264878
0.7300000000000004	0.3091658214627553
0.7400000000000004	0.3069285487592373
0.7500000000000004	0.30467612382772596
0.7600000000000005	0.3024091076161936
0.7700000000000005	0.3001280616763227
0.7800000000000005	0.29783354793223216
0.7900000000000005	0.29552612845049936
0.8000000000000005	0.29320636521165494
0.8100000000000005	0.29087481988327624
0.8200000000000005	0.28853205359475287
0.8300000000000005	0.28617862671392463
0.8400000000000005	0.28381509862566245
0.8500000000000005	0.28144202751253966
0.8600000000000005	0.27905997013768274
0.8700000000000006	0.2766694816299731
0.8800000000000006	0.2742711152716461
0.8900000000000006	0.27186542228844557
0.9000000000000006	0.26945295164242966
0.9100000000000006	0.2670342498275343
0.9200000000000006	0.26460986066797837
0.9300000000000006	0.2621803251196588
0.9400000000000006	0.2597461810745826
0.9500000000000006	0.2573079631684503
0.9600000000000006	0.2548662025914987
0.9700000000000006	0.252421426902671
0.9800000000000006	0.24997415984718835
0.9900000000000007	0.24752492117765063
1.0000000000000007	0.24507422647870647
1.0100000000000007	0.2426225869953643
1.0200000000000007	0.2401705094650647
1.0300000000000007	0.2377184959535263
1.0400000000000007	0.23526704369446902
1.0500000000000007	0.23281664493326032
1.0600000000000007	0.23036778677456848
1.0700000000000007	0.22792095103402724
1.0800000000000007	0.22547661409402542
1.0900000000000007	0.2230352467636465
1.1000000000000008	0.2205973141427773
1.1100000000000008	0.2181632754904701
1.1200000000000008	0.21573358409759025
1.1300000000000008	0.21330868716374704
1.1400000000000008	0.2108890256785922
1.1500000000000008	0.20847503430748576
1.1600000000000008	0.20606714128155365
1.1700000000000008	0.20366576829216781
1.1800000000000008	0.20127133038988412
1.1900000000000008	0.19888423588780618
1.2000000000000008	0.19650488626943788
1.2100000000000009	0.19413367610100496
1.2200000000000009	0.19177099294826522
1.2300000000000009	0.1894172172977843
1.2400000000000009	0.18707272248272094
1.2500000000000009	0.18473787461307964
1.260000000000001	0.1824130325104211
1.270000000000001	0.18009854764706387
1.280000000000001	0.177794764089717
1.290000000000001	0.17550201844753602
1.300000000000001	0.1732206398246129
1.310000000000001	0.17095094977684894
1.320000000000001	0.16869326227317422
1.330000000000001	0.16644788366113897
1.340000000000001	0.16421511263678268
1.350000000000001	0.16199524021878342
1.360000000000001	0.15978854972685155
1.370000000000001	0.15759531676432034
1.380000000000001	0.15541580920487683
1.390000000000001	0.15325028718342454
1.400000000000001	0.15109900309101038
1.410000000000001	0.14896220157375933
1.420000000000001	0.14684011953578135
1.430000000000001	0.14473298614600674
1.440000000000001	0.14264102284885707
1.450000000000001	0.1405644433787334
1.460000000000001	0.13850345377824674
1.470000000000001	0.1364582524201338
1.480000000000001	0.1344290300327719
1.490000000000001	0.1324159697292856
1.500000000000001	0.13041924704010713
1.5100000000000011	0.1284390299489737
1.5200000000000011	0.12647547893227684
1.5300000000000011	0.12452874700169204
1.5400000000000011	0.12259897975000357
1.5500000000000012	0.12068631540008679
1.5600000000000012	0.11879088485693635
1.5700000000000012	0.11691281176267113
1.5800000000000012	0.11505221255447073
1.5900000000000012	0.11320919652532165
1.6000000000000012	0.11138386588751287
1.6100000000000012	0.10957631583881751
1.6200000000000012	0.10778663463125915
1.6300000000000012	0.10601490364237029
1.6400000000000012	0.10426119744889753
1.6500000000000012	0.10252558390289615
1.6600000000000013	0.10080812420995319
1.6700000000000013	0.09910887300974103
1.6800000000000013	0.09742787845858894
1.6900000000000013	0.09576518231407802
1.7000000000000013	0.09412082002157592
1.7100000000000013	0.09249482080259959
1.7200000000000013	0.09088720774500775
1.7300000000000013	0.0892979978947289
1.7400000000000013	0.08772720234924047
1.7500000000000013	0.08617482635246677
1.7600000000000013	0.0846408693911307
1.7700000000000014	0.08312532529245628
1.7800000000000014	0.08162818232312692
1.7900000000000014	0.08014942328941892
1.8000000000000014	0.07868902563845058
1.8100000000000014	0.07724696156043817
1.8200000000000014	0.07582319809188802
1.8300000000000014	0.0744176972196631
1.8400000000000014	0.07303041598581349
1.8500000000000014	0.07166130659310749
1.8600000000000014	0.07031031651120621
1.8700000000000014	0.06897738858336794
1.8800000000000014	0.06766246113362623
1.8900000000000015	0.06636546807438379
1.9000000000000015	0.06508633901430998
1.9100000000000015	0.06382499936649602
1.9200000000000015	0.06258137045680293
1.9300000000000015	0.061355369632312695
1.9400000000000015	0.06014691036980648
1.9500000000000015	0.058955902384251135
1.9600000000000015	0.05778225173716043
1.9700000000000015	0.05662586094481425
1.9800000000000015	0.05548662908626036
1.9900000000000015	0.05436445191101916
2.0000000000000013	0.0532592219464563
2.010000000000001	0.05217082860473933
2.020000000000001	0.05109915828934228
2.0300000000000007	0.050044094501021145
2.0400000000000005	0.04900551794321413
2.0500000000000003	0.047983306626827135
2.06	0.04697733597431136
2.07	0.045987478923028374
2.0799999999999996	0.04501360602782874
2.0899999999999994	0.04405558556279375
2.099999999999999	0.043113283622102476
2.109999999999999	0.04218656421998774
2.1199999999999988	0.04127528938970995
2.1299999999999986	0.04037931928153232
2.1399999999999983	0.039498512259647324
2.149999999999998	0.03863272499806021
2.159999999999998	0.03778181257523644
2.1699999999999977	0.03694562856772106
2.1799999999999975	0.03612402514249135
2.1899999999999973	0.03531685314810396
2.199999999999997	0.03452396220459714
2.209999999999997	0.03374520079208808
2.2199999999999966	0.032980416338074435
2.2299999999999964	0.03222945530339601
2.239999999999996	0.03149216326682645
2.249999999999996	0.03076838500828849
2.259999999999996	0.030057964590653345
2.2699999999999956	0.029360745440123112
2.2799999999999954	0.02867657042515584
2.289999999999995	0.028005281933932348
2.299999999999995	0.027346721950355465
2.3099999999999947	0.026700732128526937
2.3199999999999945	0.026067153865747112
2.3299999999999943	0.02544582837398496
2.339999999999994	0.02483659674981841
2.349999999999994	0.02423930004283486
2.3599999999999937	0.023653779322503597
2.3699999999999934	0.02307987574347373
2.3799999999999932	0.022517430609331365
2.389999999999993	0.021966285434795948
2.399999999999993	0.02142628200634868
2.4099999999999926	0.020897262441298494
2.4199999999999924	0.020379069245292276
2.429999999999992	0.019871545368247853
2.439999999999992	0.01937453425873782
2.4499999999999917	0.018887879916809472
2.4599999999999915	0.018411426945257464
2.4699999999999913	0.01794502059933316
2.479999999999991	0.01748850683493382
2.489999999999991	0.01704173235523602
2.4999999999999907	0.016604544655816064
2.5099999999999905	0.01617679206824245
2.5199999999999902	0.015758323802171282
2.52999999999999	0.015348989985932348
2.53999999999999	0.014948641705639644
2.5499999999999896	0.014557131042820528
2.5599999999999894	0.014174311110592716
2.569999999999989	0.013800036088386645
2.579999999999989	0.013434161255246761
2.5899999999999888	0.013076543021702774
2.5999999999999885	0.012727038960252493
2.6099999999999883	0.012385507834449336
2.619999999999988	0.012051809626659424
2.629999999999988	0.011725805564391244
2.6399999999999877	0.011407358145381142
2.6499999999999875	0.011096331161312098
2.6599999999999873	0.010792589720254703
2.669999999999987	0.010496000267873692
2.679999999999987	0.010206430607282976
2.6899999999999866	0.00992374991777087
2.6999999999999864	0.00964782877226108
2.709999999999986	0.009378539153593555
2.719999999999986	0.009115754469635855
2.7299999999999858	0.008859349567247451
2.7399999999999856	0.008609200745117432
2.7499999999999853	0.008365185765499628
2.759999999999985	0.008127183864867521
2.769999999999985	0.007895075763508582
2.7799999999999847	0.007668743674085417
2.7899999999999845	0.007448071309184965
2.7999999999999843	0.007232943887872878
2.809999999999984	0.007023248141289853
2.819999999999984	0.006818872317298041
2.8299999999999836	0.006619706184211096
2.8399999999999834	0.006425641033624743
2.849999999999983	0.00623656968237894
2.859999999999983	0.006052386473663457
2.869999999999983	0.005872987277301563
2.8799999999999826	0.005698269489231117
2.8899999999999824	0.005528132030200907
2.899999999999982	0.005362475343708871
2.909999999999982	0.005201201393212554
2.9199999999999817	0.0050442136586258
2.9299999999999815	0.004891417132117416
2.9399999999999813	0.004742718313258255
2.949999999999981	0.00459802520351723
2.959999999999981	0.004457247300127975
2.9699999999999807	0.004320295589370817
2.9799999999999804	0.004187082539270565
2.9899999999999802	0.00405752209172903
2.99999999999998	0.003931529654136933
3.00999999999998	0.003809022090465795
3.0199999999999796	0.003689917711864546
3.0299999999999794	0.0035741362667876062
3.039999999999979	0.0034615989306701358
3.049999999999979	0.003352228295171412
3.0599999999999787	0.003245948357005664
3.0699999999999785	0.0031426845063811672
3.0799999999999783	0.0030423635150686884
3.089999999999978	0.002944913524106589
3.099999999999978	0.0028502640311824016
3.1099999999999777	0.002758345877690003
3.1199999999999775	0.0026690912354839997
3.1299999999999772	0.002582433593361882
3.139999999999977	0.002498307743270267
3.149999999999977	0.0024166497662735267
3.1599999999999766	0.002337397018284812
3.1699999999999764	0.0022604881155827744
3.179999999999976	0.0021858629201312596
3.189999999999976	0.002113462524714211
3.1999999999999758	0.0020432292379018863
3.2099999999999755	0.0019751065688636653
3.2199999999999753	0.0019090392120424333
3.229999999999975	0.0018449730317028653
3.239999999999975	0.001782855046368644
3.2499999999999747	0.0017226334131612655
3.2599999999999745	0.0016642574120589333
3.2699999999999743	0.001607677430069563
3.279999999999974	0.001552844945333283
3.289999999999974	0.0014997125113083807
3.2999999999999736	0.001448233740634243
3.3099999999999734	0.0013983632892635505
3.319999999999973	0.0013500568404277184
3.329999999999973	0.001303271088636089
3.3399999999999728	0.0012579637236706592
3.3499999999999726	0.001214093414609798
3.3599999999999723	0.0011716197938389107
3.369999999999972	0.001130503441245379
3.379999999999972	0.001090705868167149
3.3899999999999717	0.0010521895016844319
3.3999999999999715	0.0010149176688218089
3.4099999999999713	0.0009788545808558158
3.419999999999971	0.0009439653176934466
3.429999999999971	0.0009102158123307253
3.4399999999999706	0.0008775728354141259
3.4499999999999704	0.0008460039798830262
3.45999999999997	0.0008154776457219776
3.46999999999997	0.000785963024827017
3.47999999999997	0.0007574300859859475
3.4899999999999696	0.0007298495599625663
3.4999999999999694	0.0007031929247302814
3.509999999999969	0.0006774323908223443
3.519999999999969	0.0006525408868161252
3.5299999999999687	0.0006284920449695028
3.5399999999999685	0.0006052601869805714
3.5499999999999683	0.0005828203099217345
3.559999999999968	0.0005611480722924347
3.569999999999968	0.0005402197802532254
3.5799999999999677	0.000520012374006505
3.5899999999999674	0.0005005034143374241
3.5999999999999672	0.0004816710693206253
3.609999999999967	0.0004634941011897031
3.619999999999967	0.0004459518533797565
3.6299999999999666	0.00042902423773306004
3.6399999999999664	0.0004126917218821093
3.649999999999966	0.00039693531680572294
3.659999999999966	0.0003817365645555183
3.6699999999999657	0.00036707752616375845
3.6799999999999655	0.000352940769728451
3.6899999999999653	0.0003393093586723317
3.699999999999965	0.00032616684018810227
3.709999999999965	0.00031349723385299256
3.7199999999999647	0.000301285020438121
3.7299999999999645	0.00028951513088313626
3.7399999999999642	0.0002781729354611442
3.749999999999964	0.00026724423312583285
3.759999999999964	0.00025671524102972523
3.7699999999999636	0.00024657258422935724
3.7799999999999634	0.00023680328557454202
3.789999999999963	0.00022739475576655455
3.799999999999963	0.0002183347836031008
3.8099999999999627	0.00020961152640057448
3.8199999999999625	0.00020121350059242122
3.8299999999999623	0.00019312957250218162
3.839999999999962	0.00018534894929472695
3.849999999999962	0.00017786117010581157
3.8599999999999617	0.00017065609733409176
3.8699999999999615	0.00016372390812389412
3.8799999999999613	0.0001570550859716456
3.889999999999961	0.00015064041258665075
3.899999999999961	0.00014447095984158496
3.9099999999999606	0.00013853808189757345
3.9199999999999604	0.00013283340755719262
3.92999999999996	0.00012734883271334175
3.93999999999996	0.0001220765129563352
3.9499999999999598	0.00011700885641884039
3.9599999999999596	0.00011213851669789256
3.9699999999999593	0.00010745838593646921
3.979999999999959	0.00010296158813212002
3.989999999999959	0.00009864147251721639
3.9999999999999587	0.00009449160712604685
4.009999999999959	0.00009050577250501817
4.019999999999959	0.00008667795556610481
4.0299999999999585	0.00008300234358803297
4.039999999999958	0.00007947331835426336
4.049999999999958	0.00007608545043208825
4.059999999999958	0.00007283349359418084
4.069999999999958	0.00006971237936679271
4.079999999999957	0.00006671721171754835
4.089999999999957	0.00006384326187182553
4.099999999999957	0.00006108596325875827
4.109999999999957	0.000058440906582425514
4.119999999999957	0.00005590383502070396
4.129999999999956	0.000053470639542050816
4.139999999999956	0.00005113735434672924
4.149999999999956	0.000048900152420542295
4.159999999999956	0.00004675534121377075
4.1699999999999555	0.000044699358421847635
4.179999999999955	0.00004272876788677086
4.189999999999955	0.00004084025560231775
4.199999999999955	0.000039030625831400595
4.209999999999955	0.000037296797321397785
4.2199999999999545	0.00003563579963242317
4.229999999999954	0.0000340447695536058
4.239999999999954	0.00003252094764035377
4.249999999999954	0.000031061674795776405
4.259999999999954	0.000029664389043504446
4.269999999999953	0.000028326622264862416
4.279999999999953	0.00002704599715893062
4.289999999999953	0.000025820224187665163
4.299999999999953	0.000024647098661330675
4.3099999999999525	0.000023524497893184113
4.319999999999952	0.000022450378437401564
4.329999999999952	0.000021422773410267642
4.339999999999952	0.000020439789891565146
4.349999999999952	0.000019499606393881686
4.3599999999999515	0.000018600470420834158
4.369999999999951	0.000017740696088709534
4.379999999999951	0.00001691866182360242
4.389999999999951	0.000016132808127299515
4.399999999999951	0.00001538163541286232
4.40999999999995	0.000014663701905014093
4.41999999999995	0.00001397762160646043
4.42999999999995	0.00001332206232717784
4.43999999999995	0.000012695743775787809
4.4499999999999496	0.000012097435725527702
4.459999999999949	0.000011525956155569328
4.469999999999949	0.000010980169623077396
4.479999999999949	0.000010458985528220454
4.489999999999949	9.961356441027903e-6
4.4999999999999485	9.486276632088583e-6
4.509999999999948	9.032780482154162e-6
4.519999999999948	8.599941026107711e-6
4.529999999999948	8.186868537192244e-6
4.539999999999948	7.792709134034052e-6
4.549999999999947	7.416643469078878e-6
4.559999999999947	7.057885435641479e-6
4.569999999999947	6.715680912033805e-6
4.579999999999947	6.389306579201798e-6
4.589999999999947	6.078068750229363e-6
4.599999999999946	5.781302246684845e-6
4.609999999999946	5.498369325016238e-6
4.619999999999946	5.228658609489443e-6
4.629999999999946	4.971584110193949e-6
4.6399999999999455	4.726584229181605e-6
4.649999999999945	4.493120831924397e-6
4.659999999999945	4.270678314391496e-6
4.669999999999945	4.0587627581680325e-6
4.679999999999945	3.8569010692426206e-6
4.689999999999944	3.664640159558966e-6
4.699999999999944	3.481546173442028e-6
4.709999999999944	3.307203713216881e-6
4.719999999999944	3.141215121425995e-6
4.729999999999944	2.9831997651171866e-6
4.739999999999943	2.8327933720254134e-6
4.749999999999943	2.689647360944536e-6
4.759999999999943	2.5534282175147455e-6
4.769999999999943	2.423816862595328e-6
4.7799999999999425	2.300508169880537e-6
4.789999999999942	2.1832102191782416e-6
4.799999999999942	2.07164396530535e-6
4.809999999999942	1.96554253250384e-6
4.819999999999942	1.8646507954468548e-6
4.8299999999999415	1.7687249838460597e-6
4.839999999999941	1.6775319679621194e-6
4.849999999999941	1.5908490613650296e-6
4.859999999999941	1.5084635276521732e-6
4.869999999999941	1.4301720537053949e-6
4.87999999999994	1.3557805145022347e-6
4.88999999999994	1.2851034488070104e-6
4.89999999999994	1.2179637729915754e-6
4.90999999999994	1.1541924055677287e-6
4.9199999999999395	1.0936279330025705e-6
4.929999999999939	1.036116274253371e-6
4.939999999999939	9.815103779119242e-7
4.949999999999939	9.296699106608476e-7
4.959999999999939	8.804609777372158e-7
4.9699999999999385	8.337558405486683e-7
4.979999999999938	7.894326294498914e-7
4.989999999999938	7.473751490376464e-7
4.999999999999938	7.07472593554749e-7
5.009999999999938	6.696192725783368e-7
5.019999999999937	6.337144427745854e-7
5.029999999999937	5.996620722237044e-7
5.039999999999937	5.673706324897715e-7
5.049999999999937	5.367528993107489e-7
5.0599999999999365	5.077257616648223e-7
5.069999999999936	4.80210038649059e-7
5.079999999999936	4.541303076357607e-7
5.089999999999936	4.2941472434665603e-7
5.099999999999936	4.059948703268153e-7
5.1099999999999355	3.8380560511633917e-7
5.119999999999935	3.6278490710081e-7
5.129999999999935	3.428737363540263e-7
5.139999999999935	3.2401589291023837e-7
5.149999999999935	3.0615790305189273e-7
5.159999999999934	2.892488846026568e-7
5.169999999999934	2.7324041738092015e-7
5.179999999999934	2.58086457800914e-7
5.189999999999934	2.437431675265942e-7
5.199999999999934	2.301689047702512e-7
5.209999999999933	2.173240475002655e-7
5.219999999999933	2.0517094887572505e-7
5.229999999999933	1.9367379143348798e-7
5.239999999999933	1.8279854148058836e-7
5.2499999999999325	1.7251285544444426e-7
5.259999999999932	1.6278599782143842e-7
5.269999999999932	1.5358877732215982e-7
5.279999999999932	1.448934205550315e-7
5.289999999999932	1.3667360601137957e-7
5.299999999999931	1.289042933313527e-7
5.309999999999931	1.215617231036191e-7
5.319999999999931	1.1462334065187708e-7
5.329999999999931	1.0806772003008962e-7
5.339999999999931	1.0187451833652201e-7
5.34999999999993	9.60244455766058e-8