-6.599999999999904	9.973814289998942e-9
-6.589999999999904	1.0450577943656599e-8
-6.579999999999904	1.0949611846715658e-8
-6.569999999999904	1.1471935289094202e-8
-6.559999999999905	1.201860635850781e-8
-6.549999999999905	1.2590730899584041e-8
-6.539999999999905	1.3189464195801832e-8
-6.529999999999905	1.3816014030859034e-8
-6.519999999999905	1.4471638387043646e-8
-6.509999999999906	1.5157654601454688e-8
-6.499999999999906	1.587543509091105e-8
-6.489999999999906	1.66264125870701e-8
-6.479999999999906	1.7412082419340307e-8
-6.4699999999999065	1.8234007030547342e-8
-6.459999999999907	1.9093813902822976e-8
-6.449999999999907	1.9993209195277963e-8
-6.439999999999907	2.0933965785930323e-8
-6.429999999999907	2.191793643941226e-8
-6.419999999999908	2.294705402961512e-8
-6.409999999999908	2.4023336752100903e-8
-6.399999999999908	2.5148889097042573e-8
-6.389999999999908	2.6325906077285132e-8
-6.379999999999908	2.7556680889030403e-8
-6.369999999999909	2.8843602546515344e-8
-6.359999999999909	3.018916492485514e-8
-6.349999999999909	3.1595966544898707e-8
-6.339999999999909	3.306672240656616e-8
-6.3299999999999095	3.4604263035281766e-8
-6.31999999999991	3.6211535483317206e-8
-6.30999999999991	3.789161858613518e-8
-6.29999999999991	3.9647721585253404e-8
-6.28999999999991	4.148318909896566e-8
-6.2799999999999105	4.340151199144567e-8
-6.269999999999911	4.540632678964543e-8
-6.259999999999911	4.750142548227492e-8
-6.249999999999911	4.9690762009569376e-8
-6.239999999999911	5.197845810866281e-8
-6.229999999999912	5.436880953968953e-8
-6.219999999999912	5.6866294245618566e-8
-6.209999999999912	5.947557933069996e-8
-6.199999999999912	6.220152866232166e-8
-6.1899999999999125	6.504921216281239e-8
-6.179999999999913	6.802391148598622e-8
-6.169999999999913	7.11311319603739e-8
-6.159999999999913	7.437660876210803e-8
-6.149999999999913	7.776631751877363e-8
-6.1399999999999135	8.130648432415205e-8
-6.129999999999914	8.500359503664994e-8
-6.119999999999914	8.886440626801897e-8
-6.109999999999914	9.289595615092778e-8
-6.099999999999914	9.71055757592791e-8
-6.089999999999915	1.015009003086188e-7
-6.079999999999915	1.0608988218427281e-7
-6.069999999999915	1.10880802735613e-7
-6.059999999999915	1.1588228597702023e-7
-6.0499999999999154	1.211033119793506e-7
-6.039999999999916	1.2655323113162183e-7
-6.029999999999916	1.3224177889526056e-7
-6.019999999999916	1.381790905936773e-7
-6.009999999999916	1.4437571811238852e-7
-5.9999999999999165	1.508426452730777e-7
-5.989999999999917	1.5759130573995294e-7
-5.979999999999917	1.646336004338357e-7
-5.969999999999917	1.7198191560168728e-7
-5.959999999999917	1.7964914226244269e-7
-5.949999999999918	1.876486956887365e-7
-5.939999999999918	1.9599453603357293e-7
-5.929999999999918	2.0470118953498993e-7
-5.919999999999918	2.137837705050947e-7
-5.909999999999918	2.2325800434076936e-7
-5.899999999999919	2.331402511633093e-7
-5.889999999999919	2.4344753063323766e-7
-5.879999999999919	2.5419754640482296e-7
-5.869999999999919	2.654087144639377e-7
-5.8599999999999195	2.7710018843113787e-7
-5.84999999999992	2.8929188986307235e-7
-5.83999999999992	3.020045362303206e-7
-5.82999999999992	3.152596725114203e-7
-5.81999999999992	3.290797020054223e-7
-5.809999999999921	3.434879198162708e-7
-5.799999999999921	3.5850854642011385e-7
-5.789999999999921	3.7416676305499624e-7
-5.779999999999921	3.904887481733604e-7
-5.769999999999921	4.0750171525389245e-7
-5.759999999999922	4.2523395201987393e-7
-5.749999999999922	4.437148609442318e-7
-5.739999999999922	4.629750013758583e-7
-5.729999999999922	4.830461330777317e-7
-5.7199999999999225	5.039612612498498e-7
-5.709999999999923	5.257546833370823e-7
-5.699999999999923	5.484620373199032e-7
-5.689999999999923	5.721203519358184e-7
-5.679999999999923	5.967680983441218e-7
-5.6699999999999235	6.224452440059963e-7
-5.659999999999924	6.491933080102906e-7
-5.649999999999924	6.770554190098604e-7
-5.639999999999924	7.060763744814246e-7
-5.629999999999924	7.363027023485948e-7
-5.619999999999925	7.677827250282327e-7
-5.609999999999925	8.005666252833873e-7
-5.599999999999925	8.347065145455915e-7
-5.589999999999925	8.702565036755709e-7
-5.5799999999999255	9.072727771320171e-7
-5.569999999999926	9.458136642844805e-7
-5.559999999999926	9.859397242568757e-7
-5.549999999999926	1.0277138237768715e-6
-5.539999999999926	1.0712012171829586e-6
-5.5299999999999265	1.1164696401421883e-6
-5.519999999999927	1.1635893945055146e-6
-5.509999999999927	1.2126334420981106e-6
-5.499999999999927	1.2636775005980446e-6
-5.489999999999927	1.316800142340682e-6
-5.479999999999928	1.3720828968049144e-6
-5.469999999999928	1.4296103564617862e-6
-5.459999999999928	1.489470286080962e-6
-5.449999999999928	1.5517537357769373e-6
-5.4399999999999284	1.6165551579349895e-6
-5.429999999999929	1.6839725277764608e-6
-5.419999999999929	1.7541074677340713e-6
-5.409999999999929	1.8270653785915179e-6
-5.399999999999929	1.9029555686134026e-6
-5.3899999999999295	1.9818913957264314e-6
-5.37999999999993	2.0639904057114605e-6
-5.36999999999993	2.1493744811651365e-6
-5.35999999999993	2.238169992707478e-6
-5.34999999999993	2.3305079554826704e-6
-5.339999999999931	2.426524190916822e-6
-5.329999999999931	2.526359493603367e-6
-5.319999999999931	2.6301598037859833e-6
-5.309999999999931	2.738076385290122e-6
-5.299999999999931	2.8502660093100474e-6
-5.289999999999932	2.966891143880822e-6
-5.279999999999932	3.088120150109073e-6
-5.269999999999932	3.2141274834447017e-6
-5.259999999999932	3.3450939030047963e-6
-5.2499999999999325	3.4812066860311536e-6
-5.239999999999933	3.622659850149636e-6
-5.229999999999933	3.7696543825400923e-6
-5.219999999999933	3.922398475788372e-6
-5.209999999999933	4.081107771572162e-6
-5.199999999999934	4.246005613078301e-6
-5.189999999999934	4.4173233026999585e-6
-5.179999999999934	4.595300370642047e-6
-5.169999999999934	4.780184848425533e-6
-5.159999999999934	4.972233559073432e-6
-5.149999999999935	5.171712400499898e-6
-5.139999999999935	5.3788966600096575e-6
-5.129999999999935	5.5940713104385715e-6
-5.119999999999935	5.817531346742461e-6
-5.1099999999999355	6.049582103992941e-6
-5.099999999999936	6.290539607724347e-6
-5.089999999999936	6.540730921369262e-6
-5.079999999999936	6.800494508630706e-6
-5.069999999999936	7.070180605128587e-6
-5.0599999999999365	7.350151604548928e-6
-5.049999999999937	7.640782451643794e-6
-5.039999999999937	7.942461059567328e-6
-5.029999999999937	8.25558871314386e-6
-5.019999999999937	8.580580513827527e-6
-5.009999999999938	8.917865828024151e-6
-4.999999999999938	9.267888723640317e-6
-4.989999999999938	9.631108470377223e-6
-4.979999999999938	0.000010008000007680288
-4.9699999999999385	0.000010399054452622371
-4.959999999999939	0.000010804779611983023
-4.949999999999939	0.000011225700495027887
-4.939999999999939	0.000011662359907623065
-4.929999999999939	0.000012115318960115586
-4.9199999999999395	0.00001258515765286027
-4.90999999999994	0.000013072475528424488
-4.89999999999994	0.000013577892184685631
-4.88999999999994	0.000014102047970173249
-4.87999999999994	0.000014645604641562587
-4.869999999999941	0.000015209245970967272
-4.859999999999941	0.000015793678447882207
-4.849999999999941	0.00001639963204299157
-4.839999999999941	0.00001702786084070383
-4.8299999999999415	0.000017679143823430153
-4.819999999999942	0.000018354285642963893
-4.809999999999942	0.000019054117407837932
-4.799999999999942	0.00001977949743145245
-4.789999999999942	0.00002053131214456721
-4.7799999999999425	0.00002131047689433201
-4.769999999999943	0.000022117936823935323
-4.759999999999943	0.000022954667781551075
-4.749999999999943	0.000023821677254471672
-4.739999999999943	0.00002472000526150706
-4.729999999999944	0.00002565072539386472
-4.719999999999944	0.00002661494578588132
-4.709999999999944	0.000027613810113919542
-4.699999999999944	0.00002864849869873535
-4.689999999999944	0.000029720229564988546
-4.679999999999945	0.00003083025953457762
-4.669999999999945	0.000031979885380898384
-4.659999999999945	0.00003317044502256358
-4.649999999999945	0.00003440331865490065
-4.6399999999999455	0.0000356799300347015
-4.629999999999946	0.000037001747752565786
-4.619999999999946	0.00003837028648696719
-4.609999999999946	0.000039787108329906356
-4.599999999999946	0.000041253824223417266
-4.589999999999947	0.000042772095254524825
-4.579999999999947	0.000044343634126559814
-4.569999999999947	0.00004597020668262411
-4.559999999999947	0.00004765363332578017
-4.549999999999947	0.0000493957905871026
-4.539999999999948	0.00005119861276619495
-4.529999999999948	0.00005306409346291096
-4.519999999999948	0.000054994287284119923
-4.509999999999948	0.000056991311557518
-4.4999999999999485	0.00005905734804012717
-4.489999999999949	0.00006119464469104971
-4.479999999999949	0.0000634055175729637
-4.469999999999949	0.00006569235265763
-4.459999999999949	0.00006805760773354776
-4.4499999999999496	0.00007050381444041706
-4.43999999999995	0.00007303358022761394
-4.42999999999995	0.00007564959037954337
-4.41999999999995	0.00007835461018798013
-4.40999999999995	0.0000811514870866253
-4.399999999999951	0.00008404315280071054
-4.389999999999951	0.000087032625677342
-4.379999999999951	0.00009012301297501146
-4.369999999999951	0.00009331751316938375
-4.3599999999999515	0.00009661941841794822
-4.349999999999952	0.00010003211704806291
-4.339999999999952	0.00010355909598350354
-4.329999999999952	0.00010720394343548879
-4.319999999999952	0.00011097035148123266
-4.3099999999999525	0.00011486211876398301
-4.299999999999953	0.0001188831532316568
-4.289999999999953	0.00012303747503306315
-4.279999999999953	0.00012732921926503292
-4.269999999999953	0.00013176263901046686
-4.259999999999954	0.0001363421083171146
-4.249999999999954	0.00014107212522741408
-4.239999999999954	0.00014595731492579868
-4.229999999999954	0.00015100243298478528
-4.2199999999999545	0.00015621236854743262
-4.209999999999955	0.00016159214769161456
-4.199999999999955	0.00016714693686158306
-4.189999999999955	0.00017288204628441336
-4.179999999999955	0.0001788029335028661
-4.1699999999999555	0.00018491520706467694
-4.159999999999956	0.00019122463013685465
-4.149999999999956	0.00019773712424646858
-4.139999999999956	0.00020445877319007826
-4.129999999999956	0.00021139582688800457
-4.119999999999957	0.0002185547053371872
-4.109999999999957	0.00022594200273378287
-4.099999999999957	0.00023356449159209815
-4.089999999999957	0.00024142912690405176
-4.079999999999957	0.0002495430505230387
-4.069999999999958	0.0002579135955014209
-4.059999999999958	0.0002665482905089854
-4.049999999999958	0.00027545486442412864
-4.039999999999958	0.0002846412509689513
-4.0299999999999585	0.0002941155933214928
-4.019999999999959	0.0003038862490222409
-4.009999999999959	0.00031396179478411837
-3.9999999999999587	0.0003243510314563236
-3.989999999999959	0.000335062989084838
-3.979999999999959	0.0003461069320859166
-3.9699999999999593	0.00035749236438387886
-3.9599999999999596	0.00036922903478763306
-3.9499999999999598	0.0003813269423837827
-3.93999999999996	0.0003937963420145858
-3.92999999999996	0.00040664774984494297
-3.9199999999999604	0.0004198919490999949
-3.9099999999999606	0.0004335399957576459
-3.899999999999961	0.00044760322440968943
-3.889999999999961	0.00046209325428531444
-3.8799999999999613	0.0004770219952037032
-3.8699999999999615	0.0004924016537135202
-3.8599999999999617	0.0005082447394030433
-3.849999999999962	0.0005245640711375601
-3.839999999999962	0.000541372783473657
-3.8299999999999623	0.0005586843332394706
-3.8199999999999625	0.0005765125060729733
-3.8099999999999627	0.0005948714230979486
-3.799999999999963	0.0006137755477788547
-3.789999999999963	0.0006332396927831061
-3.7799999999999634	0.0006532790268857063
-3.7699999999999636	0.0006739090821500146
-3.759999999999964	0.0006951457610450682
-3.749999999999964	0.0007170053436419578
-3.7399999999999642	0.0007395044950529662
-3.7299999999999645	0.0007626602728530713
-3.7199999999999647	0.0007864901345317817
-3.709999999999965	0.0008110119452264162
-3.699999999999965	0.0008362439853784913
-3.6899999999999653	0.0008622049585260671
-3.6799999999999655	0.0008889139992287123
-3.6699999999999657	0.0009163906810685827
-3.659999999999966	0.0009446550246318251
-3.649999999999966	0.0009737275057328229
-3.6399999999999664	0.0010036290636735313
-3.6299999999999666	0.001034381109475939
-3.619999999999967	0.0010660055343456151
-3.609999999999967	0.0010985247181975837
-3.5999999999999672	0.0011319615381396757
-3.5899999999999674	0.0011663393771375087
-3.5799999999999677	0.001201682132805186
-3.569999999999968	0.001238014226101252
-3.559999999999968	0.0012753606102198177
-3.5499999999999683	0.0013137467795926875
-3.5399999999999685	0.0013531987788279326
-3.5299999999999687	0.001393743211770908
-3.519999999999969	0.0014354072507283629
-3.509999999999969	0.0014782186455835988
-3.4999999999999694	0.001522205733038453
-3.4899999999999696	0.0015673974460179258
-3.47999999999997	0.0016138233229687565
-3.46999999999997	0.0016615135172375949
-3.45999999999997	0.0017104988066384361
-3.4499999999999704	0.0017608106028938757
-3.4399999999999706	0.0018124809611590827
-3.429999999999971	0.0018655425896754235
-3.419999999999971	0.0019200288593557075
-3.4099999999999713	0.001975973813376803
-3.3999999999999715	0.0020334121769426373
-3.3899999999999717	0.002092379366948605
-3.379999999999972	0.0021529115016477233
-3.369999999999972	0.0022150454104339005
-3.3599999999999723	0.0022788186436039875
-3.3499999999999726	0.00234426948197851
-3.3399999999999728	0.0024114369467334268
-3.329999999999973	0.002480360809153489
-3.319999999999973	0.0025510816002554323
-3.3099999999999734	0.0026236406205549733
-3.2999999999999736	0.002698079949791452
-3.289999999999974	0.0027744424565022178
-3.279999999999974	0.002852771807669878
-3.2699999999999743	0.0029331124783740854
-3.2599999999999745	0.0030155097612319004
-3.2499999999999747	0.003100009775918482
-3.239999999999975	0.0031866594786690355
-3.229999999999975	0.0032755066715489402
-3.2199999999999753	0.0033666000117654918
-3.2099999999999755	0.0034599890209722215
-3.1999999999999758	0.0035557240943072705
-3.189999999999976	0.0036538565094365446
-3.179999999999976	0.003754438435543082
-3.1699999999999764	0.0038575229421585707
-3.1599999999999766	0.003963164007788291
-3.149999999999977	0.004071416528630462
-3.139999999999977	0.004182336326960785
-3.1299999999999772	0.004295980159455459
-3.1199999999999775	0.004412405725382752
-3.1099999999999777	0.004531671674635585
-3.099999999999978	0.0046538376154880165
-3.089999999999978	0.00477896412237614
-3.0799999999999783	0.0049071127433571995
-3.0699999999999785	0.0050383460073198634
-3.0599999999999787	0.005172727431174236
-3.049999999999979	0.005310321526723783
-3.039999999999979	0.005451193807208167
-3.0299999999999794	0.0055954107938234205
-3.0199999999999796	0.0057430400218930555
-3.00999999999998	0.005894150046698544
-2.99999999999998	0.006048810449200703
-2.9899999999999802	0.006207091841445816
-2.9799999999999804	0.006369065871569796
-2.9699999999999807	0.006534805228616505
-2.959999999999981	0.006704383647098533
-2.949999999999981	0.006877875911023835
-2.9399999999999813	0.007055357857804067
-2.9299999999999815	0.0072369063817472766
-2.9199999999999817	0.00742259943714172
-2.909999999999982	0.007612516041000681
-2.899999999999982	0.007806736275545743
-2.8899999999999824	0.008005341290057172
-2.8799999999999826	0.008208413302531413
-2.869999999999983	0.00841603560083538
-2.859999999999983	0.008628292543431202
-2.849999999999983	0.008845269559614228
-2.8399999999999834	0.009067053149471262
-2.8299999999999836	0.009293730883131446
-2.819999999999984	0.00952539139966017
-2.809999999999984	0.009762124405523822
-2.7999999999999843	0.010004020672419607
-2.7899999999999845	0.010251172034566705
-2.7799999999999847	0.010503671385646425
-2.769999999999985	0.010761612675043386
-2.759999999999985	0.011025090903479258
-2.7499999999999853	0.011294202118244704
-2.7399999999999856	0.011569043407755452
-2.7299999999999858	0.011849712895393232
-2.719999999999986	0.012136309732930678
-2.709999999999986	0.012428934093246375
-2.6999999999999864	0.012727687162272171
-2.6899999999999866	0.01303267113049353
-2.679999999999987	0.013343989183704587
-2.669999999999987	0.013661745492942093
-2.6599999999999873	0.013986045203914232
-2.6499999999999875	0.014316994425690658
-2.6399999999999877	0.014654700218492075
-2.629999999999988	0.014999270580949778
-2.619999999999988	0.01535081443655498
-2.6099999999999883	0.01570944161926984
-2.5999999999999885	0.016075262858418066
-2.5899999999999888	0.016448389762876638
-2.579999999999989	0.01682893480426565
-2.569999999999989	0.017217011299457737
-2.5599999999999894	0.01761273339230243
-2.5499999999999896	0.01801621603436864
-2.53999999999999	0.018427574964890395
-2.52999999999999	0.01884692669000143
-2.5199999999999902	0.019274388460845244
-2.5099999999999905	0.0197100782509074
-2.4999999999999907	0.020154114732570484
-2.489999999999991	0.020606617252580527
-2.479999999999991	0.021067705806609577
-2.4699999999999913	0.021537501013050266
-2.4599999999999915	0.022016124085730105
-2.4499999999999917	0.022503696805636363
-2.439999999999992	0.023000341491869938
-2.429999999999992	0.023506180971485
-2.4199999999999924	0.024021338548306004
-2.4099999999999926	0.02454593797093305
-2.399999999999993	0.02508010339966823
-2.389999999999993	0.025623959372316162
-2.3799999999999932	0.026177630769202823
-2.3699999999999934	0.026741242777103203
-2.3599999999999937	0.02731492085198783
-2.349999999999994	0.027898790680961946
-2.339999999999994	0.02849297814313209
-2.3299999999999943	0.029097609269262335
-2.3199999999999945	0.029712810200606354
-2.3099999999999947	0.030338707146608242
-2.299999999999995	0.03097542634152487
-2.289999999999995	0.03162309400002923
-2.2799999999999954	0.03228183627184683
-2.2699999999999956	0.032951779195144484
-2.259999999999996	0.03363304864900488
-2.249999999999996	0.03432577030492479
-2.239999999999996	0.035030069577037665
-2.2299999999999964	0.03574607157140254
-2.2199999999999966	0.036473901034389244
-2.209999999999997	0.03721368229974216
-2.199999999999997	0.037965539234736334
-2.1899999999999973	0.03872959518540092
-2.1799999999999975	0.039505972920521666
-2.1699999999999977	0.04029479457464775
-2.159999999999998	0.04109618159023877
-2.149999999999998	0.041910254658637985
-2.1399999999999983	0.04273713365999698
-2.1299999999999986	0.04357693760243394
-2.1199999999999988	0.04442978456001796
-2.109999999999999	0.04529579160970558
-2.099999999999999	0.04617507476757001
-2.0899999999999994	0.04706774892391007
-2.0799999999999996	0.0479739277773246
-2.07	0.048893723768100424
-2.06	0.049827248010571784
-2.0500000000000003	0.05077461022447998
-2.0400000000000005	0.05173591866563309
-2.0300000000000007	0.0527112800556669
-2.020000000000001	0.05370079951080744
-2.010000000000001	0.05470458047001503
-2.0000000000000013	0.05572272462228132
-1.9900000000000015	0.0567553318330022
-1.9800000000000015	0.05780250006976525
-1.9700000000000015	0.058864325327431695
-1.9600000000000015	0.05994090155227945
-1.9500000000000015	0.06103232056565002
-1.9400000000000015	0.06213867198701025
-1.9300000000000015	0.0632600431561466
-1.9200000000000015	0.06439651905490136
-1.9100000000000015	0.06554818222846558
-1.9000000000000015	0.06671511270587462
-1.8900000000000015	0.06789738792012377
-1.8800000000000014	0.06909508262794362
-1.8700000000000014	0.07030826882889481
-1.8600000000000014	0.07153701568413957
-1.8500000000000014	0.07278138943502396
-1.8400000000000014	0.07404145332109223
-1.8300000000000014	0.07531726749783646
-1.8200000000000014	0.07660888895441435
-1.8100000000000014	0.07791637143093068
-1.8000000000000014	0.07923976533552889
-1.7900000000000014	0.080579117661548
-1.7800000000000014	0.08193447190448089
-1.7700000000000014	0.0833058679787599
-1.7600000000000013	0.08469334213481192
-1.7500000000000013	0.08609692687599899
-1.7400000000000013	0.08751665087558048
-1.7300000000000013	0.0889525388940087
-1.7200000000000013	0.09040461169634066
-1.7100000000000013	0.09187288596971763
-1.7000000000000013	0.0933573742413885
-1.6900000000000013	0.09485808479702905
-1.6800000000000013	0.09637502159922343
-1.6700000000000013	0.0979081842066508
-1.6600000000000013	0.0994575676937656
-1.6500000000000012	0.10102316257077186
-1.6400000000000012	0.102604954704459
-1.6300000000000012	0.10420292523968896
-1.6200000000000012	0.10581705052140158
-1.6100000000000012	0.10744730201755952
-1.6000000000000012	0.10909364624301461
-1.5900000000000012	0.11075604468400567
-1.5800000000000012	0.11243445372376024
-1.5700000000000012	0.11412882456923872
-1.5600000000000012	0.11583910317865947
-1.5500000000000012	0.11756523019029609
-1.5400000000000011	0.11930714085258436
-1.5300000000000011	0.12106476495530666
-1.5200000000000011	0.12283802676205927
-1.5100000000000011	0.12462684494436446
-1.500000000000001	0.12643113251692037
-1.490000000000001	0.12825079677447213
-1.480000000000001	0.1300857392302781
-1.470000000000001	0.13193585555618656
-1.460000000000001	0.13380103552423506
-1.450000000000001	0.13568116295030633
-1.440000000000001	0.13757611563939118
-1.430000000000001	0.13948576533262497
-1.420000000000001	0.14140997765655544
-1.410000000000001	0.14334861207425065
-1.400000000000001	0.14530152183829448
-1.390000000000001	0.14726855394622854
-1.380000000000001	0.1492495490980386
-1.370000000000001	0.1512443416557374
-1.360000000000001	0.15325275960548132
-1.350000000000001	0.15527462452203536
-1.340000000000001	0.15730975153542612
-1.330000000000001	0.1593579493003225
-1.320000000000001	0.16141901996797992
-1.310000000000001	0.1634927591605101
-1.300000000000001	0.1655789559480587
-1.290000000000001	0.16767739282876357
-1.280000000000001	0.16978784571117264
-1.270000000000001	0.1719100838996997
-1.260000000000001	0.17404387008308952
-1.2500000000000009	0.17618896032549342
-1.2400000000000009	0.17834510406069096
-1.2300000000000009	0.18051204408949242
-1.2200000000000009	0.18268951657999025
-1.2100000000000009	0.18487725107098213
-1.2000000000000008	0.1870749704788181
-1.1900000000000008	0.18928239110717676
-1.1800000000000008	0.19149922266015648
-1.1700000000000008	0.1937251682589422
-1.1600000000000008	0.19595992446153837
-1.1500000000000008	0.19820318128588668
-1.1400000000000008	0.20045462223673227
-1.1300000000000008	0.20271392433570246
-1.1200000000000008	0.20498075815479086
-1.1100000000000008	0.2072547878537219
-1.1000000000000008	0.2095356712206802
-1.0900000000000007	0.21182305971647952
-1.0800000000000007	0.21411659852268483
-1.0700000000000007	0.21641592659325506
-1.0600000000000007	0.21872067670964843
-1.0500000000000007	0.2210304755399618
-1.0400000000000007	0.22334494370167277
-1.0300000000000007	0.2256636958278653
-1.0200000000000007	0.22798634063753093
-1.0100000000000007	0.23031248100958573
-1.0000000000000007	0.23264171406033796
-0.9900000000000007	0.23497363122505546
-0.9800000000000006	0.23730781834333423
-0.9700000000000006	0.23964385574794775
-0.9600000000000006	0.2419813183576651
-0.9500000000000006	0.24431977577401742
-0.9400000000000006	0.24665879238145275
-0.9300000000000006	0.248997927451488
-0.9200000000000006	0.25133673525072897
-0.9100000000000006	0.25367476515234627
-0.9000000000000006	0.25601156175139017
-0.8900000000000006	0.25834666498406283
-0.8800000000000006	0.26067961025028585
-0.8700000000000006	0.26300992854003913
-0.8600000000000005	0.26533714656363616
-0.8500000000000005	0.26766078688523465
-0.8400000000000005	0.269980368059928
-0.8300000000000005	0.27229540477478503
-0.8200000000000005	0.27460540799295724
-0.8100000000000005	0.27690988510132386
-0.8000000000000005	0.27920834006181816
-0.7900000000000005	0.28150027356589263
-0.7800000000000005	0.28378518319216883
-0.7700000000000005	0.28606256356775767
-0.7600000000000005	0.28833190653254737
-0.7500000000000004	0.29059270130646164
-0.7400000000000004	0.29284443466024185
-0.7300000000000004	0.29508659108907664
-0.7200000000000004	0.29731865298890053
-0.7100000000000004	0.2995401008360283
-0.7000000000000004	0.3017504133695222
-0.6900000000000004	0.30394906777594516
-0.6800000000000004	0.30613553987719117
-0.6700000000000004	0.3083093043208809
-0.6600000000000004	0.3104698347729491
-0.6500000000000004	0.3126166041128971
-0.6400000000000003	0.31474908463152973
-0.6300000000000003	0.3168667482287094
-0.6200000000000003	0.31896906662231966
-0.6100000000000003	0.32105551154206424
-0.6000000000000003	0.3231255549420335
-0.5900000000000003	0.32517866920677624
-0.5800000000000003	0.32721432736112316
-0.5700000000000003	0.32923200328112406
-0.5600000000000003	0.3312311719066963
-0.5500000000000003	0.3332113094560691
-0.5400000000000003	0.3351718936410399
-0.5300000000000002	0.33711240388351443
-0.5200000000000002	0.33903232153357155
-0.5100000000000002	0.34093113008799236
-0.5000000000000002	0.34280831540968804
-0.49000000000000027	0.34466336594830566
-0.48000000000000026	0.34649577296097733
-0.47000000000000025	0.34830503073345415
-0.46000000000000024	0.3500906368021781
-0.45000000000000023	0.3518520921761525
-0.4400000000000002	0.35358890155866274
-0.4300000000000002	0.3553005735696343
-0.4200000000000002	0.35698662096748657
-0.4100000000000002	0.3586465608703032
-0.4000000000000002	0.36027991497723
-0.3900000000000002	0.3618862097891045
-0.38000000000000017	0.36346497682659706
-0.37000000000000016	0.3650157528546835
-0.36000000000000015	0.366538080092963
-0.35000000000000014	0.36803150643739113
-0.34000000000000014	0.36949558567484764
-0.3300000000000001	0.3709298776976722
-0.3200000000000001	0.3723339487157867
-0.3100000000000001	0.3737073714680299
-0.3000000000000001	0.3750497254322225
-0.2900000000000001	0.376360597031069
-0.2800000000000001	0.3776395798379169
-0.2700000000000001	0.37888627478102954
-0.26000000000000006	0.38010029034228365
-0.25000000000000006	0.3812812427569066
-0.24000000000000007	0.38242875620842237
-0.23000000000000007	0.38354246302119105
-0.22000000000000006	0.3846220038509133
-0.21000000000000005	0.3856670278715204
-0.20000000000000004	0.3866771929584533
-0.19000000000000003	0.3876521658695012
-0.18000000000000002	0.38859162242196915
-0.17	0.38949524766572896
-0.16	0.3903627360533455
-0.15	0.39119379160634643
-0.13999999999999999	0.3919881280769733
-0.12999999999999998	0.39274546910645597
-0.11999999999999998	0.39346554837923275
-0.10999999999999999	0.39414810977226944
-0.09999999999999999	0.39479290750053364
-0.09	0.39539970625790355
-0.08	0.395968281353544
-0.07	0.39649841884284065
-0.060000000000000005	0.39698991565483677
-0.05	0.3974425797136628
-0.04	0.39785623005531195
-0.03	0.39823069693966645
-0.02	0.3985658219567891
-0.01	0.39886145812804785
0	0.3991174700023009
0.01	0.3993337337461732
0.02	0.39951013722881984
0.03	0.3996465801015086
0.04	0.39974297387114277
0.05	0.39979924196803457
0.060000000000000005	0.39981531980816465
0.07	0.39979115484944644
0.08	0.399726706641788
0.09	0.39962194687171115
0.09999999999999999	0.3994768594006796
0.10999999999999999	0.3992914402971299
0.11999999999999998	0.39906569786285956
0.12999999999999998	0.3987996526531173
0.13999999999999999	0.3984933374902201
0.15	0.39814679747140413
0.16	0.3977600899703444
0.17	0.3973332846321856
0.18000000000000002	0.3968664633626287
0.19000000000000003	0.3963597203107696
0.20000000000000004	0.3958131618453209
0.21000000000000005	0.3952269065248958
0.22000000000000006	0.39460108506208946
0.23000000000000007	0.393935840280923
0.24000000000000007	0.3932313270683294
0.25000000000000006	0.3924877123195718
0.26000000000000006	0.3917051748770549
0.2700000000000001	0.39088390546315815
0.2800000000000001	0.39002410660714465
0.2900000000000001	0.38912599256558594
0.3000000000000001	0.3881897892368573
0.3100000000000001	0.38721573406977383
0.3200000000000001	0.3862040759660969
0.3300000000000001	0.38515507517697284
0.34000000000000014	0.38406900319392884
0.35000000000000014	0.3829461426336942
0.36000000000000015	0.38178678711728814
0.37000000000000016	0.380591241143768
0.38000000000000017	0.3793598199581037
0.3900000000000002	0.37809284941345084
0.4000000000000002	0.37679066582835286
0.4100000000000002	0.3754536158383778
0.4200000000000002	0.37408205624235147
0.4300000000000002	0.37267635384376063
0.4400000000000002	0.37123688528694787
0.45000000000000023	0.3697640368881536
0.46000000000000024	0.36825820446202345
0.47000000000000025	0.3667197931432645
0.48000000000000026	0.3651492172034552
0.49000000000000027	0.36354689986363775
0.5000000000000002	0.36191327310247384
0.5100000000000002	0.3602487774598408
0.5200000000000002	0.35855386183656646
0.5300000000000002	0.35682898329022317
0.5400000000000003	0.3550746068264695
0.5500000000000003	0.3532912051873815
0.5600000000000003	0.3514792586357479
0.5700000000000003	0.3496392547358482
0.5800000000000003	0.34777168813099985
0.5900000000000003	0.3458770603180576
0.6000000000000003	0.3439558794185649
0.6100000000000003	0.34200865994713864
0.6200000000000003	0.3400359225772862
0.6300000000000003	0.33803819390432416
0.6400000000000003	0.3360160062059456
0.6500000000000004	0.3339698972007336
0.6600000000000004	0.33190040980421387
0.6700000000000004	0.32980809188305327
0.6800000000000004	0.3276934960075701
0.6900000000000004	0.3255571792024545
0.7000000000000004	0.32339970269590157
0.7100000000000004	0.32122163166772877
0.7200000000000004	0.31902353499603275
0.7300000000000004	0.3168059850029091
0.7400000000000004	0.3145695571994519
0.7500000000000004	0.3123148300299923
0.7600000000000005	0.3100423846156695
0.7700000000000005	0.30775280449793496
0.7800000000000005	0.30544667538174936
0.7900000000000005	0.3031245848785715
0.8000000000000005	0.3007871222497677
0.8100000000000005	0.29843487815024317
0.8200000000000005	0.29606844437235896
0.8300000000000005	0.29368841359062947
0.8400000000000005	0.2912953791072784
0.8500000000000005	0.2888899345984522
0.8600000000000005	0.2864726738617523
0.8700000000000006	0.284044190565036
0.8800000000000006	0.28160507799643036
0.8900000000000006	0.27915592881600604
0.9000000000000006	0.2766973348092949
0.9100000000000006	0.27422988664236986
0.9200000000000006	0.27175417361907667
0.9300000000000006	0.2692707834405499
0.9400000000000006	0.2667803019667445
0.9500000000000006	0.2642833129804813
0.9600000000000006	0.2617803979542476
0.9700000000000006	0.2592721358194218
0.9800000000000006	0.25675910273841074
0.9900000000000007	0.2542418718798752
1.0000000000000007	0.25172101319687906
1.0100000000000007	0.2491970932082137
1.0200000000000007	0.2466706747832786
1.0300000000000007	0.2441423169301798
1.0400000000000007	0.24161257458740928
1.0500000000000007	0.2390819984193361
1.0600000000000007	0.23655113461537283
1.0700000000000007	0.2340205246928844
1.0800000000000007	0.23149070530433621
1.0900000000000007	0.22896220804839693
1.1000000000000008	0.22643555928505718
1.1100000000000008	0.22391127995524407
1.1200000000000008	0.2213898854046955
1.1300000000000008	0.21887188521212855
1.1400000000000008	0.2163577830220256
1.1500000000000008	0.21384807638206704
1.1600000000000008	0.21134325658494404
1.1700000000000008	0.20884380851510687
1.1800000000000008	0.2063502105002862
1.1900000000000008	0.2038629341676194
1.2000000000000008	0.20138244430483648
1.2100000000000009	0.1989091987264451
1.2200000000000009	0.19644364814458673
1.2300000000000009	0.19398623604520876
1.2400000000000009	0.1915373985690196
1.2500000000000009	0.18909756439813052
1.260000000000001	0.1866671546466081
1.270000000000001	0.1842465827574832
1.280000000000001	0.181836254404116
1.290000000000001	0.17943656739697283
1.300000000000001	0.17704791159558705
1.310000000000001	0.17467066882570045
1.320000000000001	0.17230521280150687
1.330000000000001	0.1699519090532843
1.340000000000001	0.1676111148600711
1.350000000000001	0.16528317918751642
1.360000000000001	0.16296844263103807
1.370000000000001	0.16066723736405922
1.380000000000001	0.15837988709126777
1.390000000000001	0.1561067070072259
1.400000000000001	0.15384800375994306
1.410000000000001	0.15160407541940255
1.420000000000001	0.14937521145136975
1.430000000000001	0.14716169269600282
1.440000000000001	0.1449637913513916
1.450000000000001	0.14278177096210629
1.460000000000001	0.1406158864126532
1.470000000000001	0.13846638392548452
1.480000000000001	0.13633350106400047
1.490000000000001	0.13421746674023946
1.500000000000001	0.1321185012270079
1.5100000000000011	0.13003681617475196
1.5200000000000011	0.12797261463299128
1.5300000000000011	0.12592609107595057
1.5400000000000011	0.12389743143279087
1.5500000000000012	0.12188681312207039
1.5600000000000012	0.11989440509035423
1.5700000000000012	0.11792036785500959
1.5800000000000012	0.11596485355118412
1.5900000000000012	0.11402800598254255
1.6000000000000012	0.11210996067605078
1.6100000000000012	0.11021084494053333
1.6200000000000012	0.10833077792896645
1.6300000000000012	0.10646987070429023
1.6400000000000012	0.10462822630895265
1.6500000000000012	0.10280593983776917
1.6600000000000013	0.10100309851407151
1.6700000000000013	0.09921978176931057
1.6800000000000013	0.09745606132566527
1.6900000000000013	0.09571200128166829
1.7000000000000013	0.0939876582009391
1.7100000000000013	0.09228308120372161
1.7200000000000013	0.09059831206101432
1.7300000000000013	0.08893338529165601
1.7400000000000013	0.08728832826170581
1.7500000000000013	0.08566316128636596
1.7600000000000013	0.08405789773422916
1.7700000000000014	0.08247254413387568
1.7800000000000014	0.0809071002823516
1.7900000000000014	0.07936155935592105
1.8000000000000014	0.07783590802266263
1.8100000000000014	0.0763301265568207
1.8200000000000014	0.07484418895491905
1.8300000000000014	0.07337806305358147
1.8400000000000014	0.07193171064866061
1.8500000000000014	0.07050508761590783
1.8600000000000014	0.06909814403296555
1.8700000000000014	0.0677108243024236
1.8800000000000014	0.06634306727604679
1.8900000000000015	0.06499480638010188
1.9000000000000015	0.06366596974136676
1.9100000000000015	0.0623564803140731
1.9200000000000015	0.061066256007522156
1.9300000000000015	0.05979520981430515
1.9400000000000015	0.058543249938931466
1.9500000000000015	0.0573102799270216
1.9600000000000015	0.05609619879471747
1.9700000000000015	0.054900901158244204
1.9800000000000015	0.053724277363795425
1.9900000000000015	0.05256621361729151
2.0000000000000013	0.051426592114087205
2.010000000000001	0.050305291168666194
2.020000000000001	0.04920218534404568
2.0300000000000007	0.04811714558075974
2.0400000000000005	0.04705003932571141
2.0500000000000003	0.046000730660334666
2.06	0.04496908042826361
2.07	0.04395494636247283
2.0799999999999996	0.04295818321162794
2.0899999999999994	0.041978642865642166
2.099999999999999	0.04101617448049414
2.109999999999999	0.040070624602077644
2.1199999999999988	0.03914183728906007
2.1299999999999986	0.03822965423471327
2.1399999999999983	0.03733391488771416
2.149999999999998	0.036454456571642035
2.159999999999998	0.03559111460331753
2.1699999999999977	0.03474372240997882
2.1799999999999975	0.03391211164488917
2.1899999999999973	0.03309611230174409
2.199999999999997	0.03229555282759483
2.209999999999997	0.03151026023425234
2.2199999999999966	0.030740060208194097
2.2299999999999964	0.0299847772188761
2.239999999999996	0.029244234625485917
2.249999999999996	0.02851825478190029
2.259999999999996	0.02780665914014909
2.2699999999999956	0.0271092683519962
2.2799999999999954	0.026425902368771275
2.289999999999995	0.025756380539553564
2.299999999999995	0.025100521707349766
2.3099999999999947	0.024458144303476776
2.3199999999999945	0.023829066440178022
2.3299999999999943	0.02321310600125054
2.339999999999994	0.022610080730669332
2.349999999999994	0.022019808319505743
2.3599999999999937	0.021442106490689762
2.3699999999999934	0.02087679308186691
2.3799999999999932	0.020323686126347978
2.389999999999993	0.01978260393193601
2.399999999999993	0.019253365157862738
2.4099999999999926	0.01873578888964012
2.4199999999999924	0.01822969471199162
2.429999999999992	0.017734902779612885
2.439999999999992	0.01725123388605925
2.4499999999999917	0.01677850953060827
2.4599999999999915	0.016316551982940415
2.4699999999999913	0.015865184345976703
2.479999999999991	0.015424230616648679
2.489999999999991	0.014993515744627694
2.4999999999999907	0.0145728656890651
2.5099999999999905	0.014162107473415194
2.5199999999999902	0.013761069238163967
2.52999999999999	0.013369580291629204
2.53999999999999	0.012987471158900874
2.5499999999999896	0.01261457362866937
2.5599999999999894	0.012250720798239472
2.569999999999989	0.01189574711664862
2.579999999999989	0.011549488425792526
2.5899999999999888	0.01121178199974162
2.5999999999999885	0.010882466582276007
2.6099999999999883	0.010561382422417387
2.619999999999988	0.010248371308275106
2.629999999999988	0.009943276599105844
2.6399999999999877	0.009645943255519516
2.6499999999999875	0.009356217868044947
2.6599999999999873	0.009073948683904945
2.669999999999987	0.00879898563217013
2.679999999999987	0.00853118034719193
2.6899999999999866	0.00827038619043018
2.6999999999999864	0.008016458270675696
2.709999999999986	0.007769253462699211
2.719999999999986	0.007528630424320928
2.7299999999999858	0.007294449612015994
2.7399999999999856	0.007066573294998109
2.7499999999999853	0.006844865567797142
2.759999999999985	0.006629192361569161
2.769999999999985	0.006419421453809864
2.7799999999999847	0.006215422476838231
2.7899999999999845	0.006017066924928041
2.7999999999999843	0.005824228160105937
2.809999999999984	0.005636781416685706
2.819999999999984	0.005454603804646785
2.8299999999999836	0.005277574311686952
2.8399999999999834	0.005105573804165614
2.849999999999983	0.004938485026991551
2.859999999999983	0.004776192602271594
2.869999999999983	0.00461858302692006
2.8799999999999826	0.004465544669341814
2.8899999999999824	0.0043169677649538786
2.899999999999982	0.004172744410856597
2.909999999999982	0.00403276855948052
2.9199999999999817	0.0038969360114028046
2.9299999999999815	0.0037651444072070374
2.9399999999999813	0.0036372932185758933
2.949999999999981	0.0035132837384982017
2.959999999999981	0.003393019070770816
2.9699999999999807	0.003276404118679742
2.9799999999999804	0.00316334557304144
2.9899999999999802	0.0030537518994556267
2.99999999999998	0.002947533324991271
3.00999999999998	0.002844601824230178
3.0199999999999796	0.002744871104617289
3.0299999999999794	0.0026482565913913446
3.039999999999979	0.0025546754118607627
3.049999999999979	0.0024640463792117715
3.0599999999999787	0.0023762899758225328
3.0699999999999785	0.002291328336129379
3.0799999999999783	0.0022090852290381703
3.089999999999978	0.002129486039962859
3.099999999999978	0.0020524577524618486
3.1099999999999777	0.001977928929530607
3.1199999999999775	0.0019058296945619888
3.1299999999999772	0.0018360917120163463
3.139999999999977	0.0017686481677778086
3.149999999999977	0.0017034337492961647
3.1599999999999766	0.0016403846254737355
3.1699999999999764	0.001579438426323277
3.179999999999976	0.0015205342224697382
3.189999999999976	0.0014636125044797297
3.1999999999999758	0.0014086151619865492
3.2099999999999755	0.0013554854627818352
3.2199999999999753	0.00130416803169733
3.229999999999975	0.0012546088295032707
3.239999999999975	0.0012067551316213602
3.2499999999999747	0.0011605555068892946
3.2599999999999745	0.0011159597962007769
3.2699999999999743	0.0010729190911868594
3.279999999999974	0.0010313857128789984
3.289999999999974	0.0009913131903745293
3.2999999999999736	0.0009526562395023187
3.3099999999999734	0.0009153707416025812
3.319999999999973	0.000879413722321502
3.329999999999973	0.0008447433304220817
3.3399999999999728	0.0008113188167809724
3.3499999999999726	0.0007791005134342589
3.3599999999999723	0.0007480498126593747
3.369999999999972	0.0007181291463074421
3.379999999999972	0.0006893019651753972
3.3899999999999717	0.0006615327185132767
3.3999999999999715	0.0006347868337350106
3.4099999999999713	0.0006090306962580693
3.419999999999971	0.0005842316295001425
3.429999999999971	0.0005603578750495731
3.4399999999999706	0.0005373785730633078
3.4499999999999704	0.0005152637428068938
3.45999999999997	0.0004939842634167169
3.46999999999997	0.0004735118548618997
3.47999999999997	0.00045381905912995966
3.4899999999999696	0.0004348792215944218
3.4999999999999694	0.00041666647266036343
3.509999999999969	0.00039915570959164813
3.519999999999969	0.00038232257859183936
3.5299999999999687	0.00036614345711677383
3.5399999999999685	0.00035059543643845595
3.5499999999999683	0.0003356563044277921
3.559999999999968	0.00032130452861140455
3.569999999999968	0.0003075192395055694
3.5799999999999677	0.0002942802140841263
3.5899999999999674	0.0002815678596672633
3.5999999999999672	0.0002693631979608802
3.609999999999967	0.0002576478493652817
3.619999999999967	0.00024640401758256527
3.6299999999999666	0.00023561447445425413
3.6399999999999664	0.00022526254507317632
3.649999999999966	0.0002153320931492066
3.659999999999966	0.0002058075066866569
3.6699999999999657	0.0001966736838078681
3.6799999999999655	0.0001879160189665238
3.6899999999999653	0.00017952038941197374
3.699999999999965	0.00017147314178529857
3.709999999999965	0.0001637610791500282
3.7199999999999647	0.00015637144815768277
3.7299999999999645	0.0001492919265522368
3.7399999999999642	0.00014251061085794245
3.749999999999964	0.000136016004405661
3.759999999999964	0.00012979700554090778
3.7699999999999636	0.00012384289614663277
3.7799999999999634	0.00011814333035866792
3.789999999999963	0.00011268832358638389
3.799999999999963	0.00010746824171351857
3.8099999999999627	0.00010247379064418866
3.8199999999999625	0.00009769600595677271
3.8299999999999623	0.00009312624289856427
3.839999999999962	0.00008875616662819445
3.849999999999962	0.0000845777425877087
3.8599999999999617	0.00008058322719512624
3.8699999999999615	0.00007676515874016633
3.8799999999999613	0.00007311634850002595
3.889999999999961	0.00006962987207312578
3.899999999999961	0.0000662990609503411
3.9099999999999606	0.00006311749428286258
3.9199999999999604	0.000060078990837978305
3.92999999999996	0.00005717760126746561
3.93999999999996	0.000054407600432683976
3.9499999999999598	0.00005176348003821986
3.9599999999999596	0.000049239941437631256
3.9699999999999593	0.000046831888616113147
3.979999999999959	0.000044534421384416114
3.989999999999959	0.00004234282875273436
3.9999999999999587	0.00004025258249414326
4.009999999999959	0.000038259330870692716
4.019999999999959	0.000036358892582941356
4.0299999999999585	0.000034547250830363824
4.039999999999958	0.000032820547602708696
4.049999999999958	0.00003117507808415714
4.059999999999958	0.000029607285274626966
4.069999999999958	0.00002811375472068394
4.079999999999957	0.000026691209455250818
4.089999999999957	0.00002533650503468519
4.099999999999957	0.000024046624783802653
4.109999999999957	0.0000228186751147479
4.119999999999957	0.00002164988108523939
4.129999999999956	0.000020537582010300018
4.139999999999956	0.00001947922723178427
4.149999999999956	0.000018472372086598605
4.159999999999956	0.000017514673901472107
4.1699999999999555	0.000016603888166128713
4.179999999999955	0.000015737864877937356
4.189999999999955	0.000014914544905868198
4.199999999999955	0.000014131956542482152
4.209999999999955	0.000013388212160883386
4.2199999999999545	0.000012681504979670082
4.229999999999954	0.000012010105895648983
4.239999999999954	0.00001137236050370241
4.249999999999954	0.000010766686145461986
4.259999999999954	0.000010191569091370346
4.269999999999953	9.64556182822891e-6
4.279999999999953	9.127280408446468e-6
4.289999999999953	8.635401929400828e-6
4.299999999999953	8.168662056579795e-6
4.3099999999999525	7.725852703492349e-6
4.319999999999952	7.305819717322931e-6
4.329999999999952	6.90746067082478e-6
4.339999999999952	6.529722795980313e-6
4.349999999999952	6.171600885760545e-6
4.3599999999999515	5.8321353667559695e-6
4.369999999999951	5.510410383359164e-6
4.379999999999951	5.2055519803743924e-6
4.389999999999951	4.916726344642131e-6
4.399999999999951	4.643138112490408e-6
4.40999999999995	4.384028744791079e-6
4.41999999999995	4.138674958668066e-6
4.42999999999995	3.906387223591405e-6
4.43999999999995	3.686508309564467e-6
4.4499999999999496	3.478411895742831e-6
4.459999999999949	3.2815012330524474e-6
4.469999999999949	3.09520785426489e-6
4.479999999999949	2.9189903396064126e-6
4.489999999999949	2.752333128769977e-6
4.4999999999999485	2.594745380061331e-6
4.509999999999948	2.445759875272187e-6
4.519999999999948	2.3049319686107113e-6
4.529999999999948	2.1718385772493938e-6
4.539999999999948	2.046077213688857e-6
4.549999999999947	1.9272650566881847e-6
4.559999999999947	1.8150380607492493e-6
4.569999999999947	1.7090501020988576e-6
4.579999999999947	1.608972159699072e-6
4.589999999999947	1.5144915295719238e-6
4.599999999999946	1.4253110782301375e-6
4.609999999999946	1.3411485140614e-6
4.619999999999946	1.2617357014369705e-6
4.629999999999946	1.1868180048575003e-6
4.6399999999999455	1.116153647567676e-6
4.649999999999945	1.049513113408738e-6
4.659999999999945	9.866785607438529e-7
4.669999999999945	9.274432779957441e-7
4.679999999999945	8.716111423869645e-7
4.689999999999944	8.189961228810434e-7
4.699999999999944	7.694217905267063e-7
4.709999999999944	7.227208550057793e-7
4.719999999999944	6.787347242771107e-7
4.729999999999944	6.373130801414875e-7
4.739999999999943	5.983134752780584e-7
4.749999999999943	5.616009456462572e-7
4.759999999999943	5.270476444840263e-7
4.769999999999943	4.945324894263779e-7
4.7799999999999425	4.6394082698724574e-7
4.789999999999942	4.3516411277182947e-7
4.799999999999942	4.08099605965543e-7
4.809999999999942	3.826500767042099e-7
4.819999999999942	3.5872353246519047e-7
4.8299999999999415	3.3623294682956785e-7
4.839999999999941	3.1509601437734005e-7
4.849999999999941	2.9523490552849793e-7
4.859999999999941	2.765760341978093e-7
4.869999999999941	2.5904984917631744e-7
4.87999999999994	2.4259061940818065e-7
4.88999999999994	2.2713623790065097e-7
4.89999999999994	2.1262803333707857e-7
4.90999999999994	1.9901059110750744e-7
4.9199999999999395	1.862315827527376e-7
4.929999999999939	1.742416037796973e-7
4.939999999999939	1.6299401964565385e-7
4.949999999999939	1.5244481888869939e-7
4.959999999999939	1.425524739915402e-7
4.9699999999999385	1.3327780881420725e-7
4.979999999999938	1.2458387265673629e-7
4.989999999999938	1.1643582122457355e-7
4.999999999999938	1.0880080262418437e-7
5.009999999999938	1.0164784937607779e-7
5.019999999999937	9.494777656361693e-8
5.029999999999937	8.867308463180295e-8
5.039999999999937	8.279786683982903e-8
5.049999999999937	7.729772228491971e-8
5.0599999999999365	7.214967260907119e-8
5.069999999999936	6.733208358194874e-8
5.079999999999936	6.282459039665713e-8
5.089999999999936	5.860802719225644e-8
5.099999999999936	5.466435981455976e-8
5.1099999999999355	5.0976622562803246e-8
5.119999999999935	4.752885811538007e-8
5.129999999999935	4.430606024092529e-8
5.139999999999935	4.129412029152715e-8
5.149999999999935	3.84797761099598e-8
5.159999999999934	3.5850563684838067e-8
5.169999999999934	3.339477131032087e-8
5.179999999999934	3.110139685486215e-8
5.189999999999934	2.8960106217562087e-8
5.199999999999934	2.6961195445193266e-8
5.209999999999933	2.5095553563885055e-8
5.219999999999933	2.3354628006605064e-8
5.229999999999933	2.1730392099993734e-8
5.239999999999933	2.0215313414808465e-8
5.2499999999999325	1.880233050894573e-8
5.259999999999932	1.748481486735558e-8
5.269999999999932	1.6256550358301958e-8
5.279999999999932	1.5111712086297732e-8
5.289999999999932	1.4044841337713153e-8
5.299999999999931	1.3050814833826402e-8
5.309999999999931	1.2124844548017627e-8
5.319999999999931	1.1262433152223515e-8
5.329999999999931	1.045937451307069e-8
5.339999999999931	9.711727929934974e-9