-5.689999999999923	9.902490037021695e-8
-5.679999999999923	1.0425114484058305e-7
-5.6699999999999235	1.0974431848544826e-7
-5.659999999999924	1.155175857169945e-7
-5.649999999999924	1.2158470151456393e-7
-5.639999999999924	1.2796008619116156e-7
-5.629999999999924	1.3465883802235567e-7
-5.619999999999925	1.4169675504771015e-7
-5.609999999999925	1.4909040977295808e-7
-5.599999999999925	1.5685713169296442e-7
-5.589999999999925	1.6501503462938015e-7
-5.5799999999999255	1.7358309924332796e-7
-5.569999999999926	1.8258118702280258e-7
-5.559999999999926	1.9203009288675384e-7
-5.549999999999926	2.0195157054814558e-7
-5.539999999999926	2.1236836297184082e-7
-5.5299999999999265	2.2330427387855013e-7
-5.519999999999927	2.3478419608600295e-7
-5.509999999999927	2.4683417760926773e-7
-5.499999999999927	2.5948145015322075e-7
-5.489999999999927	2.7275448832939405e-7
-5.479999999999928	2.866830785936012e-7
-5.469999999999928	3.0129836208969265e-7
-5.459999999999928	3.1663288579146725e-7
-5.449999999999928	3.327206778058631e-7
-5.4399999999999284	3.495973057690813e-7
-5.429999999999929	3.6729994270405857e-7
-5.419999999999929	3.8586743630822615e-7
-5.409999999999929	4.053403808648608e-7
-5.399999999999929	4.2576119113280656e-7
-5.3899999999999295	4.4717418042775505e-7
-5.37999999999993	4.6962564075704905e-7
-5.36999999999993	4.931639267192545e-7
-5.35999999999993	5.178395360064013e-7
-5.34999999999993	5.437052197419006e-7
-5.339999999999931	5.708160642350975e-7
-5.329999999999931	5.992295742563934e-7
-5.319999999999931	6.290057954486088e-7
-5.309999999999931	6.602074131745566e-7
-5.299999999999931	6.928998622333369e-7
-5.289999999999932	7.271514412709381e-7
-5.279999999999932	7.630334312104792e-7
-5.269999999999932	8.006202178929836e-7
-5.259999999999932	8.399894206030693e-7
-5.2499999999999325	8.812220243967266e-7
-5.239999999999933	9.244025181966468e-7
-5.229999999999933	9.696190478042226e-7
-5.219999999999933	1.0169635346186854e-6
-5.209999999999933	1.0665318498801813e-6
-5.199999999999934	1.1184239944873766e-6
-5.189999999999934	1.172744235577588e-6
-5.179999999999934	1.2296012883558231e-6
-5.169999999999934	1.289108495518307e-6
-5.159999999999934	1.3513840122884885e-6
-5.149999999999935	1.416550999274362e-6
-5.139999999999935	1.4847378218769966e-6
-5.129999999999935	1.5560782572315382e-6
-5.119999999999935	1.6307117089535895e-6
-5.1099999999999355	1.7087834301972984e-6
-5.099999999999936	1.7904447527801605e-6
-5.089999999999936	1.875853327758649e-6
-5.079999999999936	1.9651733738665474e-6
-5.069999999999936	2.058575931972219e-6
-5.0599999999999365	2.156239132892968e-6
-5.049999999999937	2.258348499112194e-6
-5.039999999999937	2.3650971285761554e-6
-5.029999999999937	2.476686139114591e-6
-5.019999999999937	2.5933249080645964e-6
-5.009999999999938	2.7152313020855767e-6
-4.999999999999938	2.842632166815581e-6
-4.989999999999938	2.9757635577762555e-6
-4.979999999999938	3.1148711304082437e-6
-4.9699999999999385	3.2602104840305034e-6
-4.959999999999939	3.4120475838745124e-6
-4.949999999999939	3.5706590574954003e-6
-4.939999999999939	3.73633273427685e-6
-4.929999999999939	3.909367915875427e-6
-4.9199999999999395	4.0900759434901785e-6
-4.90999999999994	4.278780556934005e-6
-4.89999999999994	4.475818391990688e-6
-4.88999999999994	4.68153945069524e-6
-4.87999999999994	4.896307587949384e-6
-4.869999999999941	5.120501040683027e-6
-4.859999999999941	5.354512946226138e-6
-4.849999999999941	5.598751885700444e-6
-4.839999999999941	5.853642449916864e-6
-4.8299999999999415	6.119625831124326e-6
-4.819999999999942	6.397160414830381e-6
-4.809999999999942	6.686722405837621e-6
-4.799999999999942	6.98880648203651e-6
-4.789999999999942	7.303926437873561e-6
-4.7799999999999425	7.63261588440026e-6
-4.769999999999943	7.975428957453377e-6
-4.759999999999943	8.33294104442166e-6
-4.749999999999943	8.70574953600968e-6
-4.739999999999943	9.094474615406343e-6
-4.729999999999944	9.499760053454478e-6
-4.719999999999944	9.92227403769113e-6
-4.709999999999944	0.000010362710048130962
-4.699999999999944	0.000010821787689763188
-4.689999999999944	0.000011300253664524668
-4.679999999999945	0.000011798882669776443
-4.669999999999945	0.000012318478401115267
-4.659999999999945	0.000012859874502518241
-4.649999999999945	0.000013423935636906832
-4.6399999999999455	0.000014011558530252556
-4.629999999999946	0.00001462367306874898
-4.619999999999946	0.000015261243433494793
-4.609999999999946	0.00001592526923099104
-4.599999999999946	0.000016616786733681143
-4.589999999999947	0.000017336870093643935
-4.579999999999947	0.00001808663258353345
-4.569999999999947	0.00001886722795528097
-4.559999999999947	0.00001967985175061608
-4.549999999999947	0.0000205257427016239
-4.539999999999948	0.000021406184145121204
-4.529999999999948	0.000022322505502967194
-4.519999999999948	0.000023276083793386863
-4.509999999999948	0.00002426834516212979
-4.4999999999999485	0.000025300766517930127
-4.489999999999949	0.00002637487715781863
-4.479999999999949	0.000027492260459516802
-4.469999999999949	0.000028654555628852936
-4.459999999999949	0.000029863459477176747
-4.4499999999999496	0.00003112072827700871
-4.43999999999995	0.000032428179642660904
-4.42999999999995	0.00003378769448252899
-4.41999999999995	0.000035201218989116666
-4.40999999999995	0.00003667076668996309
-4.399999999999951	0.00003819842057268216
-4.389999999999951	0.00003978633523020771
-4.379999999999951	0.000041436739100227344
-4.369999999999951	0.00004315193674521476
-4.3599999999999515	0.0000449343111987645
-4.349999999999952	0.00004678632637003366
-4.339999999999952	0.0000487105295265881
-4.329999999999952	0.000050709553820820365
-4.319999999999952	0.00005278612089709685
-4.3099999999999525	0.00005494304356569141
-4.299999999999953	0.000057183228539352005
-4.289999999999953	0.000059509679242707967
-4.279999999999953	0.00006192549869861206
-4.269999999999953	0.00006443389248387361
-4.259999999999954	0.000067038171749964
-4.249999999999954	0.00006974175634171275
-4.239999999999954	0.00007254817797489097
-4.229999999999954	0.00007546108348974283
-4.2199999999999545	0.00007848423820502628
-4.209999999999955	0.00008162152933512094
-4.199999999999955	0.00008487696949448566
-4.189999999999955	0.00008825470029140852
-4.179999999999955	0.0000917589960068088
-4.1699999999999555	0.00009539426734882563
-4.159999999999956	0.00009916506531109654
-4.149999999999956	0.00010307608511924272
-4.139999999999956	0.00010713217025852027
-4.129999999999956	0.0001113383165824364
-4.119999999999957	0.00011569967657634706
-4.109999999999957	0.00012022156364107881
-4.099999999999957	0.0001249094565200492
-4.089999999999957	0.000129769003794304
-4.079999999999957	0.00013480602852254084
-4.069999999999958	0.00014002653293743622
-4.059999999999958	0.00014543670326831065
-4.049999999999958	0.0001510429146576841
-4.039999999999958	0.00015685173618802147
-4.0299999999999585	0.00016286993602504187
-4.019999999999959	0.00016910448664666836
-4.009999999999959	0.00017556257020012606
-3.9999999999999587	0.00018225158396608496
-3.989999999999959	0.0001891791459295401
-3.979999999999959	0.00019635310046161512
-3.9699999999999593	0.00020378152414916552
-3.9599999999999596	0.000211472731645071
-3.9499999999999598	0.00021943528178624015
-3.93999999999996	0.0002276779837127965
-3.92999999999996	0.00023620990309166753
-3.9199999999999604	0.00024504036858664154
-3.9099999999999606	0.0002541789783235051
-3.899999999999961	0.00026363560653796977
-3.889999999999961	0.0002734204103221459
-3.8799999999999613	0.0002835438365187942
-3.8699999999999615	0.0002940166287248817
-3.8599999999999617	0.0003048498344126907
-3.849999999999962	0.00031605481219836354
-3.839999999999962	0.00032764323922688106
-3.8299999999999623	0.0003396271186706157
-3.8199999999999625	0.0003520187873830953
-3.8099999999999627	0.000364830923662245
-3.799999999999963	0.00037807655514626834
-3.789999999999963	0.0003917690668374295
-3.7799999999999634	0.0004059222092701969
-3.7699999999999636	0.00042055010678111824
-3.759999999999964	0.0004356672659323517
-3.749999999999964	0.00045128858405743
-3.7399999999999642	0.0004674293579453937
-3.7299999999999645	0.0004841052925989687
-3.7199999999999647	0.0005013325102435671
-3.709999999999965	0.0005191275593364962
-3.699999999999965	0.0005375074237736707
-3.6899999999999653	0.000556489532213508
-3.6799999999999655	0.0005760917675208048
-3.6699999999999657	0.0005963324763383087
-3.659999999999966	0.0006172304788049936
-3.649999999999966	0.0006388050783376852
-3.6399999999999664	0.0006610760716350479
-3.6299999999999666	0.0006840637587220589
-3.619999999999967	0.0007077889531458061
-3.609999999999967	0.0007322729922848053
-3.5999999999999672	0.0007575377477891972
-3.5899999999999674	0.000783605636130303
-3.5799999999999677	0.0008104996292498192
-3.569999999999968	0.0008382432653509895
-3.559999999999968	0.0008668606597867382
-3.5499999999999683	0.0008963765160357831
-3.5399999999999685	0.0009268161368208199
-3.5299999999999687	0.0009582054353113291
-3.519999999999969	0.000990570946414982
-3.509999999999969	0.0010239398381928322
-3.4999999999999694	0.0010583399233524537
-3.4899999999999696	0.0010937996708295064
-3.47999999999997	0.0011303482174670472
-3.46999999999997	0.0011680153797808907
-3.45999999999997	0.001206831665784153
-3.4499999999999704	0.001246828286911531
-3.4399999999999706	0.0012880371700109555
-3.429999999999971	0.0013304909693860822
-3.419999999999971	0.0013742230789184897
-3.4099999999999713	0.001419267644253648
-3.3999999999999715	0.00146565957501461
-3.3899999999999717	0.0015134345570875943
-3.379999999999972	0.001562629064942163
-3.369999999999972	0.0016132803739825267
-3.3599999999999723	0.0016654265729330567
-3.3499999999999726	0.0017191065762616822
-3.3399999999999728	0.001774360136602589
-3.329999999999973	0.001831227857193569
-3.319999999999973	0.001889751204347894
-3.3099999999999734	0.001949972519874889
-3.2999999999999736	0.0020119350335320732
-3.289999999999974	0.002075682875447487
-3.279999999999974	0.0021412610885213662
-3.2699999999999743	0.0022087156407792014
-3.2599999999999745	0.0022780934377165207
-3.2499999999999747	0.0023494423345725626
-3.239999999999975	0.00242281114854553
-3.229999999999975	0.0024982496709587817
-3.2199999999999753	0.002575808679343303
-3.2099999999999755	0.0026555399494234844
-3.1999999999999758	0.002737496267034601
-3.189999999999976	0.002821731439920165
-3.179999999999976	0.0029083003094132857
-3.1699999999999764	0.002997258762004076
-3.1599999999999766	0.0030886637407748574
-3.149999999999977	0.0031825732566666616
-3.139999999999977	0.0032790463996147296
-3.1299999999999772	0.0033781433495134023
-3.1199999999999775	0.0034799253869788513
-3.1099999999999777	0.0035844549039447783
-3.099999999999978	0.003691795414052018
-3.089999999999978	0.0038020115628048636
-3.0799999999999783	0.003915169137511891
-3.0699999999999785	0.004031335076995825
-3.0599999999999787	0.004150577481022614
-3.049999999999979	0.004272965619479527
-3.039999999999979	0.0043985699412807475
-3.0299999999999794	0.004527462082958452
-3.0199999999999796	0.004659714876948199
-3.00999999999998	0.00479540235957541
-2.99999999999998	0.004934599778667831
-2.9899999999999802	0.005077383600841084
-2.9799999999999804	0.005223831518411183
-2.9699999999999807	0.005374022455924195
-2.959999999999981	0.00552803657627774
-2.949999999999981	0.005685955286456128
-2.9399999999999813	0.00584786124281313
-2.9299999999999815	0.006013838355917045
-2.9199999999999817	0.006183971794938556
-2.909999999999982	0.006358347991569057
-2.899999999999982	0.006537054643420374
-2.8899999999999824	0.0067201807169492865
-2.8799999999999826	0.006907816449881911
-2.869999999999983	0.007100053352872214
-2.859999999999983	0.007296984211046732
-2.849999999999983	0.0074987030845470445
-2.8399999999999834	0.007705305308664258
-2.8299999999999836	0.007916887493354317
-2.819999999999984	0.00813354752211308
-2.809999999999984	0.008355384550190529
-2.7999999999999843	0.008582499002164205
-2.7899999999999845	0.008814992568831961
-2.7799999999999847	0.009052968203386007
-2.769999999999985	0.00929653011688715
-2.759999999999985	0.00954578377306622
-2.7499999999999853	0.009800835882109022
-2.7399999999999856	0.010061794394159098
-2.7299999999999858	0.010328768491583722
-2.719999999999986	0.01060186858063852
-2.709999999999986	0.01088120628227909
-2.6999999999999864	0.011166894422154214
-2.6899999999999866	0.01145904701970844
-2.679999999999987	0.011757779276437024
-2.669999999999987	0.012063207563249063
-2.6599999999999873	0.012375449406916048
-2.6499999999999875	0.012694623475596368
-2.6399999999999877	0.013020849563440965
-2.629999999999988	0.013354248574220105
-2.619999999999988	0.013694942503976043
-2.6099999999999883	0.014043054422715034
-2.5999999999999885	0.014398708455071517
-2.5899999999999888	0.014762029759943488
-2.579999999999989	0.015133144509128307
-2.569999999999989	0.015512179864882486
-2.5599999999999894	0.015899263956412425
-2.5499999999999896	0.016294525855305095
-2.53999999999999	0.01669809554986603
-2.52999999999999	0.017110103918321715
-2.5199999999999902	0.01753068270093622
-2.5099999999999905	0.017959964470985915
-2.4999999999999907	0.01839808260456753
-2.489999999999991	0.01884517124927937
-2.479999999999991	0.019301365291729267
-2.4699999999999913	0.019766800323837635
-2.4599999999999915	0.02024161260797795
-2.4499999999999917	0.020725939040920502
-2.439999999999992	0.021219917116536285
-2.429999999999992	0.021723684887310784
-2.4199999999999924	0.022237380924631678
-2.4099999999999926	0.022761144277826596
-2.399999999999993	0.023295114431967433
-2.389999999999993	0.02383943126444748
-2.3799999999999932	0.02439423500027422
-2.3699999999999934	0.024959666166123086
-2.3599999999999937	0.025535865543140076
-2.349999999999994	0.026122974118460675
-2.339999999999994	0.0267211330354633
-2.3299999999999943	0.027330483542782686
-2.3199999999999945	0.027951166942022147
-2.3099999999999947	0.028583324534198578
-2.299999999999995	0.029227097564948335
-2.289999999999995	0.029882627168434924
-2.2799999999999954	0.030550054310008488
-2.2699999999999956	0.031229519727591974
-2.259999999999996	0.03192116387183427
-2.249999999999996	0.032625126844978036
-2.239999999999996	0.03334154833852067
-2.2299999999999964	0.03407056756961853
-2.2199999999999966	0.03481232321624661
-2.209999999999997	0.03556695335117327
-2.199999999999997	0.03633459537471021
-2.1899999999999973	0.03711538594624455
-2.1799999999999975	0.03790946091461957
-2.1699999999999977	0.038716955247336066
-2.159999999999998	0.03953800295857409
-2.149999999999998	0.04037273703609795
-2.1399999999999983	0.041221289367042196
-2.1299999999999986	0.04208379066256513
-2.1199999999999988	0.0429603703814363
-2.109999999999999	0.043851156652561674
-2.099999999999999	0.044756276196455155
-2.0899999999999994	0.04567585424568324
-2.0799999999999996	0.046610014464345734
-2.07	0.04755887886654029
-2.06	0.04852256773390589
-2.0500000000000003	0.04950119953226622
-2.0400000000000005	0.05049489082734891
-2.0300000000000007	0.051503756199659315
-2.020000000000001	0.05252790815855858
-2.010000000000001	0.05356745705550271
-2.0000000000000013	0.054622510996540106
-1.9900000000000015	0.05569317575410432
-1.9800000000000015	0.05677955467809132
-1.9700000000000015	0.05788174860628487
-1.9600000000000015	0.05899985577420055
-1.9500000000000015	0.06013397172433589
-1.9400000000000015	0.06128418921487511
-1.9300000000000015	0.06245059812794998
-1.9200000000000015	0.0636332853774265
-1.9100000000000015	0.06483233481628048
-1.9000000000000015	0.06604782714365713
-1.8900000000000015	0.06727983981160846
-1.8800000000000014	0.0685284469315496
-1.8700000000000014	0.06979371918054712
-1.8600000000000014	0.07107572370743914
-1.8500000000000014	0.0723745240388261
-1.8400000000000014	0.07369017998504022
-1.8300000000000014	0.07502274754611594
-1.8200000000000014	0.07637227881778474
-1.8100000000000014	0.07773882189763258
-1.8000000000000014	0.07912242079136615
-1.7900000000000014	0.0805231153193919
-1.7800000000000014	0.08194094102359767
-1.7700000000000014	0.08337592907455162
-1.7600000000000013	0.0848281061790552
-1.7500000000000013	0.08629749448819438
-1.7400000000000013	0.08778411150594288
-1.7300000000000013	0.08928796999832163
-1.7200000000000013	0.09080907790323568
-1.7100000000000013	0.0923474382410681
-1.7000000000000013	0.09390304902601833
-1.6900000000000013	0.0954759031783201
-1.6800000000000013	0.0970659884374052
-1.6700000000000013	0.09867328727602927
-1.6600000000000013	0.10029777681546846
-1.6500000000000012	0.10193942874183395
-1.6400000000000012	0.10359820922365276
-1.6300000000000012	0.10527407883060576
-1.6200000000000012	0.10696699245370307
-1.6100000000000012	0.1086768992268233
-1.6000000000000012	0.11040374244971586
-1.5900000000000012	0.11214745951260195
-1.5800000000000012	0.11390798182236468
-1.5700000000000012	0.11568523473041806
-1.5600000000000012	0.11747913746238094
-1.5500000000000012	0.11928960304955402
-1.5400000000000011	0.12111653826230019
-1.5300000000000011	0.12295984354541101
-1.5200000000000011	0.12481941295554434
-1.5100000000000011	0.12669513410070632
-1.500000000000001	0.12858688808199806
-1.490000000000001	0.13049454943758393
-1.480000000000001	0.13241798608897928
-1.470000000000001	0.1343570592897422
-1.460000000000001	0.13631162357665041
-1.450000000000001	0.13828152672336563
-1.440000000000001	0.14026660969672824
-1.430000000000001	0.14226670661572216
-1.420000000000001	0.1442816447131342
-1.410000000000001	0.1463112443000342
-1.400000000000001	0.14835531873314367
-1.390000000000001	0.15041367438505687
-1.380000000000001	0.1524861106175019
-1.370000000000001	0.15457241975762895
-1.360000000000001	0.15667238707742517
-1.350000000000001	0.15878579077621874
-1.340000000000001	0.16091240196651743
-1.330000000000001	0.16305198466304385
-1.320000000000001	0.16520429577505513
-1.310000000000001	0.16736908510222115
-1.300000000000001	0.1695460953337658
-1.290000000000001	0.17173506205115155
-1.280000000000001	0.1739357137343187
-1.270000000000001	0.17614777177145802
-1.260000000000001	0.1783709504724476
-1.2500000000000009	0.18060495708593716
-1.2400000000000009	0.1828494918201495
-1.2300000000000009	0.18510424786741367
-1.2200000000000009	0.18736891143242096
-1.2100000000000009	0.1896431617645146
-1.2000000000000008	0.19192667119352777
-1.1900000000000008	0.19421910516962443
-1.1800000000000008	0.1965201223072142
-1.1700000000000008	0.19882937443248208
-1.1600000000000008	0.20114650663530956
-1.1500000000000008	0.20347115732453244
-1.1400000000000008	0.20580295828781617
-1.1300000000000008	0.2081415347553796
-1.1200000000000008	0.21048650546711972
-1.1100000000000008	0.21283748274527933
-1.1000000000000008	0.21519407256901166
-1.0900000000000007	0.21755587465498358
-1.0800000000000007	0.21992248254099972
-1.0700000000000007	0.22229348367377583
-1.0600000000000007	0.22466845950095754
-1.0500000000000007	0.22704698556704747
-1.0400000000000007	0.22942863161339203
-1.0300000000000007	0.23181296168223975
-1.0200000000000007	0.23419953422473952
-1.0100000000000007	0.23658790221292714
-1.0000000000000007	0.23897761325576014
-0.9900000000000007	0.24136820971901193
-0.9800000000000006	0.24375922884908344
-0.9700000000000006	0.24615020290079692
-0.9600000000000006	0.2485406592689581
-0.9500000000000006	0.25093012062369724
-0.9400000000000006	0.2533181050497197
-0.9300000000000006	0.2557041261892972
-0.9200000000000006	0.25808769338869986
-0.9100000000000006	0.26046831184871294
-0.9000000000000006	0.262845482778347
-0.8900000000000006	0.26521870355222016
-0.8800000000000006	0.2675874678716229
-0.8700000000000006	0.26995126592872903
-0.8600000000000005	0.2723095845742857
-0.8500000000000005	0.2746619074886757
-0.8400000000000005	0.277007715356092
-0.8300000000000005	0.2793464860419083
-0.8200000000000005	0.28167769477320326
-0.8100000000000005	0.2840008143221968
-0.8000000000000005	0.2863153151926241
-0.7900000000000005	0.2886206658090363
-0.7800000000000005	0.2909163327087775
-0.7700000000000005	0.29320178073663455
-0.7600000000000005	0.29547647324212123
-0.7500000000000004	0.2977398722792092
-0.7400000000000004	0.299991438808491
-0.7300000000000004	0.3022306329013679
-0.7200000000000004	0.3044569139468685
-0.7100000000000004	0.30666974086053594
-0.7000000000000004	0.30886857229439696
-0.6900000000000004	0.3110528668504196
-0.6800000000000004	0.3132220832939667
-0.6700000000000004	0.31537568077016565
-0.6600000000000004	0.31751311902129553
-0.6500000000000004	0.31963385860553895
-0.6400000000000003	0.32173736111753215
-0.6300000000000003	0.3238230894090516
-0.6200000000000003	0.32589050781206697
-0.6100000000000003	0.327939082361698
-0.6000000000000003	0.32996828102040027
-0.5900000000000003	0.3319775739028131
-0.5800000000000003	0.33396643350104643
-0.5700000000000003	0.335934334910303
-0.5600000000000003	0.3378807560555096
-0.5500000000000003	0.3398051779165875
-0.5400000000000003	0.34170708475528605
-0.5300000000000002	0.34358596434105343
-0.5200000000000002	0.34544130817692426
-0.5100000000000002	0.347272611724941
-0.5000000000000002	0.349079374631005
-0.49000000000000027	0.35086110094916784
-0.48000000000000026	0.3526172993650583
-0.47000000000000025	0.35434748341839006
-0.46000000000000024	0.3560511717243304
-0.45000000000000023	0.3577278881937521
-0.4400000000000002	0.3593771622520281
-0.4300000000000002	0.3609985290563674
-0.4200000000000002	0.36259152971154834
-0.4100000000000002	0.36415571148382286
-0.4000000000000002	0.36569062801295527
-0.3900000000000002	0.36719583952214996
-0.38000000000000017	0.3686709130259073
-0.37000000000000016	0.3701154225354049
-0.36000000000000015	0.37152894926155783
-0.35000000000000014	0.3729110818154272
-0.34000000000000014	0.37426141640589405
-0.3300000000000001	0.37557955703451296
-0.3200000000000001	0.3768651156873772
-0.3100000000000001	0.37811771252383536
-0.3000000000000001	0.3793369760620095
-0.2900000000000001	0.380522543360932
-0.2800000000000001	0.3816740601991711
-0.2700000000000001	0.38279118124986494
-0.26000000000000006	0.3838735702520406
-0.25000000000000006	0.38492090017803815
-0.24000000000000007	0.38593285339698746
-0.23000000000000007	0.3869091218342367
-0.22000000000000006	0.3878494071265379
-0.21000000000000005	0.3887534207729547
-0.20000000000000004	0.3896208842813863
-0.19000000000000003	0.39045152931054566
-0.18000000000000002	0.39124509780733485
-0.17	0.3920013421395483
-0.16	0.3927200252237282
-0.15	0.39340092064813864
-0.13999999999999999	0.39404381279078227
-0.12999999999999998	0.3946484969323191
-0.11999999999999998	0.3952147793637045
-0.10999999999999999	0.39574247748925573
-0.09999999999999999	0.3962314199231467
-0.09	0.3966814465817528
-0.08	0.3970924087699693
-0.07	0.3974641692621183
-0.060000000000000005	0.39779660237728115
-0.05	0.3980895940490155
-0.04	0.3983430418893987
-0.03	0.3985568552473036
-0.02	0.39873095526094077
-0.01	0.3988652749045706
0	0.39895975902933034
0.01	0.3990143643982079
0.02	0.3990290597150938
0.03	0.3990038256478534
0.04	0.398938654845469
0.05	0.3988335519491938
0.060000000000000005	0.3986885335976893
0.07	0.39850362842617093
0.08	0.39827887705956055
0.09	0.3980143320995933
0.09999999999999999	0.39771005810593835
0.10999999999999999	0.3973661315713333
0.11999999999999998	0.3969826408907041
0.12999999999999998	0.39655968632432487
0.13999999999999999	0.3960973799550533
0.15	0.39559584563960654
0.16	0.39505521895406587
0.17	0.3944756471329681
0.18000000000000002	0.39385728900369427
0.19000000000000003	0.3932003149139224
0.20000000000000004	0.3925049066539469
0.21000000000000005	0.3917712573731699
0.22000000000000006	0.3909995714909512
0.23000000000000007	0.3901900646019086
0.24000000000000007	0.38934296337567936
0.25000000000000006	0.38845850545122756
0.26000000000000006	0.3875369393257814
0.2700000000000001	0.3865785242384643
0.2800000000000001	0.3855835300486595
0.2900000000000001	0.3845522371092603
0.3000000000000001	0.3834849361348377
0.3100000000000001	0.3823819280647988
0.3200000000000001	0.3812435239216835
0.3300000000000001	0.38007004466465943
0.34000000000000014	0.37886182103827887
0.35000000000000014	0.3776191934166748
0.36000000000000015	0.3763425116432382
0.37000000000000016	0.3750321348658911
0.38000000000000017	0.3736884313680875
0.3900000000000002	0.37231177839565266
0.4000000000000002	0.37090256197952876
0.4100000000000002	0.36946117675460266
0.4200000000000002	0.367988025774721
0.4300000000000002	0.3664835203239724
0.4400000000000002	0.36494807972440957
0.45000000000000023	0.3633821311403411
0.46000000000000024	0.36178610937926814
0.47000000000000025	0.3601604566896407
0.48000000000000026	0.358505622555577
0.49000000000000027	0.3568220634886288
0.5000000000000002	0.3551102428167655
0.5100000000000002	0.3533706304707201
0.5200000000000002	0.35160370276781533
0.5300000000000002	0.34980994219339717
0.5400000000000003	0.34798983718007553
0.5500000000000003	0.3461438818848469
0.5600000000000003	0.3442725759642665
0.5700000000000003	0.34237642434784626
0.5800000000000003	0.3404559370097765
0.5900000000000003	0.3385116287391221
0.6000000000000003	0.33654401890868507
0.6100000000000003	0.3345536312427378
0.6200000000000003	0.3325409935831145
0.6300000000000003	0.3305066376555213
0.6400000000000003	0.32845109883392876
0.6500000000000004	0.32637491590487827
0.6600000000000004	0.3242786308312104
0.6700000000000004	0.32216278851544466
0.6800000000000004	0.32002793656294365
0.6900000000000004	0.3178746250450423
0.7000000000000004	0.31570340626227444
0.7100000000000004	0.31351483450780343
0.7200000000000004	0.3113094658312517
0.7300000000000004	0.30908785780305253
0.7400000000000004	0.30685056927943466
0.7500000000000004	0.30459816016821645
0.7600000000000005	0.3023311911955422
0.7700000000000005	0.30005022367367146
0.7800000000000005	0.2977558192699688
0.7900000000000005	0.2954485397772571
0.8000000000000005	0.29312894688560354
0.8100000000000005	0.2907976019557141
0.8200000000000005	0.28845506579405955
0.8300000000000005	0.2861018984298444
0.8400000000000005	0.283738658893925
0.8500000000000005	0.2813659049998582
0.8600000000000005	0.27898419312713146
0.8700000000000006	0.276594078006714
0.8800000000000006	0.27419611250907244
0.8900000000000006	0.2717908474347192
0.9000000000000006	0.2693788313074082
0.9100000000000006	0.26696061017012346
0.9200000000000006	0.26453672738391176
0.9300000000000006	0.2621077234296858
0.9400000000000006	0.25967413571309794
0.9500000000000006	0.25723649837257634
0.9600000000000006	0.254795342090586
0.9700000000000006	0.2523511939082563
0.9800000000000006	0.2499045770434272
0.9900000000000007	0.24745601071217713
1.0000000000000007	0.2450060099539621
1.0100000000000007	0.24255508546041255
1.0200000000000007	0.24010374340784238
1.0300000000000007	0.23765248529357516
1.0400000000000007	0.23520180777614744
1.0500000000000007	0.23275220251941733
1.0600000000000007	0.23030415604067653
1.0700000000000007	0.2278581495628186
1.0800000000000007	0.22541465887058537
1.0900000000000007	0.22297415417096314
1.1000000000000008	0.22053709995779514
1.1100000000000008	0.21810395488059764
1.1200000000000008	0.21567517161766125
1.1300000000000008	0.2132511967534747
1.1400000000000008	0.21083247066047833
1.1500000000000008	0.20841942738517258
1.1600000000000008	0.20601249453866227
1.1700000000000008	0.20361209319157753
1.1800000000000008	0.2012186377734474
1.1900000000000008	0.1988325359765326
1.2000000000000008	0.19645418866410885
1.2100000000000009	0.19408398978321445
1.2200000000000009	0.1917223262818996
1.2300000000000009	0.18936957803093227
1.2400000000000009	0.1870261177499859
1.2500000000000009	0.18469231093830643
1.260000000000001	0.18236851580984717
1.270000000000001	0.1800550832328365
1.280000000000001	0.17775235667381373
1.290000000000001	0.1754606721460819
1.300000000000001	0.1731803581625479
1.310000000000001	0.17091173569296655
1.320000000000001	0.1686551181255392
1.330000000000001	0.16641081123282536
1.340000000000001	0.1641791131419607
1.350000000000001	0.1619603143091546
1.360000000000001	0.15975469749837934
1.370000000000001	0.15756253776428145
1.380000000000001	0.15538410243922932
1.390000000000001	0.15321965112445346
1.400000000000001	0.15106943568525125
1.410000000000001	0.14893370025021496
1.420000000000001	0.14681268121438745
1.430000000000001	0.14470660724634238
1.440000000000001	0.1426156992991141
1.450000000000001	0.14054017062490906
1.460000000000001	0.13848022679355249
1.470000000000001	0.13643606571461608
1.480000000000001	0.13440787766314657
1.490000000000001	0.1323958453089368
1.500000000000001	0.13040014374927902
1.5100000000000011	0.12842094054513364
1.5200000000000011	0.12645839576061763
1.5300000000000011	0.12451266200579147
1.5400000000000011	0.12258388448262436
1.5500000000000012	0.1206722010340848
1.5600000000000012	0.11877774219628968
1.5700000000000012	0.11690063125362267
1.5800000000000012	0.11504098429674249
1.5900000000000012	0.11319891028342051
1.6000000000000012	0.11137451110211287
1.6100000000000012	0.1095678816381961
1.6200000000000012	0.10777910984277533
1.6300000000000012	0.10600827680399928
1.6400000000000012	0.10425545682082223
1.6500000000000012	0.10252071747900977
1.6600000000000013	0.10080411972951388
1.6700000000000013	0.09910571796893708
1.6800000000000013	0.09742556012211748
1.6900000000000013	0.09576368772671669
1.7000000000000013	0.09412013601970429
1.7100000000000013	0.09249493402573837
1.7200000000000013	0.09088810464720763
1.7300000000000013	0.0892996647560223
1.7400000000000013	0.08772962528695873
1.7500000000000013	0.0861779913325134
1.7600000000000013	0.08464476223917144
1.7700000000000014	0.08312993170501631
1.7800000000000014	0.08163348787859832
1.7900000000000014	0.0801554134589738
1.8000000000000014	0.07869568579683303
1.8100000000000014	0.0772542769966443
1.8200000000000014	0.07583115401973407
1.8300000000000014	0.07442627878820177
1.8400000000000014	0.07303960828963149
1.8500000000000014	0.07167109468248568
1.8600000000000014	0.07032068540211396
1.8700000000000014	0.0689883232673163
1.8800000000000014	0.06767394658736728
1.8900000000000015	0.0663774892694287
1.9000000000000015	0.065098880926291
1.9100000000000015	0.06383804698436313
1.9200000000000015	0.06259490879182009
1.9300000000000015	0.06136938372688557
1.9400000000000015	0.06016138530613364
1.9500000000000015	0.05897082329276414
1.9600000000000015	0.05779760380478263
1.9700000000000015	0.05664162942303355
1.9800000000000015	0.05550279929897829
1.9900000000000015	0.05438100926221845
2.0000000000000013	0.053276151927656515
2.010000000000001	0.05218811680224542
2.020000000000001	0.05111679039128534
2.0300000000000007	0.05006205630418862
2.0400000000000005	0.049023795359673265
2.0500000000000003	0.04800188569031873
2.06	0.04699620284645098
2.07	0.04600661989927952
2.0799999999999996	0.04503300754325448
2.0899999999999994	0.0440752341976067
2.099999999999999	0.04313316610699226
2.109999999999999	0.04220666744122314
2.1199999999999988	0.04129560039403414
2.1299999999999986	0.04039982528084642
2.1399999999999983	0.039519200635472415
2.149999999999998	0.0386535833057482
2.159999999999998	0.037802828548046515
2.1699999999999977	0.03696679012061694
2.1799999999999975	0.036145320375752625
2.1899999999999973	0.03533827035072803
2.199999999999997	0.03454548985747568
2.209999999999997	0.03376682757099682
2.2199999999999966	0.03300213111645315
2.2299999999999964	0.032251247154912205
2.239999999999996	0.031514021467756496
2.249999999999996	0.03079029903968998
2.259999999999996	0.03007992414034718
2.2699999999999956	0.029382740404476502
2.2799999999999954	0.02869859091068042
2.289999999999995	0.028027318258701223
2.299999999999995	0.027368764645203027
2.3099999999999947	0.026722771938115564
2.3199999999999945	0.02608918174942489
2.3299999999999943	0.025467835506473874
2.339999999999994	0.024858574521732024
2.349999999999994	0.024261240061034355
2.3599999999999937	0.023675673410274527
2.3699999999999934	0.02310171594055561
2.3799999999999932	0.0225392091717864
2.389999999999993	0.02198799483471758
2.399999999999993	0.021447914931430122
2.4099999999999926	0.020918811794251157
2.4199999999999924	0.020400528143117623
2.429999999999992	0.019892907141378893
2.439999999999992	0.01939579245004217
2.4499999999999917	0.018909028280463532
2.4599999999999915	0.01843245944549023
2.4699999999999913	0.017965931409061643
2.479999999999991	0.01750929033425721
2.489999999999991	0.01706238312984089
2.4999999999999907	0.016625057495255943
2.5099999999999905	0.016197161964116108
2.5199999999999902	0.01577854594619943
2.52999999999999	0.015369059767937938
2.53999999999999	0.014968554711432514
2.5499999999999896	0.014576883051995105
2.5599999999999894	0.014193898094238695
2.569999999999989	0.013819454206718474
2.579999999999989	0.013453406855156197
2.5899999999999888	0.013095612634239378
2.5999999999999885	0.012745929298034342
2.6099999999999883	0.012404215788960365
2.619999999999988	0.012070332265665782
2.629999999999988	0.011744140129037881
2.6399999999999877	0.011425502047398168
2.6499999999999875	0.011114281980148065
2.6599999999999873	0.010810345200103925
2.669999999999987	0.010513558314828276
2.679999999999987	0.010223789286207775
2.6899999999999866	0.00994090744929892
2.6999999999999864	0.009664783529716772
2.709999999999986	0.0093952896598911
2.719999999999986	0.009132299394148977
2.7299999999999858	0.008875687722652993
2.7399999999999856	0.008625331084231332
2.7499999999999853	0.008381107378085917
2.759999999999985	0.008142895974437837
2.769999999999985	0.007910577724115483
2.7799999999999847	0.007684034967104511
2.7899999999999845	0.007463151540094838
2.7999999999999843	0.007247812783032706
2.809999999999984	0.007037905544722906
2.819999999999984	0.00683331818747169
2.8299999999999836	0.006633940590830623
2.8399999999999834	0.0064396641544331185
2.849999999999983	0.006250381799967997
2.859999999999983	0.006065987972299713
2.869999999999983	0.005886378639770341
2.8799999999999826	0.005711451293693763
2.8899999999999824	0.005541104947077348
2.899999999999982	0.005375240132581641
2.909999999999982	0.005213758899755343
2.9199999999999817	0.00505656481155238
2.9299999999999815	0.004903562940170881
2.9399999999999813	0.00475465986222059
2.949999999999981	0.004609763653246152
2.959999999999981	0.00446878388164364
2.9699999999999807	0.004331631601963574
2.9799999999999804	0.004198219347640141
2.9899999999999802	0.0040684611231773735
2.99999999999998	0.003942272395787225
3.00999999999998	0.003819570086520866
3.0199999999999796	0.0037002725609138047
3.0299999999999794	0.0035842996191489326
3.039999999999979	0.0034715724857766906
3.049999999999979	0.003362013799002004
3.0599999999999787	0.003255547599560132
3.0699999999999785	0.003152099319199147
3.0799999999999783	0.0030515957687956203
3.089999999999978	0.0029539651261067407
3.099999999999978	0.0028591369231983584
3.1099999999999777	0.002767042033545341
3.1199999999999775	0.002677612658844714
3.1299999999999772	0.002590782315535258
3.139999999999977	0.0025064858210575498
3.149999999999977	0.002424659279871537
3.1599999999999766	0.0023452400692357865
3.1699999999999764	0.0022681668247724767
3.179999999999976	0.0021933794258420223
3.189999999999976	0.002120818980719321
3.1999999999999758	0.0020504278116147325
3.2099999999999755	0.001982149439537028
3.2199999999999753	0.001915928569014574
3.229999999999975	0.0018517110726939436
3.239999999999975	0.0017894439758270105
3.2499999999999747	0.0017290754406594972
3.2599999999999745	0.0016705547507303864
3.2699999999999743	0.0016138322951109562
3.279999999999974	0.0015588595525681474
3.289999999999974	0.0015055890756838876
3.2999999999999736	0.0014539744749503683
3.3099999999999734	0.0014039704028230293
3.319999999999973	0.0013555325377641847
3.329999999999973	0.0013086175682899084
3.3399999999999728	0.001263183177009436
3.3499999999999726	0.001219188024692671
3.3599999999999723	0.0011765917343572517
3.369999999999972	0.0011353548753844807
3.379999999999972	0.0010954389476948902
3.3899999999999717	0.0010568063659599166
3.3999999999999715	0.0010194204438769099
3.4099999999999713	0.000983245378518473
3.419999999999971	0.0009482462347483889
3.429999999999971	0.0009143889297294033
3.4399999999999706	0.0008816402175080748
3.4499999999999704	0.0008499676737115623
3.45999999999997	0.0008193396803311716
3.46999999999997	0.0007897254106243277
3.47999999999997	0.0007610948141276656
3.4899999999999696	0.0007334186017901175
3.4999999999999694	0.0007066682312271829
3.509999999999969	0.0006808158921119726
3.519999999999969	0.0006558344916963834
3.5299999999999687	0.0006316976404670704
3.5399999999999685	0.0006083796379529284
3.5499999999999683	0.0005858554586742052
3.559999999999968	0.000564100738237373
3.569999999999968	0.0005430917595951321
3.5799999999999677	0.0005228054394542925
3.5899999999999674	0.0005032193148433642
3.5999999999999672	0.0004843115298494496
3.609999999999967	0.0004660608225124323
3.619999999999967	0.0004484465118909247
3.6299999999999666	0.000431448485295795
3.6399999999999664	0.0004150471856867802
3.649999999999966	0.00039922359928618885
3.659999999999966	0.00038395924327594926
3.6699999999999657	0.000369236153762302
3.6799999999999655	0.0003550368738724129
3.6899999999999653	0.00034134444203276336
3.699999999999965	0.0003281423804338032
3.709999999999965	0.00031541468366689005
3.7199999999999647	0.00030314580753544254
3.7299999999999645	0.0002913206580901126
3.7399999999999642	0.0002799245807540584
3.749999999999964	0.00026894334971595466
3.759999999999964	0.0002583631574616428
3.7699999999999636	0.0002481706044966149
3.7799999999999634	0.0002383526892348888
3.789999999999963	0.00022889679808526806
3.799999999999963	0.00021979069570423801
3.8099999999999627	0.00021102251542603703
3.8199999999999625	0.00020258074987574177
3.8299999999999623	0.0001944542417565388
3.839999999999962	0.00018663217480543084
3.849999999999962	0.00017910406493335776
3.8599999999999617	0.00017185975153025793
3.8699999999999615	0.00016488938893188094
3.8799999999999613	0.00015818343811754357
3.889999999999961	0.00015173265845764628
3.899999999999961	0.00014552809972883103
3.9099999999999606	0.00013956109431085694
3.9199999999999604	0.00013382324941826562
3.92999999999996	0.00012830643962812512
3.93999999999996	0.00012300279952476208
3.9499999999999598	0.00011790471646453753
3.9599999999999596	0.00011300482354504531
3.9699999999999593	0.00010829599273669758
3.979999999999959	0.00010377132810427259
3.989999999999959	0.00009942415925081997
3.9999999999999587	0.00009524803486911444
4.009999999999959	0.00009123671646035994
4.019999999999959	0.0000873841721864828
4.0299999999999585	0.00008368457086937393
4.039999999999958	0.00008013227613817866
4.049999999999958	0.00007672184070511109
4.059999999999958	0.0000734480007832549
4.069999999999958	0.00007030567064557176
4.079999999999957	0.00006728993730437387
4.089999999999957	0.00006439605533128823
4.099999999999957	0.00006161944180220054
4.109999999999957	0.00005895567136870078
4.119999999999957	0.00005640047145432666
4.129999999999956	0.00005394971757242537
4.139999999999956	0.000051599428764625446
4.149999999999956	0.00004934576315573335
4.159999999999956	0.000047185013626236346
4.1699999999999555	0.000045113603596405984
4.179999999999955	0.000043128082922764613
4.189999999999955	0.00004122512390223278
4.199999999999955	0.000039401517386458544
4.209999999999955	0.00003765416899607209
4.2199999999999545	0.000035980095444189774
4.229999999999954	0.0000343764209536762
4.239999999999954	0.000032840373781081205
4.249999999999954	0.00003136928282280502
4.259999999999954	0.00002996057433818966
4.269999999999953	0.00002861176874426245
4.279999999999953	0.000027320477509819103
4.289999999999953	0.00002608440013991971
4.299999999999953	0.000024901321242527307
4.3099999999999525	0.000023769107681000498
4.319999999999952	0.000022685705811700542
4.329999999999952	0.00002164913879939006
4.339999999999952	0.000020657504010581696
4.349999999999952	0.00001970897049034183
4.3599999999999515	0.00001880177650695545
4.369999999999951	0.00001793422717086459
4.379999999999951	0.000017104692134531994
4.389999999999951	0.000016311603348002
4.399999999999951	0.000015553452892524405
4.40999999999995	0.000014828790878554396
4.41999999999995	0.000014136223408357703
4.42999999999995	0.00001347441059781113
4.43999999999995	0.000012842064665682165
4.4499999999999496	0.000012237948074286934
4.459999999999949	0.000011660871767156522
4.469999999999949	0.000011109693377582752
4.479999999999949	0.000010583315573814102
4.489999999999949	0.000010080684459706286
4.4999999999999485	9.600787939800088e-6
4.509999999999948	9.14265423627951e-6
4.519999999999948	8.705350400834418e-6
4.529999999999948	8.287980886206064e-6
4.539999999999948	7.88968617307606e-6
4.549999999999947	7.509641428132376e-6
4.559999999999947	7.147055216529045e-6
4.569999999999947	6.8011682574698404e-6
4.579999999999947	6.471252216382565e-6
4.589999999999947	6.156608537627038e-6
4.599999999999946	5.8565673284007804e-6
4.609999999999946	5.570486264195563e-6
4.619999999999946	5.297749538369534e-6
4.629999999999946	5.037766857030366e-6
4.6399999999999455	4.789972453282522e-6
4.649999999999945	4.553824147188644e-6
4.659999999999945	4.3288024287692566e-6
4.669999999999945	4.1144095865616995e-6
4.679999999999945	3.910168850471693e-6
4.689999999999944	3.7156235795579556e-6
4.699999999999944	3.530336477547288e-6
4.709999999999944	3.3538888135832145e-6
4.719999999999944	3.1858797059915764e-6
4.729999999999944	3.025925404173125e-6
4.739999999999943	2.8736586193110106e-6
4.749999999999943	2.728727849342223e-6
4.759999999999943	2.590796761273994e-6
4.769999999999943	2.4595435537222318e-6
4.7799999999999425	2.3346604503452377e-6
4.789999999999942	2.2158529970162193e-6
4.799999999999942	2.1028396736608854e-6
4.809999999999942	1.9953512291725423e-6
4.819999999999942	1.89313026734363e-6
4.8299999999999415	1.7959307211575816e-6
4.839999999999941	1.7035173822588897e-6
4.849999999999941	1.615665536461539e-6
4.859999999999941	1.5321603836953466e-6
4.869999999999941	1.4527967253684807e-6
4.87999999999994	1.377378515050059e-6
4.88999999999994	1.3057185693842321e-6
4.89999999999994	1.2376380516476175e-6
4.90999999999994	1.1729662137492519e-6
4.9199999999999395	1.1115400344774037e-6
4.929999999999939	1.0532038882439216e-6
4.939999999999939	9.978092274609468e-7
4.949999999999939	9.452142831741553e-7
4.959999999999939	8.952837738980233e-7
4.9699999999999385	8.478886161443837e-7
4.979999999999938	8.029056947861773e-7
4.989999999999938	7.602175390674344e-7
4.999999999999938	7.197121518209048e-7
5.009999999999938	6.812827058283915e-7
5.019999999999937	6.448273544413703e-7
5.029999999999937	6.102490041357364e-7
5.039999999999937	5.774551051023305e-7
5.049999999999937	5.463574509022234e-7
5.0599999999999365	5.168719857603415e-7
5.069999999999936	4.88918620414364e-7
5.079999999999936	4.6242106625831443e-7
5.089999999999936	4.3730663252537526e-7
5.099999999999936	4.135060868798343e-7
5.1099999999999355	3.9095352109421347e-7
5.119999999999935	3.695861692539061e-7
5.129999999999935	3.493442761739725e-7
5.139999999999935	3.3017096030174414e-7
5.149999999999935	3.1201208331413274e-7
5.159999999999934	2.9481612497682265e-7
5.169999999999934	2.7853406231960714e-7
5.179999999999934	2.631192647439335e-7
5.189999999999934	2.485273487343434e-7
5.199999999999934	2.3471612475915865e-7
5.209999999999933	2.216454607870693e-7
5.219999999999933	2.092771998823999e-7
5.229999999999933	1.9757506543058247e-7
5.239999999999933	1.8650457243230894e-7
5.2499999999999325	1.7603294732873202e-7
5.259999999999932	1.6612901623699473e-7
5.269999999999932	1.567631765375512e-7
5.279999999999932	1.4790732026614514e-7
5.289999999999932	1.3953473551882317e-7
5.299999999999931	1.3162002085967465e-7
5.309999999999931	1.2413909475813366e-7
5.319999999999931	1.1706905497477908e-7
5.329999999999931	1.1038819285119134e-7
5.339999999999931	1.0407587492153495e-7
5.34999999999993	9.811251527155041e-8