-5.689999999999923	9.813390709647535e-8
-5.679999999999923	1.0331820758066658e-7
-5.6699999999999235	1.0876755530874109e-7
-5.659999999999924	1.1449502050787697e-7
-5.649999999999924	1.2051430191074255e-7
-5.639999999999924	1.2683972553932057e-7
-5.629999999999924	1.3348629307473974e-7
-5.619999999999925	1.4046972772186702e-7
-5.609999999999925	1.4780645189048316e-7
-5.599999999999925	1.5551372206557183e-7
-5.589999999999925	1.6360956286368137e-7
-5.5799999999999255	1.7211282542012276e-7
-5.569999999999926	1.810432939278885e-7
-5.559999999999926	1.9042163209624475e-7
-5.549999999999926	2.0026942861927288e-7
-5.539999999999926	2.1060932895160602e-7
-5.5299999999999265	2.2146500781319682e-7
-5.519999999999927	2.3286122236863284e-7
-5.509999999999927	2.448238719390141e-7
-5.499999999999927	2.5738004964648594e-7
-5.489999999999927	2.705580775160908e-7
-5.479999999999928	2.8438757152107963e-7
-5.469999999999928	2.98899510079898e-7
-5.459999999999928	3.141262729383074e-7
-5.449999999999928	3.301017096110498e-7
-5.4399999999999284	3.4686120425848105e-7
-5.429999999999929	3.644417395100119e-7
-5.419999999999929	3.8288196526782073e-7
-5.409999999999929	4.022222705512221e-7
-5.399999999999929	4.225048576678922e-7
-5.3899999999999295	4.437738193289341e-7
-5.37999999999993	4.660752190701881e-7
-5.36999999999993	4.894571790596993e-7
-5.35999999999993	5.139699498217942e-7
-5.34999999999993	5.396660306180306e-7
-5.339999999999931	5.666002285454249e-7
-5.329999999999931	5.94829786783943e-7
-5.319999999999931	6.244144685471583e-7
-5.309999999999931	6.554166666089113e-7
-5.299999999999931	6.879015131408137e-7
-5.289999999999932	7.219369932035213e-7
-5.279999999999932	7.575940630088755e-7
-5.269999999999932	7.949467772557013e-7
-5.259999999999932	8.340724029903258e-7
-5.2499999999999325	8.750515612027607e-7
-5.239999999999933	9.179683732889377e-7
-5.229999999999933	9.629105899827542e-7
-5.219999999999933	1.009969744800464e-6
-5.209999999999933	1.0592413069441367e-6
-5.199999999999934	1.1108248418124374e-6
-5.189999999999934	1.1648241761927935e-6
-5.179999999999934	1.2213475703459158e-6
-5.169999999999934	1.2805078966186798e-6
-5.159999999999934	1.3424228241353428e-6
-5.149999999999935	1.4072150111706725e-6
-5.139999999999935	1.4750123041160634e-6
-5.129999999999935	1.5459479439198895e-6
-5.119999999999935	1.6201607770080965e-6
-5.1099999999999355	1.6977954908448925e-6
-5.099999999999936	1.7790028201482546e-6
-5.089999999999936	1.863939814187758e-6
-5.079999999999936	1.9527700559877858e-6
-5.069999999999936	2.0456639374557343e-6
-5.0599999999999365	2.1427989217677145e-6
-5.049999999999937	2.2443598193331784e-6
-5.039999999999937	2.350539046492263e-6
-5.029999999999937	2.4615369810789044e-6
-5.019999999999937	2.5775621902192316e-6
-5.009999999999938	2.698831819691098e-6
-4.999999999999938	2.8255718837852528e-6
-4.989999999999938	2.9580176020686596e-6
-4.979999999999938	3.0964137688412592e-6
-4.9699999999999385	3.241015103842926e-6
-4.959999999999939	3.392086628391604e-6
-4.949999999999939	3.5499040799111866e-6
-4.939999999999939	3.714754271394933e-6
-4.929999999999939	3.8869355584489415e-6
-4.9199999999999395	4.066758222139271e-6
-4.90999999999994	4.254544948671489e-6
-4.89999999999994	4.450631282491615e-6
-4.88999999999994	4.655366097844207e-6
-4.87999999999994	4.869112100664443e-6
-4.869999999999941	5.092246336095813e-6
-4.859999999999941	5.325160711918302e-6
-4.849999999999941	5.568262556017359e-6
-4.839999999999941	5.821975161533725e-6
-4.8299999999999415	6.086738385208045e-6
-4.819999999999942	6.363009244560379e-6
-4.809999999999942	6.651262538209356e-6
-4.799999999999942	6.9519914709328826e-6
-4.789999999999942	7.26570837879045e-6
-4.7799999999999425	7.592945330016038e-6
-4.769999999999943	7.934254870805193e-6
-4.759999999999943	8.290210795364852e-6
-4.749999999999943	8.661408826885569e-6
-4.739999999999943	9.048467435597846e-6
-4.729999999999944	9.452028640139392e-6
-4.719999999999944	9.87275883282071e-6
-4.709999999999944	0.000010311349622326314
-4.699999999999944	0.000010768518754463222
-4.689999999999944	0.00001124501098127279
-4.679999999999945	0.000011741598984882822
-4.669999999999945	0.00001225908440557609
-4.659999999999945	0.000012798298797261591
-4.649999999999945	0.000013360104663943274
-4.6399999999999455	0.000013945396518152271
-4.629999999999946	0.000014555101982282593
-4.619999999999946	0.000015190182894678318
-4.609999999999946	0.000015851636513595003
-4.599999999999946	0.00001654049665466323
-4.589999999999947	0.00001725783495130267
-4.579999999999947	0.000018004762149419868
-4.569999999999947	0.00001878242935922598
-4.559999999999947	0.000019592029437611848
-4.549999999999947	0.000020434798358264712
-4.539999999999948	0.000021312016649604694
-4.529999999999948	0.000022225010850814027
-4.519999999999948	0.000023175155010306803
-4.509999999999948	0.00002416387229350709
-4.4999999999999485	0.000025192636507109876
-4.489999999999949	0.000026262973787179263
-4.479999999999949	0.00002737646428725767
-4.469999999999949	0.00002853474391141031
-4.459999999999949	0.000029739506093542634
-4.4499999999999496	0.00003099250367890657
-4.43999999999995	0.000032295550755314566
-4.42999999999995	0.00003365052462830157
-4.41999999999995	0.000035059367818017415
-4.40999999999995	0.00003652409011009605
-4.399999999999951	0.00003804677065705636
-4.389999999999951	0.000039629560145900105
-4.379999999999951	0.000041274683030796905
-4.369999999999951	0.00004298443980496207
-4.3599999999999515	0.000044761209351832095
-4.349999999999952	0.00004660745135682179
-4.339999999999952	0.000048525708768643996
-4.329999999999952	0.00005051861034255217
-4.319999999999952	0.00005258887324744224
-4.3099999999999525	0.00005473930572566925
-4.299999999999953	0.000056972809839064037
-4.289999999999953	0.00005929238428244228
-4.279999999999953	0.00006170112725521105
-4.269999999999953	0.00006420223942441509
-4.259999999999954	0.00006679902695315296
-4.249999999999954	0.00006949490460422648
-4.239999999999954	0.00007229339891856103
-4.229999999999954	0.00007519815149040416
-4.2199999999999545	0.00007821292229214855
-4.209999999999955	0.00008134159310726382
-4.199999999999955	0.0000845881710353658
-4.189999999999955	0.00008795679208133465
-4.179999999999955	0.00009145172482651427
-4.1699999999999555	0.0000950773742057692
-4.159999999999956	0.00009883828534656172
-4.149999999999956	0.0001027391475169586
-4.139999999999956	0.00010678479816960487
-4.129999999999956	0.00011098022703322243
-4.119999999999957	0.0001153305803797571
-4.109999999999957	0.00011984116531820027
-4.099999999999957	0.0001245174542226108
-4.089999999999957	0.00012936508920552311
-4.079999999999957	0.00013438988678757277
-4.069999999999958	0.00013959784258543205
-4.059999999999958	0.00014499513612255773
-4.049999999999958	0.00015058813576415822
-4.039999999999958	0.0001563834037444819
-4.0299999999999585	0.0001623877012924277
-4.019999999999959	0.0001686079938831921
-4.009999999999959	0.0001750514565943845
-3.9999999999999587	0.00018172547955842567
-3.989999999999959	0.00018863767354477748
-3.979999999999959	0.00019579587565625832
-3.9699999999999593	0.00020320815512836853
-3.9599999999999596	0.00021088281921984535
-3.9499999999999598	0.00021882841930786036
-3.93999999999996	0.00022705375700980573
-3.92999999999996	0.00023556789042759586
-3.9199999999999604	0.0002443801406089385
-3.9099999999999606	0.000253500098013998
-3.899999999999961	0.0002629376291645347
-3.889999999999961	0.00027270288340911197
-3.8799999999999613	0.0002828062998074047
-3.8699999999999615	0.00029325861413012557
-3.8599999999999617	0.0003040708660116188
-3.849999999999962	0.00031525440619840906
-3.839999999999962	0.000326820903936362
-3.8299999999999623	0.00033878235449924494
-3.8199999999999625	0.0003511510868251462
-3.8099999999999627	0.0003639397712827927
-3.799999999999963	0.00037716142758873085
-3.789999999999963	0.00039082943283044757
-3.7799999999999634	0.00040495752962337565
-3.7699999999999636	0.00041955983441201335
-3.759999999999964	0.00043465084588878845
-3.749999999999964	0.000450245453536189
-3.7399999999999642	0.0004663589463192435
-3.7299999999999645	0.0004830070214926401
-3.7199999999999647	0.0005002057935371724
-3.709999999999965	0.0005179718032357395
-3.699999999999965	0.0005363220268763322
-3.6899999999999653	0.0005552738855661665
-3.6799999999999655	0.0005748452546958328
-3.6699999999999657	0.0005950544735268661
-3.659999999999966	0.0006159203548857815
-3.649999999999966	0.0006374621950082373
-3.6399999999999664	0.0006596997834956266
-3.6299999999999666	0.0006826534133934294
-3.619999999999967	0.0007063438913915282
-3.609999999999967	0.0007307925481574862
-3.5999999999999672	0.0007560212487643837
-3.5899999999999674	0.0007820524032531496
-3.5799999999999677	0.0008089089773124747
-3.569999999999968	0.0008366145030814419
-3.559999999999968	0.0008651930899425536
-3.5499999999999683	0.0008946694356935087
-3.5399999999999685	0.0009250688375443776
-3.5299999999999687	0.0009564172033575759
-3.519999999999969	0.0009887410629727507
-3.509999999999969	0.0010220675796392671
-3.4999999999999694	0.0010564245614151301
-3.4899999999999696	0.0010918404729331464
-3.47999999999997	0.0011283444469770395
-3.46999999999997	0.0011659662962746897
-3.45999999999997	0.001204736525359245
-3.4499999999999704	0.001244686342493858
-3.4399999999999706	0.0012858476716608952
-3.429999999999971	0.001328253164642672
-3.419999999999971	0.0013719362131509572
-3.4099999999999713	0.0014169309610031788
-3.3999999999999715	0.001463272316426772
-3.3899999999999717	0.0015109959641530335
-3.379999999999972	0.0015601383780354256
-3.369999999999972	0.0016107368332295897
-3.3599999999999723	0.0016628294186491047
-3.3499999999999726	0.001716455049378698
-3.3399999999999728	0.0017716534791281217
-3.329999999999973	0.0018284653127430164
-3.319999999999973	0.001886932018461565
-3.3099999999999734	0.0019470959406756507
-3.2999999999999736	0.002009000312197012
-3.289999999999974	0.002072689266729548
-3.279999999999974	0.002138207851286015
-3.2699999999999743	0.002205602038582624
-3.2599999999999745	0.0022749187393676647
-3.2499999999999747	0.0023462058147158617
-3.239999999999975	0.002419512088281582
-3.229999999999975	0.0024948873584549167
-3.2199999999999753	0.002572382410461837
-3.2099999999999755	0.002652049028387362
-3.1999999999999758	0.002733940007083796
-3.189999999999976	0.002818109163989727
-3.179999999999976	0.0029046113508359233
-3.1699999999999764	0.002993502465219751
-3.1599999999999766	0.003084839462043991
-3.149999999999977	0.003178680364825894
-3.139999999999977	0.0032750842768335393
-3.1299999999999772	0.003374111392048733
-3.1199999999999775	0.0034758230059707585
-3.1099999999999777	0.0035802815262257304
-3.099999999999978	0.003687550482938612
-3.089999999999978	0.0037976945389373417
-3.0799999999999783	0.003910779499701761
-3.0699999999999785	0.00402687232306916
-3.0599999999999787	0.004146041128692749
-3.049999999999979	0.0042683552072415405
-3.039999999999979	0.004393885029290026
-3.0299999999999794	0.004522702253942024
-3.0199999999999796	0.004654879737139729
-3.00999999999998	0.004790491539627864
-2.99999999999998	0.004929612934604573
-2.9899999999999802	0.005072320415020488
-2.9799999999999804	0.005218691700481305
-2.9699999999999807	0.005368805743800456
-2.959999999999981	0.005522742737142199
-2.949999999999981	0.0056805841177430426
-2.9399999999999813	0.0058424125732112605
-2.9299999999999815	0.0060083120463954275
-2.9199999999999817	0.006178367739765742
-2.909999999999982	0.006352666119331222
-2.899999999999982	0.006531294918079046
-2.8899999999999824	0.006714343138875353
-2.8799999999999826	0.006901901056824656
-2.869999999999983	0.007094060221241363
-2.859999999999983	0.007290913456757802
-2.849999999999983	0.00749255486413802
-2.8399999999999834	0.007699079820382
-2.8299999999999836	0.007910584978216431
-2.819999999999984	0.008127168264970631
-2.809999999999984	0.008348928880808097
-2.7999999999999843	0.008575967296294569
-2.7899999999999845	0.008808385249269258
-2.7799999999999847	0.009046285741045903
-2.769999999999985	0.009289773031881077
-2.759999999999985	0.009538952635665772
-2.7499999999999853	0.009793931314048095
-2.7399999999999856	0.010054817069466702
-2.7299999999999858	0.010321719137686487
-2.719999999999986	0.010594747979410022
-2.709999999999986	0.01087401527108166
-2.6999999999999864	0.011159633894843186
-2.6899999999999866	0.011451717927651421
-2.679999999999987	0.011750382629523723
-2.669999999999987	0.012055744430866638
-2.6599999999999873	0.012367920918927947
-2.6499999999999875	0.012687030823314509
-2.6399999999999877	0.013013194000555953
-2.629999999999988	0.013346531417725908
-2.619999999999988	0.013687165135099332
-2.6099999999999883	0.014035218287790842
-2.5999999999999885	0.014390815066405369
-2.5899999999999888	0.014754080696684047
-2.579999999999989	0.015125141418078514
-2.569999999999989	0.015504124461293447
-2.5599999999999894	0.015891158024774473
-2.5499999999999896	0.016286371250094165
-2.53999999999999	0.01668989419624898
-2.52999999999999	0.017101857812868014
-2.5199999999999902	0.017522393912275707
-2.5099999999999905	0.017951635140424884
-2.4999999999999907	0.01838971494670142
-2.489999999999991	0.01883676755255589
-2.479999999999991	0.01929292791895453
-2.4699999999999913	0.019758331712683062
-2.4599999999999915	0.02023311527143574
-2.4499999999999917	0.02071741556769301
-2.439999999999992	0.02121137017142112
-2.429999999999992	0.02171511721153636
-2.4199999999999924	0.022228795336123052
-2.4099999999999926	0.02275254367145262
-2.399999999999993	0.023286501779743767
-2.389999999999993	0.023830809615663036
-2.3799999999999932	0.024385607481594473
-2.3699999999999934	0.024951035981648776
-2.3599999999999937	0.02552723597438515
-2.349999999999994	0.02611434852429669
-2.339999999999994	0.026712514852026675
-2.3299999999999943	0.027321876283287017
-2.3199999999999945	0.027942574196533284
-2.3099999999999947	0.02857474996937607
-2.299999999999995	0.029218544923689242
-2.289999999999995	0.029874100269491544
-2.2799999999999954	0.030541557047481484
-2.2699999999999956	0.03122105607046582
-2.259999999999996	0.03191273786336114
-2.249999999999996	0.03261674260204518
-2.239999999999996	0.03333321005093185
-2.2299999999999964	0.034062279499298284
-2.2199999999999966	0.03480408969641735
-2.209999999999997	0.03555877878543352
-2.199999999999997	0.03632648423603504
-2.1899999999999973	0.03710734277595612
-2.1799999999999975	0.0379014903212621
-2.1699999999999977	0.038709061905461785
-2.159999999999998	0.03953019160749555
-2.149999999999998	0.040365012478555985
-2.1399999999999983	0.04121365646779392
-2.1299999999999986	0.042076254346855704
-2.1199999999999988	0.04295293563350789
-2.109999999999999	0.04384382851398702
-2.099999999999999	0.044749059764436036
-2.0899999999999994	0.04566875467128464
-2.0799999999999996	0.04660303695061377
-2.07	0.04755202866658295
-2.06	0.04851585014890183
-2.0500000000000003	0.04949461990935764
-2.0400000000000005	0.05048845455749002
-2.0300000000000007	0.051497468715404636
-2.020000000000001	0.05252177493172847
-2.010000000000001	0.05356148359480297
-2.0000000000000013	0.054616702845122635
-1.9900000000000015	0.05568753848701653
-1.9800000000000015	0.05677409389966523
-1.9700000000000015	0.057876469947479615
-1.9600000000000015	0.058994764889832976
-1.9500000000000015	0.06012907429024748
-1.9400000000000015	0.061279490925057536
-1.9300000000000015	0.062446104691562976
-1.9200000000000015	0.06362900251574596
-1.9100000000000015	0.06482826825961892
-1.9000000000000015	0.06604398262817911
-1.8900000000000015	0.06727622307606991
-1.8800000000000014	0.06852506371401687
-1.8700000000000014	0.0697905752150205
-1.8600000000000014	0.07107282472039635
-1.8500000000000014	0.07237187574575006
-1.8400000000000014	0.07368778808685711
-1.8300000000000014	0.07502061772556305
-1.8200000000000014	0.07637041673575946
-1.8100000000000014	0.0777372331894564
-1.8000000000000014	0.0791211110630153
-1.7900000000000014	0.08052209014365101
-1.7800000000000014	0.08194020593620127
-1.7700000000000014	0.08337548957022631
-1.7600000000000013	0.08482796770756375
-1.7500000000000013	0.08629766245033721
-1.7400000000000013	0.08778459124947581
-1.7300000000000013	0.08928876681387223
-1.7200000000000013	0.0908101970201955
-1.7100000000000013	0.09234888482340514
-1.7000000000000013	0.09390482816809193
-1.6900000000000013	0.09547801990068189
-1.6800000000000013	0.09706844768253436
-1.6700000000000013	0.09867609390406754
-1.6600000000000013	0.10030093559995391
-1.6500000000000012	0.10194294436541211
-1.6400000000000012	0.10360208627372576
-1.6300000000000012	0.10527832179505213
-1.6200000000000012	0.10697160571653384
-1.6100000000000012	0.10868188706383394
-1.6000000000000012	0.11040910902419367
-1.5900000000000012	0.1121532088709796
-1.5800000000000012	0.11391411788989546
-1.5700000000000012	0.11569176130689164
-1.5600000000000012	0.1174860582178191
-1.5500000000000012	0.11929692151992236
-1.5400000000000011	0.12112425784527209
-1.5300000000000011	0.12296796749614909
-1.5200000000000011	0.12482794438245905
-1.5100000000000011	0.12670407596133362
-1.500000000000001	0.12859624317885848
-1.490000000000001	0.1305043204140752
-1.480000000000001	0.1324281754253468
-1.470000000000001	0.13436766929909907
-1.460000000000001	0.13632265640099114
-1.450000000000001	0.1382929843297051
-1.440000000000001	0.14027849387327967
-1.430000000000001	0.1422790189681079
-1.420000000000001	0.14429438666069835
-1.410000000000001	0.14632441707224228
-1.400000000000001	0.14836892336599566
-1.390000000000001	0.15042771171762476
-1.380000000000001	0.1525005812885707
-1.370000000000001	0.15458732420238322
-1.360000000000001	0.15668772552419816
-1.350000000000001	0.15880156324346859
-1.340000000000001	0.16092860825974112
-1.330000000000001	0.16306862437188063
-1.320000000000001	0.16522136827053216
-1.310000000000001	0.1673865895340005
-1.300000000000001	0.16956403062756323
-1.290000000000001	0.17175342690635623
-1.280000000000001	0.1739545066215543
-1.270000000000001	0.17616699093042856
-1.260000000000001	0.17839059390986647
-1.2500000000000009	0.18062502257350058
-1.2400000000000009	0.18286997689279944
-1.2300000000000009	0.18512514982162767
-1.2200000000000009	0.18739022732463836
-1.2100000000000009	0.1896648884097957
-1.2000000000000008	0.1919488051642666
-1.1900000000000008	0.19424164279449987
-1.1800000000000008	0.19654305967024
-1.1700000000000008	0.19885270737222144
-1.1600000000000008	0.20117023074419174
-1.1500000000000008	0.20349526794841893
-1.1400000000000008	0.20582745052587126
-1.1300000000000008	0.20816640345965132
-1.1200000000000008	0.2105117452427333
-1.1100000000000008	0.21286308795061706
-1.1000000000000008	0.21522003731613262
-1.0900000000000007	0.21758219281020555
-1.0800000000000007	0.2199491477255248
-1.0700000000000007	0.22232048926468662
-1.0600000000000007	0.2246957986322503
-1.0500000000000007	0.22707465113091224
-1.0400000000000007	0.22945661626171027
-1.0300000000000007	0.23184125782817122
-1.0200000000000007	0.23422813404453877
-1.0100000000000007	0.23661679764799748
-1.0000000000000007	0.23900679601478825
-0.9900000000000007	0.24139767128033407
-0.9800000000000006	0.24378896046331122
-0.9700000000000006	0.24618019559350593
-0.9600000000000006	0.24857090384357974
-0.9500000000000006	0.2509606076647164
-0.9400000000000006	0.25334882492597427
-0.9300000000000006	0.25573506905733234
-0.9200000000000006	0.2581188491966135
-0.9100000000000006	0.26049967033987026
-0.9000000000000006	0.26287703349540026
-0.8900000000000006	0.2652504358414658
-0.8800000000000006	0.26761937088724863
-0.8700000000000006	0.26998332863740815
-0.8600000000000005	0.27234179575996503
-0.8500000000000005	0.2746942557574227
-0.8400000000000005	0.2770401891411915
-0.8300000000000005	0.2793790736091705
-0.8200000000000005	0.28171038422631867
-0.8100000000000005	0.28403359360831354
-0.8000000000000005	0.2863481721081479
-0.7900000000000005	0.28865358800548024
-0.7800000000000005	0.2909493076987982
-0.7700000000000005	0.293234795900284
-0.7600000000000005	0.2955095158331703
-0.7500000000000004	0.2977729294317657
-0.7400000000000004	0.3000244975431895
-0.7300000000000004	0.3022636801325879
-0.7200000000000004	0.30448993648959105
-0.7100000000000004	0.3067027254373185
-0.7000000000000004	0.30890150554244356
-0.6900000000000004	0.31108573532886513
-0.6800000000000004	0.3132548734912415
-0.6700000000000004	0.3154083791115578
-0.6600000000000004	0.3175457118764495
-0.6500000000000004	0.3196663322963586
-0.6400000000000003	0.3217697019255978
-0.6300000000000003	0.3238552835839215
-0.6200000000000003	0.3259225415788259
-0.6100000000000003	0.32797094192926457
-0.6000000000000003	0.3299999525894645
-0.5900000000000003	0.3320090436740843
-0.5800000000000003	0.33399768768345306
-0.5700000000000003	0.33596535972921265
-0.5600000000000003	0.33791153776113436
-0.5500000000000003	0.33983570279229475
-0.5400000000000003	0.3417373391259705
-0.5300000000000002	0.34361593458157597
-0.5200000000000002	0.34547098072056914
-0.5100000000000002	0.34730197307181637
-0.5000000000000002	0.3491084113565312
-0.49000000000000027	0.3508897997125569
-0.48000000000000026	0.35264564691775346
-0.47000000000000025	0.3543754666124633
-0.46000000000000024	0.35607877752096523
-0.45000000000000023	0.3577551036715951
-0.4400000000000002	0.3594039746155456
-0.4300000000000002	0.3610249256442066
-0.4200000000000002	0.36261749800476667
-0.4100000000000002	0.3641812391141173
-0.4000000000000002	0.3657157027708336
-0.3900000000000002	0.36722044936502357
-0.38000000000000017	0.36869504608605386
-0.37000000000000016	0.37013906712796685
-0.36000000000000015	0.37155209389235977
-0.35000000000000014	0.37293371518871704
-0.34000000000000014	0.3742835274320042
-0.3300000000000001	0.37560113483741114
-0.3200000000000001	0.3768861496120638
-0.3100000000000001	0.3781381921436762
-0.3000000000000001	0.37935689118590604
-0.2900000000000001	0.38054188404034894
-0.2800000000000001	0.3816928167350594
-0.2700000000000001	0.38280934419943086
-0.26000000000000006	0.383891130435321
-0.25000000000000006	0.384937848684362
-0.24000000000000007	0.38594918159128316
-0.23000000000000007	0.3869248213631106
-0.22000000000000006	0.3878644699242284
-0.21000000000000005	0.3887678390671126
-0.20000000000000004	0.3896346505986214
-0.19000000000000003	0.39046463648181584
-0.18000000000000002	0.3912575389731583
-0.17	0.3920131107549662
-0.16	0.3927311150630883
-0.15	0.3934113258096896
-0.13999999999999999	0.3940535277010161
-0.12999999999999998	0.39465751635010526
-0.11999999999999998	0.39522309838421166
-0.10999999999999999	0.39575009154771096
-0.09999999999999999	0.39623832479820664
-0.09	0.3966876383987922
-0.08	0.39709788400406515
-0.07	0.3974689247407976
-0.060000000000000005	0.3978006352830559
-0.05	0.3980929019216553
-0.04	0.39834562262794415
-0.03	0.39855870711186503
-0.02	0.39873207687422674
-0.01	0.3988656652531446
0	0.3989594174646586
0.01	0.39901329063743135
0.02	0.399027253841519
0.03	0.3990012881112326
0.04	0.3989353864620095
0.05	0.3988295539012812
0.060000000000000005	0.3986838074333894
0.07	0.39849817605847276
0.08	0.39827270076533106
0.09	0.3980074345183039
0.09999999999999999	0.3977024422381464
0.10999999999999999	0.3973578007768729
0.11999999999999998	0.3969735988866488
0.12999999999999998	0.3965499371827174
0.13999999999999999	0.39608692810034063
0.15	0.3955846958458536
0.16	0.3950433763419712
0.17	0.39446311716648774
0.18000000000000002	0.3938440774866048
0.19000000000000003	0.3931864279860651
0.20000000000000004	0.39249035078722855
0.21000000000000005	0.39175603936733944
0.22000000000000006	0.3909836984691773
0.23000000000000007	0.39017354400610255
0.24000000000000007	0.38932580296160146
0.25000000000000006	0.38844071328340457
0.26000000000000006	0.3875185237721904
0.2700000000000001	0.38655949396500494
0.2800000000000001	0.38556389401345054
0.2900000000000001	0.38453200455672615
0.3000000000000001	0.38346411658957774
0.3100000000000001	0.3823605313253172
0.3200000000000001	0.3812215600539137
0.3300000000000001	0.3800475239952932
0.34000000000000014	0.37883875414796625
0.35000000000000014	0.3775955911330382
0.36000000000000015	0.3763183850337155
0.37000000000000016	0.3750074952304511
0.38000000000000017	0.3736632902317982
0.3900000000000002	0.3722861475010777
0.4000000000000002	0.3708764532790264
0.4100000000000002	0.36943460240249587
0.4200000000000002	0.36796099811931654
0.4300000000000002	0.3664560518994932
0.4400000000000002	0.3649201832428326
0.45000000000000023	0.3633538194830942
0.46000000000000024	0.36175739558886494
0.47000000000000025	0.36013135396123386
0.48000000000000026	0.35847614422840784
0.49000000000000027	0.35679222303741903
0.5000000000000002	0.3550800538430607
0.5100000000000002	0.353340106694152
0.5200000000000002	0.3515728580173148
0.5300000000000002	0.34977879039839366
0.5400000000000003	0.34795839236162784
0.5500000000000003	0.34611215814675167
0.5600000000000003	0.34424058748417574
0.5700000000000003	0.34234418536833616
0.5800000000000003	0.3404234618294195
0.5900000000000003	0.3384789317035768
0.6000000000000003	0.33651111440177994
0.6100000000000003	0.3345205336775846
0.6200000000000003	0.33250771739317514
0.6300000000000003	0.3304731972858317
0.6400000000000003	0.32841750873225145
0.6500000000000004	0.3263411905129521
0.6600000000000004	0.3242447845760355
0.6700000000000004	0.3221288358006109
0.6800000000000004	0.3199938917600467
0.6900000000000004	0.31784050248516893
0.7000000000000004	0.31566922022753385
0.7100000000000004	0.31348059922297783
0.7200000000000004	0.3112751954555315
0.7300000000000004	0.30905356642184156
0.7400000000000004	0.30681627089628144
0.7500000000000004	0.3045638686968597
0.7600000000000005	0.3022969204520411
0.7700000000000005	0.300015987368676
0.7800000000000005	0.29772163100111937
0.7900000000000005	0.2954144130216942
0.8000000000000005	0.2930948949926241
0.8100000000000005	0.29076363813958217
0.8200000000000005	0.2884212031269399
0.8300000000000005	0.2860681498348858
0.8400000000000005	0.2837050371385303
0.8500000000000005	0.28133242268907516
0.8600000000000005	0.27895086269721603
0.8700000000000006	0.2765609117188875
0.8800000000000006	0.2741631224434177
0.8900000000000006	0.2717580454842571
0.9000000000000006	0.2693462291723763
0.9100000000000006	0.26692821935241084
0.9200000000000006	0.2645045591816808
0.9300000000000006	0.2620757889321988
0.9400000000000006	0.25964244579572093
0.9500000000000006	0.25720506369196494
0.9600000000000006	0.254764173080098
0.9700000000000006	0.252320300773537
0.9800000000000006	0.2498739697581923
0.9900000000000007	0.24742569901421377
1.0000000000000007	0.24497600334132963
1.0100000000000007	0.2425253931878216
1.0200000000000007	0.24007437448327362
1.0300000000000007	0.2376234484750893
1.0400000000000007	0.23517311156889104
1.0500000000000007	0.23272385517285268
1.0600000000000007	0.2302761655460232
1.0700000000000007	0.2278305236506769
1.0800000000000007	0.2253874050087887
1.0900000000000007	0.22294727956264254
1.1000000000000008	0.22051061153962842
1.1100000000000008	0.21807785932127882
1.1200000000000008	0.21564947531659004
1.1300000000000008	0.2132259058396236
1.1400000000000008	0.21080759099147112
1.1500000000000008	0.20839496454659057
1.1600000000000008	0.20598845384351336
1.1700000000000008	0.2035884796799839
1.1800000000000008	0.20119545621254123
1.1900000000000008	0.19880979086052697
1.2000000000000008	0.19643188421456442
1.2100000000000009	0.19406212994952066
1.2200000000000009	0.19170091474191792
1.2300000000000009	0.1893486181918296
1.2400000000000009	0.1870056127492689
1.2500000000000009	0.18467226364502232
1.260000000000001	0.18234892882594989
1.270000000000001	0.1800359588947604
1.280000000000001	0.17773369705419442
1.290000000000001	0.17544247905564173
1.300000000000001	0.17316263315216365
1.310000000000001	0.17089448005589186
1.320000000000001	0.16863833289976587
1.330000000000001	0.1663944972036216
1.340000000000001	0.16416327084455504
1.350000000000001	0.1619449440315465
1.360000000000001	0.1597397992843122
1.370000000000001	0.15754811141635056
1.380000000000001	0.15537014752210143
1.390000000000001	0.15320616696823874
1.400000000000001	0.1510564213889967
1.410000000000001	0.14892115468549938
1.420000000000001	0.1468006030290474
1.430000000000001	0.14469499486831325
1.440000000000001	0.14260455094035945
1.450000000000001	0.14052948428546325
1.460000000000001	0.13847000026566256
1.470000000000001	0.13642629658696992
1.480000000000001	0.13439856332518565
1.490000000000001	0.132386982955261
1.500000000000001	0.13039173038412466
1.5100000000000011	0.12841297298691431
1.5200000000000011	0.12645087064656188
1.5300000000000011	0.12450557579661643
1.5400000000000011	0.12257723346727327
1.5500000000000012	0.12066598133453545
1.5600000000000012	0.11877194977239647
1.5700000000000012	0.1168952619080019
1.5800000000000012	0.115036033679714
1.5900000000000012	0.11319437389797202
1.6000000000000012	0.11137038430889817
1.6100000000000012	0.10956415966056049
1.6200000000000012	0.10777578777181099
1.6300000000000012	0.10600534960360454
1.6400000000000012	0.10425291933275943
1.6500000000000012	0.10251856442802952
1.6600000000000013	0.10080234572842296
1.6700000000000013	0.09910431752369585
1.6800000000000013	0.09742452763693722
1.6900000000000013	0.09576301750912426
1.7000000000000013	0.09411982228563164
1.7100000000000013	0.09249497090454063
1.7200000000000013	0.09088848618672357
1.7300000000000013	0.08930038492757582
1.7400000000000013	0.08773067799034091
1.7500000000000013	0.08617937040092882
1.7600000000000013	0.08464646144415429
1.7700000000000014	0.08313194476131469
1.7800000000000014	0.08163580844900271
1.7900000000000014	0.08015803515910919
1.8000000000000014	0.07869860219990586
1.8100000000000014	0.07725748163813356
1.8200000000000014	0.07583464040202571
1.8300000000000014	0.0744300403851787
1.8400000000000014	0.0730436385511923
1.8500000000000014	0.07167538703899849
1.8600000000000014	0.07032523326882066
1.8700000000000014	0.06899312004865486
1.8800000000000014	0.06767898568122992
1.8900000000000015	0.06638276407135003
1.9000000000000015	0.0651043848335612
1.9100000000000015	0.0638437734000554
1.9200000000000015	0.06260085112875848
1.9300000000000015	0.061375535411521444
1.9400000000000015	0.06016773978233406
1.9500000000000015	0.058977374025529154
1.9600000000000015	0.05780434428388009
1.9700000000000015	0.056648553166527546
1.9800000000000015	0.05550989985669186
1.9900000000000015	0.05438828021910277
2.0000000000000013	0.05328358690705609
2.010000000000001	0.05219570946909123
2.020000000000001	0.05112453445518799
2.0300000000000007	0.050069945522435516
2.0400000000000005	0.04903182354013845
2.0500000000000003	0.04801004669427901
2.06	0.047004490591302225
2.07	0.04601502836116186
2.0799999999999996	0.04504153075959296
2.0899999999999994	0.04408386626953441
2.099999999999999	0.043141901201694276
2.109999999999999	0.042215499794185256
2.1199999999999988	0.04130452431119049
2.1299999999999986	0.04040883514063264
2.1399999999999983	0.039528290890769015
2.149999999999998	0.03866274848581031
2.159999999999998	0.03781206326020618
2.1699999999999977	0.03697608905198969
2.1799999999999975	0.03615467829482144
2.1899999999999973	0.035347682108833045
2.199999999999997	0.0345549503902217
2.209999999999997	0.033776331899562986
2.2199999999999966	0.03301167434880573
2.2299999999999964	0.032260824486948544
2.239999999999996	0.03152362818434631
2.249999999999996	0.030799930515624695
2.259999999999996	0.030089575841218442
2.2699999999999956	0.02939240788746051
2.2799999999999954	0.028708269825239916
2.289999999999995	0.02803700434718144
2.299999999999995	0.02737845374344413
2.3099999999999947	0.02673245997584034
2.3199999999999945	0.026098864750643703
2.3299999999999943	0.02547750958979013
2.339999999999994	0.02486823590056923
2.349999999999994	0.02427088504379408
2.3599999999999937	0.02368529840042009
2.3699999999999934	0.023111317436621683
2.3799999999999932	0.022548783767324037
2.389999999999993	0.02199753921817164
2.399999999999993	0.021457425885947963
2.4099999999999926	0.02092828619742806
2.4199999999999924	0.020409962966682436
2.429999999999992	0.019902299450815415
2.439999999999992	0.019405139404155267
2.4499999999999917	0.01891832713088472
2.4599999999999915	0.018441707536132102
2.4699999999999913	0.017975126175509105
2.479999999999991	0.017518429303124302
2.489999999999991	0.01707146391805818
2.4999999999999907	0.016634077809321246
2.5099999999999905	0.016206119599297925
2.5199999999999902	0.01578743878569361
2.52999999999999	0.0153778857819783
2.53999999999999	0.014977311956368098
2.5499999999999896	0.014585569669322604
2.5599999999999894	0.014202512309597059
2.569999999999989	0.013827994328853704
2.579999999999989	0.013461871274844424
2.5899999999999888	0.013103999823180184
2.5999999999999885	0.012754237807718888
2.6099999999999883	0.012412444249588848
2.619999999999988	0.01207847938470223
2.629999999999988	0.011752204690245415
2.6399999999999877	0.011433482909518122
2.6499999999999875	0.011122178075629971
2.6599999999999873	0.010818155533908622
2.669999999999987	0.010521281962878751
2.679999999999987	0.010231425394314203
2.6899999999999866	0.009948455231742096
2.6999999999999864	0.009672242267900952
2.709999999999986	0.009402658700978459
2.719999999999986	0.009139578149685171
2.7299999999999858	0.008882875667190173
2.7399999999999856	0.008632427753928492
2.7499999999999853	0.0083881123693148
2.759999999999985	0.008149808942377528
2.769999999999985	0.0079173983813453
2.7799999999999847	0.0076907630821885726
2.7899999999999845	0.007469786936170528
2.7999999999999843	0.0072543553363992215
2.809999999999984	0.00704435518342244
2.819999999999984	0.00683967488988279
2.8299999999999836	0.006640204384256531
2.8399999999999834	0.006445835113696624
2.849999999999983	0.006256460046013854
2.859999999999983	0.006071973670801095
2.869999999999983	0.005892271999738339
2.8799999999999826	0.005717252566105461
2.8899999999999824	0.0055468144234999605
2.899999999999982	0.005380858143816468
2.909999999999982	0.005219285814485602
2.9199999999999817	0.005062001035011885
2.9299999999999815	0.004908908912810737
2.9399999999999813	0.004759916058401367
2.949999999999981	0.004614930579941488
2.959999999999981	0.004473862077151357
2.9699999999999807	0.004336621634636726
2.9799999999999804	0.004203121814640117
2.9899999999999802	0.0040732766492299465
2.99999999999998	0.0039470016319644585
3.00999999999998	0.0038242137090408134
3.0199999999999796	0.0037048312699519913
3.0299999999999794	0.0035887741376714674
3.039999999999979	0.0034759635583965893
3.049999999999979	0.0033663221908452213
3.0599999999999787	0.0032597740951582064
3.0699999999999785	0.003156244721400337
3.0799999999999783	0.0030556608976928515
3.089999999999978	0.0029579508179895467
3.099999999999978	0.002863044029526349
3.1099999999999777	0.0027708714199379536
3.1199999999999775	0.002681365204094168
3.1299999999999772	0.002594458910643311
3.139999999999977	0.0025100873682883107
3.149999999999977	0.0024281866918316945
3.1599999999999766	0.002348694267971906
3.1699999999999764	0.0022715487408938567
3.179999999999976	0.002196689997658677
3.189999999999976	0.002124059153412038
3.1999999999999758	0.0020535985364144344
3.2099999999999755	0.001985251672937039
3.2199999999999753	0.0019189632719970456
3.229999999999975	0.0018546792099835797
3.239999999999975	0.0017923465151611063
3.2499999999999747	0.0017319133520826567
3.2599999999999745	0.0016733290059119696
3.2699999999999743	0.001616543866677848
3.279999999999974	0.0015615094134117326
3.289999999999974	0.0015081781984974108
3.2999999999999736	0.0014565038314695911
3.3099999999999734	0.0014064409632987482
3.319999999999973	0.0013579452704048029
3.329999999999973	0.0013109734387194252
3.3399999999999728	0.001265483147749237
3.3499999999999726	0.0012214330546634984
3.3599999999999723	0.0011787827783455765
3.369999999999972	0.0011374928837369583
3.379999999999972	0.0010975248657235526
3.3899999999999717	0.0010588411335674406
3.3999999999999715	0.0010214049951546304
3.4099999999999713	0.0009851806413609361
3.419999999999971	0.0009501331304817381
3.429999999999971	0.0009162283727609008
3.4399999999999706	0.0008834331149954826
3.4499999999999704	0.0008517149252418888
3.45999999999997	0.0008210421776233157
3.46999999999997	0.0007913840372181229
3.47999999999997	0.0007627104451951308
3.4899999999999696	0.0007349921038008945
3.4999999999999694	0.0007082004617425507
3.509999999999969	0.0006823076995610558
3.519999999999969	0.0006572867151660768
3.5299999999999687	0.0006331111095116957
3.5399999999999685	0.0006097551723898396
3.5499999999999683	0.0005871938684893701
3.559999999999968	0.0005654028233628937
3.569999999999968	0.0005443583097909986
3.5799999999999677	0.0005240372341815586
3.5899999999999674	0.0005044171231504865
3.5999999999999672	0.0004854761102684513
3.609999999999967	0.0004671929229664553
3.619999999999967	0.0004495468696139642
3.6299999999999666	0.0004325178267664299
3.6399999999999664	0.00041608622657330116
3.649999999999966	0.0004002330443698669
3.659999999999966	0.00038493978644435283
3.6699999999999657	0.0003701884779664481
3.6799999999999655	0.00035596165110659693
3.6899999999999653	0.00034224233332458027
3.699999999999965	0.00032901403583948376
3.709999999999965	0.0003162607422757601
3.7199999999999647	0.00030396689749513997
3.7299999999999645	0.000292117396596095
3.7399999999999642	0.00028069757410324395
3.749999999999964	0.0002696931933383331
3.759999999999964	0.00025909043595815506
3.7699999999999636	0.0002488758916844762
3.7799999999999634	0.00023903654820621673
3.789999999999963	0.00022955978126652568
3.799999999999963	0.00022043334491618087
3.8099999999999627	0.00021164536195970851
3.8199999999999625	0.00020318431456719618
3.8299999999999623	0.00019503903506420841
3.839999999999962	0.00018719869689835098
3.849999999999962	0.00017965280578062864
3.8599999999999617	0.00017239119099003402
3.8699999999999615	0.0001654039968560995
3.8799999999999613	0.0001586816744416053
3.889999999999961	0.00015221497331166842
3.899999999999961	0.00014599493354860237
3.9099999999999606	0.00014001287793355703
3.9199999999999604	0.0001342604042087571
3.92999999999996	0.0001287293775859706
3.93999999999996	0.0001234119234092342
3.9499999999999598	0.00011830041990819352
3.9599999999999596	0.00011338749117465655
3.9699999999999593	0.00010866600030168879
3.979999999999959	0.00010412904259579273
3.989999999999959	0.00009976993903006814
3.9999999999999587	0.00009558222979643178
4.009999999999959	0.00009155966802071764
4.019999999999959	0.00008769621361948717
4.0299999999999585	0.00008398602730198162
4.039999999999958	0.00008042346471219953
4.049999999999958	0.00007700307070778592
4.059999999999958	0.0000737195737846231
4.069999999999958	0.00007056788062345891
4.079999999999957	0.00006754307078038474
4.089999999999957	0.00006464039150160507
4.099999999999957	0.00006185525266964115
4.109999999999957	0.000059183221873829624
4.119999999999957	0.00005662001960727187
4.129999999999956	0.00005416151458442118
4.139999999999956	0.00005180371917662666
4.149999999999956	0.000049542784969587236
4.159999999999956	0.00004737499843466735
4.1699999999999555	0.00004529677670778319
4.179999999999955	0.000043304663492041586
4.189999999999955	0.00004139532505684567
4.199999999999955	0.00003956554635007233
4.209999999999955	0.000037812227216278836
4.2199999999999545	0.000036132378713623496
4.229999999999954	0.00003452311953171606
4.239999999999954	0.00003298167252193021
4.249999999999954	0.000031505361280095586
4.259999999999954	0.00003009160689698844
4.269999999999953	0.00002873792474042795
4.279999999999953	0.000027441921327015243
4.289999999999953	0.00002620129134305416
4.299999999999953	0.000025013814681839702
4.3099999999999525	0.000023877353606759808
4.319999999999952	0.00002278984998322935
4.329999999999952	0.000021749322589469034
4.339999999999952	0.00002075386451838758
4.349999999999952	0.000019801640642553454
4.3599999999999515	0.000018890885160236636
4.369999999999951	0.000018019899219115647
4.379999999999951	0.00001718704860393363
4.389999999999951	0.000016390761495250846
4.399999999999951	0.000015629526306543407
4.40999999999995	0.000014901889572097188
4.41999999999995	0.000014206453910158295
4.42999999999995	0.000013541876048399494
4.43999999999995	0.000012906864906616457
4.4499999999999496	0.000012300179753300075
4.459999999999949	0.000011720628368935018
4.469999999999949	0.000011167065367546775
4.479999999999949	0.000010638390479202872
4.489999999999949	0.000010133546896047345
4.4999999999999485	9.651519748587574e-6
4.509999999999948	9.191334542197629e-6
4.519999999999948	8.752055689164194e-6
4.529999999999948	8.33278508282126e-6
4.539999999999948	7.932660707972e-6
4.549999999999947	7.550855316806309e-6
4.559999999999947	7.186575127743363e-6
4.569999999999947	6.839058579257968e-6
4.579999999999947	6.507575125093503e-6
4.589999999999947	6.191424067036583e-6
4.599999999999946	5.889933428799158e-6
4.609999999999946	5.602458880014776e-6
4.619999999999946	5.328382630456079e-6
4.629999999999946	5.067112501597758e-6
4.6399999999999455	4.818080886867273e-6
4.649999999999945	4.580743838027212e-6
4.659999999999945	4.354580090028268e-6
4.669999999999945	4.139090270488998e-6
4.679999999999945	3.933795992654637e-6
4.689999999999944	3.7382390438586944e-6
4.699999999999944	3.5519806067354247e-6
4.709999999999944	3.3746004837641537e-6
4.719999999999944	3.205696368014473e-6
4.729999999999944	3.044883132302206e-6
4.739999999999943	2.8917921557445072e-6
4.749999999999943	2.746070648683812e-6
4.759999999999943	2.607381031454832e-6
4.769999999999943	2.4754003250090512e-6
4.7799999999999425	2.3498195350246086e-6
4.789999999999942	2.23034313580829e-6
4.799999999999942	2.1166884663059884e-6
4.809999999999942	2.00858524363907e-6
4.819999999999942	1.9057750728793007e-6
4.8299999999999415	1.8080108911585645e-6
4.839999999999941	1.715056586611909e-6
4.849999999999941	1.6266864690868623e-6
4.859999999999941	1.5426848862052055e-6
4.869999999999941	1.4628457880389064e-6
4.87999999999994	1.3869723294789407e-6
4.88999999999994	1.3148764877691737e-6
4.89999999999994	1.2463786878535847e-6
4.90999999999994	1.181307443888813e-6
4.9199999999999395	1.1194990253570676e-6
4.929999999999939	1.060797119109224e-6
4.939999999999939	1.0050525213107719e-6
4.949999999999939	9.521228310147051e-7
4.959999999999939	9.018721445519405e-7
4.9699999999999385	8.541708073189613e-7
4.979999999999938	8.088951030691194e-7
4.989999999999938	7.65927042174012e-7
4.999999999999938	7.251540860737299e-7
5.009999999999938	6.864689053153049e-7
5.019999999999937	6.497691653619115e-7
5.029999999999937	6.149573029423199e-7
5.039999999999937	5.819403164317896e-7
5.049999999999937	5.506295648871575e-7
5.0599999999999365	5.20940574320665e-7
5.069999999999936	4.927928537012385e-7
5.079999999999936	4.6610971685033226e-7
5.089999999999936	4.408181128916918e-7
5.099999999999936	4.168484633541431e-7
5.1099999999999355	3.941345058298258e-7
5.119999999999935	3.726131392568746e-7
5.129999999999935	3.522242973705767e-7
5.139999999999935	3.3291080044309535e-7
5.149999999999935	3.14618212300244e-7
5.159999999999934	2.972947323751032e-7
5.169999999999934	2.8089106896223317e-7
5.179999999999934	2.6536032420449286e-7
5.189999999999934	2.5065788382006516e-7
5.199999999999934	2.3674131222708557e-7
5.209999999999933	2.2357023916635063e-7
5.219999999999933	2.111063153240662e-7
5.229999999999933	1.9931303123021354e-7
5.239999999999933	1.8815570173990123e-7
5.2499999999999325	1.7760133825669012e-7
5.259999999999932	1.6761865528648238e-7
5.269999999999932	1.5817782235763853e-7
5.279999999999932	1.4925057577675125e-7
5.289999999999932	1.4081000628769161e-7
5.299999999999931	1.328305936736698e-7
5.309999999999931	1.2528806907138176e-7
5.319999999999931	1.1815945033728639e-7
5.329999999999931	1.1142284877824618e-7
5.339999999999931	1.0505752086342583e-7
5.34999999999993	9.904372514350603e-8