-5.689999999999923	9.604411418225002e-8
-5.679999999999923	1.0112988901088076e-7
-5.6699999999999235	1.0647626942028408e-7
-5.659999999999924	1.1209615792715544e-7
-5.649999999999924	1.18003024310333e-7
-5.639999999999924	1.2421100957435068e-7
-5.629999999999924	1.3073488685346343e-7
-5.619999999999925	1.3759016783433227e-7
-5.609999999999925	1.4479308775634064e-7
-5.599999999999925	1.5236061383702726e-7
-5.589999999999925	1.6031052523446114e-7
-5.5799999999999255	1.686614614191436e-7
-5.569999999999926	1.7743288767437707e-7
-5.559999999999926	1.8664518794085292e-7
-5.549999999999926	1.9631971233074224e-7
-5.539999999999926	2.064787863058879e-7
-5.5299999999999265	2.1714576417793676e-7
-5.519999999999927	2.283450696559945e-7
-5.509999999999927	2.401022774496645e-7
-5.499999999999927	2.524441237626685e-7
-5.489999999999927	2.6539857806874653e-7
-5.479999999999928	2.789948866234096e-7
-5.469999999999928	2.932636310353603e-7
-5.459999999999928	3.0823678918398457e-7
-5.449999999999928	3.2394778476256496e-7
-5.4399999999999284	3.4043158353009287e-7
-5.429999999999929	3.5772470783304063e-7
-5.419999999999929	3.758653401368338e-7
-5.409999999999929	3.948933861905679e-7
-5.399999999999929	4.148505461918419e-7
-5.3899999999999295	4.357803910995536e-7
-5.37999999999993	4.577284448595021e-7
-5.36999999999993	4.80742265779971e-7
-5.35999999999993	5.048715332828849e-7
-5.34999999999993	5.301681373135693e-7
-5.339999999999931	5.566862723693511e-7
-5.329999999999931	5.844825317699138e-7
-5.319999999999931	6.136160102534904e-7
-5.309999999999931	6.441484101809121e-7
-5.299999999999931	6.76144147898264e-7
-5.289999999999932	7.096704672066976e-7
-5.279999999999932	7.447975572146523e-7
-5.269999999999932	7.815986739382557e-7
-5.259999999999932	8.201502641939408e-7
-5.2499999999999325	8.605321059348441e-7
-5.239999999999933	9.02827438977611e-7
-5.229999999999933	9.471231011166997e-7
-5.219999999999933	9.93509683953121e-7
-5.209999999999933	1.042081683121911e-6
-5.199999999999934	1.0929376568146722e-6
-5.189999999999934	1.1461803906156896e-6
-5.179999999999934	1.2019170684172488e-6
-5.169999999999934	1.2602594496821762e-6
-5.159999999999934	1.321324053491822e-6
-5.149999999999935	1.3852323495265847e-6
-5.139999999999935	1.4521109561767592e-6
-5.129999999999935	1.5220918455799948e-6
-5.119999999999935	1.5953125569027103e-6
-5.1099999999999355	1.6719164142605563e-6
-5.099999999999936	1.7520527639554714e-6
-5.089999999999936	1.8358772075467423e-6
-5.079999999999936	1.923551838505048e-6
-5.069999999999936	2.0152455120570685e-6
-5.0599999999999365	2.111134097287399e-6
-5.049999999999937	2.211400762176894e-6
-5.039999999999937	2.3162362735328487e-6
-5.029999999999937	2.425839197505495e-6
-5.019999999999937	2.540416367942351e-6
-5.009999999999938	2.6601830206252935e-6
-4.999999999999938	2.7853632643504677e-6
-4.989999999999938	2.9161903658728546e-6
-4.979999999999938	3.0529070752670737e-6
-4.9699999999999385	3.195766007566339e-6
-4.959999999999939	3.345030042957958e-6
-4.949999999999939	3.5009726679596664e-6
-4.939999999999939	3.663878418209162e-6
-4.929999999999939	3.834043260698308e-6
-4.9199999999999395	4.011775059459345e-6
-4.90999999999994	4.197393986053024e-6
-4.89999999999994	4.3912329955728475e-6
-4.88999999999994	4.593638308945267e-6
-4.87999999999994	4.804969893015633e-6
-4.869999999999941	5.025601965785942e-6
-4.859999999999941	5.2559235417402506e-6
-4.849999999999941	5.4963389589073225e-6
-4.839999999999941	5.747268436356643e-6
-4.8299999999999415	6.0091486757550564e-6
-4.819999999999942	6.282433441723574e-6
-4.809999999999942	6.567594188969321e-6
-4.799999999999942	6.8651206987344e-6
-4.789999999999942	7.175521756161275e-6
-4.7799999999999425	7.4993258040933375e-6
-4.769999999999943	7.837081665029893e-6
-4.759999999999943	8.189359285537195e-6
-4.749999999999943	8.556750449260331e-6
-4.739999999999943	8.939869585071251e-6
-4.729999999999944	9.339354556614958e-6
-4.719999999999944	9.75586748280206e-6
-4.709999999999944	0.000010190095600898663
-4.699999999999944	0.000010642752155288207
-4.689999999999944	0.00001111457723035658
-4.679999999999945	0.000011606338836667146
-4.669999999999945	0.000012118833729930929
-4.659999999999945	0.000012652888472426322
-4.649999999999945	0.0000132093604521852
-4.6399999999999455	0.000013789138940931949
-4.629999999999946	0.000014393146174097695
-4.619999999999946	0.000015022338501718784
-4.609999999999946	0.000015677707482163266
-4.599999999999946	0.00001636028116197065
-4.589999999999947	0.000017071125259254574
-4.579999999999947	0.00001781134439710865
-4.569999999999947	0.00001858208347790428
-4.559999999999947	0.00001938452898000278
-4.549999999999947	0.000020219910352307146
-4.539999999999948	0.00002108950143346751
-4.529999999999948	0.00002199462191728416
-4.519999999999948	0.00002293663886877857
-4.509999999999948	0.000023916968259469225
-4.4999999999999485	0.00002493707658756275
-4.489999999999949	0.000025998482494671804
-4.479999999999949	0.000027102758470045758
-4.469999999999949	0.000028251532579100532
-4.459999999999949	0.0000294464902588064
-4.4499999999999496	0.0000306893761570229
-4.43999999999995	0.000031981996004430317
-4.42999999999995	0.00003332621856836429
-4.41999999999995	0.00003472397764824695
-4.40999999999995	0.000036177274118161115
-4.399999999999951	0.00003768817803785286
-4.389999999999951	0.00003925883081866955
-4.379999999999951	0.00004089144743471234
-4.369999999999951	0.00004258831872043858
-4.3599999999999515	0.00004435181370595508
-4.349999999999952	0.00004618438201942508
-4.339999999999952	0.000048088556362826595
-4.329999999999952	0.00005006695505027067
-4.319999999999952	0.0000521222845961178
-4.3099999999999525	0.00005425734239788655
-4.299999999999953	0.000056475019469547506
-4.289999999999953	0.000058778303246955316
-4.279999999999953	0.00006117028047229448
-4.269999999999953	0.00006365414015257437
-4.259999999999954	0.00006623317657748152
-4.249999999999954	0.00006891079243080475
-4.239999999999954	0.00007169050197285594
-4.229999999999954	0.00007457593429990132
-4.2199999999999545	0.0000775708366813968
-4.209999999999955	0.00008067907799385071
-4.199999999999955	0.00008390465221568851
-4.189999999999955	0.0000872516820212162
-4.179999999999955	0.0000907244224622163
-4.1699999999999555	0.00009432726472566209
-4.159999999999956	0.00009806473998715052
-4.149999999999956	0.00010194152335911769
-4.139999999999956	0.000105962437921991
-4.129999999999956	0.00011013245885256901
-4.119999999999957	0.00011445671765058984
-4.109999999999957	0.00011894050645540646
-4.099999999999957	0.000123589282456057
-4.089999999999957	0.00012840867242169268
-4.079999999999957	0.00013340447730749772
-4.069999999999958	0.00013858267696697303
-4.059999999999958	0.0001439494349863923
-4.049999999999958	0.00014951110360556714
-4.039999999999958	0.00015527422874028383
-4.0299999999999585	0.00016124555513207008
-4.019999999999959	0.00016743203159479326
-4.009999999999959	0.0001738408163601574
-3.9999999999999587	0.00018047928255922156
-3.989999999999959	0.00018735502379801128
-3.979999999999959	0.00019447585984907684
-3.9699999999999593	0.00020184984247681142
-3.9599999999999596	0.00020948526131846015
-3.9499999999999598	0.00021739064998836427
-3.93999999999996	0.00022557479221074948
-3.92999999999996	0.00023404672806744858
-3.9199999999999604	0.00024281576046180424
-3.9099999999999606	0.00025189146159746714
-3.899999999999961	0.0002612836796445681
-3.889999999999961	0.00027100254549655017
-3.8799999999999613	0.0002810584796659363
-3.8699999999999615	0.0002914621993124549
-3.8599999999999617	0.0003022247253767622
-3.849999999999962	0.00031335738985232214
-3.839999999999962	0.00032487184319404477
-3.8299999999999623	0.00033678006183715287
-3.8199999999999625	0.00034909435584930054
-3.8099999999999627	0.00036182737672930845
-3.799999999999963	0.0003749921253061493
-3.789999999999963	0.00038860195978954285
-3.7799999999999634	0.00040267060394662583
-3.7699999999999636	0.00041721215540431027
-3.759999999999964	0.0004322410940765787
-3.749999999999964	0.0004477722907439196
-3.7399999999999642	0.0004638210157402563
-3.7299999999999645	0.0004804029477853208
-3.7199999999999647	0.0004975341829328958
-3.709999999999965	0.0005152312436676064
-3.699999999999965	0.0005335110881081764
-3.6899999999999653	0.0005523911193635701
-3.6799999999999655	0.0005718891950034514
-3.6699999999999657	0.0005920236366525549
-3.659999999999966	0.0006128132397214202
-3.649999999999966	0.0006342772832740929
-3.6399999999999664	0.0006564355399765541
-3.6299999999999666	0.0006793082862175065
-3.619999999999967	0.0007029163123340994
-3.609999999999967	0.0007272809329425021
-3.5999999999999672	0.0007524239974079014
-3.5899999999999674	0.0007783679004318261
-3.5799999999999677	0.0008051355927370523
-3.569999999999968	0.0008327505918587929
-3.559999999999968	0.0008612369931566878
-3.5499999999999683	0.000890619480710103
-3.5399999999999685	0.0009209233385381025
-3.5299999999999687	0.000952174461830562
-3.519999999999969	0.000984399368277136
-3.509999999999969	0.0010176252094875958
-3.4999999999999694	0.0010518797826198148
-3.4899999999999696	0.0010871915418704666
-3.47999999999997	0.001123589610278214
-3.46999999999997	0.0011611037915029727
-3.45999999999997	0.0011997645817069795
-3.4499999999999704	0.0012396031815028732
-3.4399999999999706	0.001280651507998374
-3.429999999999971	0.0013229422068854332
-3.419999999999971	0.0013665086646016818
-3.4099999999999713	0.0014113850205522446
-3.3999999999999715	0.0014576061794047469
-3.3899999999999717	0.0015052078233366594
-3.379999999999972	0.0015542264245059611
-3.369999999999972	0.0016046992573929822
-3.3599999999999723	0.0016566644112372116
-3.3499999999999726	0.0017101608025107606
-3.3399999999999728	0.0017652281873996466
-3.329999999999973	0.001821907174296418
-3.319999999999973	0.0018802392362475303
-3.3099999999999734	0.0019402667235467234
-3.2999999999999736	0.0020020328761485174
-3.289999999999974	0.0020655818361648773
-3.279999999999974	0.0021309586603200543
-3.2699999999999743	0.0021982093323576523
-3.2599999999999745	0.0022673807754207674
-3.2499999999999747	0.0023385208643953766
-3.239999999999975	0.0024116784381671705
-3.229999999999975	0.0024869033118342545
-3.2199999999999753	0.002564246288852405
-3.2099999999999755	0.0026437591730708743
-3.1999999999999758	0.0027254947806908516
-3.189999999999976	0.0028095069521224076
-3.179999999999976	0.0028958505637200534
-3.1699999999999764	0.0029845815393950083
-3.1599999999999766	0.003075756862098421
-3.149999999999977	0.003169434585151595
-3.139999999999977	0.0032656738434164254
-3.1299999999999772	0.003364534864317596
-3.1199999999999775	0.003466078978665107
-3.1099999999999777	0.003570368631271352
-3.099999999999978	0.0036774673914163726
-3.089999999999978	0.003787439963045095
-3.0799999999999783	0.0039003521947453624
-3.0699999999999785	0.0040162710895096905
-3.0599999999999787	0.00413526481421875
-3.049999999999979	0.004257402708852911
-3.039999999999979	0.004382755295443098
-3.0299999999999794	0.004511394286714287
-3.0199999999999796	0.0046433925944051446
-3.00999999999998	0.0047788243372878635
-2.99999999999998	0.004917764848841605
-2.9899999999999802	0.0050602906845536475
-2.9799999999999804	0.0052064796288797555
-2.9699999999999807	0.005356410701813766
-2.959999999999981	0.005510164165038438
-2.949999999999981	0.005667821527685471
-2.9399999999999813	0.0058294655516665074
-2.9299999999999815	0.005995180256531651
-2.9199999999999817	0.006165050923891964
-2.909999999999982	0.006339164101360485
-2.899999999999982	0.006517607605985781
-2.8899999999999824	0.006700470527180959
-2.8799999999999826	0.0068878432291247195
-2.869999999999983	0.007079817352663775
-2.859999999999983	0.007276485816524092
-2.849999999999983	0.007477942818095853
-2.8399999999999834	0.0076842838335327655
-2.8299999999999836	0.007895605617255136
-2.819999999999984	0.008112006200848313
-2.809999999999984	0.00833358489127736
-2.7999999999999843	0.008560442268450623
-2.7899999999999845	0.008792680182116399
-2.7799999999999847	0.009030401748038432
-2.769999999999985	0.00927371134344921
-2.759999999999985	0.009522714601778275
-2.7499999999999853	0.009777518406687417
-2.7399999999999856	0.010038230885166982
-2.7299999999999858	0.010304961400031502
-2.719999999999986	0.010577820541505653
-2.709999999999986	0.010856920118007278
-2.6999999999999864	0.011142373146093783
-2.6899999999999866	0.011434293839556867
-2.679999999999987	0.011732797597614074
-2.669999999999987	0.012038000992240018
-2.6599999999999873	0.012350021754579747
-2.6499999999999875	0.0126689787604118
-2.6399999999999877	0.012994992014695493
-2.629999999999988	0.013328182635157155
-2.619999999999988	0.013668672834873663
-2.6099999999999883	0.014016585903891326
-2.5999999999999885	0.014372046189828316
-2.5899999999999888	0.014735179077449104
-2.579999999999989	0.015106110967196017
-2.569999999999989	0.015484969252691416
-2.5599999999999894	0.015871882297133343
-2.5499999999999896	0.016266979408631768
-2.53999999999999	0.016670390814457287
-2.52999999999999	0.01708224763414963
-2.5199999999999902	0.017502681851514813
-2.5099999999999905	0.017931826285508167
-2.4999999999999907	0.018369814559931023
-2.489999999999991	0.018816781071982033
-2.479999999999991	0.01927286095965139
-2.4699999999999913	0.019738190067907706
-2.4599999999999915	0.020212904913692313
-2.4499999999999917	0.020697142649732363
-2.439999999999992	0.021191041027121924
-2.429999999999992	0.021694738356670247
-2.4199999999999924	0.022208373469054896
-2.4099999999999926	0.02273208567371157
-2.399999999999993	0.023266014716469136
-2.389999999999993	0.023810300735967373
-2.3799999999999932	0.024365084218800192
-2.3699999999999934	0.024930505953380953
-2.3599999999999937	0.025506706982575993
-2.349999999999994	0.026093828555056556
-2.339999999999994	0.026692012075363463
-2.3299999999999943	0.027301399052722893
-2.3199999999999945	0.027922131048587703
-2.3099999999999947	0.02855434962287827
-2.299999999999995	0.02919819627898303
-2.289999999999995	0.029853812407516507
-2.2799999999999954	0.030521339228611992
-2.2699999999999956	0.031200917733324847
-2.259999999999996	0.031892688623430955
-2.249999999999996	0.03259679225011239
-2.239999999999996	0.03331336855138378
-2.2299999999999964	0.034042556988291756
-2.2199999999999966	0.03478449647984767
-2.209999999999997	0.035539325336754926
-2.199999999999997	0.036307181193944944
-2.1899999999999973	0.037088200941876245
-2.1799999999999975	0.03788252065666148
-2.1699999999999977	0.038690275529041016
-2.159999999999998	0.03951159979216559
-2.149999999999998	0.040346626648243754
-2.1399999999999983	0.04119548819412061
-2.1299999999999986	0.0420583153455644
-2.1199999999999988	0.04293523776077967
-2.109999999999999	0.04382638376256723
-2.099999999999999	0.04473188025957461
-2.0899999999999994	0.04565185266647993
-2.0799999999999996	0.046586424823215386
-2.07	0.0475357189131968
-2.06	0.04849985538059323
-2.0500000000000003	0.049478952846714414
-2.0400000000000005	0.050473128025491545
-2.0300000000000007	0.05148249563808696
-2.020000000000001	0.05250716832670536
-2.010000000000001	0.053547256567604576
-2.0000000000000013	0.054602868583321085
-1.9900000000000015	0.05567411025420641
-1.9800000000000015	0.0567610850292751
-1.9700000000000015	0.057863893836368946
-1.9600000000000015	0.05898263499174555
-1.9500000000000015	0.060117404109102934
-1.9400000000000015	0.06126829400803686
-1.9300000000000015	0.062435394622045844
-1.9200000000000015	0.0636187929060997
-1.9100000000000015	0.0648185727437817
-1.9000000000000015	0.06603481485410044
-1.8900000000000015	0.06726759669801825
-1.8800000000000014	0.06851699238468924
-1.8700000000000014	0.06978307257750992
-1.8600000000000014	0.07106590440004426
-1.8500000000000014	0.07236555134180604
-1.8400000000000014	0.07368207316400704
-1.8300000000000014	0.07501552580534486
-1.8200000000000014	0.07636596128781624
-1.8100000000000014	0.07773342762266915
-1.8000000000000014	0.07911796871647649
-1.7900000000000014	0.08051962427759349
-1.7800000000000014	0.08193842972273498
-1.7700000000000014	0.08337441608400828
-1.7600000000000013	0.08482760991634512
-1.7500000000000013	0.08629803320538526
-1.7400000000000013	0.08778570327594554
-1.7300000000000013	0.0892906327010705
-1.7200000000000013	0.09081282921173203
-1.7100000000000013	0.09235229560730994
-1.7000000000000013	0.09390902966685175
-1.6900000000000013	0.09548302406117741
-1.6800000000000013	0.09707426626595576
-1.6700000000000013	0.09868273847577914
-1.6600000000000013	0.10030841751929806
-1.6500000000000012	0.10195127477542425
-1.6400000000000012	0.10361127609095881
-1.6300000000000012	0.10528838169925206
-1.6200000000000012	0.1069825461403416
-1.6100000000000012	0.10869371818251405
-1.6000000000000012	0.11042184074529707
-1.5900000000000012	0.11216685082405904
-1.5800000000000012	0.11392867941625054
-1.5700000000000012	0.11570725144929718
-1.5600000000000012	0.11750248571030925
-1.5500000000000012	0.11931429477764748
-1.5400000000000011	0.12114258495435357
-1.5300000000000011	0.12298725620361205
-1.5200000000000011	0.12484820208627488
-1.5100000000000011	0.1267253097004806
-1.500000000000001	0.12861845962349133
-1.490000000000001	0.13052752585581961
-1.480000000000001	0.13245237576767036
-1.470000000000001	0.13439287004778006
-1.460000000000001	0.13634886265476479
-1.450000000000001	0.13832020077101262
-1.440000000000001	0.14030672475912678
-1.430000000000001	0.14230826812113428
-1.420000000000001	0.14432465746039477
-1.410000000000001	0.14635571244629786
-1.400000000000001	0.14840124578185615
-1.390000000000001	0.15046106317430236
-1.380000000000001	0.1525349633084967
-1.370000000000001	0.15462273782362573
-1.360000000000001	0.15672417129283261
-1.350000000000001	0.1588390412061354
-1.340000000000001	0.16096711795651367
-1.330000000000001	0.1631081648293521
-1.320000000000001	0.16526193799513625
-1.310000000000001	0.16742818650561977
-1.300000000000001	0.1696066522934103
-1.290000000000001	0.1717970701750482
-1.280000000000001	0.1739991678576856
-1.270000000000001	0.17621266594922366
-1.260000000000001	0.1784372779721856
-1.2500000000000009	0.18067271038133456
-1.2400000000000009	0.18291866258479555
-1.2300000000000009	0.18517482696923523
-1.2200000000000009	0.18744088892834396
-1.2100000000000009	0.18971652689589993
-1.2000000000000008	0.19200141238193258
-1.1900000000000008	0.19429521001312783
-1.1800000000000008	0.1965975775771071
-1.1700000000000008	0.19890816607075493
-1.1600000000000008	0.20122661975273726
-1.1500000000000008	0.20355257619876316
-1.1400000000000008	0.20588566636269537
-1.1300000000000008	0.20822551464005634
-1.1200000000000008	0.2105717389368101
-1.1100000000000008	0.21292395074132173
-1.1000000000000008	0.21528175520071563
-1.0900000000000007	0.21764475120128648
-1.0800000000000007	0.22001253145291955
-1.0700000000000007	0.22238468257753136
-1.0600000000000007	0.22476078520164153
-1.0500000000000007	0.22714041405295127
-1.0400000000000007	0.22952313806090374
-1.0300000000000007	0.23190852046136431
-1.0200000000000007	0.23429611890528182
-1.0100000000000007	0.2366854855712605
-1.0000000000000007	0.23907616728220374
-0.9900000000000007	0.24146770562589534
-0.9800000000000006	0.24385963707938446
-0.9700000000000006	0.24625149313735145
-0.9600000000000006	0.24864280044446202
-0.9500000000000006	0.25103308093115245
-0.9400000000000006	0.2534218519536923
-0.9300000000000006	0.2558086264376047
-0.9200000000000006	0.25819291302484565
-0.9100000000000006	0.26057421622485055
-0.9000000000000006	0.2629520365689448
-0.8900000000000006	0.2653258707683109
-0.8800000000000006	0.26769521187556644
-0.8700000000000006	0.27005954944968963
-0.8600000000000005	0.27241836972424927
-0.8500000000000005	0.2747711557790263
-0.8400000000000005	0.27711738771482614
-0.8300000000000005	0.2794565428313764
-0.8200000000000005	0.2817880958083892
-0.8100000000000005	0.2841115188895991
-0.8000000000000005	0.2864262820696683
-0.7900000000000005	0.28873185328397755
-0.7800000000000005	0.29102769860117667
-0.7700000000000005	0.2933132824181404
-0.7600000000000005	0.2955880676587317
-0.7500000000000004	0.29785151597169285
-0.7400000000000004	0.3001030879361809
-0.7300000000000004	0.30234224326443504
-0.7200000000000004	0.30456844100999236
-0.7100000000000004	0.3067811397759859
-0.7000000000000004	0.30897979792689
-0.6900000000000004	0.3111638738012279
-0.6800000000000004	0.3133328259260914
-0.6700000000000004	0.3154861132334246
-0.6600000000000004	0.3176231952782859
-0.6500000000000004	0.3197435324573319
-0.6400000000000003	0.3218465862299773
-0.6300000000000003	0.3239318193396358
-0.6200000000000003	0.3259986960364879
-0.6100000000000003	0.3280466823011084
-0.6000000000000003	0.3300752460686868
-0.5900000000000003	0.33208385745430474
-0.5800000000000003	0.334071988978129
-0.5700000000000003	0.33603911579138007
-0.5600000000000003	0.3379847159032763
-0.5500000000000003	0.3399082704060539
-0.5400000000000003	0.3418092637021878
-0.5300000000000002	0.3436871837303253
-0.5200000000000002	0.34554152219112794
-0.5100000000000002	0.3473717747728196
-0.5000000000000002	0.34917744137611306
-0.49000000000000027	0.35095802633839834
-0.48000000000000026	0.35271303865719394
-0.47000000000000025	0.3544419922125858
-0.46000000000000024	0.3561444059885948
-0.45000000000000023	0.3578198042932439
-0.4400000000000002	0.35946771697730684
-0.4300000000000002	0.3610876796515005
-0.4200000000000002	0.3626792339020128
-0.4100000000000002	0.36424192750428586
-0.4000000000000002	0.3657753146347935
-0.3900000000000002	0.3672789560807906
-0.38000000000000017	0.36875241944784803
-0.37000000000000016	0.37019527936504654
-0.36000000000000015	0.3716071176876571
-0.35000000000000014	0.3729875236972764
-0.34000000000000014	0.374336094299149
-0.3300000000000001	0.37565243421664357
-0.3200000000000001	0.37693615618273724
-0.3100000000000001	0.3781868811283416
-0.3000000000000001	0.37940423836734904
-0.2900000000000001	0.38058786577834486
-0.2800000000000001	0.3817374099827699
-0.2700000000000001	0.38285252651943336
-0.26000000000000006	0.38393288001532905
-0.25000000000000006	0.38497814435253663
-0.24000000000000007	0.3859880028311383
-0.23000000000000007	0.38696214832805664
-0.22000000000000006	0.38790028345167876
-0.21000000000000005	0.38880212069213715
-0.20000000000000004	0.3896673825672
-0.19000000000000003	0.3904958017636296
-0.18000000000000002	0.3912871212738794
-0.17	0.39204109452811264
-0.16	0.3927574855213909
-0.15	0.39343606893592
-0.13999999999999999	0.39407663025834044
-0.12999999999999998	0.3946789658919273
-0.11999999999999998	0.39524288326342283
-0.10999999999999999	0.39576820092553405
-0.09999999999999999	0.39625474865236077
-0.09	0.3967023675311604
-0.08	0.39711091004780175
-0.07	0.397480240166888
-0.060000000000000005	0.3978102334062627
-0.05	0.39810077690589896
-0.04	0.39835176949112083
-0.03	0.3985631217300491
-0.02	0.39873475598527625
-0.01	0.3988666064597411
0	0.39895861923671316
0.01	0.3990107523138845
0.02	0.39902297563156425
0.03	0.39899527109490945
0.04	0.3989276325901683
0.05	0.39882006599498604
0.060000000000000005	0.39867258918267895
0.07	0.398485232020498
0.08	0.3982580363619199
0.09	0.3979910560329052
0.09999999999999999	0.3976843568121364
0.10999999999999999	0.39733801640530764
0.11999999999999998	0.39695212441339633
0.12999999999999998	0.39652678229497385
0.13999999999999999	0.39606210332258734
0.15	0.3955582125332247
0.16	0.3950152466730298
0.17	0.39443335413536174
0.18000000000000002	0.3938126948947039
0.19000000000000003	0.3931534404331017
0.20000000000000004	0.39245577366173584
0.21000000000000005	0.3917198888366548
0.22000000000000006	0.390945991468851
0.23000000000000007	0.39013429822879575
0.24000000000000007	0.3892850368454816
0.25000000000000006	0.38839844599999357
0.26000000000000006	0.38747477521373025
0.2700000000000001	0.38651428473134486
0.2800000000000001	0.3855172453984406
0.2900000000000001	0.38448393853413476
0.3000000000000001	0.38341465579859435
0.3100000000000001	0.38230969905556794
0.3200000000000001	0.3811693802300594
0.3300000000000001	0.3799940211612324
0.34000000000000014	0.3787839534506119
0.35000000000000014	0.37753951830569726
0.36000000000000015	0.37626106637912815
0.37000000000000016	0.3749489576034422
0.38000000000000017	0.3736035610215777
0.3900000000000002	0.37222525461323636
0.4000000000000002	0.3708144251172006
0.4100000000000002	0.3693714678497136
0.4200000000000002	0.36789678651909496
0.4300000000000002	0.3663907930366494
0.4400000000000002	0.3648539073240287
0.45000000000000023	0.36328655711717506
0.46000000000000024	0.3616891777669659
0.47000000000000025	0.36006221203666805
0.48000000000000026	0.3584061098963904
0.49000000000000027	0.35672132831462433
0.5000000000000002	0.35500833104699964
0.5100000000000002	0.35326758842243955
0.5200000000000002	0.35149957712682667
0.5300000000000002	0.3497047799842962
0.5400000000000003	0.34788368573634043
0.5500000000000003	0.3460367888188597
0.5600000000000003	0.3441645891372586
0.5700000000000003	0.3422675918397893
0.5800000000000003	0.34034630708926417
0.5900000000000003	0.3384012498332638
0.6000000000000003	0.33643293957300685
0.6100000000000003	0.33444190013121566
0.6200000000000003	0.3324286594180448
0.6300000000000003	0.33039374919783465
0.6400000000000003	0.32833770485339747
0.6500000000000004	0.3262610651505473
0.6600000000000004	0.3241643720019704
0.6700000000000004	0.3220481702308214
0.6800000000000004	0.31991300733409794
0.6900000000000004	0.3177594332460079
0.7000000000000004	0.3155880001014498
0.7100000000000004	0.3133992619997425
0.7200000000000004	0.3111937747687414
0.7300000000000004	0.3089720957295197
0.7400000000000004	0.3067347834617047
0.7500000000000004	0.30448239756963036
0.7600000000000005	0.30221549844945594
0.7700000000000005	0.2999346470573687
0.7800000000000005	0.29764040467898595
0.7900000000000005	0.29533333270014495
0.8000000000000005	0.2930139923791613
0.8100000000000005	0.290682944620686
0.8200000000000005	0.2883407497513244
0.8300000000000005	0.2859879672971144
0.8400000000000005	0.28362515576297476
0.8500000000000005	0.28125287241427
0.8600000000000005	0.2788716730606133
0.8700000000000006	0.27648211184197446
0.8800000000000006	0.2740847410172657
0.8900000000000006	0.2716801107554931
0.9000000000000006	0.2692687689295533
0.9100000000000006	0.2668512609128209
0.9200000000000006	0.26442812937862603
0.9300000000000006	0.26199991410267637
0.9400000000000006	0.25956715176857725
0.9500000000000006	0.2571303757765158
0.9600000000000006	0.2546901160551927
0.9700000000000006	0.2522468988771002
0.9800000000000006	0.2498012466772488
0.9900000000000007	0.24735367787537965
1.0000000000000007	0.2449047067017804
1.0100000000000007	0.24245484302676362
1.0200000000000007	0.24000459219388556
1.0300000000000007	0.23755445485695198
1.0400000000000007	0.2351049268209224
1.0500000000000007	0.23265649888672604
1.0600000000000007	0.23020965670006985
1.0700000000000007	0.2277648806043028
1.0800000000000007	0.22532264549737313
1.0900000000000007	0.22288342069292433
1.1000000000000008	0.22044766978559197
1.1100000000000008	0.21801585052053807
1.1200000000000008	0.21558841466723308
1.1300000000000008	0.2131658078975769
1.1400000000000008	0.21074846966833288
1.1500000000000008	0.20833683310793674
1.1600000000000008	0.20593132490769098
1.1700000000000008	0.20353236521738796
1.1800000000000008	0.20114036754533268
1.1900000000000008	0.19875573866283203
1.2000000000000008	0.1963788785131436
1.2100000000000009	0.19401018012486498
1.2200000000000009	0.19165002952980714
1.2300000000000009	0.18929880568534724
1.2400000000000009	0.18695688040122177
1.2500000000000009	0.18462461827080678
1.260000000000001	0.1823023766068466
1.270000000000001	0.17999050538162195
1.280000000000001	0.17768934717154733
1.290000000000001	0.17539923710619942
1.300000000000001	0.17312050282171426
1.310000000000001	0.17085346441856594
1.320000000000001	0.1685984344236919
1.330000000000001	0.16635571775693372
1.340000000000001	0.16412561170174744
1.350000000000001	0.16190840588018907
1.360000000000001	0.1597043822320952
1.370000000000001	0.15751381499844033
1.380000000000001	0.15533697070883573
1.390000000000001	0.15317410817311364
1.400000000000001	0.1510254784769397
1.410000000000001	0.14889132498143998
1.420000000000001	0.14677188332676405
1.430000000000001	0.1446673814395169
1.440000000000001	0.14257803954406015
1.450000000000001	0.1405040701775617
1.460000000000001	0.138445678208771
1.470000000000001	0.13640306086044993
1.480000000000001	0.13437640773540915
1.490000000000001	0.13236590084604574
1.500000000000001	0.1303717146473646
1.5100000000000011	0.12839401607339285
1.5200000000000011	0.12643296457690703
1.5300000000000011	0.12448871217241934
1.5400000000000011	0.12256140348235844
1.5500000000000012	0.12065117578633519
1.5600000000000012	0.11875815907345727
1.5700000000000012	0.11688247609760309
1.5800000000000012	0.11502424243556608
1.5900000000000012	0.11318356654800801
1.6000000000000012	0.11136054984314149
1.6100000000000012	0.10955528674305255
1.6200000000000012	0.10776786475256275
1.6300000000000012	0.105998364530696
1.6400000000000012	0.1042468599643217
1.6500000000000012	0.10251341824433093
1.6600000000000013	0.100798099943962
1.6700000000000013	0.09910095909928933
1.6800000000000013	0.09742204329177875
1.6900000000000013	0.09576139373283751
1.7000000000000013	0.09411904535035347
1.7100000000000013	0.09249502687684749
1.7200000000000013	0.09088936093959189
1.7300000000000013	0.08930206415227565
1.7400000000000013	0.08773314720824503
1.7500000000000013	0.08618261497526836
1.7600000000000013	0.08465046659168299
1.7700000000000014	0.08313669556387493
1.7800000000000014	0.08164128986501222
1.7900000000000014	0.08016423203492523
1.8000000000000014	0.07870549928108256
1.8100000000000014	0.07726506358055595
1.8200000000000014	0.07584289178291923
1.8300000000000014	0.07443894571397976
1.8400000000000014	0.07305318228027466
1.8500000000000014	0.07168555357426752
1.8600000000000014	0.07033600698013326
1.8700000000000014	0.06900448528009087
1.8800000000000014	0.06769092676119833
1.8900000000000015	0.06639526532252203
1.9000000000000015	0.0651174305826203
1.9100000000000015	0.06385734798728451
1.9200000000000015	0.06261493891742712
1.9300000000000015	0.06139012079708294
1.9400000000000015	0.060182807201441486
1.9500000000000015	0.05899290796484279
1.9600000000000015	0.057820329288673374
1.9700000000000015	0.05666497384909565
1.9800000000000015	0.05552674090455404
1.9900000000000015	0.05440552640297286
2.0000000000000013	0.05330122308863526
2.010000000000001	0.0522137206086195
2.020000000000001	0.05114290561877991
2.0300000000000007	0.050088661889210254
2.0400000000000005	0.049050870409121074
2.0500000000000003	0.04802940949107301
2.06	0.047024154874550375
2.07	0.04603497982877819
2.0799999999999996	0.04506175525476161
2.0899999999999994	0.04410434978650088
2.099999999999999	0.04316262989131528
2.109999999999999	0.042236459969258476
2.1199999999999988	0.04132570245155804
2.1299999999999986	0.04043021789806311
2.1399999999999983	0.03954986509359688
2.149999999999998	0.03868450114339506
2.159999999999998	0.03783398156711809
2.1699999999999977	0.036998160391999234
2.1799999999999975	0.03617689024466243
2.1899999999999973	0.035370022441754315
2.199999999999997	0.034577407079313914
2.209999999999997	0.033798893120868555
2.2199999999999966	0.03303432848422789
2.2299999999999964	0.032283560126935
2.239999999999996	0.031546434130363066
2.249999999999996	0.03082279578244589
2.259999999999996	0.03011248965898449
2.2699999999999956	0.02941535970354908
2.2799999999999954	0.028731249305907192
2.289999999999995	0.028060001379154778
2.299999999999995	0.02740145843504542
2.3099999999999947	0.026755462658176948
2.3199999999999945	0.026121855978495246
2.3299999999999943	0.025500480142333744
2.339999999999994	0.02489117678193277
2.349999999999994	0.0242937874834243
2.3599999999999937	0.023708153853285403
2.3699999999999934	0.023134117583247613
2.3799999999999932	0.022571520513662853
2.389999999999993	0.022020204695313225
2.399999999999993	0.021480012449669173
2.4099999999999926	0.020950786427601956
2.4199999999999924	0.020432369666528997
2.429999999999992	0.019924605646011343
2.439999999999992	0.019427338341804934
2.4499999999999917	0.018940412278357403
2.4599999999999915	0.018463672579758318
2.4699999999999913	0.017996965019167435
2.479999999999991	0.01754013606668836
2.489999999999991	0.01709303293573115
2.4999999999999907	0.01665550362785932
2.5099999999999905	0.016227396976119666
2.5199999999999902	0.015808562686879555
2.52999999999999	0.015398851380181919
2.53999999999999	0.014998114628615002
2.5499999999999896	0.01460620499472065
2.5599999999999894	0.014222976066965968
2.569999999999989	0.013848282494260488
2.579999999999989	0.01348198001905657
2.5899999999999888	0.013123925509055171
2.5999999999999885	0.012773976987504349
2.6099999999999883	0.012431993662153576
2.619999999999988	0.01209783595275363
2.629999999999988	0.01177136551740373
2.6399999999999877	0.011452445277388706
2.6499999999999875	0.011140939440811745
2.6599999999999873	0.010836713524935858
2.669999999999987	0.010539634377180909
2.679999999999987	0.010249570195042116
2.6899999999999866	0.009966390544621551
2.6999999999999864	0.009689966378029186
2.709999999999986	0.00942017004959772
2.719999999999986	0.00915687533092811
2.7299999999999858	0.008899957424798577
2.7399999999999856	0.008649292977954262
2.7499999999999853	0.008404760092807934
2.759999999999985	0.008166238338052202
2.769999999999985	0.007933608758240222
2.7799999999999847	0.007706753882325059
2.7899999999999845	0.007485557731196246
2.7999999999999843	0.007269905824237116
2.809999999999984	0.007059685184919549
2.819999999999984	0.00685478434546305
2.8299999999999836	0.006655093350577585
2.8399999999999834	0.006460503760325144
2.849999999999983	0.006270908652099421
2.859999999999983	0.006086202621774722
2.869999999999983	0.005906281784024717
2.8799999999999826	0.005731043771851731
2.8899999999999824	0.005560387735328716
2.899999999999982	0.005394214339601564
2.909999999999982	0.005232425762151274
2.9199999999999817	0.005074925689358421
2.9299999999999815	0.004921619312374683
2.9399999999999813	0.004772413322341222
2.949999999999981	0.004627215904956503
2.959999999999981	0.004485936734435711
2.9699999999999807	0.004348486966871729
2.9799999999999804	0.004214779233015578
2.9899999999999802	0.004084727630513229
2.99999999999998	0.003958247715605714
3.00999999999998	0.0038352564943159124
3.0199999999999796	0.0037156724131518753
3.0299999999999794	0.0035994153493372314
3.039999999999979	0.0034864066005874197
3.049999999999979	0.003376568874465178
3.0599999999999787	0.003269826277323793
3.0699999999999785	0.003166104302849246
3.0799999999999783	0.0030653298202485656
3.089999999999978	0.0029674310620728373
3.099999999999978	0.002872337611707357
3.1099999999999777	0.0027799803905512207
3.1199999999999775	0.0026902916448915963
3.1299999999999772	0.002603204932500791
3.139999999999977	0.00251865510897602
3.149999999999977	0.002436578313810216
3.1599999999999766	0.002356911956257602
3.1699999999999764	0.0022795947009706208
3.179999999999976	0.002204566453441297
3.189999999999976	0.0021317683452574663
3.1999999999999758	0.00206114271920095
3.2099999999999755	0.001992633114168211
3.2199999999999753	0.0019261842499774737
3.229999999999975	0.001861742012036922
3.239999999999975	0.0017992534359036981
3.2499999999999747	0.0017386666917460014
3.2599999999999745	0.0016799310687156152
3.2699999999999743	0.0016229969592521046
3.279999999999974	0.0015678158433116741
3.289999999999974	0.0015143402726151842
3.2999999999999736	0.0014625238547152813
3.3099999999999734	0.0014123212371878959
3.319999999999973	0.0013636880917263705
3.329999999999973	0.0013165810982539896
3.3399999999999728	0.0012709579290384855
3.3499999999999726	0.0012267772328162397
3.3599999999999723	0.00118399861893438
3.369999999999972	0.0011425826416026539
3.379999999999972	0.0011024907840202344
3.3899999999999717	0.0010636854427248897
3.3999999999999715	0.0010261299119194054
3.4099999999999713	0.0009897883678697077
3.419999999999971	0.0009546258533914359
3.429999999999971	0.0009206082624077822
3.4399999999999706	0.0008877023246044387
3.4499999999999704	0.0008558755901683411
3.45999999999997	0.0008250964146402334
3.46999999999997	0.0007953339438845143
3.47999999999997	0.0007665580990799798
3.4899999999999696	0.0007387395620206412
3.4999999999999694	0.0007118497603494444
3.509999999999969	0.0006858608530090297
3.519999999999969	0.0006607457158232744
3.5299999999999687	0.0006364779271936673
3.5399999999999685	0.0006130317539750222
3.5499999999999683	0.0005903821373935051
3.559999999999968	0.0005685046793053884
3.569999999999968	0.0005473756284171296
3.5799999999999677	0.0005269718667576686
3.5899999999999674	0.0005072708962893255
3.5999999999999672	0.0004882508256805106
3.609999999999967	0.0004698903572417722
3.619999999999967	0.00045216877402862984
3.6299999999999666	0.00043506592711120996
3.6399999999999664	0.00041856222301757813
3.649999999999966	0.0004026386113372314
3.659999999999966	0.00038727657251800776
3.6699999999999657	0.0003724581058192805
3.6799999999999655	0.0003581657174476498
3.6899999999999653	0.0003443824088699162
3.699999999999965	0.00033109166530183683
3.709999999999965	0.0003182774443760515
3.7199999999999647	0.00030592416498842907
3.7299999999999645	0.00029401669631668245
3.7399999999999642	0.00028254034703460316
3.749999999999964	0.0002714808546872822
3.759999999999964	0.0002608243752546227
3.7699999999999636	0.00025055747289193936
3.7799999999999634	0.00024066710984847043
3.789999999999963	0.00023114063656506288
3.799999999999963	0.00022196578194748432
3.8099999999999627	0.0002131306438195902
3.8199999999999625	0.00020462367954533273
3.8299999999999623	0.00019643369683785444
3.839999999999962	0.00018854984473078794
3.849999999999962	0.00018096160472739302
3.8599999999999617	0.0001736587821258587
3.8699999999999615	0.00016663149749599762
3.8799999999999613	0.0001598701783844919
3.889999999999961	0.00015336555108265478
3.899999999999961	0.00014710863264874664
3.9099999999999606	0.00014109072310630874
3.9199999999999604	0.00013530339769942418
3.92999999999996	0.00012973849942775047
3.93999999999996	0.00012438813166772128
3.9499999999999598	0.00011924465099299622
3.9599999999999596	0.00011430066013150028
3.9699999999999593	0.00010954900106809947
3.979999999999959	0.0001049827483304454
3.989999999999959	0.00010059520239736034
3.9999999999999587	0.00009637988327035571
4.009999999999959	0.00009233052418625794
4.019999999999959	0.00008844106548163357
4.0299999999999585	0.00008470564859210164
4.039999999999958	0.00008111861019534224
4.049999999999958	0.00007767447649917972
4.059999999999958	0.00007436795765545978
4.069999999999958	0.00007119394231545031
4.079999999999957	0.00006814749231871381
4.089999999999957	0.00006522383750670852
4.099999999999957	0.00006241837066959122
4.109999999999957	0.00005972664261695923
4.119999999999957	0.00005714435737262623
4.129999999999956	0.00005466736749066816
4.139999999999956	0.00005229166949385015
4.149999999999956	0.000050013399425645666
4.159999999999956	0.00004782882851823785
4.1699999999999555	0.000045734358978428715
4.179999999999955	0.000043726519878518694
4.189999999999955	0.00004180196315542173
4.199999999999955	0.000039957459728061775
4.209999999999955	0.00003818989570272979
4.2199999999999545	0.000036496268692518583
4.229999999999954	0.00003487368423590349
4.239999999999954	0.00003331935230404986
4.249999999999954	0.00003183058393274751
4.259999999999954	0.00003040478789871565
4.269999999999953	0.000029039467537686508
4.279999999999953	0.00002773221763647853
4.289999999999953	0.0000264807213927671
4.299999999999953	0.000025282747491482807
4.3099999999999525	0.000024136147248768277
4.319999999999952	0.000023038851842661793
4.329999999999952	0.000021988869627598973
4.339999999999952	0.000020984283516723215
4.349999999999952	0.000020023248458751414
4.3599999999999515	0.0000191039889725491
4.369999999999951	0.00001822479676627766
4.379999999999951	0.000017384028422764852
4.389999999999951	0.00001658010316063891
4.399999999999951	0.000015811500652848885
4.40999999999995	0.000015076758924472451
4.41999999999995	0.000014374472306350844
4.42999999999995	0.000013703289455415668
4.43999999999995	0.000013061911435325237
4.4499999999999496	0.000012449089845962683
4.459999999999949	0.000011863625076739412
4.469999999999949	0.00001130436447939759
4.479999999999949	0.000010770200736982252
4.489999999999949	0.000010260070200522744
4.4999999999999485	9.772951367196933e-6
4.509999999999948	9.307863259873943e-6
4.519999999999948	8.863864006704936e-6
4.529999999999948	8.440049392133077e-6
4.539999999999948	8.0355514757708e-6
4.549999999999947	7.64953724563312e-6
4.559999999999947	7.281207328685568e-6
4.569999999999947	6.9297947336388225e-6
4.579999999999947	6.594563647855874e-6
4.589999999999947	6.274808258820952e-6
4.599999999999946	5.969851629989588e-6
4.609999999999946	5.679044606777755e-6
4.619999999999946	5.401764769461695e-6
4.629999999999946	5.137415387315183e-6
4.6399999999999455	4.8854244780841704e-6
4.649999999999945	4.6452438332997295e-6
4.659999999999945	4.416348088418318e-6
4.669999999999945	4.198233875809148e-6
4.679999999999945	3.99041894228499e-6
4.689999999999944	3.7924413367266686e-6
4.699999999999944	3.603858614510373e-6
4.709999999999944	3.424247075697448e-6
4.719999999999944	3.253201018589134e-6
4.729999999999944	3.090332032693674e-6
4.739999999999943	2.935268319413952e-6
4.749999999999943	2.787654015816285e-6
4.759999999999943	2.6471485704929544e-6
4.769999999999943	2.5134261309763254e-6
4.7799999999999425	2.386174926315883e-6
4.789999999999942	2.26509674360752e-6
4.799999999999942	2.149906330731752e-6
4.809999999999942	2.0403308836416775e-6
4.819999999999942	1.936109611112903e-6
4.8299999999999415	1.836993087827557e-6
4.839999999999941	1.7427429669846693e-6
4.849999999999941	1.6531313672305857e-6
4.859999999999941	1.5679405363716344e-6
4.869999999999941	1.4869623818458443e-6
4.87999999999994	1.4099981117310878e-6
4.88999999999994	1.336857800184128e-6
4.89999999999994	1.2673600516900017e-6
4.90999999999994	1.2013316247086909e-6
4.9199999999999395	1.1386070929435467e-6
4.929999999999939	1.0790285072808847e-6
4.939999999999939	1.0224450887568214e-6
4.949999999999939	9.68712917505431e-7
4.959999999999939	9.176946270592452e-7
4.9699999999999385	8.692591530629984e-7
4.979999999999938	8.232814294619619e-7
4.989999999999938	7.796421515404317e-7
4.999999999999938	7.382275147052532e-7
5.009999999999938	6.989289851039878e-7
5.019999999999937	6.616430617068022e-7
5.029999999999937	6.262710590083928e-7
5.039999999999937	5.92718895380228e-7
5.049999999999937	5.608968908690695e-7
5.0599999999999365	5.307195724869724e-7
5.069999999999936	5.021054881518913e-7
5.079999999999936	4.749770277886793e-7
5.089999999999936	4.492602524705813e-7
5.099999999999936	4.248847297581668e-7
5.1099999999999355	4.0178337700994804e-7
5.119999999999935	3.798923107035255e-7
5.129999999999935	3.591507016484779e-7
5.139999999999935	3.3950064281064456e-7
5.149999999999935	3.2088699097821394e-7
5.159999999999934	3.0325728902323056e-7
5.169999999999934	2.865615933658832e-7
5.179999999999934	2.7075239023070107e-7
5.189999999999934	2.5578447793455296e-7
5.199999999999934	2.4161484130532636e-7
5.209999999999933	2.282025819703286e-7
5.219999999999933	2.1550879498195012e-7
5.229999999999933	2.034964931382582e-7
5.239999999999933	1.921305004756908e-7
5.2499999999999325	1.8137739203433428e-7
5.259999999999932	1.7120538789537667e-7
5.269999999999932	1.6158430125679244e-7
5.279999999999932	1.5248539786131534e-7
5.289999999999932	1.4388141921731755e-7
5.299999999999931	1.357464739866807e-7
5.309999999999931	1.280559211960256e-7
5.319999999999931	1.207864141679511e-7
5.329999999999931	1.1391575489659797e-7
5.339999999999931	1.0742287727186215e-7
5.34999999999993	1.0128776772871396e-7
5.35999999999993	9.549144496008413e-8