-5.679999999999923	9.874475842226327e-8
-5.6699999999999235	1.0397861193237852e-7
-5.659999999999924	1.0948089889898202e-7
-5.649999999999924	1.1526487954708507e-7
-5.639999999999924	1.213444746634254e-7
-5.629999999999924	1.277342409709122e-7
-5.619999999999925	1.3444942356526052e-7
-5.609999999999925	1.4150600335992178e-7
-5.599999999999925	1.489206998754192e-7
-5.589999999999925	1.567110249752609e-7
-5.5799999999999255	1.6489530823307223e-7
-5.569999999999926	1.734927323723127e-7
-5.559999999999926	1.8252337564247379e-7
-5.549999999999926	1.920082783081326e-7
-5.539999999999926	2.0196947511407742e-7
-5.5299999999999265	2.1242988463099416e-7
-5.519999999999927	2.2341362968530693e-7
-5.509999999999927	2.349459371777795e-7
-5.499999999999927	2.4705311939754964e-7
-5.489999999999927	2.5976275992658553e-7
-5.479999999999928	2.7310369232679355e-7
-5.469999999999928	2.8710608735665516e-7
-5.459999999999928	3.018014721727883e-7
-5.449999999999928	3.172227948357804e-7
-5.4399999999999284	3.334045291382467e-7
-5.429999999999929	3.503827292153275e-7
-5.419999999999929	3.681950554516793e-7
-5.409999999999929	3.868808787096511e-7
-5.399999999999929	4.0648134535950554e-7
-5.3899999999999295	4.270394534038869e-7
-5.37999999999993	4.486001318786691e-7
-5.36999999999993	4.712103227267193e-7
-5.35999999999993	4.949190664675167e-7
-5.34999999999993	5.197775910535067e-7
-5.339999999999931	5.458394041389848e-7
-5.329999999999931	5.731603895120051e-7
-5.319999999999931	6.017989067308752e-7
-5.309999999999931	6.318158924723408e-7
-5.299999999999931	6.632749761123497e-7
-5.289999999999932	6.962425869198713e-7
-5.279999999999932	7.307880650814425e-7
-5.269999999999932	7.669837908274774e-7
-5.259999999999932	8.049053072858164e-7
-5.2499999999999325	8.446314464638563e-7
-5.239999999999933	8.862444792839002e-7
-5.229999999999933	9.298302467467393e-7
-5.219999999999933	9.754782967496086e-7
-5.209999999999933	1.0232820501372692e-6
-5.199999999999934	1.0733389535492027e-6
-5.189999999999934	1.1257506433170816e-6
-5.179999999999934	1.180623114896982e-6
-5.169999999999934	1.238066899290276e-6
-5.159999999999934	1.2981972457365834e-6
-5.149999999999935	1.3611343114982953e-6
-5.139999999999935	1.4270033588150443e-6
-5.129999999999935	1.4959349585022945e-6
-5.119999999999935	1.5680652020699012e-6
-5.1099999999999355	1.6435359192644022e-6
-5.099999999999936	1.7224949114363442e-6
-5.089999999999936	1.8050961833753958e-6
-5.079999999999936	1.89150018444318e-6
-5.069999999999936	1.9818740681608964e-6
-5.0599999999999365	2.0763919501752206e-6
-5.049999999999937	2.175235186031197e-6
-5.039999999999937	2.278592647773679e-6
-5.029999999999937	2.386661024583893e-6
-5.019999999999937	2.4996451125942325e-6
-5.009999999999938	2.6177581390000335e-6
-4.999999999999938	2.741222085261355e-6
-4.989999999999938	2.870268017351678e-6
-4.979999999999938	3.0051364425587157e-6
-4.9699999999999385	3.1460776643470698e-6
-4.959999999999939	3.2933521541959958e-6
-4.949999999999939	3.4472309394934457e-6
-4.939999999999939	3.6079960240230685e-6
-4.929999999999939	3.7759407479676583e-6
-4.9199999999999395	3.951370290869705e-6
-4.90999999999994	4.134602041258229e-6
-4.89999999999994	4.325966095460255e-6
-4.88999999999994	4.52580572894576e-6
-4.87999999999994	4.734477873874157e-6
-4.869999999999941	4.952353635440782e-6
-4.859999999999941	5.179818812026239e-6
-4.849999999999941	5.417274432978505e-6
-4.839999999999941	5.6651373247720905e-6
-4.8299999999999415	5.923840684310754e-6
-4.819999999999942	6.1938346796266045e-6
-4.809999999999942	6.47558706137266e-6
-4.799999999999942	6.769583804342939e-6
-4.789999999999942	7.0763297858737275e-6
-4.7799999999999425	7.396349422537619e-6
-4.769999999999943	7.730187408911268e-6
-4.759999999999943	8.07840942612567e-6
-4.749999999999943	8.441602910226331e-6
-4.739999999999943	8.82037779985761e-6
-4.729999999999944	9.215367350559826e-6
-4.719999999999944	9.62722895299566e-6
-4.709999999999944	0.000010056644985219532
-4.699999999999944	0.000010504323672916048
-4.689999999999944	0.000010971000087216965
-4.679999999999945	0.000011457436877035874
-4.669999999999945	0.000011964425444398809
-4.659999999999945	0.000012492786823048215
-4.649999999999945	0.000013043372726019818
-4.6399999999999455	0.000013617066607859162
-4.629999999999946	0.000014214784739495067
-4.619999999999946	0.00001483747731705219
-4.609999999999946	0.000015486129704057137
-4.599999999999946	0.000016161763483457716
-4.589999999999947	0.000016865437775788383
-4.579999999999947	0.000017598250463851638
-4.569999999999947	0.00001836133957242056
-4.559999999999947	0.000019155884479941807
-4.549999999999947	0.000019983107390123034
-4.539999999999948	0.00002084427472398659
-4.529999999999948	0.000021740698581454763
-4.519999999999948	0.00002267373825650198
-4.509999999999948	0.00002364480176626721
-4.4999999999999485	0.000024655347483166647
-4.489999999999949	0.000025706885725494614
-4.479999999999949	0.000026800980475519457
-4.469999999999949	0.000027939251102522545
-4.459999999999949	0.0000291233741442711
-4.4499999999999496	0.00003035508517600933
-4.43999999999995	0.00003163618063378456
-4.42999999999995	0.00003296851980411016
-4.41999999999995	0.00003435402679611225
-4.40999999999995	0.000035794692590275404
-4.399999999999951	0.00003729257714687504
-4.389999999999951	0.00003884981156735027
-4.379999999999951	0.0000404686003034727
-4.369999999999951	0.00004215122345456605
-4.3599999999999515	0.00004390003909794358
-4.349999999999952	0.00004571748569247433
-4.339999999999952	0.0000476060845518441
-4.329999999999952	0.00004956844237981559
-4.319999999999952	0.00005160725385943662
-4.3099999999999525	0.00005372530432998398
-4.299999999999953	0.00005592547252154174
-4.289999999999953	0.000058210733361453324
-4.279999999999953	0.00006058416085198473
-4.269999999999953	0.00006304893103131739
-4.259999999999954	0.0000656083249911934
-4.249999999999954	0.00006826573198504503
-4.239999999999954	0.0000710246526131548
-4.229999999999954	0.0000738887020758467
-4.2199999999999545	0.00007686161351770575
-4.209999999999955	0.00007994724145184524
-4.199999999999955	0.0000831495652650065
-4.189999999999955	0.00008647269280339229
-4.179999999999955	0.0000899208640612474
-4.1699999999999555	0.00009349845493409347
-4.159999999999956	0.0000972099810741164
-4.149999999999956	0.00010106010184017345
-4.139999999999956	0.0001050536243328299
-4.129999999999956	0.00010919550750844196
-4.119999999999957	0.00011349086644017008
-4.109999999999957	0.0001179449765990123
-4.099999999999957	0.000122563278290605
-4.089999999999957	0.00012735138117064883
-4.079999999999957	0.00013231506888069985
-4.069999999999958	0.00013746030373100034
-4.059999999999958	0.00014279323155666222
-4.049999999999958	0.00014832018663475628
-4.039999999999958	0.00015404769671701856
-4.0299999999999585	0.00015998248817832952
-4.019999999999959	0.0001661314912689677
-4.009999999999959	0.00017250184546590324
-3.9999999999999587	0.00017910090495534549
-3.989999999999959	0.00018593624422135783
-3.979999999999959	0.00019301566373323373
-3.9699999999999593	0.0002003471957709483
-3.9599999999999596	0.00020793911035757288
-3.9499999999999598	0.00021579992130412042
-3.93999999999996	0.00022393839237715661
-3.92999999999996	0.00023236354359493545
-3.9199999999999604	0.00024108465762750564
-3.9099999999999606	0.0002501112863294044
-3.899999999999961	0.00025945325740141744
-3.889999999999961	0.00026912068116169283
-3.8799999999999613	0.00027912395744488313
-3.8699999999999615	0.0002894737826464777
-3.8599999999999617	0.00030018115686002584
-3.849999999999962	0.00031125739116862695
-3.839999999999962	0.0003227141150547152
-3.8299999999999623	0.00033456328394097773
-3.8199999999999625	0.0003468171868452721
-3.8099999999999627	0.0003594884541985397
-3.799999999999963	0.00037259006575629674
-3.789999999999963	0.00038613535865999495
-3.7799999999999634	0.00040013803563127264
-3.7699999999999636	0.0004146121732876781
-3.759999999999964	0.000429572230587027
-3.749999999999964	0.00044503305741897274
-3.7399999999999642	0.00046100990331547143
-3.7299999999999645	0.0004775184262824829
-3.7199999999999647	0.000494574701791178
-3.709999999999965	0.000512195231877973
-3.699999999999965	0.0005303969543674937
-3.6899999999999653	0.0005491972522479568
-3.6799999999999655	0.000568613963166196
-3.6699999999999657	0.0005886653890357103
-3.659999999999966	0.0006093703057966022
-3.649999999999966	0.0006307479732844809
-3.6399999999999664	0.0006528181452344704
-3.6299999999999666	0.0006756010793983717
-3.619999999999967	0.0006991175478033226
-3.609999999999967	0.0007233888471045731
-3.5999999999999672	0.0007484368090799381
-3.5899999999999674	0.0007742838112427076
-3.5799999999999677	0.0008009527875510602
-3.569999999999968	0.0008284672392836605
-3.559999999999968	0.0008568512458499933
-3.5499999999999683	0.00088612947605497
-3.5399999999999685	0.0009163271991241968
-3.5299999999999687	0.0009474702960064877
-3.519999999999969	0.0009795852707501465
-3.509999999999969	0.001012699261995964
-3.4999999999999694	0.0010468400544122736
-3.4899999999999696	0.0010820360905626676
-3.47999999999997	0.0011183164825060215
-3.46999999999997	0.0011557110236676857
-3.45999999999997	0.001194250200754072
-3.4499999999999704	0.0012339652057331337
-3.4399999999999706	0.0012748879479097454
-3.429999999999971	0.0013170510660532654
-3.419999999999971	0.0013604879405883544
-3.4099999999999713	0.001405232705858187
-3.3999999999999715	0.0014513202624403451
-3.3899999999999717	0.00149878628947358
-3.379999999999972	0.0015476672571001944
-3.369999999999972	0.001598000438887902
-3.3599999999999723	0.0016498239242939276
-3.3499999999999726	0.0017031766311743917
-3.3399999999999728	0.001758098318303029
-3.329999999999973	0.0018146295978969517
-3.319999999999973	0.0018728119481372812
-3.3099999999999734	0.00193268772574477
-3.2999999999999736	0.0019943001784706095
-3.289999999999974	0.002057693457622034
-3.279999999999974	0.0021229126305595007
-3.2699999999999743	0.0021900036931408627
-3.2599999999999745	0.0022590135821431976
-3.2499999999999747	0.0023299901876459427
-3.239999999999975	0.0024029823653275327
-3.229999999999975	0.002478039948723399
-3.2199999999999753	0.002555213761402158
-3.2099999999999755	0.0026345556290495653
-3.1999999999999758	0.0027161183914608186
-3.189999999999976	0.002799955914451949
-3.179999999999976	0.002886123101618549
-3.1699999999999764	0.0029746759059928957
-3.1599999999999766	0.003065671341575739
-3.149999999999977	0.003159167494699361
-3.139999999999977	0.0032552235352383088
-3.1299999999999772	0.003353899727668581
-3.1199999999999775	0.003455257441931027
-3.1099999999999777	0.003559359164098796
-3.099999999999978	0.003666268506856115
-3.089999999999978	0.0037760502197520824
-3.0799999999999783	0.003888770199213109
-3.0699999999999785	0.004004495498334197
-3.0599999999999787	0.004123294336407493
-3.049999999999979	0.004245236108161474
-3.039999999999979	0.004370391392750249
-3.0299999999999794	0.004498831962430106
-3.0199999999999796	0.004630630790915134
-3.00999999999998	0.004765862061421045
-2.99999999999998	0.004904601174380351
-2.9899999999999802	0.005046924754768079
-2.9799999999999804	0.005192910659091366
-2.9699999999999807	0.005342637981985122
-2.959999999999981	0.00549618706239614
-2.949999999999981	0.005653639489363455
-2.9399999999999813	0.005815078107375212
-2.9299999999999815	0.005980587021252288
-2.9199999999999817	0.006150251600590725
-2.909999999999982	0.006324158483724189
-2.899999999999982	0.006502395581174664
-2.8899999999999824	0.006685052078598198
-2.8799999999999826	0.006872218439200781
-2.869999999999983	0.007063986405668649
-2.859999999999983	0.007260449001365623
-2.849999999999983	0.007461700531149639
-2.8399999999999834	0.00766783658147369
-2.8299999999999836	0.00787895401989644
-2.819999999999984	0.008095150993977717
-2.809999999999984	0.008316526929508542
-2.7999999999999843	0.008543182528065428
-2.7899999999999845	0.008775219763908472
-2.7799999999999847	0.009012741880152124
-2.769999999999985	0.009255853384214875
-2.759999999999985	0.00950466004252994
-2.7499999999999853	0.009759268874589092
-2.7399999999999856	0.010019788145998914
-2.7299999999999858	0.010286327360974472
-2.719999999999986	0.010558997253911418
-2.709999999999986	0.010837909780133945
-2.6999999999999864	0.01112317810582777
-2.6899999999999866	0.011414916597103739
-2.679999999999987	0.011713240808161123
-2.669999999999987	0.012018267468585638
-2.6599999999999873	0.01233011446971986
-2.6499999999999875	0.012648900850102054
-2.6399999999999877	0.012974746779959741
-2.629999999999988	0.013307773544757083
-2.619999999999988	0.013648103527729681
-2.6099999999999883	0.013995860191448604
-2.5999999999999885	0.014351168058379672
-2.5899999999999888	0.014714152690386001
-2.579999999999989	0.015084940667207359
-2.569999999999989	0.015463659563894986
-2.5599999999999894	0.015850437927145862
-2.5499999999999896	0.01624540525056158
-2.53999999999999	0.01664869194882529
-2.52999999999999	0.017060429330734796
-2.5199999999999902	0.01748074957111792
-2.5099999999999905	0.017909785681624997
-2.4999999999999907	0.018347671480349454
-2.489999999999991	0.018794541560275994
-2.479999999999991	0.019250531256587124
-2.4699999999999913	0.019715776612751465
-2.4599999999999915	0.020190414345412584
-2.4499999999999917	0.020674581808099897
-2.439999999999992	0.021168416953700173
-2.429999999999992	0.02167205829569228
-2.4199999999999924	0.022185644868186572
-2.4099999999999926	0.022709316184687935
-2.399999999999993	0.023243212195621664
-2.389999999999993	0.02378747324461364
-2.3799999999999932	0.02434224002350852
-2.3699999999999934	0.024907653526101373
-2.3599999999999937	0.025483855000634957
-2.349999999999994	0.02607098590101151
-2.339999999999994	0.026669187836712446
-2.3299999999999943	0.02727860252146979
-2.3199999999999945	0.027899371720660635
-2.3099999999999947	0.028531637197392695
-2.299999999999995	0.029175540657347912
-2.289999999999995	0.02983122369237181
-2.2799999999999954	0.0304988277226581
-2.2699999999999956	0.031178493937902733
-2.259999999999996	0.03187036323699022
-2.249999999999996	0.03257457616650087
-2.239999999999996	0.03329127285795881
-2.2299999999999964	0.03402059296386023
-2.2199999999999966	0.034762675592426816
-2.209999999999997	0.03551765924115308
-2.199999999999997	0.0362856817291597
-2.1899999999999973	0.03706688012831123
-2.1799999999999975	0.03786139069315123
-2.1699999999999977	0.03866934878969229
-2.159999999999998	0.03949088882300656
-2.149999999999998	0.0403261441636871
-2.1399999999999983	0.041175247073213496
-2.1299999999999986	0.04203832862809407
-2.1199999999999988	0.04291551864311503
-2.109999999999999	0.04380694559334727
-2.099999999999999	0.04471273653518588
-2.0899999999999994	0.045633017026341385
-2.0799999999999996	0.046567911044859044
-2.07	0.04751754090715115
-2.06	0.0484820271850643
-2.0500000000000003	0.0494614886220657
-2.0400000000000005	0.05045604204852909
-2.0300000000000007	0.0514658022961369
-2.020000000000001	0.05249088211149368
-2.010000000000001	0.05353139206894122
-2.0000000000000013	0.05458744048258484
-1.9900000000000015	0.05565913331762991
-1.9800000000000015	0.0567465741010332
-1.9700000000000015	0.057849863831474356
-1.9600000000000015	0.058969100888748904
-1.9500000000000015	0.06010438094260038
-1.9400000000000015	0.06125579686098977
-1.9300000000000015	0.062423438617909194
-1.9200000000000015	0.06360739320077127
-1.9100000000000015	0.06480774451736339
-1.9000000000000015	0.06602457330248093
-1.8900000000000015	0.06725795702427413
-1.8800000000000014	0.06850796979032042
-1.8700000000000014	0.069774682253497
-1.8600000000000014	0.07105816151773993
-1.8500000000000014	0.07235847104366476
-1.8400000000000014	0.07367567055416417
-1.8300000000000014	0.07500981594002255
-1.8200000000000014	0.0763609591655941
-1.8100000000000014	0.07772914817459936
-1.8000000000000014	0.07911442679607135
-1.7900000000000014	0.08051683465066443
-1.7800000000000014	0.08193640705709886
-1.7700000000000014	0.08337317493908473
-1.7600000000000013	0.084827164732627
-1.7500000000000013	0.08629839829379463
-1.7400000000000013	0.08778689280708223
-1.7300000000000013	0.08929266069436521
-1.7200000000000013	0.09081570952450445
-1.7100000000000013	0.09235604192373713
-1.7000000000000013	0.09391365548685945
-1.6900000000000013	0.09548854268926384
-1.6800000000000013	0.0970806907999416
-1.6700000000000013	0.0986900817955305
-1.6600000000000013	0.100316692275289
-1.6500000000000012	0.10196049337746901
-1.6400000000000012	0.10362145069670399
-1.6300000000000012	0.10529952420274237
-1.6200000000000012	0.10699466816055733
-1.6100000000000012	0.10870683105189446
-1.6000000000000012	0.11043595549827606
-1.5900000000000012	0.112181978185598
-1.5800000000000012	0.1139448297903901
-1.5700000000000012	0.11572443490775765
-1.5600000000000012	0.11752071198110055
-1.5500000000000012	0.11933357323375172
-1.5400000000000011	0.12116292460246135
-1.5300000000000011	0.12300866567290898
-1.5200000000000011	0.12487068961732058
-1.5100000000000011	0.12674888313418595
-1.500000000000001	0.1286431263901631
-1.490000000000001	0.1305532929643393
-1.480000000000001	0.13247924979477196
-1.470000000000001	0.13442085712747529
-1.460000000000001	0.13637796846788702
-1.450000000000001	0.13835043053492835
-1.440000000000001	0.1403380832175883
-1.430000000000001	0.14234075953433256
-1.420000000000001	0.14435828559514383
-1.410000000000001	0.1463904805664471
-1.400000000000001	0.14843715663890797
-1.390000000000001	0.15049811899822108
-1.380000000000001	0.15257316579875066
-1.370000000000001	0.1546620881404143
-1.360000000000001	0.15676467004870137
-1.350000000000001	0.1588806884576033
-1.340000000000001	0.1610099131962496
-1.330000000000001	0.1631521069783693
-1.320000000000001	0.16530702539542375
-1.310000000000001	0.16747441691306533
-1.300000000000001	0.16965402287084833
-1.290000000000001	0.17184557748597254
-1.280000000000001	0.17404880785981477
-1.270000000000001	0.1762634339888845
-1.260000000000001	0.17848916877857907
-1.2500000000000009	0.180725718061677
-1.2400000000000009	0.18297278061922617
-1.2300000000000009	0.1852300482065234
-1.2200000000000009	0.18749720558186636
-1.2100000000000009	0.18977393053983801
-1.2000000000000008	0.19205989394816247
-1.1900000000000008	0.19435475978808311
-1.1800000000000008	0.19665818519982137
-1.1700000000000008	0.1989698205303627
-1.1600000000000008	0.20128930938682105
-1.1500000000000008	0.20361628869235124
-1.1400000000000008	0.20595038874736668
-1.1300000000000008	0.2082912332938378
-1.1200000000000008	0.21063843958407116
-1.1100000000000008	0.21299161845342585
-1.1000000000000008	0.2153503743970464
-1.0900000000000007	0.217714305650744
-1.0800000000000007	0.22008300427588903
-1.0700000000000007	0.2224560562483133
-1.0600000000000007	0.22483304155135736
-1.0500000000000007	0.22721353427293933
-1.0400000000000007	0.2295971027065929
-1.0300000000000007	0.231983309456622
-1.0200000000000007	0.23437171154726197
-1.0100000000000007	0.23676186053572865
-1.0000000000000007	0.23915330262932716
-0.9900000000000007	0.24154557880656355
-0.9800000000000006	0.24393822494205541
-0.9700000000000006	0.24633077193528566
-0.9600000000000006	0.24872274584353507
-0.9500000000000006	0.2511136680181099
-0.9400000000000006	0.2535030552448826
-0.9300000000000006	0.2558904198882602
-0.9200000000000006	0.2582752700388422
-0.9100000000000006	0.2606571096648616
-0.9000000000000006	0.26303543876714564
-0.8900000000000006	0.2654097535375639
-0.8800000000000006	0.26777954652105457
-0.8700000000000006	0.2701443067810172
-0.8600000000000005	0.27250352006802137
-0.8500000000000005	0.27485666899186995
-0.8400000000000005	0.2772032331968656
-0.8300000000000005	0.27954268954015815
-0.8200000000000005	0.2818745122732389
-0.8100000000000005	0.2841981732264189
-0.8000000000000005	0.2865131419960704
-0.7900000000000005	0.28881888613510026
-0.7800000000000005	0.29111487134566993
-0.7700000000000005	0.29340056167458434
-0.7600000000000005	0.29567541971198963
-0.7500000000000004	0.2979389067910105
-0.7400000000000004	0.30019048319222424
-0.7300000000000004	0.30242960834719274
-0.7200000000000004	0.30465574104701576
-0.7100000000000004	0.3068683396514245
-0.7000000000000004	0.3090668622999235
-0.6900000000000004	0.3112507671256152
-0.6800000000000004	0.3134195124694912
-0.6700000000000004	0.3155725570975195
-0.6600000000000004	0.3177093604185154
-0.6500000000000004	0.3198293827036483
-0.6400000000000003	0.32193208530706013
-0.6300000000000003	0.32401693088797984
-0.6200000000000003	0.32608338363334377
-0.6100000000000003	0.32813090948173945
-0.6000000000000003	0.33015897634782876
-0.5900000000000003	0.3321670543477208
-0.5800000000000003	0.33415461602417285
-0.5700000000000003	0.3361211365736934
-0.5600000000000003	0.3380660940715513
-0.5500000000000003	0.33998896969896747
-0.5400000000000003	0.34188924796940806
-0.5300000000000002	0.34376641695474563
-0.5200000000000002	0.3456199685112067
-0.5100000000000002	0.34744939850492595
-0.5000000000000002	0.34925420703686094
-0.49000000000000027	0.3510338986670413
-0.48000000000000026	0.3527879826379559
-0.47000000000000025	0.3545159730970019
-0.46000000000000024	0.3562173893177327
-0.45000000000000023	0.35789175591989525
-0.4400000000000002	0.3595386030880915
-0.4300000000000002	0.36115746678883903
-0.4200000000000002	0.36274788898599536
-0.4100000000000002	0.36430941785437126
-0.4000000000000002	0.36584160799137105
-0.3900000000000002	0.3673440206265413
-0.38000000000000017	0.36881622382891704
-0.37000000000000016	0.37025779271199677
-0.36000000000000015	0.3716683096361892
-0.35000000000000014	0.3730473644086897
-0.34000000000000014	0.37439455448054043
-0.3300000000000001	0.3757094851408149
-0.3200000000000001	0.3769917697077997
-0.3100000000000001	0.3782410297169943
-0.3000000000000001	0.3794568951058265
-0.2900000000000001	0.3806390043950067
-0.2800000000000001	0.38178700486631306
-0.2700000000000001	0.3829005527367267
-0.26000000000000006	0.38397931332883284
-0.25000000000000006	0.3850229612373136
-0.24000000000000007	0.38603118049142243
-0.23000000000000007	0.3870036647133798
-0.22000000000000006	0.3879401172725312
-0.21000000000000005	0.38884025143514606
-0.20000000000000004	0.3897037905098234
-0.19000000000000003	0.3905304679883369
-0.18000000000000002	0.3913200276818214
-0.17	0.3920722238522545
-0.16	0.39278682133910603
-0.15	0.39346359568103034
-0.13999999999999999	0.394102333232585
-0.12999999999999998	0.39470283127586303
-0.11999999999999998	0.3952648981267414
-0.10999999999999999	0.39578835323674005
-0.09999999999999999	0.3962730272879083
-0.09	0.3967187622839377
-0.08	0.3971254116349939
-0.07	0.3974928402372144
-0.060000000000000005	0.39782092454657797
-0.05	0.39810955264714865
-0.04	0.3983586243136403
-0.03	0.3985680510682131
-0.02	0.39873775623148267
-0.01	0.39886767496773556
0	0.39895775432423947
0.01	0.39900795326466293
0.02	0.39901824269660174
0.03	0.39898860549312515
0.04	0.3989190365083466
0.05	0.39880954258704815
0.060000000000000005	0.3986601425682758
0.07	0.39847086728293035
0.08	0.398241759545374
0.09	0.39797287413901894
0.09999999999999999	0.3976642777958951
0.10999999999999999	0.3973160491702597
0.11999999999999998	0.3969282788062154
0.12999999999999998	0.39650106909934874
0.13999999999999999	0.39603453425245966
0.15	0.3955288002253749
0.16	0.3949840046790074
0.17	0.39440029691281475
0.18000000000000002	0.39377783779801767
0.19000000000000003	0.3931167997034543
0.20000000000000004	0.3924173664165273
0.21000000000000005	0.3916797330583198
0.22000000000000006	0.3909041059930887
0.23000000000000007	0.3900907027322032
0.24000000000000007	0.38923975183260945
0.25000000000000006	0.3883514927898379
0.26000000000000006	0.38742617592566736
0.2700000000000001	0.38646406227052593
0.2800000000000001	0.38546542344065005
0.2900000000000001	0.3844305415101328
0.3000000000000001	0.38335970887795556
0.3100000000000001	0.3822532281300316
0.3200000000000001	0.3811114118963991
0.3300000000000001	0.3799345827036652
0.34000000000000014	0.3787230728227616
0.35000000000000014	0.3774772241121239
0.36000000000000015	0.3761973878564421
0.37000000000000016	0.3748839246010185
0.38000000000000017	0.37353720398188617
0.3900000000000002	0.37215760455180763
0.4000000000000002	0.37074551360224073
0.4100000000000002	0.36930132698138723
0.4200000000000002	0.36782544890848917
0.4300000000000002	0.3663182917844519
0.4400000000000002	0.364780275998912
0.45000000000000023	0.3632118297339281
0.46000000000000024	0.36161338876438326
0.47000000000000025	0.3599853962552177
0.48000000000000026	0.3583283025556688
0.49000000000000027	0.3566425649906327
0.5000000000000002	0.3549286476492497
0.5100000000000002	0.35318702117091194
0.5200000000000002	0.3514181625287963
0.5300000000000002	0.3496225548110542
0.5400000000000003	0.3478006869998212
0.5500000000000003	0.34595305374819846
0.5600000000000003	0.3440801551552936
0.5700000000000003	0.3421824965395352
0.5800000000000003	0.3402605882103704
0.5900000000000003	0.33831494523847383
0.6000000000000003	0.33634608722464415
0.6100000000000003	0.33435453806769355
0.6200000000000003	0.33234082573051615
0.6300000000000003	0.3303054820068023
0.6400000000000003	0.3282490422855075
0.6500000000000004	0.3261720453154699
0.6600000000000004	0.3240750329694252
0.6700000000000004	0.3219585500077471
0.6800000000000004	0.3198231438420019
0.6900000000000004	0.31766936429849196
0.7000000000000004	0.31549776338195146
0.7100000000000004	0.3133088950394938
0.7200000000000004	0.311103314924966
0.7300000000000004	0.30888158016388184
0.7400000000000004	0.3066442491190367
0.7500000000000004	0.3043918811569361
0.7600000000000005	0.30212503641522176
0.7700000000000005	0.29984427557118604
0.7800000000000005	0.29755015961151476
0.7900000000000005	0.2952432496034072
0.8000000000000005	0.29292410646720496
0.8100000000000005	0.2905932907506142
0.8200000000000005	0.2882513624047109
0.8300000000000005	0.28589888056181695
0.8400000000000005	0.28353640331535324
0.8500000000000005	0.28116448750183065
0.8600000000000005	0.27878368848508067
0.8700000000000006	0.27639455994280687
0.8800000000000006	0.27399765365562523
0.8900000000000006	0.27159351929866793
0.9000000000000006	0.2691827042358654
0.9100000000000006	0.2667657533170006
0.9200000000000006	0.26434320867767847
0.9300000000000006	0.2619156095422482
0.9400000000000006	0.25948349202981563
0.9500000000000006	0.2570473889634468
0.9600000000000006	0.2546078296826095
0.9700000000000006	0.2521653398589723
0.9800000000000006	0.24972044131565596
0.9900000000000007	0.2472736518499787
1.0000000000000007	0.24482548505980198
1.0100000000000007	0.24237645017355397
1.0200000000000007	0.23992705188397956
1.0300000000000007	0.23747779018570087
1.0400000000000007	0.23502916021665365
1.0500000000000007	0.23258165210346182
1.0600000000000007	0.23013575081077986
1.0700000000000007	0.22769193599471937
1.0800000000000007	0.22525068186033953
1.0900000000000007	0.22281245702330216
1.1000000000000008	0.22037772437570613
1.1100000000000008	0.2179469409561721
1.1200000000000008	0.21552055782416477
1.1300000000000008	0.21309901993864575
1.1400000000000008	0.2106827660410608
1.1500000000000008	0.20827222854266467
1.1600000000000008	0.2058678334162564
1.1700000000000008	0.20347000009232105
1.1800000000000008	0.20107914135957547
1.1900000000000008	0.19869566326997454
1.2000000000000008	0.19631996504816226
1.2100000000000009	0.19395243900536882
1.2200000000000009	0.1915934704577841
1.2300000000000009	0.1892434376493883
1.2400000000000009	0.18690271167924305
1.2500000000000009	0.184571656433232
1.260000000000001	0.18225062852026913
1.270000000000001	0.17993997721291938
1.280000000000001	0.17764004439244713
1.290000000000001	0.17535116449828259
1.300000000000001	0.17307366448185665
1.310000000000001	0.17080786376479715
1.320000000000001	0.1685540742014747
1.330000000000001	0.16631260004583467
1.340000000000001	0.16408373792251102
1.350000000000001	0.16186777680218495
1.360000000000001	0.15966499798114644
1.370000000000001	0.1574756750649984
1.380000000000001	0.1553000739565183
1.390000000000001	0.15313845284756797
1.400000000000001	0.15099106221504338
1.410000000000001	0.14885814482080617
1.420000000000001	0.1467399357155568
1.430000000000001	0.14463666224655514
1.440000000000001	0.14254854406919598
1.450000000000001	0.1404757931623328
1.460000000000001	0.13841861384729928
1.470000000000001	0.13637720281059018
1.480000000000001	0.13435174913012032
1.490000000000001	0.1323424343049834
1.500000000000001	0.1303494322886786
1.5100000000000011	0.12837290952571628
1.5200000000000011	0.12641302499152235
1.5300000000000011	0.12446993023559813
1.5400000000000011	0.12254376942784713
1.5500000000000012	0.12063467940799216
1.5600000000000012	0.11874278973801734
1.5700000000000012	0.11686822275755523
1.5800000000000012	0.11501109364214543
1.5900000000000012	0.11317151046427329
1.6000000000000012	0.11134957425713864
1.6100000000000012	0.1095453790810241
1.6200000000000012	0.10775901209232384
1.6300000000000012	0.10599055361484
1.6400000000000012	0.10424007721367352
1.6500000000000012	0.10250764977132151
1.6600000000000013	0.10079333156602922
1.6700000000000013	0.09909717635228378
1.6800000000000013	0.09741923144333464
1.6900000000000013	0.09575953779583093
1.7000000000000013	0.09411813009611174
1.7100000000000013	0.09249503684853409
1.7200000000000013	0.09089028046543207
1.7300000000000013	0.08930387735873278
1.7400000000000013	0.0877358380331398
1.7500000000000013	0.08618616718079916
1.7600000000000013	0.08465486377736477
1.7700000000000014	0.08314192117937878
1.7800000000000014	0.08164732722288472
1.7900000000000014	0.08017106432320838
1.8000000000000014	0.07871310957578917
1.8100000000000014	0.077273434858022
1.8200000000000014	0.07585200693201233
1.8300000000000014	0.07444878754815354
1.8400000000000014	0.07306373354947283
1.8500000000000014	0.07169679697665557
1.8600000000000014	0.07034792517366759
1.8700000000000014	0.06901706089390929
1.8800000000000014	0.0677041424068203
1.8900000000000015	0.06640910360486989
1.9000000000000015	0.06513187411083879
1.9100000000000015	0.06387237938536039
1.9200000000000015	0.0626305408346054
1.9300000000000015	0.06140627591806862
1.9400000000000015	0.0601994982563962
1.9500000000000015	0.05901011773915372
1.9600000000000015	0.057838040632497784
1.9700000000000015	0.056683169686687115
1.9800000000000015	0.05554540424335293
1.9900000000000015	0.05442464034246626
2.0000000000000013	0.053320770828975794
2.010000000000001	0.05223368545901117
2.020000000000001	0.05116327100562154
2.0300000000000007	0.050109411363995916
2.0400000000000005	0.04907198765609126
2.0500000000000003	0.04805087833463053
2.06	0.047045959286415466
2.07	0.046057103934903545
2.0799999999999996	0.04508418334199762
2.0899999999999994	0.04412706630900203
2.099999999999999	0.043185619476713136
2.109999999999999	0.04225970742456828
2.1199999999999988	0.04134919276884448
2.1299999999999986	0.04045393625985109
2.1399999999999983	0.03957379687805053
2.149999999999998	0.0387086319292027
2.159999999999998	0.03785829713818951
2.1699999999999977	0.03702264674188067
2.1799999999999975	0.036201533580719175
2.1899999999999973	0.03539480918910371
2.199999999999997	0.034602323884523806
2.209999999999997	0.03382392685541484
2.2199999999999966	0.033059466247716766
2.2299999999999964	0.03230878925008784
2.239999999999996	0.03157174217777449
2.249999999999996	0.030848170555109904
2.259999999999996	0.030137919196596412
2.2699999999999956	0.029440832286583465
2.2799999999999954	0.02875675345748843
2.289999999999995	0.02808552586666395
2.299999999999995	0.027426992271588076
2.3099999999999947	0.026780995103786048
2.3199999999999945	0.026147376541150024
2.3299999999999943	0.02552597857877214
2.339999999999994	0.02491664309826203
2.349999999999994	0.02431921193554608
2.3599999999999937	0.023733526947124124
2.3699999999999934	0.023159430074795553
2.3799999999999932	0.022596763408842025
2.389999999999993	0.022045369249662744
2.399999999999993	0.021505090167856303
2.4099999999999926	0.020975769062768514
2.4199999999999924	0.02045724921946923
2.429999999999992	0.019949374364194073
2.439999999999992	0.019451988718239617
2.4499999999999917	0.018964937050307985
2.4599999999999915	0.01848806472731591
2.4699999999999913	0.018021217763676555
2.479999999999991	0.01756424286904008
2.489999999999991	0.017116987494522996
2.4999999999999907	0.016679299877432097
2.5099999999999905	0.01625102908446651
2.5199999999999902	0.015832025053442323
2.52999999999999	0.015422138633531611
2.53999999999999	0.015021221624022868
2.5499999999999896	0.014629126811635569
2.5599999999999894	0.014245708006376733
2.569999999999989	0.013870820075976974
2.579999999999989	0.01350431897890022
2.5899999999999888	0.01314606179595857
2.5999999999999885	0.012795906760556785
2.6099999999999883	0.012453713287463773
2.619999999999988	0.012119342000445458
2.629999999999988	0.011792654758348616
2.6399999999999877	0.011473514679968513
2.6499999999999875	0.011161786167628831
2.6599999999999873	0.010857334929364755
2.669999999999987	0.0105600280000677
2.679999999999987	0.010269733761171768
2.6899999999999866	0.009986321959226703
2.6999999999999864	0.00970966372325366
2.709999999999986	0.009439631580919164
2.719999999999986	0.00917609947355485
2.7299999999999858	0.008918942770037533
2.7399999999999856	0.00866803827955865
2.7499999999999853	0.008423264263303231
2.759999999999985	0.008184500445054466
2.769999999999985	0.007951628020751144
2.7799999999999847	0.00772452966703068
2.7899999999999845	0.007503089548750952
2.7999999999999843	0.007287193325551791
2.809999999999984	0.007076728157449481
2.819999999999984	0.006871582709498185
2.8299999999999836	0.006671647155544787
2.8399999999999834	0.006476813181095788
2.849999999999983	0.006286973985311817
2.859999999999983	0.00610202428217373
2.869999999999983	0.005921860300816864
2.8799999999999826	0.00574637978508474
2.8899999999999824	0.005575481992290445
2.899999999999982	0.00540906769124543
2.909999999999982	0.005247039159552737
2.9199999999999817	0.0050893001801966455
2.9299999999999815	0.004935756037450176
2.9399999999999813	0.004786313512123254
2.949999999999981	0.004640880876170867
2.959999999999981	0.004499367886686284
2.9699999999999807	0.004361685779306087
2.9799999999999804	0.004227747261024872
2.9899999999999802	0.004097466502479487
2.99999999999998	0.003970759129694137
3.00999999999998	0.003847542215306483
3.0199999999999796	0.0037277342693239988
3.0299999999999794	0.0036112552293974883
3.039999999999979	0.0034980264506502346
3.049999999999979	0.003387970695080656
3.0599999999999787	0.0032810121205536264
3.0699999999999785	0.003177076269405409
3.0799999999999783	0.0030760900566704588
3.089999999999978	0.0029779817579674273
3.099999999999978	0.0028826809970403113
3.1099999999999777	0.0027901187329920853
3.1199999999999775	0.002700227247215437
3.1299999999999772	0.002612940130047468
3.139999999999977	0.0025281922671516375
3.149999999999977	0.002445919825670105
3.1599999999999766	0.0023660602401231502
3.1699999999999764	0.002288552198114844
3.179999999999976	0.0022133356258272614
3.189999999999976	0.0021403516733370085
3.1999999999999758	0.002069542699757664
3.2099999999999755	0.002000852258237593
3.2199999999999753	0.0019342250808138915
3.229999999999975	0.0018696070631316318
3.239999999999975	0.001806945249068927
3.2499999999999747	0.0017461878152512354
3.2599999999999745	0.0016872840554800188
3.2699999999999743	0.0016301843650944738
3.279999999999974	0.001574840225261606
3.289999999999974	0.0015212041872442834
3.2999999999999736	0.0014692298565815456
3.3099999999999734	0.0014188718772914655
3.319999999999973	0.0013700859160333193
3.329999999999973	0.0013228286462697743
3.3399999999999728	0.001277057732434433
3.3499999999999726	0.0012327318141087677
3.3599999999999723	0.001189810490227893
3.369999999999972	0.0011482543033325247
3.379999999999972	0.0011080247238230455
3.3899999999999717	0.0010690841343041237
3.3999999999999715	0.00103139581397191
3.4099999999999713	0.0009949239230639523
3.419999999999971	0.0009596334873903646
3.429999999999971	0.00092549038293784
3.4399999999999706	0.0008924613205692474
3.4499999999999704	0.0008605138308080612
3.45999999999997	0.0008296162487350826
3.46999999999997	0.00079973769894491
3.47999999999997	0.0007708480807967933
3.4899999999999696	0.0007429180534329658
3.4999999999999694	0.0007159190212640385
3.509999999999969	0.0006898231194132785
3.519999999999969	0.000664603199325413
3.5299999999999687	0.0006402328145123764
3.5399999999999685	0.0006166862064021883
3.5499999999999683	0.0005939382905190891
3.559999999999968	0.0005719646424402656
3.569999999999968	0.0005507414842749106
3.5799999999999677	0.0005302456711127893
3.5899999999999674	0.0005104546776678623
3.5999999999999672	0.0004913465850811747
3.609999999999967	0.00047290006788913415
3.619999999999967	0.0004550943811539969
3.6299999999999666	0.0004379093477622168
3.6399999999999664	0.00042132534589180647
3.649999999999966	0.0004053232966618987
3.659999999999966	0.0003898846519236386
3.6699999999999657	0.00037499138226254055
3.6799999999999655	0.00036062596514925755
3.6899999999999653	0.0003467713732791865
3.699999999999965	0.00033341106308056837
3.709999999999965	0.00032052896340663587
3.7199999999999647	0.00030810946439790055
3.7299999999999645	0.0002961374065376699
3.7399999999999642	0.00028459806985963663
3.749999999999964	0.0002734771633595483
3.759999999999964	0.00026276081456949715
3.7699999999999636	0.0002524355593204586
3.7799999999999634	0.00024248833167313488
3.789999999999963	0.00023290645402975583
3.799999999999963	0.00022367762742847528
3.8099999999999627	0.00021478992200322868
3.8199999999999625	0.00020623176762361024
3.8299999999999623	0.00019799194471626478
3.839999999999962	0.00019005957524588832
3.849999999999962	0.00018242411387830193
3.8599999999999617	0.00017507533931505927
3.8699999999999615	0.00016800334579075715
3.8799999999999613	0.00016119853474622181
3.889999999999961	0.00015465160666685234
3.899999999999961	0.00014835355308589546
3.9099999999999606	0.0001422956487515942
3.9199999999999604	0.00013646944396177507
3.92999999999996	0.00013086675705605805
3.93999999999996	0.00012547966705594272
3.9499999999999598	0.0001203005064942555
3.9599999999999596	0.00011532185437367196
3.9699999999999593	0.00011053652927178914
3.979999999999959	0.00010593758263824556
3.989999999999959	0.0001015182922018918
3.9999999999999587	0.0000972721555462328
4.009999999999959	0.00009319288382712715
4.019999999999959	0.00008927439563618314
4.0299999999999585	0.00008551081100500947
4.039999999999958	0.00008189644555097875
4.049999999999958	0.00007842580476187107
4.059999999999958	0.00007509357841585263
4.069999999999958	0.00007189463513549975
4.079999999999957	0.00006882401707679811
4.089999999999957	0.00006587693474421782
4.099999999999957	0.00006304876193410295
4.109999999999957	0.000060335030810350186
4.119999999999957	0.00005773142709289869
4.129999999999956	0.00005523378537705363
4.139999999999956	0.000052838084566826894
4.149999999999956	0.00005054044342847119
4.159999999999956	0.000048337116255561365
4.1699999999999555	0.000046224488654366384
4.179999999999955	0.00004419907342815872
4.189999999999955	0.00004225750658186588
4.199999999999955	0.00004039654342703376
4.209999999999955	0.00003861305479378857
4.2199999999999545	0.000036904023341919304
4.229999999999954	0.000035266539977793935
4.239999999999954	0.00003369780036655406
4.249999999999954	0.00003219510152994692
4.259999999999954	0.00003075583856567107
4.269999999999953	0.00002937750143795905
4.279999999999953	0.000028057671843783737
4.289999999999953	0.0000267940202143965
4.299999999999953	0.000025584302758253148
4.3099999999999525	0.000024426358607135618
4.319999999999952	0.000023318107044933016
4.329999999999952	0.00002225754481653236
4.339999999999952	0.000021242743506520783
4.349999999999952	0.000020271847010522013
4.3599999999999515	0.00001934306906910776
4.369999999999951	0.000018454690878971274
4.379999999999951	0.00001760505877707493
4.389999999999951	0.00001679258199286619
4.399999999999951	0.00001601573046930282
4.40999999999995	0.000015273032750154477
4.41999999999995	0.000014563073932680891
4.42999999999995	0.000013884493681706676
4.43999999999995	0.000013235984307829447
4.4499999999999496	0.0000126162889039632
4.459999999999949	0.000012024199564051567
4.469999999999949	0.00001145855553918037
4.479999999999949	0.000010918241691447146
4.489999999999949	0.000010402186779557068
4.4999999999999485	9.90936180517639e-6
4.509999999999948	9.43877861794557e-6
4.519999999999948	8.989488339317863e-6
4.529999999999948	8.560579943953511e-6
4.539999999999948	8.151178875510602e-6
4.549999999999947	7.760445698626462e-6
4.559999999999947	7.38757480107548e-6
4.569999999999947	7.031793136322591e-6
4.579999999999947	6.6923590124130595e-6
4.589999999999947	6.368560912328356e-6
4.599999999999946	6.059716364139101e-6
4.609999999999946	5.765170846118864e-6
4.619999999999946	5.4842967296525775e-6
4.629999999999946	5.216492236594665e-6
4.6399999999999455	4.961180489896108e-6
4.649999999999945	4.717808536824633e-6
4.659999999999945	4.485846415636456e-6
4.669999999999945	4.264786303973936e-6
4.679999999999945	4.054141635062314e-6
4.689999999999944	3.853446278630746e-6
4.699999999999944	3.662253746060763e-6
4.709999999999944	3.480136416753894e-6
4.719999999999944	3.306684798980696e-6
4.729999999999944	3.141506816522099e-6
4.739999999999943	2.9842271140395726e-6
4.749999999999943	2.8344863993507784e-6
4.759999999999943	2.6919407982982246e-6
4.769999999999943	2.5562612502981016e-6
4.7799999999999425	2.4271328729217796e-6
4.789999999999942	2.3042544585255436e-6
4.799999999999942	2.187337846134111e-6
4.809999999999942	2.0761074597853304e-6
4.819999999999942	1.9702997472152904e-6
4.8299999999999415	1.869662720034042e-6
4.839999999999941	1.7739554532874073e-6
4.849999999999941	1.6829476521682483e-6
4.859999999999941	1.596419206528984e-6
4.869999999999941	1.5141597609346487e-6
4.87999999999994	1.4359683189378388e-6
4.88999999999994	1.361652851070929e-6
4.89999999999994	1.2910299158719395e-6
4.90999999999994	1.223924301768357e-6
4.9199999999999395	1.1601686845569716e-6
4.929999999999939	1.0996032847634112e-6
4.939999999999939	1.0420755592314872e-6
4.949999999999939	9.874398830508838e-7
4.959999999999939	9.355572604597837e-7
4.9699999999999385	8.862950390658168e-7
4.979999999999938	8.395266423867817e-7
4.989999999999938	7.951312952669705e-7
4.999999999999938	7.529937812776907e-7
5.009999999999938	7.130042100091929e-7
5.019999999999937	6.750577735174347e-7
5.029999999999937	6.390545280131517e-7
5.039999999999937	6.04899181548499e-7
5.049999999999937	5.725008894454432e-7
5.0599999999999365	5.417730616755913e-7
5.069999999999936	5.126331653639333e-7
5.079999999999936	4.850025511374016e-7
5.089999999999936	4.588062870412762e-7
5.099999999999936	4.3397298335382354e-7
5.1099999999999355	4.1043463700679383e-7
5.119999999999935	3.8812647992887926e-7
5.129999999999935	3.6698683331603147e-7
5.139999999999935	3.469569682507796e-7
5.149999999999935	3.2798098794597485e-7
5.159999999999934	3.1000562266354026e-7
5.169999999999934	2.9298027075970406e-7
5.179999999999934	2.768566684138037e-7
5.189999999999934	2.6158898346512413e-7
5.199999999999934	2.471335583158632e-7
5.209999999999933	2.3344885219619407e-7
5.219999999999933	2.204954206912064e-7
5.229999999999933	2.0823565365966198e-7
5.239999999999933	1.9663387328256884e-7
5.2499999999999325	1.856561610878105e-7
5.259999999999932	1.7527021825932854e-7
5.269999999999932	1.6544534700906659e-7
5.279999999999932	1.561523876895082e-7
5.289999999999932	1.4736364206886907e-7
5.299999999999931	1.39052783750167e-7
5.309999999999931	1.311947939207043e-7
5.319999999999931	1.237659430216366e-7
5.329999999999931	1.1674364305372584e-7
5.339999999999931	1.1010647463000069e-7
5.34999999999993	1.0383410167283845e-7
5.35999999999993	9.790720755383829e-8