-5.679999999999923	9.830832289357694e-8
-5.6699999999999235	1.035215450543612e-7
-5.659999999999924	1.0900226405322192e-7
-5.649999999999924	1.1476372117982639e-7
-5.639999999999924	1.2081977856314616e-7
-5.629999999999924	1.271849482939629e-7
-5.619999999999925	1.338744499774472e-7
-5.609999999999925	1.4090420088655332e-7
-5.599999999999925	1.4829087205090766e-7
-5.589999999999925	1.560519317361233e-7
-5.5799999999999255	1.6420563667063194e-7
-5.569999999999926	1.7277113378105388e-7
-5.559999999999926	1.8176845349522548e-7
-5.549999999999926	1.9121857507319424e-7
-5.539999999999926	2.0114341534965633e-7
-5.5299999999999265	2.1156590865022544e-7
-5.519999999999927	2.2251011685656897e-7
-5.509999999999927	2.3400112770492966e-7
-5.499999999999927	2.460652399176677e-7
-5.489999999999927	2.5872994804813875e-7
-5.479999999999928	2.7202401042860657e-7
-5.469999999999928	2.859775035481337e-7
-5.459999999999928	3.0062187734322557e-7
-5.449999999999928	3.1599001664520794e-7
-5.4399999999999284	3.321162935559838e-7
-5.429999999999929	3.4903666238344903e-7
-5.419999999999929	3.6678871630768505e-7
-5.409999999999929	3.854117076584872e-7
-5.399999999999929	4.0494667032203666e-7
-5.3899999999999295	4.254365073247349e-7
-5.37999999999993	4.4692603810766426e-7
-5.36999999999993	4.6946209089700194e-7
-5.35999999999993	4.930935885588131e-7
-5.34999999999993	5.178716370907987e-7
-5.339999999999931	5.438496222126046e-7
-5.329999999999931	5.71083287806922e-7
-5.319999999999931	5.996308668003594e-7
-5.309999999999931	6.295531488494969e-7
-5.299999999999931	6.609136198080197e-7
-5.289999999999932	6.9377855560631e-7
-5.279999999999932	7.282171430482356e-7
-5.269999999999932	7.643016007952107e-7
-5.259999999999932	8.021073050544171e-7
-5.2499999999999325	8.417129020913082e-7
-5.239999999999933	8.832004964542941e-7
-5.229999999999933	9.266557564741527e-7
-5.219999999999933	9.721680257564084e-7
-5.209999999999933	1.0198305269556367e-6
-5.199999999999934	1.0697405018255115e-6
-5.189999999999934	1.1219993746287655e-6
-5.179999999999934	1.1767129215977989e-6
-5.169999999999934	1.2339914470621167e-6
-5.159999999999934	1.2939499660289188e-6
-5.149999999999935	1.3567083936814375e-6
-5.139999999999935	1.4223917419144624e-6
-5.129999999999935	1.491130323059375e-6
-5.119999999999935	1.563059961571331e-6
-5.1099999999999355	1.638322213824132e-6
-5.099999999999936	1.7170645925823762e-6
-5.089999999999936	1.7994408078601848e-6
-5.079999999999936	1.8856110058433964e-6
-5.069999999999936	1.975742025685711e-6
-5.0599999999999365	2.070007661777923e-6
-5.049999999999937	2.1685889350377214e-6
-5.039999999999937	2.271674363664417e-6
-5.029999999999937	2.3794602945364548e-6
-5.019999999999937	2.492151151325607e-6
-5.009999999999938	2.60995977352201e-6
-4.999999999999938	2.7331077649522814e-6
-4.989999999999938	2.8618257919432677e-6
-4.979999999999938	2.996353928834093e-6
-4.9699999999999385	3.1369420644665077e-6
-4.959999999999939	3.283850221084089e-6
-4.949999999999939	3.4373489436409662e-6
-4.939999999999939	3.5977198229566843e-6
-4.929999999999939	3.7652556657080164e-6
-4.9199999999999395	3.940261199339274e-6
-4.90999999999994	4.123053276745357e-6
-4.89999999999994	4.313961470494341e-6
-4.88999999999994	4.513328504571215e-6
-4.87999999999994	4.721510751349484e-6
-4.869999999999941	4.938878746386589e-6
-4.859999999999941	5.165817689091801e-6
-4.849999999999941	5.40272799920899e-6
-4.839999999999941	5.650025873002874e-6
-4.8299999999999415	5.908143865621343e-6
-4.819999999999942	6.177531474722824e-6
-4.809999999999942	6.458655772057686e-6
-4.799999999999942	6.752002042745378e-6
-4.789999999999942	7.058074403459404e-6
-4.7799999999999425	7.377396551739499e-6
-4.769999999999943	7.710512413406793e-6
-4.759999999999943	8.057986899189048e-6
-4.749999999999943	8.420406609582383e-6
-4.739999999999943	8.798380668710988e-6
-4.729999999999944	9.192541476481916e-6
-4.719999999999944	9.60354555388376e-6
-4.709999999999944	0.000010032074380687327
-4.699999999999944	0.00001047883527637466
-4.689999999999944	0.000010944562306133846
-4.679999999999945	0.000011430017213482613
-4.669999999999945	0.000011935990377143664
-4.659999999999945	0.00001246330180967115
-4.649999999999945	0.00001301280217763275
-4.6399999999999455	0.000013585373852962428
-4.629999999999946	0.000014181932008387801
-4.619999999999946	0.000014803425712849365
-4.609999999999946	0.000015450839158217014
-4.599999999999946	0.000016125192745524564
-4.589999999999947	0.000016827544379269974
-4.579999999999947	0.00001755899069143856
-4.569999999999947	0.00001832066842475053
-4.559999999999947	0.000019113755653300442
-4.549999999999947	0.000019939473236364436
-4.539999999999948	0.000020799086221780263
-4.529999999999948	0.000021693905310996877
-4.519999999999948	0.000022625288353187506
-4.509999999999948	0.000023594641900204063
-4.4999999999999485	0.000024603422810835654
-4.489999999999949	0.00002565313986688377
-4.479999999999949	0.000026745355471579593
-4.469999999999949	0.00002788168739207847
-4.459999999999949	0.000029063810521781804
-4.4499999999999496	0.00003029345874004687
-4.43999999999995	0.00003157242677495981
-4.42999999999995	0.00003290257215422039
-4.41999999999995	0.000034285817188792236
-4.40999999999995	0.00003572415103446011
-4.399999999999951	0.00003721963177809213
-4.389999999999951	0.00003877438860759775
-4.379999999999951	0.000040390624033087836
-4.369999999999951	0.00004207061616297905
-4.3599999999999515	0.00004381672104353821
-4.349999999999952	0.00004563137506821554
-4.339999999999952	0.00004751709744255185
-4.329999999999952	0.00004947649271217034
-4.319999999999952	0.000051512253373750126
-4.3099999999999525	0.00005362716253442884
-4.299999999999953	0.00005582409664452581
-4.289999999999953	0.0000581060283150478
-4.279999999999953	0.00006047602919240798
-4.269999999999953	0.00006293727290413576
-4.259999999999954	0.00006549303810071326
-4.249999999999954	0.00006814671154816808
-4.239999999999954	0.00007090179131126581
-4.229999999999954	0.00007376189001596112
-4.2199999999999545	0.00007673073819364375
-4.209999999999955	0.00007981218769126099
-4.199999999999955	0.00008301021518960784
-4.189999999999955	0.00008632892579306626
-4.179999999999955	0.0000897725566997764
-4.1699999999999555	0.00009334548096735951
-4.159999999999956	0.00009705221137852817
-4.149999999999956	0.00010089740436717564
-4.139999999999956	0.00010488586406755162
-4.129999999999956	0.00010902254645996064
-4.119999999999957	0.00011331256352219659
-4.109999999999957	0.00011776118765379357
-4.099999999999957	0.00012237385603548862
-4.089999999999957	0.00012715617516920354
-4.079999999999957	0.0001321139254382491
-4.069999999999958	0.0001372530659275967
-4.059999999999958	0.000142579739177695
-4.049999999999958	0.00014810027613202224
-4.039999999999958	0.00015382120117649146
-4.0299999999999585	0.0001597492372801041
-4.019999999999959	0.00016589131124211608
-4.009999999999959	0.00017225455906648494
-3.9999999999999587	0.00017884633142725373
-3.989999999999959	0.00018567419925312082
-3.979999999999959	0.00019274595943613918
-3.9699999999999593	0.0002000696406536828
-3.9599999999999596	0.00020765350926519962
-3.9499999999999598	0.00021550607541870185
-3.93999999999996	0.00022363609918839517
-3.92999999999996	0.00023205259684629185
-3.9199999999999604	0.00024076484731715524
-3.9099999999999606	0.00024978239868510196
-3.899999999999961	0.00025911507484456243
-3.889999999999961	0.0002687729822947176
-3.8799999999999613	0.0002787665170387847
-3.8699999999999615	0.0002891063716085904
-3.8599999999999617	0.0002998035422297319
-3.849999999999962	0.00031086933610720307
-3.839999999999962	0.00032231537882662024
-3.8299999999999623	0.0003341536219039379
-3.8199999999999625	0.00034639635045888376
-3.8099999999999627	0.0003590561910020784
-3.799999999999963	0.0003721461193733115
-3.789999999999963	0.00038567946880801757
-3.7799999999999634	0.0003996699381151188
-3.7699999999999636	0.00041413160000431314
-3.759999999999964	0.0004290789095478496
-3.749999999999964	0.00044452671275211877
-3.7399999999999642	0.0004604902552838535
-3.7299999999999645	0.0004769851912968462
-3.7199999999999647	0.0004940275924419544
-3.709999999999965	0.0005116339569464018
-3.699999999999965	0.0005298212188703233
-3.6899999999999653	0.0005486067574627768
-3.6799999999999655	0.0005680084066590107
-3.6699999999999657	0.0005880444647132533
-3.659999999999966	0.00060873370394893
-3.649999999999966	0.0006300953806160797
-3.6399999999999664	0.0006521492449320465
-3.6299999999999666	0.0006749155511874901
-3.619999999999967	0.0006984150679934643
-3.609999999999967	0.0007226690886667944
-3.5999999999999672	0.0007476994417183709
-3.5899999999999674	0.0007735285014529048
-3.5799999999999677	0.000800179198710562
-3.569999999999968	0.0008276750316482311
-3.559999999999968	0.0008560400768958039
-3.5499999999999683	0.000885299000315048
-3.5399999999999685	0.0009154770683781634
-3.5299999999999687	0.0009466001593771539
-3.519999999999969	0.000978694774811608
-3.509999999999969	0.0010117880508155313
-3.4999999999999694	0.001045907769916183
-3.4899999999999696	0.0010810823724038715
-3.47999999999997	0.0011173409682915896
-3.46999999999997	0.0011547133490899756
-3.45999999999997	0.0011932299997303478
-3.4499999999999704	0.001232922110569929
-3.4399999999999706	0.0012738215894482153
-3.429999999999971	0.0013159610738294157
-3.419999999999971	0.0013593739430126806
-3.4099999999999713	0.0014040943303855252
-3.3999999999999715	0.0014501571358340435
-3.3899999999999717	0.0014975980377381242
-3.379999999999972	0.0015464535059425996
-3.369999999999972	0.0015967608138192262
-3.3599999999999723	0.0016485580508553022
-3.3499999999999726	0.0017018841351478583
-3.3399999999999728	0.0017567788259227352
-3.329999999999973	0.0018132827361868394
-3.319999999999973	0.001871437344870563
-3.3099999999999734	0.0019312850099518014
-3.2999999999999736	0.0019928689806134234
-3.289999999999974	0.0020562334098548243
-3.279999999999974	0.002121423366979607
-3.2699999999999743	0.002188484850076614
-3.2599999999999745	0.0022574647984368243
-3.2499999999999747	0.0023284111049290154
-3.239999999999975	0.0024013726283284562
-3.229999999999975	0.0024763992055751075
-3.2199999999999753	0.0025535416639410834
-3.2099999999999755	0.002632851833140876
-3.1999999999999758	0.0027143825573332737
-3.189999999999976	0.002798187707021015
-3.179999999999976	0.0028843221908271327
-3.1699999999999764	0.0029728419671733097
-3.1599999999999766	0.0030638040557937193
-3.149999999999977	0.0031572665491162396
-3.139999999999977	0.0032532886234989417
-3.1299999999999772	0.0033519305502662787
-3.1199999999999775	0.003453253706587068
-3.1099999999999777	0.00355732058618031
-3.099999999999978	0.003664194809755638
-3.089999999999978	0.0037739411352914363
-3.0799999999999783	0.003886625468075513
-3.0699999999999785	0.004002314870474059
-3.0599999999999787	0.004121077571472138
-3.049999999999979	0.004242982975941068
-3.039999999999979	0.004368101673611259
-3.0299999999999794	0.004496505447751299
-3.0199999999999796	0.004628267283554715
-3.00999999999998	0.00476346137617633
-2.99999999999998	0.004902163138435538
-2.9899999999999802	0.00504444920818282
-2.9799999999999804	0.005190397455274262
-2.9699999999999807	0.005340086988162508
-2.959999999999981	0.005493598160108628
-2.949999999999981	0.0056510125749617834
-2.9399999999999813	0.005812413092497465
-2.9299999999999815	0.005977883833336824
-2.9199999999999817	0.0061475101833845525
-2.909999999999982	0.006321378797775831
-2.899999999999982	0.0064995776043531685
-2.8899999999999824	0.006682195806617487
-2.8799999999999826	0.006869323886166815
-2.869999999999983	0.0070610536044591315
-2.859999999999983	0.007257478004310493
-2.849999999999983	0.007458691410491601
-2.8399999999999834	0.007664789429892155
-2.8299999999999836	0.007875868951053064
-2.819999999999984	0.008092028143027662
-2.809999999999984	0.00831336645362818
-2.7999999999999843	0.008539984606994977
-2.7899999999999845	0.008771984600466954
-2.7799999999999847	0.009009469700760343
-2.769999999999985	0.009252544439438792
-2.759999999999985	0.009501314607646878
-2.7499999999999853	0.009755887249944525
-2.7399999999999856	0.010016370657702528
-2.7299999999999858	0.010282874361355566
-2.719999999999986	0.010555509122020168
-2.709999999999986	0.010834386922270053
-2.6999999999999864	0.011119620956039505
-2.6899999999999866	0.011411325617673095
-2.679999999999987	0.01170961649011797
-2.669999999999987	0.012014610332191674
-2.6599999999999873	0.012326425064939216
-2.6499999999999875	0.012645179757084454
-2.6399999999999877	0.012970994609514062
-2.629999999999988	0.01330399093878923
-2.619999999999988	0.013644291159707816
-2.6099999999999883	0.013992018766847934
-2.5999999999999885	0.014347298315095038
-2.5899999999999888	0.014710255399160974
-2.579999999999989	0.015081016632053128
-2.569999999999989	0.015459709622466618
-2.5599999999999894	0.015846462951133542
-2.5499999999999896	0.01624140614607419
-2.53999999999999	0.016644669656727288
-2.52999999999999	0.01705638482699445
-2.5199999999999902	0.017476683867150532
-2.5099999999999905	0.01790569982458755
-2.4999999999999907	0.01834356655343592
-2.489999999999991	0.018790418683013597
-2.479999999999991	0.019246391585080066
-2.4699999999999913	0.019711621339921548
-2.4599999999999915	0.020186244701243583
-2.4499999999999917	0.020670399059826334
-2.439999999999992	0.02116422240598529
-2.429999999999992	0.02166785329081496
-2.4199999999999924	0.022181430786165166
-2.4099999999999926	0.022705094443396925
-2.399999999999993	0.023238984250904045
-2.389999999999993	0.02378324059034822
-2.3799999999999932	0.02433800419164483
-2.3699999999999934	0.02490341608670699
-2.3599999999999937	0.02547961756188863
-2.349999999999994	0.026066750109162772
-2.339999999999994	0.026664955376044408
-2.3299999999999943	0.027274375114221813
-2.3199999999999945	0.02789515112689752
-2.3099999999999947	0.028527425214889577
-2.299999999999995	0.02917133912142676
-2.289999999999995	0.02982703447566709
-2.2799999999999954	0.03049465273496762
-2.2699999999999956	0.031174335125880845
-2.259999999999996	0.03186622258385902
-2.249999999999996	0.032570455691743126
-2.239999999999996	0.033287174616981045
-2.2299999999999964	0.03401651904758868
-2.2199999999999966	0.03475862812690036
-2.209999999999997	0.035513640387090914
-2.199999999999997	0.03628169368145652
-2.1899999999999973	0.037062925115526085
-2.1799999999999975	0.03785747097697405
-2.1699999999999977	0.03866546666433557
-2.159999999999998	0.03948704661458793
-2.149999999999998	0.040322344229588594
-2.1399999999999983	0.0411714918013629
-2.1299999999999986	0.042034620436265296
-2.1199999999999988	0.04291185997815164
-2.109999999999999	0.043803338930355845
-2.099999999999999	0.04470918437669002
-2.0899999999999994	0.045629521901428174
-2.0799999999999996	0.046564475508254884
-2.07	0.047514167538260196
-2.06	0.048478718587006746
-2.0500000000000003	0.049458247420645605
-2.0400000000000005	0.050452870891156326
-2.0300000000000007	0.05146270385075359
-2.020000000000001	0.052487859065434635
-2.010000000000001	0.053528447127739805
-2.0000000000000013	0.05458457636878789
-1.9900000000000015	0.05565635276955301
-1.9800000000000015	0.05674387987145571
-1.9700000000000015	0.057847258686341455
-1.9600000000000015	0.05896658760582328
-1.9500000000000015	0.060101962310046164
-1.9400000000000015	0.06125347567596785
-1.9300000000000015	0.06242121768512059
-1.9200000000000015	0.06360527533094187
-1.9100000000000015	0.06480573252572831
-1.9000000000000015	0.06602267000723626
-1.8900000000000015	0.06725616524495918
-1.8800000000000014	0.06850629234619712
-1.8700000000000014	0.06977312196191067
-1.8600000000000014	0.07105672119240364
-1.8500000000000014	0.07235715349294511
-1.8400000000000014	0.07367447857934831
-1.8300000000000014	0.07500875233352579
-1.8200000000000014	0.07636002670914617
-1.8100000000000014	0.07772834963742244
-1.8000000000000014	0.07911376493305167
-1.7900000000000014	0.08051631220040885
-1.7800000000000014	0.08193602674007001
-1.7700000000000014	0.08337293945565329
-1.7600000000000013	0.08482707676110504
-1.7500000000000013	0.08629846048849141
-1.7400000000000013	0.08778710779629745
-1.7300000000000013	0.08929303107835886
-1.7200000000000013	0.09081623787349512
-1.7100000000000013	0.09235673077584852
-1.7000000000000013	0.09391450734603748
-1.6900000000000013	0.09548956002322813
-1.6800000000000013	0.09708187603809819
-1.6700000000000013	0.09869143732683042
-1.6600000000000013	0.10031822044621264
-1.6500000000000012	0.10196219648985017
-1.6400000000000012	0.10362333100560056
-1.6300000000000012	0.10530158391434195
-1.6200000000000012	0.1069969094300542
-1.6100000000000012	0.10870925598132665
-1.6000000000000012	0.11043856613442424
-1.5900000000000012	0.11218477651786625
-1.5800000000000012	0.11394781774866058
-1.5700000000000012	0.1157276143602798
-1.5600000000000012	0.11752408473241328
-1.5500000000000012	0.11933714102253727
-1.5400000000000011	0.12116668909946378
-1.5300000000000011	0.12301262847888839
-1.5200000000000011	0.12487485226095946
-1.5100000000000011	0.12675324707004446
-1.500000000000001	0.12864769299667583
-1.490000000000001	0.13055806354178132
-1.480000000000001	0.13248422556326694
-1.470000000000001	0.13442603922506155
-1.460000000000001	0.13638335794857465
-1.450000000000001	0.1383560283667406
-1.440000000000001	0.14034389028075167
-1.430000000000001	0.1423467766193878
-1.420000000000001	0.14436451340114756
-1.410000000000001	0.1463969196991751
-1.400000000000001	0.14844380760915346
-1.390000000000001	0.1505049822200046
-1.380000000000001	0.15258024158776382
-1.370000000000001	0.1546693767123539
-1.360000000000001	0.15677217151764994
-1.350000000000001	0.15888840283463587
-1.340000000000001	0.161017840387786
-1.330000000000001	0.163160246784906
-1.320000000000001	0.1653153775100092
-1.310000000000001	0.16748298092007877
-1.300000000000001	0.16966279824478203
-1.290000000000001	0.17185456359005427
-1.280000000000001	0.1740580039450776
-1.270000000000001	0.17627283919289038
-1.260000000000001	0.17849878212450973
-1.2500000000000009	0.18073553845738158
-1.2400000000000009	0.18298280685629997
-1.2300000000000009	0.18524027895941547
-1.2200000000000009	0.18750763940730994
-1.2100000000000009	0.18978456587597997
-1.2000000000000008	0.19207072911401635
-1.1900000000000008	0.19436579298319967
-1.1800000000000008	0.1966694145035845
-1.1700000000000008	0.1989812439016615
-1.1600000000000008	0.2013009246635937
-1.1500000000000008	0.20362809359176312
-1.1400000000000008	0.20596238086535856
-1.1300000000000008	0.20830341010518352
-1.1200000000000008	0.21065079844236959
-1.1100000000000008	0.21300415659118885
-1.1000000000000008	0.21536308892594574
-1.0900000000000007	0.21772719356186107
-1.0800000000000007	0.22009606244004565
-1.0700000000000007	0.22246928141658753
-1.0600000000000007	0.22484643035560403
-1.0500000000000007	0.2272270832263727
-1.0400000000000007	0.22961080820457544
-1.0300000000000007	0.23199716777746898
-1.0200000000000007	0.23438571885306833
-1.0100000000000007	0.236776012873423
-1.0000000000000007	0.23916759593176282
-0.9900000000000007	0.24156000889364387
-0.9800000000000006	0.2439527875219451
-0.9700000000000006	0.24634546260597484
-0.9600000000000006	0.24873756009401393
-0.9500000000000006	0.25112860123011693
-0.9400000000000006	0.25351810269443437
-0.9300000000000006	0.2559055767473352
-0.9200000000000006	0.2582905313772732
-0.9100000000000006	0.2606724704521868
-0.9000000000000006	0.2630508938745604
-0.8900000000000006	0.26542529774006424
-0.8800000000000006	0.2677951744995672
-0.8700000000000006	0.2701600131246074
-0.8600000000000005	0.2725192992762779
-0.8500000000000005	0.27487251547731173
-0.8400000000000005	0.2772191412873989
-0.8300000000000005	0.2795586534817104
-0.8200000000000005	0.28189052623242195
-0.8100000000000005	0.2842142312932253
-0.8000000000000005	0.28652923818692005
-0.7900000000000005	0.28883501439516696
-0.7800000000000005	0.29113102555237513
-0.7700000000000005	0.29341673564062276
-0.7600000000000005	0.29569160718828613
-0.7500000000000004	0.29795510147004334
-0.7400000000000004	0.3002066787108899
-0.7300000000000004	0.30244579829078105
-0.7200000000000004	0.3046719189521777
-0.7100000000000004	0.3068844990095242
-0.7000000000000004	0.30908299656096117
-0.6900000000000004	0.3112668697013902
-0.6800000000000004	0.31343557673746336
-0.6700000000000004	0.3155885764044195
-0.6600000000000004	0.317725328084084
-0.6500000000000004	0.3198452920243385
-0.6400000000000003	0.3219479295599689
-0.6300000000000003	0.32403270333464285
-0.6200000000000003	0.3260990775236393
-0.6100000000000003	0.3281465180578488
-0.6000000000000003	0.330174492848195
-0.5900000000000003	0.33218247201103196
-0.5800000000000003	0.33416992809332374
-0.5700000000000003	0.3361363363001708
-0.5600000000000003	0.33808117471913557
-0.5500000000000003	0.3400039245479795
-0.5400000000000003	0.3419040703208333
-0.5300000000000002	0.3437811001343063
-0.5200000000000002	0.34563450587354844
-0.5100000000000002	0.3474637834377398
-0.5000000000000002	0.34926843296503457
-0.49000000000000027	0.35104795905678465
-0.48000000000000026	0.35280187100099936
-0.47000000000000025	0.3545296829946427
-0.46000000000000024	0.3562309143650158
-0.45000000000000023	0.357905089789735
-0.4400000000000002	0.3595517395153246
-0.4300000000000002	0.3611703995743199
-0.4200000000000002	0.3627606120006544
-0.4100000000000002	0.36432192504321753
-0.4000000000000002	0.3658538933774895
-0.3900000000000002	0.36735607831506983
-0.38000000000000017	0.3688280480109447
-0.37000000000000016	0.3702693776684473
-0.36000000000000015	0.37167964974168444
-0.35000000000000014	0.37305845413531413
-0.34000000000000014	0.37440538840158155
-0.3300000000000001	0.3757200579344782
-0.3200000000000001	0.3770020761608124
-0.3100000000000001	0.37825106472817344
-0.3000000000000001	0.3794666536896166
-0.2900000000000001	0.38064848168489596
-0.2800000000000001	0.38179619611820614
-0.2700000000000001	0.38290945333226906
-0.26000000000000006	0.3839879187786222
-0.25000000000000006	0.3850312671840377
-0.24000000000000007	0.38603918271294935
-0.23000000000000007	0.3870113591257353
-0.22000000000000006	0.38794749993277805
-0.21000000000000005	0.3888473185442246
-0.20000000000000004	0.38971053841525943
-0.19000000000000003	0.39053689318685264
-0.18000000000000002	0.3913261268218834
-0.17	0.3920779937365061
-0.16	0.39279225892667136
-0.15	0.39346869808976626
-0.13999999999999999	0.39410709774120256
-0.12999999999999998	0.3947072553259261
-0.11999999999999998	0.39526897932445765
-0.10999999999999999	0.39579208935514776
-0.09999999999999999	0.39627641626815596
-0.09	0.39672180223699055
-0.08	0.3971281008431036
-0.07	0.3974951771552282
-0.060000000000000005	0.3978229078031695
-0.05	0.3981111810459325
-0.04	0.3983598968341273
-0.03	0.3985689668666739
-0.02	0.3987383146417009
-0.01	0.3988678755015944
0	0.3989575966722119
0.01	0.3990074372961957
0.02	0.3990173684603339
0.03	0.39898737321699657
0.04	0.3989174465996101
0.05	0.398807595632111
0.060000000000000005	0.3986578393324302
0.07	0.39846820870998473
0.08	0.39823874675712684
0.09	0.3979695084346041
0.09999999999999999	0.39766056065104194
0.10999999999999999	0.39731198223639563
0.11999999999999998	0.39692386390944023
0.12999999999999998	0.39649630823931836
0.13999999999999999	0.39602942960112786
0.15	0.395523354125596
0.16	0.3949782196431881
0.17	0.3943941756209152
0.18000000000000002	0.39377138309618875
0.19000000000000003	0.3931100146020712
0.20000000000000004	0.3924102540882343
0.21000000000000005	0.3916722968359413
0.22000000000000006	0.3908963493674515
0.23000000000000007	0.390082629349853
0.24000000000000007	0.38923136549339005
0.25000000000000006	0.388342797444395
0.26000000000000006	0.3874171756728546
0.2700000000000001	0.38645476135467216
0.2800000000000001	0.3854558262487628
0.2900000000000001	0.3844206525690092
0.3000000000000001	0.38334953285116485
0.3100000000000001	0.3822427698148318
0.3200000000000001	0.38110067622057936
0.3300000000000001	0.3799235747222671
0.34000000000000014	0.3787117977147337
0.35000000000000014	0.3774656871769218
0.36000000000000015	0.37618559451050776
0.37000000000000016	0.374871880374208
0.38000000000000017	0.37352491451383657
0.3900000000000002	0.3721450755882167
0.4000000000000002	0.37073275099107955
0.4100000000000002	0.3692883366690824
0.4200000000000002	0.3678122369360171
0.4300000000000002	0.36630486428337605
0.4400000000000002	0.3647666391873981
0.45000000000000023	0.3631979899126876
0.46000000000000024	0.36159935231256196
0.47000000000000025	0.35997116962627784
0.48000000000000026	0.3583138922732092
0.49000000000000027	0.3566279776441685
0.5000000000000002	0.3549138898899807
0.5100000000000002	0.35317209970746327
0.5200000000000002	0.3514030841229075
0.5300000000000002	0.3496073262732794
0.5400000000000003	0.34778531518520706
0.5500000000000003	0.3459375455519225
0.5600000000000003	0.3440645175083287
0.5700000000000003	0.3421667364042966
0.5800000000000003	0.34024471257633987
0.5900000000000003	0.33829896111784835
0.6000000000000003	0.33633000164799565
0.6100000000000003	0.33433835807972284
0.6200000000000003	0.3323245583853604
0.6300000000000003	0.3302891343640939
0.6400000000000003	0.3282326214059352
0.6500000000000004	0.3261555582565001
0.6600000000000004	0.3240584867810646
0.6700000000000004	0.3219419517283009
0.6800000000000004	0.31980650049388076
0.6900000000000004	0.31765268288406356
0.7000000000000004	0.31548105087941186
0.7100000000000004	0.31329215839877866
0.7200000000000004	0.3110865610637345
0.7300000000000004	0.3088648159635179
0.7400000000000004	0.30662748142070334
0.7500000000000004	0.30437511675770507
0.7600000000000005	0.3021082820642396
0.7700000000000005	0.2998275379658911
0.7800000000000005	0.2975334453939429
0.7900000000000005	0.2952265653565454
0.8000000000000005	0.2929074587113965
0.8100000000000005	0.2905766859400655
0.8200000000000005	0.28823480692405284
0.8300000000000005	0.28588238072272243
0.8400000000000005	0.28351996535326324
0.8500000000000005	0.2811481175727422
0.8600000000000005	0.2787673926624013
0.8700000000000006	0.27637834421431745
0.8800000000000006	0.273981523920513
0.8900000000000006	0.2715774813646405
0.9000000000000006	0.2691667638163555
0.9100000000000006	0.2667499160284773
0.9200000000000006	0.26432748003701273
0.9300000000000006	0.2618999949641966
0.9400000000000006	0.2594679968246019
0.9500000000000006	0.25703201833441247
0.9600000000000006	0.25459258872397506
0.9700000000000006	0.2521502335537073
0.9800000000000006	0.24970547453341962
0.9900000000000007	0.2472588293451726
1.0000000000000007	0.24481081146972972
1.0100000000000007	0.2423619300166654
1.0200000000000007	0.23991268955821538
1.0300000000000007	0.23746358996695713
1.0400000000000007	0.23501512625732807
1.0500000000000007	0.23256778843109616
1.0600000000000007	0.2301220613268343
1.0700000000000007	0.22767842447341574
1.0800000000000007	0.22523735194761585
1.0900000000000007	0.22279931223587934
1.1000000000000008	0.22036476810024716
1.1100000000000008	0.2179341764485291
1.1200000000000008	0.21550798820875536
1.1300000000000008	0.21308664820791215
1.1400000000000008	0.2106705950550148
1.1500000000000008	0.20826026102855993
1.1600000000000008	0.20585607196834596
1.1700000000000008	0.20345844717169562
1.1800000000000008	0.20106779929412602
1.1900000000000008	0.19868453425443622
1.2000000000000008	0.19630905114424677
1.2100000000000009	0.19394174214200044
1.2200000000000009	0.19158299243142912
1.2300000000000009	0.18923318012445933
1.2400000000000009	0.18689267618860522
1.2500000000000009	0.184561844378804
1.260000000000001	0.18224104117369033
1.270000000000001	0.17993061571631108
1.280000000000001	0.17763090975927462
1.290000000000001	0.17534225761426653
1.300000000000001	0.17306498610598514
1.310000000000001	0.17079941453042086
1.320000000000001	0.16854585461745658
1.330000000000001	0.1663046104977875
1.340000000000001	0.16407597867411733
1.350000000000001	0.1618602479965697
1.360000000000001	0.159657699642319
1.370000000000001	0.15746860709938382
1.380000000000001	0.15529323615452567
1.390000000000001	0.15313184488522938
1.400000000000001	0.1509846836557252
1.410000000000001	0.14885199511696973
1.420000000000001	0.14673401421056073
1.430000000000001	0.1446309681765433
1.440000000000001	0.1425430765650138
1.450000000000001	0.14047055125148847
1.460000000000001	0.1384135964559943
1.470000000000001	0.13637240876577963
1.480000000000001	0.1343471771616086
1.490000000000001	0.13233808304757988
1.500000000000001	0.13034530028437996
1.5100000000000011	0.12836899522591802
1.5200000000000011	0.12640932675927632
1.5300000000000011	0.12446644634789926
1.5400000000000011	0.12254049807793596
1.5500000000000012	0.12063161870769569
1.5600000000000012	0.1187399377201157
1.5700000000000012	0.11686557737816076
1.5800000000000012	0.11500865278310092
1.5900000000000012	0.11316927193558733
1.6000000000000012	0.11134753579940897
1.6100000000000012	0.10954353836790667
1.6200000000000012	0.10775736673293648
1.6300000000000012	0.10598910115628535
1.6400000000000012	0.10423881514349123
1.6500000000000012	0.10250657551997543
1.6600000000000013	0.10079244250938003
1.6700000000000013	0.0990964698140665
1.6800000000000013	0.09741870469766714
1.6900000000000013	0.09575918806961525
1.7000000000000013	0.09411795457156757
1.7100000000000013	0.09249503266564332
1.7200000000000013	0.0908904447243855
1.7300000000000013	0.08930420712236382
1.7400000000000013	0.08773633032935932
1.7500000000000013	0.08618681900500018
1.7600000000000013	0.08465567209481638
1.7700000000000014	0.08314288292760166
1.7800000000000014	0.08164843931400968
1.7900000000000014	0.08017232364629794
1.8000000000000014	0.0787145129991581
1.8100000000000014	0.07727497923151938
1.8200000000000014	0.07585368908927424
1.8300000000000014	0.0744506043088385
1.8400000000000014	0.07306568172146745
1.8500000000000014	0.07169887335823698
1.8600000000000014	0.07035012655564642
1.8700000000000014	0.06901938406174052
1.8800000000000014	0.06770658414267282
1.8900000000000015	0.06641166068965704
1.9000000000000015	0.06513454332624034
1.9100000000000015	0.06387515751576739
1.9200000000000015	0.06263342466905415
1.9300000000000015	0.061409262252135326
1.9400000000000015	0.060202583894033115
1.9500000000000015	0.0590132994945024
1.9600000000000015	0.05784131533166014
1.9700000000000015	0.05668653416944402
1.9800000000000015	0.05554885536484368
1.9900000000000015	0.05442817497483856
2.0000000000000013	0.0533243858629717
2.010000000000001	0.052237377805518646
2.020000000000001	0.05116703759718645
2.0300000000000007	0.05011324915627895
2.0400000000000005	0.0490758936292853
2.0500000000000003	0.04805484949483093
2.06	0.04704999266694949
2.07	0.04606119659760241
2.0799999999999996	0.04508833237843355
2.0899999999999994	0.04413126884168015
2.099999999999999	0.043189872660197484
2.109999999999999	0.04226400844658943
2.1199999999999988	0.041353538851345115
2.1299999999999986	0.04045832465998114
2.1399999999999983	0.039578224889138834
2.149999999999998	0.03871309688164128
2.159999999999998	0.03786279640031568
2.1699999999999977	0.037027177720794696
2.1799999999999975	0.03620609372305664
2.1899999999999973	0.03539939598176249
2.199999999999997	0.034606934855349616
2.209999999999997	0.033828559573842704
2.2199999999999966	0.03306411832536389
2.2299999999999964	0.032313458341308485
2.239999999999996	0.03157642598017708
2.249999999999996	0.030852866810011877
2.259999999999996	0.030142625689460315
2.2699999999999956	0.029445546847400677
2.2799999999999954	0.02876147396113884
2.289999999999995	0.028090250233169457
2.299999999999995	0.027431718466429455
2.3099999999999947	0.026785721138114928
2.3199999999999945	0.026152100471971695
2.3299999999999943	0.025530698509100593
2.339999999999994	0.024921357177234937
2.349999999999994	0.024323918358500615
2.3599999999999937	0.02373822395564183
2.3699999999999934	0.02316411595671178
2.3799999999999932	0.02260143649822081
2.389999999999993	0.02205002792673839
2.399999999999993	0.021509732858949856
2.4099999999999926	0.02098039424015617
2.4199999999999924	0.020461855401241406
2.429999999999992	0.019953960114074017
2.439999999999992	0.019456552645367758
2.4499999999999917	0.018969477809011988
2.4599999999999915	0.018492581016845606
2.4699999999999913	0.018025708327910367
2.479999999999991	0.017568706496173942
2.489999999999991	0.017121423016733372
2.4999999999999907	0.016683706170503458
2.5099999999999905	0.016255405067415934
2.5199999999999902	0.01583636968810802
2.52999999999999	0.015426450924144007
2.53999999999999	0.015025500616759304
2.5499999999999896	0.01463337159415066
2.5599999999999894	0.01424991770732033
2.569999999999989	0.013874993864484687
2.579999999999989	0.013508456064082377
2.5899999999999888	0.013150161426358687
2.5999999999999885	0.012799968223544796
2.6099999999999883	0.012457735908851577
2.619999999999988	0.012123325143730096
2.629999999999988	0.01179659782417872
2.6399999999999877	0.011477417105549212
2.6499999999999875	0.011165647426047294
2.6599999999999873	0.010861154529143319
2.669999999999987	0.010563805484361038
2.679999999999987	0.010273468707181502
2.6899999999999866	0.009990013977555522
2.6999999999999864	0.00971331245725141
2.709999999999986	0.009443236706021825
2.719999999999986	0.009179660696617395
2.7299999999999858	0.008922459828664284
2.7399999999999856	0.008671510941429064
2.7499999999999853	0.008426692325489158
2.759999999999985	0.008187883733342345
2.769999999999985	0.007954966388959567
2.7799999999999847	0.00772782299631891
2.7899999999999845	0.007506337746940039
2.7999999999999843	0.0072903963264338125
2.809999999999984	0.007079885920101837
2.819999999999984	0.006874695217598592
2.8299999999999836	0.00667471441668972
2.8399999999999834	0.006479835226111724
2.849999999999983	0.006289950867581527
2.859999999999983	0.006104956076956402
2.869999999999983	0.005924747104576664
2.8799999999999826	0.005749221714815832
2.8899999999999824	0.005578279184858069
2.899999999999982	0.005411820302721711
2.909999999999982	0.005249747364559397
2.9199999999999817	0.005091964171258322
2.9299999999999815	0.0049383760243484846
2.9399999999999813	0.00478888972125673
2.949999999999981	0.004643413549927385
2.959999999999981	0.004501857282816326
2.9699999999999807	0.0043641321703040735
2.9799999999999804	0.004230150933522831
2.9899999999999802	0.004099827756643964
2.99999999999998	0.003973078278627792
3.00999999999998	0.0038498195844721902
3.0199999999999796	0.003729970195959833
3.0299999999999794	0.0036134500619518996
3.039999999999979	0.0035001805482221997
3.049999999999979	0.003390084426871499
3.0599999999999787	0.003283085865325535
3.0699999999999785	0.003179110414949887
3.0799999999999783	0.0030780849992892256
3.089999999999978	0.002979937901959169
3.099999999999978	0.0028845987542009473
3.1099999999999777	0.0027919985221230323
3.1199999999999775	0.0027020694936429183
3.1299999999999772	0.0026147452651536706
3.139999999999977	0.0025299607279075853
3.149999999999977	0.0024476520541907598
3.1599999999999766	0.002367756683230081
3.1699999999999764	0.002290213306903446
3.179999999999976	0.0022149618552500276
3.189999999999976	0.002141943481795259
3.1999999999999758	0.002071100548700537
3.2099999999999755	0.002002376611781054
3.2199999999999753	0.001935716405358559
3.229999999999975	0.001871065827002665
3.239999999999975	0.0018083719221572722
3.2499999999999747	0.0017475828686664488
3.2599999999999745	0.0016886479612213399
3.2699999999999743	0.0016315175957211966
3.279999999999974	0.0015761432534890703
3.289999999999974	0.0015224774859165298
3.2999999999999736	0.0014704738981001497
3.3099999999999734	0.0014200871334234739
3.319999999999973	0.0013712728576402038
3.329999999999973	0.0013239877430391877
3.3399999999999728	0.0012781894526274254
3.3499999999999726	0.0012338366243163864
3.3599999999999723	0.001190888855042436
3.369999999999972	0.001149306685397335
3.379999999999972	0.0011090515833393649
3.3899999999999717	0.0010700859289171677
3.3999999999999715	0.0010323729985703433
3.4099999999999713	0.0009958769495913957
3.419999999999971	0.0009605628046634503
3.429999999999971	0.0009263964364731006
3.4399999999999706	0.0008933445524181781
3.4499999999999704	0.00086137467940493
3.45999999999997	0.0008304551487437158
3.46999999999997	0.0008005550812065579
3.47999999999997	0.0007716443719434936
3.4899999999999696	0.0007436936760147665
3.4999999999999694	0.0007166743935488606
3.509999999999969	0.0006905586552776737
3.519999999999969	0.0006653193081495603
3.5299999999999687	0.0006409299010855454
3.5399999999999685	0.0006173646709216428
3.5499999999999683	0.0005945985282431514
3.559999999999968	0.0005726070438756107
3.569999999999968	0.0005513664350207323
3.5799999999999677	0.0005308535517947246
3.5899999999999674	0.0005110458638812799
3.5999999999999672	0.0004919214473402512
3.609999999999967	0.00047345897157910114
3.619999999999967	0.00045563768649046555
3.6299999999999666	0.0004384374097566068
3.6399999999999664	0.0004218385143210932
3.649999999999966	0.00040582191603858803
3.659999999999966	0.00039036906148141794
3.6699999999999657	0.00037546191593677017
3.6799999999999655	0.00036108295156644406
3.6899999999999653	0.00034721513574773033
3.699999999999965	0.00033384191959259606
3.709999999999965	0.00032094722663275757
3.7199999999999647	0.0003085154416942957
3.7299999999999645	0.0002965313999585531
3.7399999999999642	0.00028498037616364304
3.749999999999964	0.00027384807402705243
3.759999999999964	0.0002631206158250774
3.7699999999999636	0.00025278453214813115
3.7799999999999634	0.00024282675184631242
3.789999999999963	0.00023323459213878828
3.799999999999963	0.00022399574890840903
3.8099999999999627	0.00021509828716839043
3.8199999999999625	0.00020653063170612072
3.8299999999999623	0.00019828155789795222
3.839999999999962	0.00019034018270356302
3.849999999999962	0.0001826959558246792
3.8599999999999617	0.00017533865104238833
3.8699999999999615	0.00016825835771208325
3.8799999999999613	0.00016144547245938512
3.889999999999961	0.00015489069098808134
3.899999999999961	0.00014858500010085377
3.9099999999999606	0.00014251966988454445
3.9199999999999604	0.00013668624601245106
3.92999999999996	0.0001310765422427924
3.93999999999996	0.0001256826331258608
3.9499999999999598	0.00012049684672787733
3.9599999999999596	0.00011551175764029146
3.9699999999999593	0.00011072018014627329
3.979999999999959	0.00010611516140453638
3.989999999999959	0.00010168997493259976
3.9999999999999587	0.0000974381141640222
4.009999999999959	0.00009335328616661068
4.019999999999959	0.00008942940550570288
4.0299999999999585	0.00008566058824971714
4.039999999999958	0.00008204114611749236
4.049999999999958	0.0000785655807588977
4.059999999999958	0.00007522857817889974
4.069999999999958	0.00007202500329307481
4.079999999999957	0.00006894989460938834
4.089999999999957	0.00006599845905144737
4.099999999999957	0.00006316606689939065
4.109999999999957	0.000060448246861165313
4.119999999999957	0.00005784068126718196
4.129999999999956	0.000055339201385860814
4.139999999999956	0.00005293978285615644
4.149999999999956	0.00005063854124453232
4.159999999999956	0.00004843172770655596
4.1699999999999555	0.00004631572477138096
4.179999999999955	0.00004428704222826706
4.189999999999955	0.00004234231312962487
4.199999999999955	0.000040478289895610116
4.209999999999955	0.00003869184052417253
4.2199999999999545	0.00003697994490439327
4.229999999999954	0.000035339691230050806
4.239999999999954	0.00003376827251400871
4.249999999999954	0.00003226298318206254
4.259999999999954	0.000030821215796763944
4.269999999999953	0.00002944045783852248
4.279999999999953	0.00002811828858367479
4.289999999999953	0.000026852376095089872
4.299999999999953	0.000025640474264903132
4.3099999999999525	0.000024480419969153816
4.319999999999952	0.000023370130285581384
4.329999999999952	0.000022307599803658006
4.339999999999952	0.000021290898009905648
4.349999999999952	0.0000203181667492709
4.3599999999999515	0.0000193876177632657
4.369999999999951	0.00001849753029789222
4.379999999999951	0.000017646248791108835
4.389999999999951	0.00001683218061853363
4.399999999999951	0.000016053793918440118
4.40999999999995	0.00001530961547575285
4.41999999999995	0.000014598228674346331
4.42999999999995	0.000013918271510506308
4.43999999999995	0.000013268434671798862
4.4499999999999496	0.000012647459688475149
4.459999999999949	0.000012054137052252842
4.469999999999949	0.000011487304586198431
4.479999999999949	0.000010945845671511148
4.489999999999949	0.00001042868764737265
4.4999999999999485	9.934800145427468e-6
4.509999999999948	9.46319367492872e-6
4.519999999999948	9.012918052787607e-6
4.529999999999948	8.583060995199504e-6
4.539999999999948	8.172746712029014e-6
4.549999999999947	7.781134576634637e-6
4.559999999999947	7.407417819672803e-6
4.569999999999947	7.050822272238881e-6
4.579999999999947	6.710605145095741e-6
4.589999999999947	6.3860538652235485e-6
4.599999999999946	6.076484933115894e-6
4.609999999999946	5.781242828380616e-6
4.619999999999946	5.4996989372747e-6
4.629999999999946	5.231250583032952e-6
4.6399999999999455	4.975319957356234e-6
4.649999999999945	4.731353210399274e-6
4.659999999999945	4.4988195630709525e-6
4.669999999999945	4.277210346325678e-6
4.679999999999945	4.066038191042973e-6
4.689999999999944	3.86483619241404e-6
4.699999999999944	3.6731571121305397e-6
4.709999999999944	3.4905725944883014e-6
4.719999999999944	3.3166724473014536e-6
4.729999999999944	3.1510639155255817e-6
4.739999999999943	2.9933709769901537e-6
4.749999999999943	2.8432337056625177e-6
4.759999999999943	2.7003076092576316e-6
4.769999999999943	2.564263053559876e-6
4.7799999999999425	2.434784531900442e-6
4.789999999999942	2.311570326406173e-6
4.799999999999942	2.194331687473881e-6
4.809999999999942	2.0827925398429222e-6
4.819999999999942	1.976688842062405e-6
4.8299999999999415	1.8757680963147043e-6
4.839999999999941	1.7797889307953787e-6
4.849999999999941	1.6885205791270499e-6
4.859999999999941	1.6017424946663458e-6
4.869999999999941	1.519243908135128e-6
4.87999999999994	1.4408234093046635e-6
4.88999999999994	1.3662885783980494e-6
4.89999999999994	1.2954555938681868e-6
4.90999999999994	1.228148876912251e-6
4.9199999999999395	1.164200750103547e-6
4.929999999999939	1.1034510936063276e-6
4.939999999999939	1.0457470355500632e-6
4.949999999999939	9.909426347970442e-7
4.959999999999939	9.388985902240228e-7
4.9699999999999385	8.894819558682363e-7
4.979999999999938	8.425658837957002e-7
4.989999999999938	7.980293146653851e-7
4.999999999999938	7.557567575986493e-7
5.009999999999938	7.156380811407019e-7
5.019999999999937	6.775682337627138e-7
5.029999999999937	6.414470375782505e-7
5.039999999999937	6.071789752552596e-7
5.049999999999937	5.746729850589621e-7
5.0599999999999365	5.438422651264999e-7
5.069999999999936	5.146040849913603e-7
5.079999999999936	4.868796057445226e-7
5.089999999999936	4.605937064827983e-7
5.099999999999936	4.3567481421063843e-7
5.1099999999999355	4.120547592755142e-7
5.119999999999935	3.8966861374178187e-7
5.129999999999935	3.6845453546871524e-7
5.139999999999935	3.4835363277914793e-7
5.149999999999935	3.2930985737926534e-7
5.159999999999934	3.112698728769751e-7
5.169999999999934	2.941828411366771e-7
5.179999999999934	2.7800044143207763e-7
5.189999999999934	2.6267667543028594e-7
5.199999999999934	2.4816777911157517e-7
5.209999999999933	2.3443212176611934e-7
5.219999999999933	2.2143009648317303e-7
5.229999999999933	2.09124050763127e-7
5.239999999999933	1.974781872388463e-7
5.2499999999999325	1.864584266722189e-7
5.259999999999932	1.7603242799495307e-7
5.269999999999932	1.6616940893975366e-7
5.279999999999932	1.5684011771133265e-7
5.289999999999932	1.480167782790741e-7
5.299999999999931	1.396729744208299e-7
5.309999999999931	1.3178364640304318e-7
5.319999999999931	1.243249359607686e-7
5.329999999999931	1.1727423622154453e-7
5.339999999999931	1.106100456473221e-7
5.34999999999993	1.0431196594667612e-7
5.35999999999993	9.836061663328765e-8