-5.679999999999923	9.769901731764028e-8
-5.6699999999999235	1.0288342218837126e-7
-5.659999999999924	1.0833402190671545e-7
-5.649999999999924	1.1406400827743374e-7
-5.639999999999924	1.200871773095586e-7
-5.629999999999924	1.2641799184828341e-7
-5.619999999999925	1.3307160421900363e-7
-5.609999999999925	1.400638670550073e-7
-5.599999999999925	1.4741137027197523e-7
-5.589999999999925	1.551315088403005e-7
-5.5799999999999255	1.632425106304029e-7
-5.569999999999926	1.717634499260829e-7
-5.559999999999926	1.8071422275437831e-7
-5.549999999999926	1.901157668090485e-7
-5.539999999999926	1.99989868740711e-7
-5.5299999999999265	2.103594277009984e-7
-5.519999999999927	2.2124837603617308e-7
-5.509999999999927	2.3268171203289665e-7
-5.499999999999927	2.4468564398189793e-7
-5.489999999999927	2.5728756407105685e-7
-5.479999999999928	2.705161268277666e-7
-5.469999999999928	2.844012915540772e-7
-5.459999999999928	2.989743972210272e-7
-5.449999999999928	3.142682150282765e-7
-5.4399999999999284	3.303169993114788e-7
-5.429999999999929	3.4715656241901366e-7
-5.419999999999929	3.648243487095095e-7
-5.409999999999929	3.833594850418725e-7
-5.399999999999929	4.0280288932917784e-7
-5.3899999999999295	4.231972977665781e-7
-5.37999999999993	4.4458737658508144e-7
-5.36999999999993	4.6701979503325627e-7
-5.35999999999993	4.905433112711812e-7
-5.34999999999993	5.152088604045085e-7
-5.339999999999931	5.410696458179325e-7
-5.329999999999931	5.681812380931264e-7
-5.319999999999931	5.966016722708242e-7
-5.309999999999931	6.263915493924138e-7
-5.299999999999931	6.576141471488933e-7
-5.289999999999932	6.903355304676467e-7
-5.279999999999932	7.246246680388355e-7
-5.269999999999932	7.605535522617786e-7
-5.259999999999932	7.981973252547555e-7
-5.2499999999999325	8.376344086831016e-7
-5.239999999999933	8.789466388855063e-7
-5.229999999999933	9.222194076631201e-7
-5.219999999999933	9.675417936865212e-7
-5.209999999999933	1.0150067702794015e-6
-5.199999999999934	1.0647112640267541e-6
-5.189999999999934	1.116756430326632e-6
-5.179999999999934	1.1712477246282316e-6
-5.169999999999934	1.2282951339780626e-6
-5.159999999999934	1.2880133452133007e-6
-5.149999999999935	1.3505219346159636e-6
-5.139999999999935	1.4159455636517502e-6
-5.129999999999935	1.4844141826108132e-6
-5.119999999999935	1.5560632419259292e-6
-5.1099999999999355	1.6310339108338452e-6
-5.099999999999936	1.7094733063970963e-6
-5.089999999999936	1.7915347228223422e-6
-5.079999999999936	1.8773778798925319e-6
-5.069999999999936	1.967169180127188e-6
-5.0599999999999365	2.0610819620955585e-6
-5.049999999999937	2.1592967779101e-6
-5.039999999999937	2.262001676232597e-6
-5.029999999999937	2.369392471021889e-6
-5.019999999999937	2.481673105752252e-6
-5.009999999999938	2.5990558739230204e-6
-4.999999999999938	2.7217618393710962e-6
-4.989999999999938	2.850021090695447e-6
-4.979999999999938	2.9840731393984973e-6
-4.9699999999999385	3.1241672571949982e-6
-4.959999999999939	3.2705628582285577e-6
-4.949999999999939	3.4235298840225682e-6
-4.939999999999939	3.583349214909252e-6
-4.929999999999939	3.750313027723892e-6
-4.9199999999999395	3.924725268389984e-6
-4.90999999999994	4.106902123418795e-6
-4.89999999999994	4.297172421427887e-6
-4.88999999999994	4.495878131638954e-6
-4.87999999999994	4.7033748463872865e-6
-4.869999999999941	4.9200322755925645e-6
-4.859999999999941	5.146234797551963e-6
-4.849999999999941	5.382381981037591e-6
-4.839999999999941	5.628889131540746e-6
-4.8299999999999415	5.8861879019776155e-6
-4.819999999999942	6.154726859971575e-6
-4.809999999999942	6.4349721160497355e-6
-4.799999999999942	6.727407949333143e-6
-4.789999999999942	7.0325375110114225e-6
-4.7799999999999425	7.35088342585193e-6
-4.769999999999943	7.68298855452791e-6
-4.759999999999943	8.029416684797198e-6
-4.749999999999943	8.390753329251602e-6
-4.739999999999943	8.767606427442014e-6
-4.729999999999944	9.160607191256596e-6
-4.719999999999944	9.570410909746884e-6
-4.709999999999944	9.99769780488695e-6
-4.699999999999944	0.000010443173907705233
-4.689999999999944	0.000010907571953076024
-4.679999999999945	0.000011391652320536354
-4.669999999999945	0.000011896203998152698
-4.659999999999945	0.000012422045561183387
-4.649999999999945	0.000012970026206578382
-4.6399999999999455	0.00001354102679855884
-4.629999999999946	0.000014135960962074738
-4.619999999999946	0.000014755776192456219
-4.609999999999946	0.00001540145503024023
-4.599999999999946	0.000016074016223287778
-4.589999999999947	0.00001677451596648242
-4.579999999999947	0.00001750404916461146
-4.569999999999947	0.000018263750732585548
-4.559999999999947	0.000019054796921745436
-4.549999999999947	0.000019878406715964254
-4.539999999999948	0.00002073584323895901
-4.529999999999948	0.000021628415215368954
-4.519999999999948	0.000022557478485631685
-4.509999999999948	0.000023524437545548313
-4.4999999999999485	0.000024530747124820345
-4.489999999999949	0.000025577913855669183
-4.479999999999949	0.00002666749793782447
-4.469999999999949	0.00002780111487155201
-4.459999999999949	0.000028980437255636782
-4.4499999999999496	0.00003020719659671797
-4.43999999999995	0.000031483185218308115
-4.42999999999995	0.00003281025818525564
-4.41999999999995	0.00003419033529638348
-4.40999999999995	0.00003562540313694109
-4.399999999999951	0.00003711751717021898
-4.389999999999951	0.00003866880391108935
-4.379999999999951	0.000040281463128733086
-4.369999999999951	0.00004195777014933685
-4.3599999999999515	0.00004370007817814149
-4.349999999999952	0.00004551082070274522
-4.339999999999952	0.000047392513969812134
-4.329999999999952	0.00004934775951590601
-4.319999999999952	0.00005137924675799003
-4.3099999999999525	0.00005348975566790886
-4.299999999999953	0.000055682159511867866
-4.289999999999953	0.00005795942764699948
-4.279999999999953	0.000060324628406802384
-4.269999999999953	0.00006278093205690037
-4.259999999999954	0.00006533161381219221
-4.249999999999954	0.0000679800569480532
-4.239999999999954	0.00007072975598117545
-4.229999999999954	0.0000735843199268003
-4.2199999999999545	0.0000765474756364472
-4.209999999999955	0.00007962307123342535
-4.199999999999955	0.00008281507960243818
-4.189999999999955	0.00008612760199007167
-4.179999999999955	0.00008956487168166474
-4.1699999999999555	0.00009313125776270402
-4.159999999999956	0.0000968312689702734
-4.149999999999956	0.0001006695576480198
-4.139999999999956	0.00010465092377420186
-4.129999999999956	0.00010878031911560923
-4.119999999999957	0.00011306285136287776
-4.109999999999957	0.00011750378859374204
-4.099999999999957	0.00012210856358802987
-4.089999999999957	0.00012688277840863663
-4.079999999999957	0.000131832208920293
-4.069999999999958	0.000136962809645554
-4.059999999999958	0.00014228071850770095
-4.049999999999958	0.00014779226178192206
-4.039999999999958	0.00015350395912278245
-4.0299999999999585	0.00015942252871810553
-4.019999999999959	0.0001655548925434664
-4.009999999999959	0.00017190818171422615
-3.9999999999999587	0.00017848974197159624
-3.989999999999959	0.0001853071392729145
-3.979999999999959	0.0001923681654820221
-3.9699999999999593	0.00019968084421915588
-3.9599999999999596	0.0002072534367077312
-3.9499999999999598	0.0002150944479516371
-3.93999999999996	0.00022321263284739802
-3.92999999999996	0.00023161700240624853
-3.9199999999999604	0.00024031683030297047
-3.9099999999999606	0.0002493216593134827
-3.899999999999961	0.0002586413080101504
-3.889999999999961	0.00026828587752987304
-3.8799999999999613	0.0002782657584857497
-3.8699999999999615	0.000288591638002589
-3.8599999999999617	0.0002992745068774484
-3.849999999999962	0.00031032566685627514
-3.839999999999962	0.00032175673806686254
-3.8299999999999623	0.00033357966654860545
-3.8199999999999625	0.00034580673192937224
-3.8099999999999627	0.00035845055523148255
-3.799999999999963	0.00037152410680573345
-3.789999999999963	0.0003850407143864832
-3.7799999999999634	0.00039901407129753336
-3.7699999999999636	0.00041345824477872253
-3.759999999999964	0.00042838768442035537
-3.749999999999964	0.0004438172307874643
-3.7399999999999642	0.0004597621241153919
-3.7299999999999645	0.00047623801316663985
-3.7199999999999647	0.0004932609642125771
-3.709999999999965	0.0005108474701521358
-3.699999999999965	0.0005290144597404312
-3.6899999999999653	0.0005477793069739955
-3.6799999999999655	0.0005671598405978333
-3.6699999999999657	0.0005871743537063077
-3.659999999999966	0.0006078416135345949
-3.649999999999966	0.0006291808713308981
-3.6399999999999664	0.0006512118723562381
-3.6299999999999666	0.0006739548660290447
-3.619999999999967	0.0006974306161807756
-3.609999999999967	0.0007216604114314691
-3.5999999999999672	0.0007466660756875972
-3.5899999999999674	0.0007724699787682025
-3.5799999999999677	0.0007990950471251243
-3.569999999999968	0.000826564774724261
-3.559999999999968	0.0008549032338952444
-3.5499999999999683	0.0008841350865667679
-3.5399999999999685	0.0009142855953257899
-3.5299999999999687	0.0009453806347426322
-3.519999999999969	0.0009774467027405527
-3.509999999999969	0.001010510932107737
-3.4999999999999694	0.0010446011019722358
-3.4899999999999696	0.0010797456496371802
-3.47999999999997	0.0011159736822214258
-3.46999999999997	0.0011533149885466823
-3.45999999999997	0.0011918000510577455
-3.4499999999999704	0.0012314600578228546
-3.4399999999999706	0.001272326914624959
-3.429999999999971	0.0013144332570981766
-3.419999999999971	0.0013578124629416448
-3.4099999999999713	0.0014024986641919994
-3.3999999999999715	0.0014485267595138519
-3.3899999999999717	0.0014959324267194145
-3.379999999999972	0.0015447521349610336
-3.369999999999972	0.0015950231573468592
-3.3599999999999723	0.0016467835833794565
-3.3499999999999726	0.0017000723314782049
-3.3399999999999728	0.0017549291615177789
-3.329999999999973	0.0018113946873209458
-3.319999999999973	0.0018695103893871681
-3.3099999999999734	0.0019293186271993263
-3.2999999999999736	0.0019908626519290875
-3.289999999999974	0.002054186618924775
-3.279999999999974	0.0021193356002301416
-3.2699999999999743	0.0021863555970442652
-3.2599999999999745	0.0022552935521628834
-3.2499999999999747	0.002326197362377359
-3.239999999999975	0.002399115890793263
-3.229999999999975	0.0024740989790982973
-3.2199999999999753	0.002551197459767923
-3.2099999999999755	0.0026304631681593714
-3.1999999999999758	0.0027119489545244
-3.189999999999976	0.002795708695940921
-3.179999999999976	0.002881797308084656
-3.1699999999999764	0.0029702707569074093
-3.1599999999999766	0.0030611860701850427
-3.149999999999977	0.0031546013489012663
-3.139999999999977	0.003250575778472509
-3.1299999999999772	0.0033491696398308952
-3.1199999999999775	0.003450444320293812
-3.1099999999999777	0.003554462324264192
-3.099999999999978	0.00366128728371098
-3.089999999999978	0.003770983968447882
-3.0799999999999783	0.003883618296159682
-3.0699999999999785	0.003999257342213442
-3.0599999999999787	0.0041179693491966915
-3.049999999999979	0.004239823736184424
-3.039999999999979	0.004364891107728813
-3.0299999999999794	0.004493243262562096
-3.0199999999999796	0.00462495320195856
-3.00999999999998	0.004760095137802214
-2.99999999999998	0.004898744500306853
-2.9899999999999802	0.005040977945360318
-2.9799999999999804	0.0051868733615251985
-2.9699999999999807	0.0053365098766524075
-2.959999999999981	0.005489967864068477
-2.949999999999981	0.005647328948374767
-2.9399999999999813	0.0058086760108104684
-2.9299999999999815	0.005974093194149226
-2.9199999999999817	0.00614366590714854
-2.909999999999982	0.00631748082852614
-2.899999999999982	0.006495625910415912
-2.8899999999999824	0.0066781903813221966
-2.8799999999999826	0.006865264748599152
-2.869999999999983	0.0070569408001610245
-2.859999999999983	0.007253311606022195
-2.849999999999983	0.007454471518894831
-2.8399999999999834	0.007660516174349192
-2.8299999999999836	0.007871542490326395
-2.819999999999984	0.008087648666041194
-2.809999999999984	0.008308934180203365
-2.7999999999999843	0.008535499788584996
-2.7899999999999845	0.008767447520904241
-2.7799999999999847	0.009004880677002836
-2.769999999999985	0.009247903822288472
-2.759999999999985	0.009496622782509727
-2.7499999999999853	0.009751144637538556
-2.7399999999999856	0.010011577714800986
-2.7299999999999858	0.010278031581510916
-2.719999999999986	0.010550617036296157
-2.709999999999986	0.01082944609993568
-2.6999999999999864	0.01111463200528509
-2.6899999999999866	0.011406289186323837
-2.679999999999987	0.011704533266309812
-2.669999999999987	0.012009481045058322
-2.6599999999999873	0.012321250485305841
-2.6499999999999875	0.012639960698117668
-2.6399999999999877	0.012965731927375684
-2.629999999999988	0.013298685533296517
-2.619999999999988	0.013638943974949504
-2.6099999999999883	0.013986630791798016
-2.5999999999999885	0.014341870584233819
-2.5899999999999888	0.014704788993054078
-2.579999999999989	0.015075512677914907
-2.569999999999989	0.015454169294737825
-2.5599999999999894	0.015840887472011084
-2.5499999999999896	0.016235796786019455
-2.53999999999999	0.016639027734985094
-2.52999999999999	0.01705071171207041
-2.5199999999999902	0.0174709809772548
-2.5099999999999905	0.017899968628092754
-2.4999999999999907	0.01833780856928903
-2.489999999999991	0.018784635481115808
-2.479999999999991	0.01924058478666504
-2.4699999999999913	0.019705792617900474
-2.4599999999999915	0.020180395780499183
-2.4499999999999917	0.02066453171751603
-2.439999999999992	0.021158338471806273
-2.429999999999992	0.02166195464721157
-2.4199999999999924	0.02217551936854282
-2.4099999999999926	0.022699172240301664
-2.399999999999993	0.02323305330413474
-2.389999999999993	0.023777302995070686
-2.3799999999999932	0.024332062096473372
-2.3699999999999934	0.024897471693718625
-2.3599999999999937	0.025473673126628637
-2.349999999999994	0.026060807940622918
-2.339999999999994	0.026659017836572756
-2.3299999999999943	0.027268444619408846
-2.3199999999999945	0.027889230145446496
-2.3099999999999947	0.028521516268404618
-2.299999999999995	0.029165444784178915
-2.289999999999995	0.029821157374293278
-2.2799999999999954	0.030488795548290634
-2.2699999999999956	0.031168500584393705
-2.259999999999996	0.03186041346939816
-2.249999999999996	0.03256467483703012
-2.239999999999996	0.033281424905124146
-2.2299999999999964	0.03401080341155972
-2.2199999999999966	0.03475294954895344
-2.209999999999997	0.035508001898113276
-2.199999999999997	0.03627609836031686
-2.1899999999999973	0.0370573760883441
-2.1799999999999975	0.03785197141633111
-2.1699999999999977	0.0386600197884744
-2.159999999999998	0.03948165568653992
-2.149999999999998	0.04031701255622885
-2.1399999999999983	0.0411662227324102
-2.1299999999999986	0.04202941736341368
-2.1199999999999988	0.04290672633382359
-2.109999999999999	0.04379827818664436
-2.099999999999999	0.04470420004419267
-2.0899999999999994	0.04562461752799472
-2.0799999999999996	0.04655965467771933
-2.07	0.04750943386912147
-2.06	0.04847407573101929
-2.0500000000000003	0.049453699061393463
-2.0400000000000005	0.050448420742582024
-2.0300000000000007	0.05145835565559336
-2.020000000000001	0.05248361659363095
-2.010000000000001	0.05352431417481855
-2.0000000000000013	0.05458055675413781
-1.9900000000000015	0.05565245033467662
-1.9800000000000015	0.05674009847819368
-1.9700000000000015	0.057843602215005285
-1.9600000000000015	0.058963059953289064
-1.9500000000000015	0.060098567387831155
-1.9400000000000015	0.06125021740821081
-1.9300000000000015	0.06241810000653057
-1.9200000000000015	0.06360230218472086
-1.9100000000000015	0.06480290786141489
-1.9000000000000015	0.06601999777849964
-1.8900000000000015	0.06725364940739093
-1.8800000000000014	0.06850393685501616
-1.8700000000000014	0.06977093076962276
-1.8600000000000014	0.07105469824645377
-1.8500000000000014	0.07235530273330192
-1.8400000000000014	0.07367280393602482
-1.8300000000000014	0.07500725772410972
-1.8200000000000014	0.07635871603626482
-1.8100000000000014	0.0777272267861608
-1.8000000000000014	0.07911283376833121
-1.7900000000000014	0.08051557656438396
-1.7800000000000014	0.08193549044941278
-1.7700000000000014	0.08337260629886095
-1.7600000000000013	0.08482695049576942
-1.7500000000000013	0.08629854483850044
-1.7400000000000013	0.08778740644905035
-1.7300000000000013	0.08929354768196221
-1.7200000000000013	0.0908169760338847
-1.7100000000000013	0.09235769405392805
-1.7000000000000013	0.09391569925480939
-1.6900000000000013	0.09549098402485393
-1.6800000000000013	0.09708353554097941
-1.6700000000000013	0.09869333568269248
-1.6600000000000013	0.1003203609471019
-1.6500000000000012	0.10196458236519486
-1.6400000000000012	0.10362596541926107
-1.6300000000000012	0.10530446996159985
-1.6200000000000012	0.10700005013462557
-1.6100000000000012	0.10871265429240672
-1.6000000000000012	0.11044222492367674
-1.5900000000000012	0.11218869857643415
-1.5800000000000012	0.11395200578421487
-1.5700000000000012	0.11573207099403765
-1.5600000000000012	0.11752881249616262
-1.5500000000000012	0.11934214235571071
-1.5400000000000011	0.12117196634621794
-1.5300000000000011	0.12301818388514353
-1.5200000000000011	0.1248806879715517
-1.5100000000000011	0.12675936512583438
-1.500000000000001	0.12865409533168587
-1.490000000000001	0.13056475198040757
-1.480000000000001	0.13249120181749438
-1.470000000000001	0.13443330489168062
-1.460000000000001	0.13639091450647695
-1.450000000000001	0.1383638771742603
-1.440000000000001	0.14035203257300377
-1.430000000000001	0.14235521350566416
-1.420000000000001	0.14437324586242847
-1.410000000000001	0.14640594858555198
-1.400000000000001	0.1484531336374569
-1.390000000000001	0.15051460597137553
-1.380000000000001	0.15259016350534269
-1.370000000000001	0.1546795970989955
-1.360000000000001	0.15678269053376256
-1.350000000000001	0.1588992204959266
-1.340000000000001	0.16102895656329808
-1.330000000000001	0.16317166119500331
-1.320000000000001	0.165327089724461
-1.310000000000001	0.16749499035610177
-1.300000000000001	0.16967510416534357
-1.290000000000001	0.17186716510228128
-1.280000000000001	0.17407089999848804
-1.270000000000001	0.17628602857796324
-1.260000000000001	0.1785122634712053
-1.2500000000000009	0.18074931023383747
-1.2400000000000009	0.18299686736754697
-1.2300000000000009	0.1852546263463864
-1.2200000000000009	0.18752227164550173
-1.2100000000000009	0.1897994807747692
-1.2000000000000008	0.19208592431563354
-1.1900000000000008	0.19438126596201255
-1.1800000000000008	0.19668516256555782
-1.1700000000000008	0.19899726418372127
-1.1600000000000008	0.2013172141332988
-1.1500000000000008	0.20364464904691562
-1.1400000000000008	0.20597919893385708
-1.1300000000000008	0.2083204872448881
-1.1200000000000008	0.21066813094117326
-1.1100000000000008	0.2130217405671884
-1.1000000000000008	0.21538092032766326
-1.0900000000000007	0.21774526816866585
-1.0800000000000007	0.22011437586270158
-1.0700000000000007	0.2224878290978213
-1.0600000000000007	0.22486520757089037
-1.0500000000000007	0.22724608508486868
-1.0400000000000007	0.22963002965006057
-1.0300000000000007	0.23201660358948967
-1.0200000000000007	0.234405363648271
-1.0100000000000007	0.23679586110685621
-1.0000000000000007	0.23918764189842126
-0.9900000000000007	0.24158024673019157
-0.9800000000000006	0.24397321120835513
-0.9700000000000006	0.24636606596748925
-0.9600000000000006	0.24875833680320678
-0.9500000000000006	0.251149544808985
-0.9400000000000006	0.2535392065167284
-0.9300000000000006	0.25592683404098004
-0.9200000000000006	0.25831193522682294
-0.9100000000000006	0.26069401380153573
-0.9000000000000006	0.2630725695297619
-0.8900000000000006	0.2654470983721701
-0.8800000000000006	0.26781709264768594
-0.8700000000000006	0.27018204119909706
-0.8600000000000005	0.27254142956196004
-0.8500000000000005	0.2748947401368744
-0.8400000000000005	0.27724145236494324
-0.8300000000000005	0.2795810429063269
-0.8200000000000005	0.2819129858219325
-0.8100000000000005	0.2842367527579485
-0.8000000000000005	0.28655181313411576
-0.7900000000000005	0.28885763433232114
-0.7800000000000005	0.29115368189195756
-0.7700000000000005	0.2934394197040537
-0.7600000000000005	0.29571431021049976
-0.7500000000000004	0.2979778146039492
-0.7400000000000004	0.3002293930318288
-0.7300000000000004	0.3024685048013173
-0.7200000000000004	0.3046946085866796
-0.7100000000000004	0.30690716263926515
-0.7000000000000004	0.3091056249989341
-0.6900000000000004	0.31128945370710115
-0.6800000000000004	0.3134581070222931
-0.6700000000000004	0.31561104363670855
-0.6600000000000004	0.3177477228942522
-0.6500000000000004	0.3198676050103156
-0.6400000000000003	0.32197015129250495
-0.6300000000000003	0.32405482436267474
-0.6200000000000003	0.3261210883798415
-0.6100000000000003	0.3281684092640972
-0.6000000000000003	0.3301962549211797
-0.5900000000000003	0.33220409546785784
-0.5800000000000003	0.3341914034573538
-0.5700000000000003	0.3361576541061096
-0.5600000000000003	0.338102325519382
-0.5500000000000003	0.3400248989181773
-0.5400000000000003	0.3419248588655868
-0.5300000000000002	0.3438016934930206
-0.5200000000000002	0.3456548947262232
-0.5100000000000002	0.3474839585107355
-0.5000000000000002	0.3492883850369464
-0.49000000000000027	0.3510676789642189
-0.48000000000000026	0.352821349644374
-0.47000000000000025	0.35454891134402833
-0.46000000000000024	0.35624988346588793
-0.45000000000000023	0.35792379076872505
-0.4400000000000002	0.3595701635859941
-0.4300000000000002	0.3611885380428578
-0.4200000000000002	0.3627784562715458
-0.4100000000000002	0.3643394666249125
-0.4000000000000002	0.3658711238879885
-0.3900000000000002	0.36737298948745706
-0.38000000000000017	0.3688446316989185
-0.37000000000000016	0.3702856258517534
-0.36000000000000015	0.3716955545314731
-0.35000000000000014	0.37307400777948846
-0.34000000000000014	0.37442058329003763
-0.3300000000000001	0.3757348866042541
-0.3200000000000001	0.37701653130120255
-0.3100000000000001	0.3782651391857384
-0.3000000000000001	0.3794803404730752
-0.2900000000000001	0.380661773969973
-0.2800000000000001	0.3818090872523661
-0.2700000000000001	0.3829219368393228
-0.26000000000000006	0.3839999883632663
-0.25000000000000006	0.38504291673628127
-0.24000000000000007	0.3860504063123902
-0.23000000000000007	0.3870221510457525
-0.22000000000000006	0.3879578546446174
-0.21000000000000005	0.3888572307209054
-0.20000000000000004	0.38972000293539816
-0.19000000000000003	0.3905459051383568
-0.18000000000000002	0.3913346815054828
-0.17	0.392086086669155
-0.16	0.39279988584484077
-0.15	0.39347585495253934
-0.13999999999999999	0.39411378073325143
-0.12999999999999998	0.39471346086035214
-0.11999999999999998	0.395274704045678
-0.10999999999999999	0.3957973301407242
-0.09999999999999999	0.3962811702318585
-0.09	0.3967260667307553
-0.08	0.3971318734590588
-0.07	0.3974984557275899
-0.060000000000000005	0.3978256904099404
-0.05	0.39811346601042236
-0.04	0.39836168272635236
-0.03	0.39857025250454664
-0.02	0.398739099092045
-0.01	0.3988681580810204
0	0.3989573769477963
0.01	0.39900671508596736
0.02	0.3990161438336254
0.03	0.39898564649460244
0.04	0.3989152183537433
0.05	0.3988048666862265
0.060000000000000005	0.3986546107608603
0.07	0.3984644818373645
0.08	0.39823452315768315
0.09	0.3979647899312682
0.09999999999999999	0.39765534931435054
0.10999999999999999	0.39730628038325033
0.11999999999999998	0.39691767410170053
0.12999999999999998	0.39648963328219294
0.13999999999999999	0.39602227254140826
0.15	0.39551571824974646
0.16	0.39497010847499425
0.17	0.3943855929198999
0.18000000000000002	0.3937623328545145
0.19000000000000003	0.39310050104216615
0.20000000000000004	0.39240028166002927
0.21000000000000005	0.391661870213984
0.22000000000000006	0.3908854734478229
0.23000000000000007	0.3900713092469488
0.24000000000000007	0.38921960653656573
0.25000000000000006	0.38833060517444407
0.26000000000000006	0.38740455583833694
0.2700000000000001	0.38644171990813597
0.2800000000000001	0.38544236934279913
0.2900000000000001	0.3844067865521671
0.3000000000000001	0.3833352642637697
0.3100000000000001	0.38222810538465174
0.3200000000000001	0.38108562285835157
0.3300000000000001	0.37990813951714686
0.34000000000000014	0.3786959879296023
0.35000000000000014	0.3774495102435685
0.36000000000000015	0.3761690580247379
0.37000000000000016	0.37485499209083256
0.38000000000000017	0.373507682341547
0.3900000000000002	0.3721275075843835
0.4000000000000002	0.3707148553564688
0.4100000000000002	0.3692701217424483
0.4200000000000002	0.3677937111886477
0.4300000000000002	0.366286036313563
0.4400000000000002	0.3647475177148046
0.45000000000000023	0.3631785837726722
0.46000000000000024	0.3615796704504515
0.47000000000000025	0.35995122109154115
0.48000000000000026	0.3582936862136128
0.49000000000000027	0.35660752329987694
0.5000000000000002	0.354893196587608
0.5100000000000002	0.35315117685407676
0.5200000000000002	0.3513819412000344
0.5300000000000002	0.3495859728308437
0.5400000000000003	0.34776376083545923
0.5500000000000003	0.34591579996336563
0.5600000000000003	0.3440425903996081
0.5700000000000003	0.3421446375380815
0.5800000000000003	0.3402224517532304
0.5900000000000003	0.33827654817025693
0.6000000000000003	0.33630744643402954
0.6100000000000003	0.33431567047689253
0.6200000000000003	0.33230174828515496
0.6300000000000003	0.3302662116652529
0.6400000000000003	0.3282095960086529
0.6500000000000004	0.32613244005642605
0.6600000000000004	0.32403528566332507
0.6700000000000004	0.3219186775615891
0.6800000000000004	0.3197831631245744
0.6900000000000004	0.3176292921303906
0.7000000000000004	0.3154576165256709
0.7100000000000004	0.31326869018963377
0.7200000000000004	0.31106306869853506
0.7300000000000004	0.3088413090907196
0.7400000000000004	0.3066039696323539
0.7500000000000004	0.3043516095839836
0.7600000000000005	0.3020847889680928
0.7700000000000005	0.2998040683377615
0.7800000000000005	0.2975100085465487
0.7900000000000005	0.2952031705197777
0.8000000000000005	0.29288411502730927
0.8100000000000005	0.2905534024579453
0.8200000000000005	0.28821159259559564
0.8300000000000005	0.2858592443973338
0.8400000000000005	0.28349691577343167
0.8500000000000005	0.2811251633695368
0.8600000000000005	0.2787445423510957
0.8700000000000006	0.27635560619010346
0.8800000000000006	0.27395890645433846
0.8900000000000006	0.2715549925991858
0.9000000000000006	0.2691444117621112
0.9100000000000006	0.2667277085599474
0.9200000000000006	0.2643054248890624
0.9300000000000006	0.26187809972851506
0.9400000000000006	0.25944626894628475
0.9500000000000006	0.2570104651087015
0.9600000000000006	0.2545712172931201
0.9700000000000006	0.2521290509039466
0.9800000000000006	0.24968448749212924
0.9900000000000007	0.2472380445781329
1.0000000000000007	0.24479023547852746
1.0100000000000007	0.24234156913624552
1.0200000000000007	0.23989254995458026
1.0300000000000007	0.23744367763497465
1.0400000000000007	0.23499544701871758
1.0500000000000007	0.232548347932543
1.0600000000000007	0.2301028650382338
1.0700000000000007	0.22765947768627431
1.0800000000000007	0.22521865977360261
1.0900000000000007	0.2227808796054876
1.1000000000000008	0.220346599761627
1.1100000000000008	0.21791627696645416
1.1200000000000008	0.21549036196371923
1.1300000000000008	0.21306929939537164
1.1400000000000008	0.21065352768478843
1.1500000000000008	0.20824347892433637
1.1600000000000008	0.2058395787673406
1.1700000000000008	0.20344224632446184
1.1800000000000008	0.2010518940644728
1.1900000000000008	0.19866892771948869
1.2000000000000008	0.19629374619465242
1.2100000000000009	0.19392674148225253
1.2200000000000009	0.19156829858030977
1.2300000000000009	0.18921879541564185
1.2400000000000009	0.18687860277134768
1.2500000000000009	0.18454808421877866
1.260000000000001	0.1822275960539409
1.270000000000001	0.1799174872383248
1.280000000000001	0.17761809934415299
1.290000000000001	0.1753297665040467
1.300000000000001	0.1730528153650452
1.310000000000001	0.17078756504699658
1.320000000000001	0.16853432710527888
1.330000000000001	0.1662934054978208
1.340000000000001	0.16406509655637963
1.350000000000001	0.16184968896207877
1.360000000000001	0.15964746372512456
1.370000000000001	0.15745869416868483
1.380000000000001	0.15528364591688534
1.390000000000001	0.15312257688689057
1.400000000000001	0.15097573728497918
1.410000000000001	0.14884336960663205
1.420000000000001	0.14672570864052384
1.430000000000001	0.1446229814763882
1.440000000000001	0.14253540751670363
1.450000000000001	0.14046319849214497
1.460000000000001	0.13840655848071454
1.470000000000001	0.13636568393052856
1.480000000000001	0.13434076368617978
1.490000000000001	0.13233197901859306
1.500000000000001	0.13033950365834018
1.5100000000000011	0.1283635038323344
1.5200000000000011	0.1264041383038154
1.5300000000000011	0.12446155841557607
1.5400000000000011	0.12253590813637127
1.5500000000000012	0.12062732411038256
1.5600000000000012	0.11873593570972693
1.5700000000000012	0.11686186508989914
1.5800000000000012	0.11500522724806624
1.5900000000000012	0.1131661300841577
1.6000000000000012	0.11134467446465929
1.6100000000000012	0.10954095428906531
1.6200000000000012	0.10775505655879739
1.6300000000000012	0.10598706144868197
1.6400000000000012	0.10423704238076689
1.6500000000000012	0.10250506610044513
1.6600000000000013	0.1007911927548138
1.6700000000000013	0.09909547597315789
1.6800000000000013	0.09741796294953028
1.6900000000000013	0.09575869452722394
1.7000000000000013	0.0941177052852332
1.7100000000000013	0.09249502362645069
1.7200000000000013	0.09089067186763237
1.7300000000000013	0.08930466633098715
1.7400000000000013	0.08773701743731926
1.7500000000000013	0.08618772980067045
1.7600000000000013	0.08465680232433541
1.7700000000000014	0.08314422829820017
1.7800000000000014	0.08164999549730942
1.7900000000000014	0.08017408628159049
1.8000000000000014	0.07871647769662922
1.8100000000000014	0.07727714157545666
1.8200000000000014	0.07585604464123515
1.8300000000000014	0.0744531486107749
1.8400000000000014	0.07306841029880316
1.8500000000000014	0.07170178172292731
1.8600000000000014	0.07035321020916689
1.8700000000000014	0.06902263849803779
1.8800000000000014	0.06771000485107685
1.8900000000000015	0.06641524315773631
1.9000000000000015	0.06513828304260087
1.9100000000000015	0.0638790499728145
1.9200000000000015	0.06263746536569229
1.9300000000000015	0.06141344669640851
1.9400000000000015	0.06020690760572103
1.9500000000000015	0.05901775800765572
1.9600000000000015	0.05784590419706889
1.9700000000000015	0.05669124895706068
1.9800000000000015	0.055553691666141373
1.9900000000000015	0.05443312840510309
2.0000000000000013	0.05332945206353926
2.010000000000001	0.05224255244595731
2.020000000000001	0.05117231637739748
2.0300000000000007	0.05011862780855008
2.0400000000000005	0.049081367920278444
2.0500000000000003	0.04806041522749949
2.06	0.047055645682395016
2.07	0.04606693277687384
2.0799999999999996	0.04509414764424933
2.0899999999999994	0.044137159160089694
2.099999999999999	0.04319583404219344
2.109999999999999	0.04227003694962572
2.1199999999999988	0.04135963058081125
2.1299999999999986	0.04046447577061176
2.1399999999999983	0.03958443158639921
2.149999999999998	0.038719355422847684
2.159999999999998	0.037869103096007675
2.1699999999999977	0.03703352893582856
2.1799999999999975	0.036212485877686634
2.1899999999999973	0.035405825552667386
2.199999999999997	0.03461339837658977
2.209999999999997	0.03383505363775839
2.2199999999999966	0.033070639583410714
2.2299999999999964	0.032320003504835965
2.239999999999996	0.03158299182113819
2.249999999999996	0.030859450161626237
2.259999999999996	0.030149223446811264
2.2699999999999956	0.02945215596797003
2.2799999999999954	0.02876809146534506
2.289999999999995	0.02809687320464369
2.299999999999995	0.027438344052537707
2.3099999999999947	0.026792346550223285
2.3199999999999945	0.02615872298571557
2.3299999999999943	0.025537315464593008
2.339999999999994	0.024927965979228327
2.349999999999994	0.024330516476500676
2.3599999999999937	0.023744808923960935
2.3699999999999934	0.02317068537448961
2.3799999999999932	0.0226079880293882
2.389999999999993	0.022056559299935063
2.399999999999993	0.021516241867401514
2.4099999999999926	0.02098687874150866
2.4199999999999924	0.020468313317345967
2.429999999999992	0.019960389430733774
2.439999999999992	0.019462951412051777
2.4499999999999917	0.018975844138516426
2.4599999999999915	0.018498913084929826
2.4699999999999913	0.018032004372888703
2.479999999999991	0.01757496481847684
2.489999999999991	0.017127641978427453
2.4999999999999907	0.016689884194790856
2.5099999999999905	0.016261540638087334
2.5199999999999902	0.01584246134897629
2.52999999999999	0.015432497278443747
2.53999999999999	0.015031500326519693
2.5499999999999896	0.014639323379540608
2.5599999999999894	0.014255820345968085
2.569999999999989	0.0138808461907776
2.579999999999989	0.013514256968431783
2.5899999999999888	0.013155909854456655
2.5999999999999885	0.01280566317558228
2.6099999999999883	0.01246337643875475
2.619999999999988	0.01212891035832712
2.629999999999988	0.011802126882381905
2.6399999999999877	0.011482889217510187
2.6499999999999875	0.011171061852291478
2.6599999999999873	0.010866510579731765
2.669999999999987	0.010569102517970306
2.679999999999987	0.010278706130218382
2.6899999999999866	0.009995191243255286
2.6999999999999864	0.009718429064754671
2.709999999999986	0.009448292199452958
2.719999999999986	0.009184654664149331
2.7299999999999858	0.00892739190157919
2.7399999999999856	0.008676380793170398
2.7499999999999853	0.00843149967071545
2.759999999999985	0.008192628326966043
2.769999999999985	0.00795964802519406
2.7799999999999847	0.007732441507716587
2.7899999999999845	0.007510893003431719
2.7999999999999843	0.007294888234364403
2.809999999999984	0.007084314421271839
2.819999999999984	0.006879060288303383
2.8299999999999836	0.006679016066754847
2.8399999999999834	0.006484073497946575
2.849999999999983	0.006294125835220967
2.859999999999983	0.0061090678451108035
2.869999999999983	0.005928795807691144
2.8799999999999826	0.005753207516132417
2.8899999999999824	0.005582202275478364
2.899999999999982	0.005415680900683924
2.909999999999982	0.00525354571392063
2.9199999999999817	0.005095700541179936
2.9299999999999815	0.0049420507081951795
2.9399999999999813	0.004792503035703637
2.949999999999981	0.004646965834071416
2.959999999999981	0.004505348897304481
2.9699999999999807	0.004367563496466258
2.9799999999999804	0.004233522372518861
2.9899999999999802	0.004103139728617091
2.99999999999998	0.003976331221877825
3.00999999999998	0.0038530139546288965
3.0199999999999796	0.0037331064651787583
3.0299999999999794	0.003616528718116529
3.039999999999979	0.0035032020941623827
3.049999999999979	0.003393049379588543
3.0599999999999787	0.003285994755241189
3.0699999999999785	0.0031819637851560603
3.0799999999999783	0.0030808834048215252
3.089999999999978	0.002982681909079834
3.099999999999978	0.0028872889396951464
3.1099999999999777	0.002794635472610236
3.1199999999999775	0.0027046538049041837
3.1299999999999772	0.0026172775414679476
3.139999999999977	0.0025324415814147725
3.149999999999977	0.002450082104252528
3.1599999999999766	0.002370136555816672
3.1699999999999764	0.0022925436339922456
3.179999999999976	0.002217243274237921
3.189999999999976	0.00214417663492786
3.1999999999999758	0.002073286082515244
3.2099999999999755	0.00200451517656385
3.2199999999999753	0.0019378086546154051
3.229999999999975	0.0018731124169476864
3.239999999999975	0.0018103735112123714
3.2499999999999747	0.0017495401169816385
3.2599999999999745	0.0016905615301997634
3.2699999999999743	0.0016333881475697099
3.279999999999974	0.0015779714509122898
3.289999999999974	0.0015242639912776996
3.2999999999999736	0.0014722193734221494
3.3099999999999734	0.0014217922398553795
3.319999999999973	0.0013729382550688874
3.329999999999973	0.0013256140897231574
3.3399999999999728	0.0012797774048370774
3.3499999999999726	0.0012353868359926434
3.3599999999999723	0.0011924019775999856
3.369999999999972	0.0011507833670021841
3.379999999999972	0.0011104924690105034
3.3899999999999717	0.0010714916601009125
3.3999999999999715	0.0010337442128615004
3.4099999999999713	0.0009972142804659358
3.419999999999971	0.0009618668812228973
3.429999999999971	0.0009276678832077571
3.4399999999999706	0.0008945839889698562
3.4499999999999704	0.0008625827203505498
3.45999999999997	0.000831632403389294
3.46999999999997	0.0008017021533099514
3.47999999999997	0.0007727618597647851
3.4899999999999696	0.0007447821719060524
3.4999999999999694	0.0007177344838683142
3.509999999999969	0.0006915909202334193
3.519999999999969	0.0006663243216580553
3.5299999999999687	0.0006419082306349044
3.5399999999999685	0.0006183168773664917
3.5499999999999683	0.0005955251659282851
3.559999999999968	0.0005735086602925767
3.569999999999968	0.0005522435707840919
3.5799999999999677	0.0005317067405572904
3.5899999999999674	0.0005118756322509893
3.5999999999999672	0.0004927283148075431
3.609999999999967	0.00047424345044978886
3.619999999999967	0.000456400281832427
3.6299999999999666	0.0004391786193457949
3.6399999999999664	0.00042255882859697355
3.649999999999966	0.00040652181807870457
3.659999999999966	0.0003910490269599065
3.6699999999999657	0.00037612241310192024
3.6799999999999655	0.0003617244412384458
3.6899999999999653	0.0003478380712937867
3.699999999999965	0.00033444674692483667
3.709999999999965	0.00032153438421481865
3.7199999999999647	0.0003090853605471454
3.7299999999999645	0.00029708450366031363
3.7399999999999642	0.0002855170808834451
3.749999999999964	0.0002743687885365379
3.759999999999964	0.00026362574152410907
3.7699999999999636	0.00025327446310258585
3.7799999999999634	0.00024330187481594678
3.789999999999963	0.00023369528661897575
3.799999999999963	0.00022444238717148803
3.8099999999999627	0.00021553123431292527
3.8199999999999625	0.00020695024570189103
3.8299999999999623	0.00019868818964331516
3.839999999999962	0.00019073417607943892
3.849999999999962	0.00018307764775434872
3.8599999999999617	0.00017570837155209915
3.8699999999999615	0.0001686164299841752
3.8799999999999613	0.00016179221293981044
3.889999999999961	0.00015522640941457235
3.899999999999961	0.00014890999957173053
3.9099999999999606	0.00014283424698009918
3.9199999999999604	0.00013699069082259924
3.92999999999996	0.00013137113845471677
3.93999999999996	0.00012596765812092123
3.9499999999999598	0.00012077257164427978
3.9599999999999596	0.00011577844745220436
3.9699999999999593	0.00011097809376947716
3.979999999999959	0.00010636455175820607
3.989999999999959	0.00010193108903160594
3.9999999999999587	0.00009767119320507186
4.009999999999959	0.00009357856561469506
4.019999999999959	0.00008964711518179632
4.0299999999999585	0.00008587095241853799
4.039999999999958	0.0000822443835746386
4.049999999999958	0.00007876190492153412
4.059999999999958	0.00007541819717534248
4.069999999999958	0.00007220812004799169
4.079999999999957	0.00006912670693835203
4.089999999999957	0.00006616915974632898
4.099999999999957	0.0000633308438198687
4.109999999999957	0.000060607283023164323
4.119999999999957	0.000057994154933580465
4.129999999999956	0.000055487286151492474
4.139999999999956	0.00005308264774128754
4.149999999999956	0.000050776350778967535
4.159999999999956	0.000048564642019939766
4.1699999999999555	0.00004644389967752101
4.179999999999955	0.00004441062931604103
4.189999999999955	0.00004246145984466967
4.199999999999955	0.00004059313962903392
4.209999999999955	0.00003880253269576191
4.2199999999999545	0.000037086615046539784
4.229999999999954	0.00003544247107192076
4.239999999999954	0.00003386729005762509
4.249999999999954	0.00003235836280062936
4.259999999999954	0.00003091307829980264
4.269999999999953	0.00002952892055070439
4.279999999999953	0.00002820346544132114
4.289999999999953	0.000026934377705445798
4.299999999999953	0.00002571940799429372
4.3099999999999525	0.000024556390009833565
4.319999999999952	0.000023443237735431963
4.329999999999952	0.000022377942745215656
4.339999999999952	0.000021358571573722127
4.349999999999952	0.00002038326319154208
4.3599999999999515	0.000019450226535622087
4.369999999999951	0.000018557738118456488
4.379999999999951	0.000017704139708422205
4.389999999999951	0.000016887836084206137
4.399999999999951	0.000016107292850160385
4.40999999999995	0.00001536103432349002
4.41999999999995	0.000014647641484284993
4.42999999999995	0.000013965749988685492
4.43999999999995	0.000013314048243214592
4.4499999999999496	0.000012691275541891178
4.459999999999949	0.000012096220259738997
4.469999999999949	0.000011527718092360617
4.479999999999949	0.000010984650381583892
4.489999999999949	0.000010465942461816182
4.4999999999999485	9.97056206676123e-6
4.509999999999948	9.497517809646326e-6
4.519999999999948	9.045857683469293e-6
4.529999999999948	8.61466762564011e-6
4.539999999999948	8.203070127994314e-6
4.549999999999947	7.81022288920661e-6
4.559999999999947	7.4353175107214865e-6
4.569999999999947	7.077578244800203e-6
4.579999999999947	6.736260776458351e-6
4.589999999999947	6.4106510410656595e-6
4.599999999999946	6.100064097143339e-6
4.609999999999946	5.8038430244887935e-6
4.619999999999946	5.521357878860377e-6
4.629999999999946	5.252004612242022e-6
4.6399999999999455	4.99520416913805e-6
4.649999999999945	4.750401486544659e-6
4.659999999999945	4.517064535143278e-6
4.669999999999945	4.294683510041558e-6
4.679999999999945	4.082769918091118e-6
4.689999999999944	3.880855761907411e-6
4.699999999999944	3.688492741508527e-6
4.709999999999944	3.505251494435407e-6
4.719999999999944	3.33072083167769e-6
4.729999999999944	3.164507031962744e-6
4.739999999999943	3.006233164269912e-6
4.749999999999943	2.85553839631939e-6
4.759999999999943	2.7120773701531433e-6
4.769999999999943	2.57551955841825e-6
4.7799999999999425	2.4455487523737947e-6
4.789999999999942	2.321862341464314e-6
4.799999999999942	2.204170928932092e-6
4.809999999999942	2.092197663964729e-6
4.819999999999942	1.9856777667102256e-6
4.8299999999999415	1.8843580956685324e-6
4.839999999999941	1.7879965791011415e-6
4.849999999999941	1.696361842070189e-6
4.859999999999941	1.6092327172216566e-6
4.869999999999941	1.526397836187905e-6
4.87999999999994	1.4476552210984348e-6
4.88999999999994	1.3728118953341063e-6
4.89999999999994	1.301683504019601e-6
4.90999999999994	1.23409395528715e-6
4.9199999999999395	1.1698750752970817e-6
4.929999999999939	1.108866265734712e-6
4.939999999999939	1.0509141936011601e-6
4.949999999999939	9.958724734346504e-7
4.959999999999939	9.436013750167963e-7
4.9699999999999385	8.939675395036818e-7
4.979999999999938	8.468437186595267e-7
4.989999999999938	8.021084729231742e-7
4.999999999999938	7.596459453418652e-7
5.009999999999938	7.193456464595931e-7
5.019999999999937	6.811021827336703e-7
5.029999999999937	6.448150471577373e-7
5.039999999999937	6.103884054469153e-7
5.049999999999937	5.777308911246224e-7
5.0599999999999365	5.467554093161081e-7
5.069999999999936	5.173789475170378e-7
5.079999999999936	4.89522395377782e-7
5.089999999999936	4.6311037131718424e-7
5.099999999999936	4.3807105707945696e-7
5.1099999999999355	4.1433603656232e-7
5.119999999999935	3.9184014470213207e-7
5.129999999999935	3.705213223907677e-7
5.139999999999935	3.503204706213784e-7
5.149999999999935	3.31181332602994e-7
5.159999999999934	3.1305034767158225e-7
5.169999999999934	2.958765257559005e-7
5.179999999999934	2.7961134938041173e-7
5.189999999999934	2.6420864698834543e-7
5.199999999999934	2.4962448647204453e-7
5.209999999999933	2.3581706922988407e-7
5.219999999999933	2.2274666945888004e-7
5.229999999999933	2.103754265890012e-7
5.239999999999933	1.9866743314436281e-7
5.2499999999999325	1.8758848668922678e-7
5.259999999999932	1.7710609830292385e-7
5.269999999999932	1.671893197031092e-7
5.279999999999932	1.5780889379657288e-7
5.289999999999932	1.4893685879501866e-7
5.299999999999931	1.4054669831909233e-7
5.309999999999931	1.3261320770099076e-7
5.319999999999931	1.2511247561786312e-7
5.329999999999931	1.1802180365663202e-7
5.339999999999931	1.1131952800607936e-7
5.34999999999993	1.0498524077900169e-7
5.35999999999993	9.899944851864932e-8