-5.679999999999923	9.69310425398069e-8
-5.6699999999999235	1.020791045972405e-7
-5.659999999999924	1.0749171949141802e-7
-5.649999999999924	1.1318200845026928e-7
-5.639999999999924	1.1916372799351056e-7
-5.629999999999924	1.2545114919407286e-7
-5.619999999999925	1.3205946209619019e-7
-5.609999999999925	1.390044088803826e-7
-5.599999999999925	1.4630250674579522e-7
-5.589999999999925	1.539710656757495e-7
-5.5799999999999255	1.6202818082981244e-7
-5.569999999999926	1.7049281445854052e-7
-5.559999999999926	1.793848332396577e-7
-5.549999999999926	1.8872499992682172e-7
-5.539999999999926	1.9853505949330492e-7
-5.5299999999999265	2.0883776669279813e-7
-5.519999999999927	2.1965691455312204e-7
-5.509999999999927	2.3101744615802264e-7
-5.499999999999927	2.4294540350712343e-7
-5.489999999999927	2.5546806122511886e-7
-5.479999999999928	2.686139254060634e-7
-5.469999999999928	2.824128258532515e-7
-5.459999999999928	2.9689595807834766e-7
-5.449999999999928	3.1209592732597686e-7
-5.4399999999999284	3.280468521732538e-7
-5.429999999999929	3.447843799161989e-7
-5.419999999999929	3.6234577700613283e-7
-5.409999999999929	3.807700085590309e-7
-5.399999999999929	4.0009779629277306e-7
-5.3899999999999295	4.203716974110942e-7
-5.37999999999993	4.4163618388292623e-7
-5.36999999999993	4.639377241597133e-7
-5.35999999999993	4.873248678435218e-7
-5.34999999999993	5.118483341181171e-7
-5.339999999999931	5.375611018529296e-7
-5.329999999999931	5.6451851045211e-7
-5.319999999999931	5.927783555727417e-7
-5.309999999999931	6.224009886815933e-7
-5.299999999999931	6.534494298104085e-7
-5.289999999999932	6.859894747095383e-7
-5.279999999999932	7.200898178108317e-7
-5.269999999999932	7.558221684266228e-7
-5.259999999999932	7.932613698518204e-7
-5.2499999999999325	8.324855376342946e-7
-5.239999999999933	8.735761908063674e-7
-5.229999999999933	9.166183931112588e-7
-5.219999999999933	9.617008978483933e-7
-5.209999999999933	1.0089162920724709e-6
-5.199999999999934	1.0583611810655047e-6
-5.189999999999934	1.1101363029311399e-6
-5.179999999999934	1.1643467522715403e-6
-5.169999999999934	1.2211021077019912e-6
-5.159999999999934	1.2805166410344774e-6
-5.149999999999935	1.342709499382943e-6
-5.139999999999935	1.4078049007528821e-6
-5.129999999999935	1.475932337205534e-6
-5.119999999999935	1.5472267857015547e-6
-5.1099999999999355	1.6218289263445158e-6
-5.099999999999936	1.699885375166658e-6
-5.089999999999936	1.7815488945178373e-6
-5.079999999999936	1.8669786794520894e-6
-5.069999999999936	1.9563405612240697e-6
-5.0599999999999365	2.0498073109756014e-6
-5.049999999999937	2.1475588909013635e-6
-5.039999999999937	2.2497827307391106e-6
-5.029999999999937	2.356674020528873e-6
-5.019999999999937	2.468436047742271e-6
-5.009999999999938	2.5852804362658597e-6
-4.999999999999938	2.707427553971542e-6
-4.989999999999938	2.8351067800466074e-6
-4.979999999999938	2.9685568879921494e-6
-4.9699999999999385	3.108026381765732e-6
-4.959999999999939	3.2537739043854816e-6
-4.949999999999939	3.4060685779225465e-6
-4.939999999999939	3.5651904306297135e-6
-4.929999999999939	3.7314308142191386e-6
-4.9199999999999395	3.905092798312971e-6
-4.90999999999994	4.086491644539263e-6
-4.89999999999994	4.2759552461453685e-6
-4.88999999999994	4.473824604623938e-6
-4.87999999999994	4.6804543132803705e-6
-4.869999999999941	4.89621307005694e-6
-4.859999999999941	5.121484195095741e-6
-4.849999999999941	5.356666166932165e-6
-4.839999999999941	5.6021731881924426e-6
-4.8299999999999415	5.858435756756658e-6
-4.819999999999942	6.12590125861028e-6
-4.809999999999942	6.405034593611113e-6
-4.799999999999942	6.6963188138840535e-6
-4.789999999999942	7.00025573647322e-6
-4.7799999999999425	7.317366696488471e-6
-4.769999999999943	7.648193194160544e-6
-4.759999999999943	7.993297645409989e-6
-4.749999999999943	8.353264084564222e-6
-4.739999999999943	8.728699004311098e-6
-4.729999999999944	9.120232098468865e-6
-4.719999999999944	9.528517106443302e-6
-4.709999999999944	9.954232657185707e-6
-4.699999999999944	0.00001039808314096436
-4.689999999999944	0.00001086079961239937
-4.679999999999945	0.000011343140730555854
-4.669999999999945	0.000011845893705728906
-4.659999999999945	0.000012369875298890868
-4.649999999999945	0.000012915932844699973
-4.6399999999999455	0.000013484945295721486
-4.629999999999946	0.000014077824313113308
-4.619999999999946	0.000014695515392763133
-4.609999999999946	0.000015338998987754655
-4.599999999999946	0.000016009291767078703
-4.589999999999947	0.000016707447749626886
-4.579999999999947	0.000017434559608064406
-4.569999999999947	0.000018191760007408446
-4.559999999999947	0.000018980222866665882
-4.549999999999947	0.000019801164782974123
-4.539999999999948	0.000020655846438919238
-4.529999999999948	0.00002154557406847241
-4.519999999999948	0.000022471700952417145
-4.509999999999948	0.00002343562896041031
-4.4999999999999485	0.000024438810166574682
-4.489999999999949	0.000025482748457577475
-4.479999999999949	0.000026569001229239786
-4.469999999999949	0.000027699181126570597
-4.459999999999949	0.00002887495781526559
-4.4499999999999496	0.000030098059821010872
-4.43999999999995	0.00003137027640710165
-4.42999999999995	0.00003269345951832873
-4.41999999999995	0.00003406952576148733
-4.40999999999995	0.00003550045846236739
-4.399999999999951	0.000036988309763571366
-4.389999999999951	0.000038535202781225754
-4.379999999999951	0.00004014333382554155
-4.369999999999951	0.00004181497468441708
-4.3599999999999515	0.00004355247495165893
-4.349999999999952	0.000045358264439906545
-4.339999999999952	0.00004723485564634609
-4.329999999999952	0.000049184846278128116
-4.319999999999952	0.00005121092185505638
-4.3099999999999525	0.00005331585838258696
-4.299999999999953	0.00005550252507226323
-4.289999999999953	0.00005777388716007891
-4.279999999999953	0.00006013300878551937
-4.269999999999953	0.00006258305593492886
-4.259999999999954	0.00006512729947259039
-4.249999999999954	0.00006776911825076346
-4.239999999999954	0.00007051200227950981
-4.229999999999954	0.00007335955599187284
-4.2199999999999545	0.00007631550158734463
-4.209999999999955	0.00007938368244833865
-4.199999999999955	0.00008256806664779094
-4.189999999999955	0.00008587275054385612
-4.179999999999955	0.00008930196245421858
-4.1699999999999555	0.00009286006641606434
-4.159999999999956	0.00009655156605337678
-4.149999999999956	0.00010038110850829721
-4.139999999999956	0.00010435348848467104
-4.129999999999956	0.00010847365239548895
-4.119999999999957	0.00011274670252123896
-4.109999999999957	0.00011717790142713376
-4.099999999999957	0.00012177267632605641
-4.089999999999957	0.00012653662362677046
-4.079999999999957	0.00013147551348558027
-4.069999999999958	0.00013659529463061354
-4.059999999999958	0.00014190209912739811
-4.049999999999958	0.00014740224731292712
-4.039999999999958	0.00015310225284596415
-4.0299999999999585	0.0001590088278525315
-4.019999999999959	0.00016512888816995526
-4.009999999999959	0.0001714695587210699
-3.9999999999999587	0.0001780381789943819
-3.989999999999959	0.00018484230862126662
-3.979999999999959	0.0001918897330907331
-3.9699999999999593	0.00019918846957188806
-3.9599999999999596	0.00020674677283436627
-3.9499999999999598	0.00021457314131938208
-3.93999999999996	0.00022267632331482933
-3.92999999999996	0.00023106532323137938
-3.9199999999999604	0.00023974940803270906
-3.9099999999999606	0.00024873811377551833
-3.899999999999961	0.0002580412522583993
-3.889999999999961	0.0002676689178122874
-3.8799999999999613	0.0002776314942139721
-3.8699999999999615	0.00028793966172081055
-3.8599999999999617	0.0002986044042272724
-3.849999999999962	0.0003096370165685096
-3.839999999999962	0.00032104911193071064
-3.8299999999999623	0.0003328526293965426
-3.8199999999999625	0.000345059841629135
-3.8099999999999627	0.00035768336268048034
-3.799999999999963	0.0003707361559157535
-3.789999999999963	0.00038423154210176876
-3.7799999999999634	0.0003981832075932863
-3.7699999999999636	0.000412605212669483
-3.759999999999964	0.00042751199997722775
-3.749999999999964	0.00044291840316610276
-3.7399999999999642	0.0004588396555728806
-3.7299999999999645	0.0004752913991005153
-3.7199999999999647	0.000492289693200572
-3.709999999999965	0.0005098510239856541
-3.699999999999965	0.0005279923134865582
-3.6899999999999653	0.0005467309290326926
-3.6799999999999655	0.0005660846927557027
-3.6699999999999657	0.0005860718912075281
-3.659999999999966	0.0006067112851700274
-3.649999999999966	0.0006280221195052827
-3.6399999999999664	0.0006500241331880548
-3.6299999999999666	0.0006727375694536866
-3.619999999999967	0.0006961831860492969
-3.609999999999967	0.0007203822656248191
-3.5999999999999672	0.0007453566262493388
-3.5899999999999674	0.0007711286320218209
-3.5799999999999677	0.0007977212038107739
-3.569999999999968	0.0008251578301441864
-3.559999999999968	0.000853462578129379
-3.5499999999999683	0.0008826601045569736
-3.5399999999999685	0.0009127756670928065
-3.5299999999999687	0.0009438351355576507
-3.519999999999969	0.000975865003311428
-3.509999999999969	0.0010088923987884716
-3.4999999999999694	0.0010429450970314538
-3.4899999999999696	0.0010780515313973562
-3.47999999999997	0.0011142408053388003
-3.46999999999997	0.0011515427042451379
-3.45999999999997	0.0011899877073829252
-3.4499999999999704	0.0012296069999183045
-3.4399999999999706	0.0012704324850048869
-3.429999999999971	0.001312496795931617
-3.419999999999971	0.001355833308360222
-3.4099999999999713	0.0014004761526011892
-3.3999999999999715	0.0014464602259516147
-3.3899999999999717	0.0014938212050718642
-3.379999999999972	0.0015425955584425952
-3.369999999999972	0.0015928205588035876
-3.3599999999999723	0.0016445342956705705
-3.3499999999999726	0.0016977756878648748
-3.3399999999999728	0.0017525844960464185
-3.329999999999973	0.001809001335286812
-3.319999999999973	0.0018670676876264062
-3.3099999999999734	0.0019268259146515336
-3.2999999999999736	0.0019883192700414346
-3.289999999999974	0.002051591912124647
-3.279999999999974	0.002116688916384084
-3.2699999999999743	0.0021836562879519773
-3.2599999999999745	0.0022525409740655556
-3.2499999999999747	0.002323390876462247
-3.239999999999975	0.0023962548637212625
-3.229999999999975	0.002471182783559147
-3.2199999999999753	0.0025482254750214565
-3.2099999999999755	0.002627434780602746
-3.1999999999999758	0.002708863558288679
-3.189999999999976	0.0027925656934675623
-3.179999999999976	0.0028785961107370465
-3.1699999999999764	0.002967010785606235
-3.1599999999999766	0.0030578667560314256
-3.149999999999977	0.0031512221338208563
-3.139999999999977	0.0032471361158912977
-3.1299999999999772	0.0033456689953401007
-3.1199999999999775	0.0034468821723350053
-3.1099999999999777	0.0035508381648293613
-3.099999999999978	0.003657600619063454
-3.089999999999978	0.003767234319831974
-3.0799999999999783	0.0038798052005524844
-3.0699999999999785	0.00399538035307382
-3.0599999999999787	0.00411402803721534
-3.049999999999979	0.004235817690063241
-3.039999999999979	0.004360819934973559
-3.0299999999999794	0.004489106590260364
-3.0199999999999796	0.00462075067759866
-3.00999999999998	0.0047558264300935375
-2.99999999999998	0.0048944092999968734
-2.9899999999999802	0.00503657596607739
-2.9799999999999804	0.005182404340636177
-2.9699999999999807	0.005331973576101438
-2.959999999999981	0.005485364071250987
-2.949999999999981	0.005642657477019599
-2.9399999999999813	0.0058039367018492384
-2.9299999999999815	0.005969285916609161
-2.9199999999999817	0.006138790559063495
-2.909999999999982	0.00631253733782477
-2.899999999999982	0.00649061423583569
-2.8899999999999824	0.006673110513336737
-2.8799999999999826	0.006860116710311574
-2.869999999999983	0.007051724648273179
-2.859999999999983	0.007248027431735507
-2.849999999999983	0.0074491194488474225
-2.8399999999999834	0.007655096371547491
-2.8299999999999836	0.007866055155100781
-2.819999999999984	0.00808209403697568
-2.809999999999984	0.008303312535071779
-2.7999999999999843	0.008529811445300349
-2.7899999999999845	0.008761692838460768
-2.7799999999999847	0.00899906005640198
-2.769999999999985	0.009242017707492717
-2.759999999999985	0.009490671661356323
-2.7499999999999853	0.009745129042708607
-2.7399999999999856	0.010005498224709202
-2.7299999999999858	0.010271888821243278
-2.719999999999986	0.010544411678507887
-2.709999999999986	0.010823178865778074
-2.6999999999999864	0.011108303665299097
-2.6899999999999866	0.011399900561323454
-2.679999999999987	0.01169808522827016
-2.669999999999987	0.012002974517994307
-2.6599999999999873	0.01231468644611196
-2.6499999999999875	0.012633340177422013
-2.6399999999999877	0.012959056010380126
-2.629999999999988	0.013291955360579595
-2.619999999999988	0.01363216074327294
-2.6099999999999883	0.01397979575490325
-2.5999999999999885	0.01433498505359125
-2.5899999999999888	0.014697854338617998
-2.579999999999989	0.015068530328860453
-2.569999999999989	0.01544714074015363
-2.5599999999999894	0.01583381426158261
-2.5499999999999896	0.0162286805307061
-2.53999999999999	0.016631870107646274
-2.52999999999999	0.017043514448069955
-2.5199999999999902	0.01746374587506361
-2.5099999999999905	0.017892697549834653
-2.4999999999999907	0.018330503441261296
-2.489999999999991	0.018777298294298795
-2.479999999999991	0.019233217597185662
-2.4699999999999913	0.019698397547453016
-2.4599999999999915	0.02017297501676385
-2.4499999999999917	0.020657087514517936
-2.439999999999992	0.02115087315023355
-2.429999999999992	0.021654470594721517
-2.4199999999999924	0.022168019040015162
-2.4099999999999926	0.02269165815803477
-2.399999999999993	0.023225528058036887
-2.389999999999993	0.023769769242792765
-2.3799999999999932	0.02432452256348238
-2.3699999999999934	0.024889929173355228
-2.3599999999999937	0.025466130480112682
-2.349999999999994	0.02605326809698901
-2.339999999999994	0.02665148379258808
-2.3299999999999943	0.027260919439436822
-2.3199999999999945	0.027881716961238392
-2.3099999999999947	0.028514018278867473
-2.299999999999995	0.029157965255120256
-2.289999999999995	0.029813699638026155
-2.2799999999999954	0.030481363003173056
-2.2699999999999956	0.031161096694509442
-2.259999999999996	0.0318530417639808
-2.249999999999996	0.03255733890989841
-2.239999999999996	0.033274128414075975
-2.2299999999999964	0.034003550077683665
-2.2199999999999966	0.03474574315587985
-2.209999999999997	0.03550084629123947
-2.199999999999997	0.03626899744593353
-2.1899999999999973	0.03705033383271176
-2.1799999999999975	0.037844991844714494
-2.1699999999999977	0.03865310698409221
-2.159999999999998	0.039474813789447054
-2.149999999999998	0.040310245762170925
-2.1399999999999983	0.04115953529165143
-2.1299999999999986	0.04202281357921482
-2.1199999999999988	0.04290021056131014
-2.109999999999999	0.04379185483130787
-2.099999999999999	0.04469787356037927
-2.0899999999999994	0.04561839241736482
-2.0799999999999996	0.046553535487625274
-2.07	0.04750342519089887
-2.06	0.04846818219824837
-2.0500000000000003	0.04944792534807901
-2.0400000000000005	0.050442771561244444
-2.0300000000000007	0.051452835755328254
-2.020000000000001	0.05247823075809503
-2.010000000000001	0.05351906722012042
-2.0000000000000013	0.05457545352669784
-1.9900000000000015	0.055647495709022526
-1.9800000000000015	0.0567352973546566
-1.9700000000000015	0.05783895951737752
-1.9600000000000015	0.05895858062642923
-1.9500000000000015	0.06009425639516809
-1.9400000000000015	0.06124607972920945
-1.9300000000000015	0.062414140634109314
-1.9200000000000015	0.06359852612257265
-1.9100000000000015	0.06479932012128695
-1.9000000000000015	0.06601660337743204
-1.8900000000000015	0.06725045336485796
-1.8800000000000014	0.06850094419002921
-1.8700000000000014	0.0697681464977921
-1.8600000000000014	0.0710521273769689
-1.8500000000000014	0.07235295026585882
-1.8400000000000014	0.07367067485773589
-1.8300000000000014	0.07500535700632545
-1.8200000000000014	0.07635704863134846
-1.8100000000000014	0.07772579762424041
-1.8000000000000014	0.07911164775399139
-1.7900000000000014	0.08051463857328371
-1.7800000000000014	0.08193480532491926
-1.7700000000000014	0.08337217884859596
-1.7600000000000013	0.08482678548812189
-1.7500000000000013	0.08629864699912805
-1.7400000000000013	0.08778778045733258
-1.7300000000000013	0.08929419816739073
-1.7200000000000013	0.09081790757246871
-1.7100000000000013	0.09235891116455637
-1.7000000000000013	0.09391720639556009
-1.6900000000000013	0.09549278558931175
-1.6800000000000013	0.09708563585453515
-1.6700000000000013	0.0986957389987854
-1.6600000000000013	0.10032307144348837
-1.6500000000000012	0.10196760414019279
-1.6400000000000012	0.10362930248794794
-1.6300000000000012	0.10530812625204591
-1.6200000000000012	0.10700402948411962
-1.6100000000000012	0.10871696044364765
-1.6000000000000012	0.11044686152098498
-1.5900000000000012	0.11219366916199207
-1.5800000000000012	0.11395731379426415
-1.5700000000000012	0.11573771975510797
-1.5600000000000012	0.11753480522133783
-1.5500000000000012	0.1193484821408779
-1.5400000000000011	0.12117865616631879
-1.5300000000000011	0.12302522659053115
-1.5200000000000011	0.12488808628427539
-1.5100000000000011	0.12676712163600676
-1.500000000000001	0.12866221249389007
-1.490000000000001	0.13057323211010113
-1.480000000000001	0.13250004708746146
-1.470000000000001	0.13444251732856655
-1.460000000000001	0.13640049598733536
-1.450000000000001	0.1383738294231283
-1.440000000000001	0.1403623571575759
-1.430000000000001	0.14236591183403796
-1.420000000000001	0.14438431917977804
-1.410000000000001	0.14641739797108302
-1.400000000000001	0.14846496000119486
-1.390000000000001	0.15052681005120938
-1.380000000000001	0.15260274586404818
-1.370000000000001	0.15469255812131472
-1.360000000000001	0.15679603042366907
-1.350000000000001	0.15891293927388384
-1.340000000000001	0.16104305406365624
-1.330000000000001	0.16318613706335572
-1.320000000000001	0.1653419434153654
-1.310000000000001	0.16751022113056763
-1.300000000000001	0.16969071108873188
-1.290000000000001	0.17188314704207586
-1.280000000000001	0.17408725562220947
-1.270000000000001	0.17630275635138853
-1.260000000000001	0.17852936165642877
-1.2500000000000009	0.1807667768876267
-1.2400000000000009	0.1830147003397862
-1.2300000000000009	0.18527282327847458
-1.2200000000000009	0.18754082996907825
-1.2100000000000009	0.18981839771099193
-1.2000000000000008	0.1921051968731076
-1.1900000000000008	0.19440089093685256
-1.1800000000000008	0.19670513653973673
-1.1700000000000008	0.19901758352506152
-1.1600000000000008	0.20133787499461056
-1.1500000000000008	0.20366564736565423
-1.1400000000000008	0.20600053043185781
-1.1300000000000008	0.20834214742830878
-1.1200000000000008	0.2106901151005343
-1.1100000000000008	0.21304404377752822
-1.1000000000000008	0.21540353744892704
-1.0900000000000007	0.21776819384620205
-1.0800000000000007	0.2201376045278681
-1.0700000000000007	0.22251135496884283
-1.0600000000000007	0.22488902465383745
-1.0500000000000007	0.22727018717472353
-1.0400000000000007	0.22965441033204598
-1.0300000000000007	0.23204125624053684
-1.0200000000000007	0.23443028143852676
-1.0100000000000007	0.2368210370015082
-1.0000000000000007	0.23921306865971365
-0.9900000000000007	0.24160591691924665
-0.9800000000000006	0.24399911718778225
-0.9700000000000006	0.24639219990352088
-0.9600000000000006	0.24878469066836076
-0.9500000000000006	0.25117611038483917
-0.9400000000000006	0.2535659753967784
-0.9300000000000006	0.2559537976336579
-0.9200000000000006	0.25833908475878326
-0.9100000000000006	0.26072134032102373
-0.9000000000000006	0.2631000639100976
-0.8900000000000006	0.26547475131548653
-0.8800000000000006	0.2678448946887802
-0.8700000000000006	0.27020998270938096
-0.8600000000000005	0.2725695007536485
-0.8500000000000005	0.2749229310673013
-0.8400000000000005	0.2772697529409795
-0.8300000000000005	0.27960944288900025
-0.8200000000000005	0.28194147483086845
-0.8100000000000005	0.28426532027738555
-0.8000000000000005	0.28658044851631326
-0.7900000000000005	0.28888632680389864
-0.7800000000000005	0.2911824205586547
-0.7700000000000005	0.2934681935563443
-0.7600000000000005	0.29574310812913057
-0.7500000000000004	0.29800662536547123
-0.7400000000000004	0.30025820531470676
-0.7300000000000004	0.3024973071915565
-0.7200000000000004	0.3047233895839981
-0.7100000000000004	0.3069359106632826
-0.7000000000000004	0.3091343283951472
-0.6900000000000004	0.3113181007536181
-0.6800000000000004	0.31348668593608237
-0.6700000000000004	0.3156395425800566
-0.6600000000000004	0.31777612998162574
-0.6500000000000004	0.3198959083148992
-0.6400000000000003	0.32199833885303497
-0.6300000000000003	0.32408288419038184
-0.6200000000000003	0.3261490084653012
-0.6100000000000003	0.32819617758430664
-0.6000000000000003	0.33022385944658783
-0.5900000000000003	0.3322315241694963
-0.5800000000000003	0.3342186443139627
-0.5700000000000003	0.3361846951115523
-0.5600000000000003	0.3381291546896764
-0.5500000000000003	0.3400515042988816
-0.5400000000000003	0.34195122853910803
-0.5300000000000002	0.34382781558595016
-0.5200000000000002	0.34568075741669574
-0.5100000000000002	0.3475095500358276
-0.5000000000000002	0.34931369370000614
-0.49000000000000027	0.3510926931422725
-0.48000000000000026	0.35284605779548195
-0.47000000000000025	0.3545733020146345
-0.46000000000000024	0.3562739452981589
-0.45000000000000023	0.3579475125078754
-0.4400000000000002	0.35959353408756006
-0.4300000000000002	0.36121154627993407
-0.4200000000000002	0.36280109134200766
-0.4100000000000002	0.3643617177585544
-0.4000000000000002	0.36589298045362195
-0.3900000000000002	0.3673944409999782
-0.38000000000000017	0.36886566782625846
-0.37000000000000016	0.37030623642177957
-0.36000000000000015	0.3717157295388406
-0.35000000000000014	0.3730937373923629
-0.34000000000000014	0.3744398578567382
-0.3300000000000001	0.37575369665983327
-0.3200000000000001	0.37703486757389154
-0.3100000000000001	0.37828299260328463
-0.3000000000000001	0.37949770216899875
-0.2900000000000001	0.38067863528968626
-0.2800000000000001	0.38182543975915334
-0.2700000000000001	0.38293777232023013
-0.26000000000000006	0.3840152988348355
-0.25000000000000006	0.3850576944501233
-0.24000000000000007	0.3860646437606631
-0.23000000000000007	0.3870358409664667
-0.22000000000000006	0.38797099002676827
-0.21000000000000005	0.3888698048094861
-0.20000000000000004	0.38973200923623597
-0.19000000000000003	0.39055733742275905
-0.18000000000000002	0.391345533814738
-0.17	0.3920963533188666
-0.16	0.39280956142904255
-0.15	0.3934849343476627
-0.13999999999999999	0.39412225910190857
-0.12999999999999998	0.39472133365489437
-0.11999999999999998	0.395281967011502
-0.10999999999999999	0.39580397931973516
-0.09999999999999999	0.3962872019651784
-0.09	0.39673147766159794
-0.08	0.3971366605353258
-0.07	0.3975026162042317
-0.060000000000000005	0.3978292218511095
-0.05	0.398116366291448
-0.04	0.39836395003545805
-0.03	0.3985718853443635
-0.02	0.3987400962809293
-0.01	0.3988685187541257
0	0.3989571005579247
0.01	0.39900580140422937
0.02	0.39901459294984565
0.03	0.39898345881751063
0.04	0.39891239461095584
0.05	0.39880140792399216
0.060000000000000005	0.3986505183435669
0.07	0.3984597574468592
0.08	0.3982291687923493
0.09	0.39795880790486304
0.09999999999999999	0.3976487422546556
0.10999999999999999	0.39729905123048936
0.11999999999999998	0.3969098261067132
0.12999999999999998	0.39648117000442284
0.13999999999999999	0.3960131978466712
0.15	0.39550603630775466
0.16	0.3949598237567879
0.17	0.39437471019471754
0.18000000000000002	0.39375085718695185
0.19000000000000003	0.3930884377888014
0.20000000000000004	0.3923876364659452
0.21000000000000005	0.39164864900905233
0.22000000000000006	0.3908716824428222
0.23000000000000007	0.3900569549294871
0.24000000000000007	0.3892046956667993
0.25000000000000006	0.3883151447806136
0.26000000000000006	0.3873885532121407
0.2700000000000001	0.3864251825998968
0.2800000000000001	0.385425305156464
0.2900000000000001	0.3843892035401566
0.3000000000000001	0.383317170721635
0.3100000000000001	0.38220950984557484
0.3200000000000001	0.38106653408751456
0.3300000000000001	0.37988856650591846
0.34000000000000014	0.3786759398895852
0.35000000000000014	0.3774289966005221
0.36000000000000015	0.3761480884123476
0.37000000000000016	0.3748335763443382
0.38000000000000017	0.373485830491275
0.3900000000000002	0.3721052298491424
0.4000000000000002	0.3706921621368129
0.4100000000000002	0.36924702361386846
0.4200000000000002	0.36777021889464023
0.4300000000000002	0.3662621607585835
0.4400000000000002	0.36472326995716314
0.45000000000000023	0.3631539750173311
0.46000000000000024	0.36155471204172096
0.47000000000000025	0.3599259245057363
0.48000000000000026	0.35826806305163195
0.49000000000000027	0.35658158527970435
0.5000000000000002	0.3548669555367762
0.5100000000000002	0.35312464470209076
0.5200000000000002	0.3513551299707214
0.5300000000000002	0.3495588946346946
0.5400000000000003	0.3477364278619372
0.5500000000000003	0.3458882244731804
0.5600000000000003	0.3440147847169768
0.5700000000000003	0.34211661404299865
0.5800000000000003	0.34019422287370105
0.5900000000000003	0.33824812637454943
0.6000000000000003	0.3362788442229476
0.6100000000000003	0.33428690037611897
0.6200000000000003	0.33227282283729925
0.6300000000000003	0.330237143422433
0.6400000000000003	0.3281803975247573
0.6500000000000004	0.32610312387950663
0.6600000000000004	0.32400586432804135
0.6700000000000004	0.32188916358169745
0.6800000000000004	0.3197535689854641
0.6900000000000004	0.3175996302816996
0.7000000000000004	0.31542789937396515
0.7100000000000004	0.3132389300911398
0.7200000000000004	0.3110332779519854
0.7300000000000004	0.30881149993026175
0.7400000000000004	0.30657415422053896
0.7500000000000004	0.3043218000048737
0.7600000000000005	0.3020549972204591
0.7700000000000005	0.29977430632836716
0.7800000000000005	0.2974802880835692
0.7900000000000005	0.29517350330632586
0.8000000000000005	0.2928545126550681
0.8100000000000005	0.29052387640093175
0.8200000000000005	0.28818215420406096
0.8300000000000005	0.2858299048917679
0.8400000000000005	0.2834676862387269
0.8500000000000005	0.2810960547492859
0.8600000000000005	0.2787155654420188
0.8700000000000006	0.2763267716366305
0.8800000000000006	0.2739302247433541
0.8900000000000006	0.27152647405489677
0.9000000000000006	0.2691160665410864
0.9100000000000006	0.26669954664632184
0.9200000000000006	0.2642774560898884
0.9300000000000006	0.2618503336692737
0.9400000000000006	0.2594187150665881
0.9500000000000006	0.2569831326581339
0.9600000000000006	0.25454411532725685
0.9700000000000006	0.2521021882805601
0.9800000000000006	0.24965787286754784
0.9900000000000007	0.24721168640377736
1.0000000000000007	0.24476414199763644
1.0100000000000007	0.2423157483807667
1.0200000000000007	0.23986700974223304
1.0300000000000007	0.23741842556651527
1.0400000000000007	0.23497049047536048
1.0500000000000007	0.2325236940735692
1.0600000000000007	0.2300785207987836
1.0700000000000007	0.22763544977532013
1.0800000000000007	0.22519495467208464
1.0900000000000007	0.22275750356465873
1.1000000000000008	0.22032355880155494
1.1100000000000008	0.21789357687470934
1.1200000000000008	0.2154680082942406
1.1300000000000008	0.21304729746752035
1.1400000000000008	0.21063188258255044
1.1500000000000008	0.20822219549572904
1.1600000000000008	0.20581866162398474
1.1700000000000008	0.2034216998413151
1.1800000000000008	0.20103172237974307
1.1900000000000008	0.19864913473472887
1.2000000000000008	0.19627433557499702
1.2100000000000009	0.19390771665683132
1.2200000000000009	0.19154966274284024
1.2300000000000009	0.1892005515251528
1.2400000000000009	0.18686075355308057
1.2500000000000009	0.1845306321652483
1.260000000000001	0.18221054342613488
1.270000000000001	0.17990083606705895
1.280000000000001	0.17760185143158982
1.290000000000001	0.17531392342533628
1.300000000000001	0.17303737847011405
1.310000000000001	0.1707725354624887
1.320000000000001	0.16851970573661754
1.330000000000001	0.16627919303140246
1.340000000000001	0.16405129346191233
1.350000000000001	0.16183629549503142
1.360000000000001	0.15963447992929883
1.370000000000001	0.15744611987890975
1.380000000000001	0.1552714807618338
1.390000000000001	0.15311082029198156
1.400000000000001	0.15096438847541724
1.410000000000001	0.14883242761053353
1.420000000000001	0.14671517229214337
1.430000000000001	0.14461284941944014
1.440000000000001	0.14252567820778983
1.450000000000001	0.1404538702042404
1.460000000000001	0.13839762930676336
1.470000000000001	0.13635715178711152
1.480000000000001	0.1343326263172491
1.490000000000001	0.1323242339992846
1.500000000000001	0.13033214839886376
1.5100000000000011	0.12835653558190385
1.5200000000000011	0.1263975541546534
1.5300000000000011	0.12445535530697664
1.5400000000000011	0.12253008285879886
1.5500000000000012	0.12062187330962919
1.5600000000000012	0.11873085589111111
1.5700000000000012	0.11685715262249739
1.5800000000000012	0.11500087836898101
1.5900000000000012	0.11316214090282825
1.6000000000000012	0.11134104096718171
1.6100000000000012	0.10953767234253325
1.6200000000000012	0.10775212191568596
1.6300000000000012	0.10598446975122441
1.6400000000000012	0.1042347891653463
1.6500000000000012	0.10250314680200218
1.6600000000000013	0.10078960271125291
1.6700000000000013	0.0990942104297507
1.6800000000000013	0.09741701706331035
1.6900000000000013	0.09575806337139889
1.7000000000000013	0.0941173838535508
1.7100000000000013	0.09249500683758172
1.7200000000000013	0.0908909545695218
1.7300000000000013	0.08930524330518227
1.7400000000000013	0.08773788340328119
1.7500000000000013	0.08618887942005961
1.7600000000000013	0.08465823020525533
1.7700000000000014	0.08314592899941986
1.7800000000000014	0.08165196353245113
1.7900000000000014	0.0801763161232622
1.8000000000000014	0.07871896378053765
1.8100000000000014	0.07727987830446176
1.8200000000000014	0.07585902638936048
1.8300000000000014	0.07445636972717011
1.8400000000000014	0.07307186511166268
1.8500000000000014	0.07170546454333446
1.8600000000000014	0.07035711533490252
1.8700000000000014	0.06902676021732271
1.8800000000000014	0.06771433744625267
1.8900000000000015	0.06641978090888428
1.9000000000000015	0.06514302023110115
1.9100000000000015	0.06388398088483883
1.9200000000000015	0.06264258429561745
1.9300000000000015	0.06141874795017976
1.9400000000000015	0.06021238550413119
1.9500000000000015	0.05902340688955348
1.9600000000000015	0.05785171842250338
1.9700000000000015	0.056697222910342245
1.9800000000000015	0.05555981975882708
1.9900000000000015	0.054439405078910506
2.0000000000000013	0.05333587179318643
2.010000000000001	0.05224910974190419
2.020000000000001	0.051179005788533086
2.0300000000000007	0.05012544392478999
2.0400000000000005	0.04908830537507388
2.0500000000000003	0.0480674687002762
2.06	0.047062809900912425
2.07	0.04607420251948836
2.0799999999999996	0.045101517742110735
2.0899999999999994	0.04414462449925252
2.099999999999999	0.04320338956563231
2.109999999999999	0.04227767765919046
2.1199999999999988	0.04136735153908587
2.1299999999999986	0.04047227210269361
2.1399999999999983	0.039592298481522445
2.149999999999998	0.038727288136226314
2.159999999999998	0.03787709695014728
2.1699999999999977	0.037041579322052126
2.1799999999999975	0.036220588257515805
2.1899999999999973	0.03541397545911439
2.199999999999997	0.03462159141537456
2.209999999999997	0.03384328548844611
2.2199999999999966	0.03307890600047505
2.2299999999999964	0.032328300318637565
2.239999999999996	0.03159131493883587
2.249999999999996	0.030867795568011953
2.259999999999996	0.030157587205059542
2.2699999999999956	0.0294605342203329
2.2799999999999954	0.028776480433687558
2.289999999999995	0.028105269191204457
2.299999999999995	0.027446743440183476
2.3099999999999947	0.026800745802928017
2.3199999999999945	0.026167118648889036
2.3299999999999943	0.02554570416535581
2.339999999999994	0.024936344426616536
2.349999999999994	0.02433888146160057
2.3599999999999937	0.023753157319996464
2.3699999999999934	0.023179014136834254
2.3799999999999932	0.022616294195521323
2.389999999999993	0.0220648399893455
2.399999999999993	0.021524494281427314
2.4099999999999926	0.02099510016312559
2.4199999999999924	0.02047650111089937
2.429999999999992	0.019968541041622923
2.439999999999992	0.019471064366356268
2.4499999999999917	0.018983916042579978
2.4599999999999915	0.018506941624889896
2.4699999999999913	0.018039987314168122
2.479999999999991	0.0175829000052184
2.489999999999991	0.01713552733289949
2.4999999999999907	0.016697717716739426
2.5099999999999905	0.016269320404055262
2.5199999999999902	0.01585018551157967
2.52999999999999	0.015440164065615563
2.53999999999999	0.015039108040711006
2.5499999999999896	0.014646870396897035
2.5599999999999894	0.014263305115464387
2.569999999999989	0.013888267233328656
2.579999999999989	0.013521612875969372
2.5899999999999888	0.013163199288982772
2.5999999999999885	0.01281288486820318
2.6099999999999883	0.012470529188644667
2.619999999999988	0.012135993031739152
2.629999999999988	0.011809138411592096
2.6399999999999877	0.011489828599750479
2.6499999999999875	0.011177928148678483
2.6599999999999873	0.010873302914115089
2.669999999999987	0.010575820075861728
2.679999999999987	0.010285348157641398
2.6899999999999866	0.010001757045592223
2.6999999999999864	0.009724918005588945
2.709999999999986	0.009454703699394754
2.719999999999986	0.009190988199654016
2.7299999999999858	0.008933647003756026
2.7399999999999856	0.008682557046585413
2.7499999999999853	0.008437596712184471
2.759999999999985	0.008198645844347013
2.769999999999985	0.007965585756172967
2.7799999999999847	0.007738299238591611
2.7899999999999845	0.0075166705678926206
2.7999999999999843	0.007300585512278823
2.809999999999984	0.007089931337462521
2.819999999999984	0.006884596811332375
2.8299999999999836	0.006684472207711384
2.8399999999999834	0.006489449309233157
2.849999999999983	0.006299421409344862
2.859999999999983	0.006114283313487144
2.869999999999983	0.005933931339442552
2.8799999999999826	0.005758263316899239
2.8899999999999824	0.005587178586240915
2.899999999999982	0.005420577996586704
2.909999999999982	0.005258363903105867
2.9199999999999817	0.005100440163637076
2.9299999999999815	0.004946712134614229
2.9399999999999813	0.004797086666341757
2.949999999999981	0.004651472097633227
2.959999999999981	0.00450977824983187
2.9699999999999807	0.004371916420240218
2.9799999999999804	0.004237799374979521
2.9899999999999802	0.004107341341296949
2.99999999999998	0.003980457999340092
3.00999999999998	0.0038570664734322393
3.0199999999999796	0.0037370853228530414
3.0299999999999794	0.003620434532152889
3.039999999999979	0.003507035501017568
3.049999999999979	0.003396811033715186
3.0599999999999787	0.0032896853281205512
3.0699999999999785	0.003185583964358699
3.0799999999999783	0.003084433893082345
3.089999999999978	0.0029861634233874046
3.099999999999978	0.0028907022104013853
3.1099999999999777	0.0027979812425612616
3.1199999999999775	0.0027079328285805416
3.1299999999999772	0.0026204905841483717
3.139999999999977	0.0025355894183658766
3.149999999999977	0.0024531655199206753
3.1599999999999766	0.0023731563430495766
3.1699999999999764	0.002295500593276471
3.179999999999976	0.0022201382129553014
3.189999999999976	0.0021470103666267754
3.1999999999999758	0.0020760594262136346
3.2099999999999755	0.002007228956051626
3.2199999999999753	0.0019404636977891528
3.229999999999975	0.0018757095551592635
3.239999999999975	0.0018129135786386123
3.2499999999999747	0.0017520239500083618
3.2599999999999745	0.0016929899668285287
3.2699999999999743	0.0016357620268396367
3.279999999999974	0.0015802916122986588
3.289999999999974	0.001526531274282328
3.2999999999999736	0.0014744346169214058
3.3099999999999734	0.0014239562816354882
3.319999999999973	0.0013750519313404793
3.329999999999973	0.0013276782346512365
3.3399999999999728	0.0012817928500890817
3.3499999999999726	0.0012373544102993077
3.3599999999999723	0.0011943225062989846
3.369999999999972	0.0011526576717618045
3.379999999999972	0.0011123213673140046
3.3899999999999717	0.001073275964921961
3.3999999999999715	0.0010354847323096957
3.4099999999999713	0.0009989118174471455
3.419999999999971	0.0009635222331203885
3.429999999999971	0.0009292818415680467
3.4399999999999706	0.0008961573392174318
3.4499999999999704	0.0008641162415056226
3.45999999999997	0.0008331268678123646
3.46999999999997	0.0008031583264584095
3.47999999999997	0.0007741804998954211
3.4899999999999696	0.0007461640299277934
3.4999999999999694	0.0007190803031068455
3.509999999999969	0.0006929014362346129
3.519999999999969	0.0006676002620130435
3.5299999999999687	0.0006431503147817191
3.5399999999999685	0.0006195258164882611
3.5499999999999683	0.0005967016627120182
3.559999999999968	0.000574653408872387
3.569999999999968	0.0005533572565948958
3.5799999999999677	0.0005327900402182401
3.5899999999999674	0.0005129292134623608
3.5999999999999672	0.0004937528362510659
3.609999999999967	0.00047523956172707406
3.619999999999967	0.00045736862336774673
3.6299999999999666	0.000440119822332929
3.6399999999999664	0.00042347351494752494
3.649999999999966	0.0004074106003607573
3.659999999999966	0.00039191250837772095
3.6699999999999657	0.0003769611874578993
3.6799999999999655	0.00036253909291708255
3.6899999999999653	0.00034862917524384275
3.699999999999965	0.00033521486865638886
3.709999999999965	0.0003222800797958532
3.7199999999999647	0.0003098091766150365
3.7299999999999645	0.0002977869774378193
3.7399999999999642	0.0002861987401926572
3.749999999999964	0.00027503015183332944
3.759999999999964	0.00026426731792914893
3.7699999999999636	0.00025389675243650734
3.7799999999999634	0.00024390536764533777
3.789999999999963	0.000234280464307352
3.799999999999963	0.00022500972193011568
3.8099999999999627	0.00021608118925692038
3.8199999999999625	0.0002074832749193953
3.8299999999999623	0.00019920473825888794
3.839999999999962	0.00019123468032418466
3.849999999999962	0.00018356253504176766
3.8599999999999617	0.0001761780605588667
3.8699999999999615	0.00016907133074562993
3.8799999999999613	0.00016223272687790623
3.889999999999961	0.000155652929491421
3.899999999999961	0.00014932291036927635
3.9099999999999606	0.0001432339247420472
3.9199999999999604	0.0001373775036058603
3.92999999999996	0.00013174544621523287
3.93999999999996	0.00012632981278839757
3.9499999999999598	0.00012112291724916605
3.9599999999999596	0.00011611732023120536
3.9699999999999593	0.00011130582224042499
3.979999999999959	0.00010668145685662961
3.989999999999959	0.0001022374842072152
3.9999999999999587	0.00009796738453105034
4.009999999999959	0.00009386485189730564
4.019999999999959	0.00008992378807171874
4.0299999999999585	0.0000861382965205883
4.039999999999958	0.00008250267656088157
4.049999999999958	0.00007901141764328873
4.059999999999958	0.0000756591937751136
4.069999999999958	0.00007244085807415084
4.079999999999957	0.00006935143745736345
4.089999999999957	0.00006638612745602468
4.099999999999957	0.00006354028716237399
4.109999999999957	0.000060809434298744516
4.119999999999957	0.000058189240411416735
4.129999999999956	0.000055675526185590553
4.139999999999956	0.00005326425687977746
4.149999999999956	0.000050951537876758494
4.159999999999956	0.000048733610348942315
4.1699999999999555	0.0000466068470404302
4.179999999999955	0.00004456774815074276
4.189999999999955	0.000042612937337689276
4.199999999999955	0.00004073915782256615
4.209999999999955	0.00003894326859353314
4.2199999999999545	0.00003722224072224477
4.229999999999954	0.00003557315377482249
4.239999999999954	0.000033993192317818644
4.249999999999954	0.00003247964252626378
4.259999999999954	0.00003102988888557109
4.269999999999953	0.000029641410982770717
4.279999999999953	0.000028311780383128358
4.289999999999953	0.000027038657610534916
4.299999999999953	0.000025819789195742205
4.3099999999999525	0.000024653004823343848
4.319999999999952	0.00002353621455100167
4.329999999999952	0.00002246740611691262
4.339999999999952	0.000021444642318427376
4.349999999999952	0.000020466058478587485
4.3599999999999515	0.000019529859972268187
4.369999999999951	0.000018634319841480627
4.379999999999951	0.000017777776471565233
4.389999999999951	0.000016958631342097406
4.399999999999951	0.000016175346841792642
4.40999999999995	0.000015426444157078966
4.41999999999995	0.000014710501217079086
4.42999999999995	0.000014026150705744317
4.43999999999995	0.000013372078138567678
4.4499999999999496	0.0000127470199933426
4.459999999999949	0.000012149761915223032
4.469999999999949	0.000011579136911090692
4.479999999999949	0.000011034023739579667
4.489999999999949	0.000010513345225239894
4.4999999999999485	0.00001001606662417824
4.509999999999948	9.541194176895067e-6
4.519999999999948	9.087773558941085e-6
4.529999999999948	8.654888454804385e-6
4.539999999999948	8.241659169933497e-6
4.549999999999947	7.847241274860308e-6
4.559999999999947	7.470824310444009e-6
4.569999999999947	7.111630522457872e-6
4.579999999999947	6.768913650217029e-6
4.589999999999947	6.4419577421136715e-6
4.599999999999946	6.130076024421308e-6
4.609999999999946	5.832609799407882e-6
4.619999999999946	5.548927372002105e-6
4.629999999999946	5.278423076974694e-6
4.6399999999999455	5.020516210234178e-6
4.649999999999945	4.77465011121727e-6
4.659999999999945	4.540291281105204e-6
4.669999999999945	4.316928413350911e-6
4.679999999999945	4.104071583019689e-6
4.689999999999944	3.901251411849414e-6
4.699999999999944	3.708018259669621e-6
4.709999999999944	3.5239414602378925e-6
4.719999999999944	3.348608571593065e-6
4.729999999999944	3.1816246589329115e-6
4.739999999999943	3.0226116078341004e-6
4.749999999999943	2.871207451169517e-6
4.759999999999943	2.727065729201646e-6
4.769999999999943	2.5898548670751325e-6
4.7799999999999425	2.4592575908547947e-6
4.789999999999942	2.3349703299060245e-6
4.799999999999942	2.2167026893070285e-6
4.809999999999942	2.104176905293691e-6
4.819999999999942	1.9971273012610366e-6
4.8299999999999415	1.8952998656506135e-6
4.839999999999941	1.7984516907106987e-6
4.849999999999941	1.7063505859528853e-6
4.859999999999941	1.618774612201926e-6
4.869999999999941	1.5355116365643503e-6
4.87999999999994	1.4563589630622555e-6
4.88999999999994	1.3811229066753128e-6
4.89999999999994	1.3096184337332025e-6
4.90999999999994	1.2416688029836594e-6
4.9199999999999395	1.1771052039019353e-6
4.929999999999939	1.1157664354510756e-6
4.939999999999939	1.0574985693428053e-6
4.949999999999939	1.0021546606172454e-6
4.959999999999939	9.495944404787606e-7
4.9699999999999385	8.996840262472158e-7
4.979999999999938	8.522956447042537e-7
4.989999999999938	8.073073759339301e-7
4.999999999999938	7.646029133359566e-7
5.009999999999938	7.240713023960338e-7
5.019999999999937	6.856067151748414e-7
5.029999999999937	6.491082258884432e-7
5.039999999999937	6.144796031673787e-7
5.049999999999937	5.816290873495806e-7
5.0599999999999365	5.504692047368324e-7
5.069999999999936	5.209165901015434e-7
5.079999999999936	4.928917881297638e-7
5.089999999999936	4.6631908754369354e-7
5.099999999999936	4.4112634667244274e-7
5.1099999999999355	4.1724484542806085e-7
5.119999999999935	3.9460912460766907e-7
5.129999999999935	3.731568416599586e-7
5.139999999999935	3.5282862988146173e-7
5.149999999999935	3.335679636763994e-7
5.159999999999934	3.153210305224029e-7
5.169999999999934	2.9803660871296004e-7
5.179999999999934	2.8166595132332914e-7
5.189999999999934	2.661626592107192e-7
5.199999999999934	2.514825727289764e-7
5.209999999999933	2.375837158224371e-7
5.219999999999933	2.2442615506716818e-7
5.229999999999933	2.119718632969542e-7
5.239999999999933	2.001846932201547e-7
5.2499999999999325	1.8903029455949062e-7
5.259999999999932	1.7847603466145126e-7
5.269999999999932	1.6849083746332002e-7
5.279999999999932	1.5904518197992588e-7
5.289999999999932	1.5011102714385103e-7
5.299999999999931	1.4166172687123043e-7
5.309999999999931	1.336719589669676e-7
5.319999999999931	1.2611764801008873e-7
5.329999999999931	1.1897599316040163e-7
5.339999999999931	1.122252146093483e-7
5.34999999999993	1.058447082990755e-7
5.35999999999993	9.981497706867453e-8