-5.679999999999923	9.681521579573639e-8
-5.6699999999999235	1.0195779396567943e-7
-5.659999999999924	1.0736468967277583e-7
-5.649999999999924	1.1304898296385573e-7
-5.639999999999924	1.1902441905213621e-7
-5.629999999999924	1.253053509319185e-7
-5.619999999999925	1.3190683859864184e-7
-5.609999999999925	1.388446504265715e-7
-5.599999999999925	1.461352802474388e-7
-5.589999999999925	1.5379603265556813e-7
-5.5799999999999255	1.6184501492589974e-7
-5.569999999999926	1.7030115158739072e-7
-5.559999999999926	1.7918429260991375e-7
-5.549999999999926	1.8851521849590554e-7
-5.539999999999926	1.9831561036417157e-7
-5.5299999999999265	2.0860822858379347e-7
-5.519999999999927	2.1941684215849826e-7
-5.509999999999927	2.3076638537339524e-7
-5.499999999999927	2.42682881469185e-7
-5.489999999999927	2.551935740949412e-7
-5.479999999999928	2.6832695963215424e-7
-5.469999999999928	2.821128424380252e-7
-5.459999999999928	2.965823917665582e-7
-5.449999999999928	3.117682113090627e-7
-5.4399999999999284	3.277043602431371e-7
-5.429999999999929	3.4442647855044934e-7
-5.419999999999929	3.619718138063181e-7
-5.409999999999929	3.8037930007975056e-7
-5.399999999999929	3.996896318688451e-7
-5.3899999999999295	4.1994533815488037e-7
-5.37999999999993	4.411908617623117e-7
-5.36999999999993	4.634726405170647e-7
-5.35999999999993	4.868391905242248e-7
-5.34999999999993	5.11341200427992e-7
-5.339999999999931	5.370316191167501e-7
-5.329999999999931	5.639657471346567e-7
-5.319999999999931	5.922013419846239e-7
-5.309999999999931	6.217987193304893e-7
-5.299999999999931	6.528208603463352e-7
-5.289999999999932	6.853335227553092e-7
-5.279999999999932	7.194053570815957e-7
-5.269999999999932	7.551080215850194e-7
-5.259999999999932	7.925163224951764e-7
-5.2499999999999325	8.317083337659665e-7
-5.239999999999933	8.727655218168757e-7
-5.229999999999933	9.157729005501915e-7
-5.219999999999933	9.608191720067698e-7
-5.209999999999933	1.0079968770064247e-6
-5.199999999999934	1.0574025521387497e-6
-5.189999999999934	1.1091368924428054e-6
-5.179999999999934	1.163304920033749e-6
-5.169999999999934	1.2200161597925832e-6
-5.159999999999934	1.279384820763179e-6
-5.149999999999935	1.3415299849919649e-6
-5.139999999999935	1.406575803619665e-6
-5.129999999999935	1.4746516993400753e-6
-5.119999999999935	1.5458925783786564e-6
-5.1099999999999355	1.6204390451198355e-6
-5.099999999999936	1.698437634769681e-6
-5.089999999999936	1.7800410412978371e-6
-5.079999999999936	1.865408367265992e-6
-5.069999999999936	1.9547053717603707e-6
-5.0599999999999365	2.048104733108248e-6
-5.049999999999937	2.145786316583706e-6
-5.039999999999937	2.247937474438881e-6
-5.029999999999937	2.354753296868684e-6
-5.019999999999937	2.4664369636432006e-6
-5.009999999999938	2.58320001384303e-6
-4.999999999999938	2.705262689403362e-6
-4.989999999999938	2.8328542673637755e-6
-4.979999999999938	2.96621341062268e-6
-4.9699999999999385	3.105588518063377e-6
-4.959999999999939	3.2512380999986617e-6
-4.949999999999939	3.4034311601675874e-6
-4.939999999999939	3.562447609706746e-6
-4.929999999999939	3.728578665059743e-6
-4.9199999999999395	3.9021272690473026e-6
-4.90999999999994	4.083408538424315e-6
-4.89999999999994	4.272750224669327e-6
-4.88999999999994	4.470493183400174e-6
-4.87999999999994	4.67699186683318e-6
-4.869999999999941	4.892614800774693e-6
-4.859999999999941	5.117745154569864e-6
-4.849999999999941	5.352781251191827e-6
-4.839999999999941	5.598137107247988e-6
-4.8299999999999415	5.854243056387509e-6
-4.819999999999942	6.121546308203179e-6
-4.809999999999942	6.4005115737073686e-6
-4.799999999999942	6.691621718410343e-6
-4.789999999999942	6.9953783683550816e-6
-4.7799999999999425	7.312302651933056e-6
-4.769999999999943	7.642935881594172e-6
-4.759999999999943	7.987840226185096e-6
-4.749999999999943	8.347599536146389e-6
-4.739999999999943	8.722820069721474e-6
-4.729999999999944	9.114131295611588e-6
-4.719999999999944	9.5221867148046e-6
-4.709999999999944	9.947664714867586e-6
-4.699999999999944	0.000010391269440081838
-4.689999999999944	0.000010853731690420376
-4.679999999999945	0.000011335809860706031
-4.669999999999945	0.000011838290898645872
-4.659999999999945	0.000012361991287112268
-4.649999999999945	0.000012907758077597991
-4.6399999999999455	0.000013476469936364527
-4.629999999999946	0.000014069038227377297
-4.619999999999946	0.00001468640813505934
-4.609999999999946	0.000015329559827315658
-4.599999999999946	0.000015999509618229144
-4.589999999999947	0.000016697311213009207
-4.579999999999947	0.00001742405696267419
-4.569999999999947	0.000018180879165417318
-4.559999999999947	0.000018968951395038213
-4.549999999999947	0.000019789489892311907
-4.539999999999948	0.000020643754970920994
-4.529999999999948	0.000021533052483096094
-4.519999999999948	0.000022458735325523464
-4.509999999999948	0.000023422204972152577
-4.4999999999999485	0.000024424913091544637
-4.489999999999949	0.00002546836315532655
-4.479999999999949	0.000026554112139893715
-4.469999999999949	0.000027683772250469426
-4.459999999999949	0.000028859012710981914
-4.4499999999999496	0.00003008156159927201
-4.43999999999995	0.000031353207712672044
-4.42999999999995	0.000032675802522218453
-4.41999999999995	0.0000340512621556071
-4.40999999999995	0.00003548156944303028
-4.399999999999951	0.000036968776023369685
-4.389999999999951	0.0000385150045005798
-4.379999999999951	0.00004012245065853482
-4.369999999999951	0.000041793385748720616
-4.3599999999999515	0.00004353015882424661
-4.349999999999952	0.000045335199136600166
-4.339999999999952	0.00004721101861351833
-4.329999999999952	0.000049160214387919307
-4.319999999999952	0.00005118547138717369
-4.3099999999999525	0.000053289565010610155
-4.299999999999953	0.0000554753638644361
-4.289999999999953	0.000057745832557372134
-4.279999999999953	0.000060104034590075954
-4.269999999999953	0.00006255313530673791
-4.259999999999954	0.00006509640491213488
-4.249999999999954	0.00006773722158355376
-4.239999999999954	0.00007047907465430703
-4.229999999999954	0.00007332556786240115
-4.2199999999999545	0.00007628042269802506
-4.209999999999955	0.00007934748183166717
-4.199999999999955	0.00008253071260640349
-4.189999999999955	0.00008583421063831283
-4.179999999999955	0.00008926220349255775
-4.1699999999999555	0.00009281905444707678
-4.159999999999956	0.00009650926634294926
-4.149999999999956	0.00010033748554031531
-4.139999999999956	0.00010430850594451337
-4.129999999999956	0.00010842727316240484
-4.119999999999957	0.00011269888863889305
-4.109999999999957	0.00011712861411918626
-4.099999999999957	0.0001217218759655635
-4.089999999999957	0.00012648426973944804
-4.079999999999957	0.00013142156472056393
-4.069999999999958	0.00013653970876532665
-4.059999999999958	0.0001418448330474627
-4.049999999999958	0.00014734325701306578
-4.039999999999958	0.00015304149340808235
-4.0299999999999585	0.00015894625343781916
-4.019999999999959	0.00016506445201584135
-4.009999999999959	0.00017140321312411098
-3.9999999999999587	0.00017796987530040322
-3.989999999999959	0.00018477199722286526
-3.979999999999959	0.00019181736341420283
-3.9699999999999593	0.0001991139900771575
-3.9599999999999596	0.00020667013097902767
-3.9499999999999598	0.00021449428358116506
-3.93999999999996	0.00022259519517977983
-3.92999999999996	0.00023098186916060187
-3.9199999999999604	0.00023966357148735707
-3.9099999999999606	0.00024864983719105735
-3.899999999999961	0.00025795047705052843
-3.889999999999961	0.0002675755843652385
-3.8799999999999613	0.0002775355418743465
-3.8699999999999615	0.0002878410287939645
-3.8599999999999617	0.0002985030279779597
-3.849999999999962	0.00030953283320700215
-3.839999999999962	0.00032094205661872864
-3.8299999999999623	0.0003327426362442112
-3.8199999999999625	0.0003449468436874435
-3.8099999999999627	0.00035756729194419336
-3.799999999999963	0.00037061694332841163
-3.789999999999963	0.00038410911754088343
-3.7799999999999634	0.00039805749988403814
-3.7699999999999636	0.00041247614957451776
-3.759999999999964	0.00042737950822700944
-3.749999999999964	0.00044278240842732583
-3.7399999999999642	0.0004587000824751589
-3.7299999999999645	0.0004751481712281115
-3.7199999999999647	0.0004921427331036587
-3.709999999999965	0.000509700253191074
-3.699999999999965	0.0005278376524982034
-3.6899999999999653	0.0005465722973414033
-3.6799999999999655	0.0005659220088457585
-3.6699999999999657	0.0005859050725886548
-3.659999999999966	0.0006065402483586015
-3.649999999999966	0.00062784678005847
-3.6399999999999664	0.0006498444057079796
-3.6299999999999666	0.0006725533675987941
-3.619999999999967	0.0006959944225610427
-3.609999999999967	0.0007201888523409487
-3.5999999999999672	0.0007451584741150897
-3.5899999999999674	0.0007709256511215694
-3.5799999999999677	0.0007975133033363089
-3.569999999999968	0.0008249449185543116
-3.559999999999968	0.0008532445630386637
-3.5499999999999683	0.0008824368928089591
-3.5399999999999685	0.0009125471647758203
-3.5299999999999687	0.0009436012480444217
-3.519999999999969	0.0009756256352411523
-3.509999999999969	0.0010086474542259723
-3.4999999999999694	0.0010426944793708985
-3.4899999999999696	0.0010777951434452525
-3.47999999999997	0.0011139785493342444
-3.46999999999997	0.0011512744819110136
-3.45999999999997	0.001189713419962506
-3.4499999999999704	0.001229326548208305
-3.4399999999999706	0.001270145769402341
-3.429999999999971	0.001312203716483053
-3.419999999999971	0.001355533764797028
-3.4099999999999713	0.0014001700443911733
-3.3999999999999715	0.0014461474523737843
-3.3899999999999717	0.0014935016651973596
-3.379999999999972	0.0015422691512486592
-3.369999999999972	0.0015924871832193048
-3.3599999999999723	0.0016441938506213322
-3.3499999999999726	0.0016974280723303186
-3.3399999999999728	0.0017522296091319637
-3.329999999999973	0.0018086390762964268
-3.319999999999973	0.0018666979560645522
-3.3099999999999734	0.001926448610357039
-3.2999999999999736	0.0019879342932340384
-3.289999999999974	0.0020511991634642726
-3.279999999999974	0.0021162882970583454
-3.2699999999999743	0.002183247699741883
-3.2599999999999745	0.002252124319417701
-3.2499999999999747	0.002322966058575629
-3.239999999999975	0.002395821786624877
-3.229999999999975	0.002470741352183934
-3.2199999999999753	0.002547775595297375
-3.2099999999999755	0.002626976359542043
-3.1999999999999758	0.0027083965040664037
-3.189999999999976	0.002792089915518461
-3.179999999999976	0.0028781115198517537
-3.1699999999999764	0.002966517294011194
-3.1599999999999766	0.0030573642774973206
-3.149999999999977	0.0031507105837612305
-3.139999999999977	0.003246615411451094
-3.1299999999999772	0.003345139055507168
-3.1199999999999775	0.003446342918049111
-3.1099999999999777	0.0035502895190729932
-3.099999999999978	0.0036570425069781375
-3.089999999999978	0.003766666668835873
-3.0799999999999783	0.0038792279404379778
-3.0699999999999785	0.003994793416125061
-3.0599999999999787	0.004113431358330761
-3.049999999999979	0.004235211206866974
-3.039999999999979	0.004360203587929919
-3.0299999999999794	0.004488480322806985
-3.0199999999999796	0.00462011443625792
-3.00999999999998	0.004755180164596814
-2.99999999999998	0.004893752963416121
-2.9899999999999802	0.005035909514949635
-2.9799999999999804	0.005181727735083714
-2.9699999999999807	0.005331286779977266
-2.959999999999981	0.005484667052261169
-2.949999999999981	0.005641950206848697
-2.9399999999999813	0.005803219156308102
-2.9299999999999815	0.005968558075765188
-2.9199999999999817	0.006138052407365504
-2.909999999999982	0.006311788864256521
-2.899999999999982	0.006489855434045827
-2.8899999999999824	0.0066723413817736926
-2.8799999999999826	0.006859337252312506
-2.869999999999983	0.007050934872379162
-2.859999999999983	0.007247227351647183
-2.849999999999983	0.0074483090836357764
-2.8399999999999834	0.007654275745796854
-2.8299999999999836	0.0078652242990373
-2.819999999999984	0.008081252986620852
-2.809999999999984	0.008302461332389233
-2.7999999999999843	0.008528950138326438
-2.7899999999999845	0.00876082148145068
-2.7799999999999847	0.008998178709982091
-2.769999999999985	0.009241126438787812
-2.759999999999985	0.009489770544071276
-2.7499999999999853	0.009744218157473186
-2.7399999999999856	0.010004577659012824
-2.7299999999999858	0.01027095866963904
-2.719999999999986	0.01054347204276525
-2.709999999999986	0.010822229855001394
-2.6999999999999864	0.011107345396072936
-2.6899999999999866	0.011398933157854483
-2.679999999999987	0.011697108822510335
-2.669999999999987	0.012001989249769076
-2.6599999999999873	0.012313692463266447
-2.6499999999999875	0.012632337635939562
-2.6399999999999877	0.012958045074501986
-2.629999999999988	0.013290936202942027
-2.619999999999988	0.01363113354502284
-2.6099999999999883	0.01397876070580881
-2.5999999999999885	0.014333942352173537
-2.5899999999999888	0.014696804192256092
-2.579999999999989	0.015067472953894715
-2.569999999999989	0.015446076362007042
-2.5599999999999894	0.01583274311486143
-2.5499999999999896	0.016227602859286823
-2.53999999999999	0.016630786164785662
-2.52999999999999	0.01704242449650008
-2.5199999999999902	0.017462650187064353
-2.5099999999999905	0.017891596407330037
-2.4999999999999907	0.018329397135903414
-2.489999999999991	0.018776187127531888
-2.479999999999991	0.019232101880319027
-2.4699999999999913	0.01969727760173929
-2.4599999999999915	0.02017185117344121
-2.4499999999999917	0.02065596011487449
-2.439999999999992	0.02114974254566318
-2.429999999999992	0.021653337146756237
-2.4199999999999924	0.022166883120366392
-2.4099999999999926	0.022690520148639117
-2.399999999999993	0.02322438835106509
-2.389999999999993	0.023768628240674123
-2.3799999999999932	0.024323380678927746
-2.3699999999999934	0.02488878682935434
-2.3599999999999937	0.025464988109930156
-2.349999999999994	0.026052126144173217
-2.339999999999994	0.02665034271094513
-2.3299999999999943	0.02725977969300649
-2.3199999999999945	0.027880579024278842
-2.3099999999999947	0.0285128826358086
-2.299999999999995	0.029156832400494468
-2.289999999999995	0.029812570076487754
-2.2799999999999954	0.030480237249375645
-2.2699999999999956	0.03115997527304452
-2.259999999999996	0.031851925209318406
-2.249999999999996	0.03255622776629843
-2.239999999999996	0.03327302323547879
-2.2299999999999964	0.034002451427622316
-2.2199999999999966	0.034744651607369476
-2.209999999999997	0.03549976242664106
-2.199999999999997	0.0362679218568373
-2.1899999999999973	0.03704926711979928
-2.1799999999999975	0.03784393461759882
-2.1699999999999977	0.03865205986116739
-2.159999999999998	0.03947377739772775
-2.149999999999998	0.04030922073709697
-2.1399999999999983	0.041158522276883214
-2.1299999999999986	0.042021813226529606
-2.1199999999999988	0.04289922353029816
-2.109999999999999	0.04379088178918502
-2.099999999999999	0.04469691518177615
-2.0899999999999994	0.04561744938407317
-2.0799999999999996	0.04655260848835618
-2.07	0.047502514921036194
-2.06	0.048467289359571834
-2.0500000000000003	0.04944705064848674
-2.0400000000000005	0.05044191571448268
-2.0300000000000007	0.05145199948068007
-2.020000000000001	0.0524774147800725
-2.010000000000001	0.053518272268166626
-2.0000000000000013	0.05457468033484621
-1.9900000000000015	0.055646745015553646
-1.9800000000000015	0.056734569901772815
-1.9700000000000015	0.057838256050838706
-1.9600000000000015	0.058957901895174726
-1.9500000000000015	0.06009360315096197
-1.9400000000000015	0.06124545272625038
-1.9300000000000015	0.06241354062862427
-1.9200000000000015	0.06359795387242828
-1.9100000000000015	0.0647987763855775
-1.9000000000000015	0.0660160889160415
-1.8900000000000015	0.06724996893804859
-1.8800000000000014	0.06850049055800013
-1.8700000000000014	0.06976772442021689
-1.8600000000000014	0.07105173761255483
-1.8500000000000014	0.07235259357188796
-1.8400000000000014	0.07367035198957161
-1.8300000000000014	0.07500506871694577
-1.8200000000000014	0.07635679567086799
-1.8100000000000014	0.07772558073940417
-1.8000000000000014	0.07911146768766081
-1.7900000000000014	0.08051449606396201
-1.7800000000000014	0.08193470110620522
-1.7700000000000014	0.08337211364867836
-1.7600000000000013	0.08482676002925842
-1.7500000000000013	0.0862986619970955
-1.7400000000000013	0.08778783662089344
-1.7300000000000013	0.089294296197768
-1.7200000000000013	0.09081804816277902
-1.7100000000000013	0.09235909499925637
-1.7000000000000013	0.09391743414991094
-1.6900000000000013	0.09549305792880575
-1.6800000000000013	0.09708595343432448
-1.6700000000000013	0.09869610246314173
-1.6600000000000013	0.10032348142521112
-1.6500000000000012	0.10196806126003921
-1.6400000000000012	0.10362980735408665
-1.6300000000000012	0.10530867945946447
-1.6200000000000012	0.10700463161404351
-1.6100000000000012	0.10871761206299245
-1.6000000000000012	0.11044756318176449
-1.5900000000000012	0.11219442140073298
-1.5800000000000012	0.11395811713146071
-1.5700000000000012	0.11573857469464623
-1.5600000000000012	0.11753571224990571
-1.5500000000000012	0.119349441727414
-1.5400000000000011	0.12117966876146431
-1.5300000000000011	0.12302629262602954
-1.5200000000000011	0.12488920617245279
-1.5100000000000011	0.1267682957692067
-1.500000000000001	0.12866344124392104
-1.490000000000001	0.13057451582769733
-1.480000000000001	0.13250138610176704
-1.470000000000001	0.13444391194657468
-1.460000000000001	0.1364019464933795
-1.450000000000001	0.13837533607838784
-1.440000000000001	0.1403639201995343
-1.430000000000001	0.14236753147597997
-1.420000000000001	0.1443859956103859
-1.410000000000001	0.14641913135382095
-1.400000000000001	0.14846675047395175
-1.390000000000001	0.1505286577257832
-1.380000000000001	0.15260465082572428
-1.370000000000001	0.15469452042844364
-1.360000000000001	0.15679805010712905
-1.350000000000001	0.15891501633684896
-1.340000000000001	0.16104518848108434
-1.330000000000001	0.16318832878162284
-1.320000000000001	0.16534419235185752
-1.310000000000001	0.16751252717347426
-1.300000000000001	0.16969307409650528
-1.290000000000001	0.17188556684323283
-1.280000000000001	0.17408973201499123
-1.270000000000001	0.17630528910346246
-1.260000000000001	0.1785319505046469
-1.2500000000000009	0.18076942153770442
-1.2400000000000009	0.18301740046614
-1.2300000000000009	0.18527557852394883
-1.2200000000000009	0.18754363994477027
-1.2100000000000009	0.18982126199604635
-1.2000000000000008	0.1921081150146905
-1.1900000000000008	0.19440386244937427
-1.1800000000000008	0.1967081609059375
-1.1700000000000008	0.1990206601947419
-1.1600000000000008	0.2013410033851397
-1.1500000000000008	0.2036688268617878
-1.1400000000000008	0.2060037603857224
-1.1300000000000008	0.20834542715934584
-1.1200000000000008	0.21069344389551867
-1.1100000000000008	0.21304742089062856
-1.1000000000000008	0.2154069621017212
-1.0900000000000007	0.21777166522775684
-1.0800000000000007	0.2201411217948755
-1.0700000000000007	0.22251491724569894
-1.0600000000000007	0.2248926310327895
-1.0500000000000007	0.22727383671609258
-1.0400000000000007	0.22965810206436918
-1.0300000000000007	0.23204498916077126
-1.0200000000000007	0.23443405451236426
-1.0100000000000007	0.23682484916362453
-1.0000000000000007	0.23921691881393242
-0.9900000000000007	0.24160980393909395
-0.9800000000000006	0.24400303991660516
-0.9700000000000006	0.24639615715495536
-0.9600000000000006	0.24878868122674386
-0.9500000000000006	0.2511801330055585
-0.9400000000000006	0.25357002880673984
-0.9300000000000006	0.25595788053177726
-0.9200000000000006	0.2583431958164205
-0.9100000000000006	0.26072547818251374
-0.9000000000000006	0.26310422719332105
-0.8900000000000006	0.2654789386123832
-0.8800000000000006	0.26784910456593486
-0.8700000000000006	0.2702142137086707
-0.8600000000000005	0.27257375139283524
-0.8500000000000005	0.27492719984067954
-0.8400000000000005	0.2772740383200789
-0.8300000000000005	0.2796137433232672
-0.8200000000000005	0.2819457887487738
-0.8100000000000005	0.28426964608588695
-0.8000000000000005	0.2865847846030323
-0.7900000000000005	0.2888906715373331
-0.7800000000000005	0.29118677228911144
-0.7700000000000005	0.2934725506165596
-0.7600000000000005	0.295747468835206
-0.7500000000000004	0.29801098801789727
-0.7400000000000004	0.30026256819898073
-0.7300000000000004	0.30250166857925953
-0.7200000000000004	0.3047277477336391
-0.7100000000000004	0.3069402638211301
-0.7000000000000004	0.3091386747964287
-0.6900000000000004	0.31132243862324344
-0.6800000000000004	0.3134910134897185
-0.6700000000000004	0.315643858025191
-0.6600000000000004	0.3177804315183702
-0.6500000000000004	0.3199001941371885
-0.6400000000000003	0.3220026071495891
-0.6300000000000003	0.3240871331457555
-0.6200000000000003	0.3261532362609481
-0.6100000000000003	0.32820038239960303
-0.6000000000000003	0.330228039459942
-0.5900000000000003	0.33223567755939964
-0.5800000000000003	0.3342227692602685
-0.5700000000000003	0.33618878979603667
-0.5600000000000003	0.33813321729767903
-0.5500000000000003	0.34005553302020114
-0.5400000000000003	0.3419552215691323
-0.5300000000000002	0.34383177112678837
-0.5200000000000002	0.3456846736782429
-0.5100000000000002	0.34751342523691275
-0.5000000000000002	0.3493175260695136
-0.49000000000000027	0.3510964809202467
-0.48000000000000026	0.3528497992342356
-0.47000000000000025	0.3545769953798803
-0.46000000000000024	0.3562775888701133
-0.45000000000000023	0.35795110458235607
-0.4400000000000002	0.359597072977099
-0.4300000000000002	0.3612150303148766
-0.4200000000000002	0.3628045188715953
-0.4100000000000002	0.3643650871520125
-0.4000000000000002	0.3658962901012424
-0.3900000000000002	0.36739768931416517
-0.38000000000000017	0.3688688532426033
-0.37000000000000016	0.3703093574001063
-0.36000000000000015	0.3717187845642192
-0.35000000000000014	0.3730967249761462
-0.34000000000000014	0.37444277653757957
-0.3300000000000001	0.3757565450046519
-0.3200000000000001	0.37703764417886576
-0.3100000000000001	0.378285696094821
-0.3000000000000001	0.3795003312046601
-0.2900000000000001	0.38068118855912203
-0.2800000000000001	0.38182791598502025
-0.2700000000000001	0.38294017025906224
-0.26000000000000006	0.38401761727791867
-0.25000000000000006	0.385059932224359
-0.24000000000000007	0.38606679972937114
-0.23000000000000007	0.38703791403019455
-0.22000000000000006	0.3879729791240847
-0.21000000000000005	0.38887170891771894
-0.20000000000000004	0.3897338273722048
-0.19000000000000003	0.3905590686434999
-0.18000000000000002	0.3913471772181678
-0.17	0.39209790804443206
-0.16	0.3928110266583649
-0.15	0.3934863093051266
-0.13999999999999999	0.3941235430552229
-0.12999999999999998	0.39472252591565055
-0.11999999999999998	0.3952830669358677
-0.10999999999999999	0.3958049863083674
-0.09999999999999999	0.39628811546425047
-0.09	0.39673229716302993
-0.08	0.39713738557716255
-0.07	0.39750324637101664
-0.060000000000000005	0.39782975677421356
-0.05	0.39811680564934493
-0.04	0.3983642935540033
-0.03	0.3985721327970276
-0.02	0.3987402474889775
-0.01	0.3988685735867926
0	0.39895705893254924
0.01	0.39900566328633624
0.02	0.3990143583532187
0.03	0.3989831278042227
0.04	0.39891196729135586
0.05	0.39880088445666995
0.060000000000000005	0.39864989893529346
0.07	0.39845904235246055
0.08	0.39822835831457315
0.09	0.397957902394217
0.09999999999999999	0.3976477421091849
0.10999999999999999	0.3972979568955354
0.11999999999999998	0.3969086380746574
0.12999999999999998	0.39647988881436413
0.13999999999999999	0.39601182408408553
0.15	0.3955045706041375
0.16	0.3949582667890545
0.17	0.3943730626853157
0.18000000000000002	0.3937491199028545
0.19000000000000003	0.3930866115411871
0.20000000000000004	0.39238572210965744
0.21000000000000005	0.391646647442059
0.22000000000000006	0.3908695946056189
0.23000000000000007	0.3900547818044702
0.24000000000000007	0.38920243827762735
0.25000000000000006	0.3883128041915357
0.26000000000000006	0.3873861305272786
0.2700000000000001	0.3864226789625269
0.2800000000000001	0.38542272174826187
0.2900000000000001	0.384386541580404
0.3000000000000001	0.3833144314664206
0.3100000000000001	0.3822066945869663
0.3200000000000001	0.3810636441526874
0.3300000000000001	0.379885603256291
0.34000000000000014	0.37867290471991943
0.35000000000000014	0.3774258909379878
0.36000000000000015	0.3761449137155869
0.37000000000000016	0.37483033410251315
0.38000000000000017	0.37348252222306844
0.3900000000000002	0.372101857101764
0.4000000000000002	0.37068872648499146
0.4100000000000002	0.36924352665880444
0.4200000000000002	0.3677666622629583
0.4300000000000002	0.3662585461012807
0.4400000000000002	0.3647195989485173
0.45000000000000023	0.3631502493538089
0.46000000000000024	0.36155093344089156
0.47000000000000025	0.3599220947051424
0.48000000000000026	0.3582641838076634
0.49000000000000027	0.35657765836647826
0.5000000000000002	0.354862982744988
0.5100000000000002	0.3531206278378573
0.5200000000000002	0.35135107085444134
0.5300000000000002	0.349554795099879
0.5400000000000003	0.3477322897540428
0.5500000000000003	0.34588404964844305
0.5600000000000003	0.3440105750412475
0.5700000000000003	0.34211237139055367
0.5800000000000003	0.3401899491260853
0.5900000000000003	0.33824382341939935
0.6000000000000003	0.3362745139528097
0.6100000000000003	0.3342825446871195
0.6200000000000003	0.3322684436284977
0.6300000000000003	0.3302327425941237
0.6400000000000003	0.32817597697750317
0.6500000000000004	0.3260986855129799
0.6600000000000004	0.32400141003988153
0.6700000000000004	0.3218846952663672
0.6800000000000004	0.3197490885331355
0.6900000000000004	0.3175951395771201
0.7000000000000004	0.3154234002953537
0.7100000000000004	0.3132344245090978
0.7200000000000004	0.31102876772839727
0.7300000000000004	0.3088069869172285
0.7400000000000004	0.3065696402593223
0.7500000000000004	0.30431728692484683
0.7600000000000005	0.30205048683807073
0.7700000000000005	0.29976980044614465
0.7800000000000005	0.29747578848910455
0.7900000000000005	0.2951690117712998
0.8000000000000005	0.29285003093429046
0.8100000000000005	0.2905194062313967
0.8200000000000005	0.2881776973040146
0.8300000000000005	0.2858254629598172
0.8400000000000005	0.283463260952944
0.8500000000000005	0.2810916477663485
0.8600000000000005	0.27871117839636705
0.8700000000000006	0.2763224061396523
0.8800000000000006	0.27392588238257426
0.8900000000000006	0.2715221563932165
0.9000000000000006	0.2691117751160303
0.9100000000000006	0.2666952829692992
0.9200000000000006	0.2642732216455033
0.9300000000000006	0.26184612991464784
0.9400000000000006	0.259414543430693
0.9500000000000006	0.25697899454117706
0.9600000000000006	0.2545400121000785
0.9700000000000006	0.2520981212840486
0.9800000000000006	0.24965384341209598
0.9900000000000007	0.24720769576876406
1.0000000000000007	0.24476019143091807
1.0100000000000007	0.24231183909821388
1.0200000000000007	0.2398631429272929
1.0300000000000007	0.23741460236978237
1.0400000000000007	0.2349667120141964
1.0500000000000007	0.23251996143174164
1.0600000000000007	0.23007483502612894
1.0700000000000007	0.22763181188743212
1.0800000000000007	0.22519136565004813
1.0900000000000007	0.2227539643547819
1.1000000000000008	0.22032007031514986
1.1100000000000008	0.21789013998789647
1.1200000000000008	0.21546462384777648
1.1300000000000008	0.2130439662666423
1.1400000000000008	0.21062860539687778
1.1500000000000008	0.2082189730591567
1.1600000000000008	0.2058154946346219
1.1700000000000008	0.20341858896144863
1.1800000000000008	0.2010286682358272
1.1900000000000008	0.1986461379173861
1.2000000000000008	0.19627139663906748
1.2100000000000009	0.19390483612143566
1.2200000000000009	0.1915468410914565
1.2300000000000009	0.18919778920573868
1.2400000000000009	0.18685805097821043
1.2500000000000009	0.1845279897122608
1.260000000000001	0.1822079614373266
1.270000000000001	0.1798983148498913
1.280000000000001	0.17759939125890473
1.290000000000001	0.17531152453561624
1.300000000000001	0.17303504106775724
1.310000000000001	0.17077025971808754
1.320000000000001	0.16851749178728298
1.330000000000001	0.1662770409810954
1.340000000000001	0.1640492033817908
1.350000000000001	0.1618342674238254
1.360000000000001	0.15963251387370153
1.370000000000001	0.15744421581398405
1.380000000000001	0.1552696386314331
1.390000000000001	0.1531090400092022
1.400000000000001	0.15096266992304605
1.410000000000001	0.14883077064152478
1.420000000000001	0.14671357673010996
1.430000000000001	0.14461131505915575
1.440000000000001	0.1425242048156987
1.450000000000001	0.14045245751900318
1.460000000000001	0.13839627703978602
1.470000000000001	0.13635585962310356
1.480000000000001	0.13433139391479376
1.490000000000001	0.13232306099141514
1.500000000000001	0.1303310343936418
1.5100000000000011	0.12835548016302914
1.5200000000000011	0.12639655688206214
1.5300000000000011	0.12445441571745552
1.5400000000000011	0.12252920046660913
1.5500000000000012	0.12062104760713435
1.5600000000000012	0.11873008634941082
1.5700000000000012	0.11685643869206955
1.5800000000000012	0.11500021948033207
1.5900000000000012	0.11316153646713228
1.6000000000000012	0.11134049037694482
1.6100000000000012	0.1095371749722581
1.6200000000000012	0.10775167712251858
1.6300000000000012	0.10598407687562583
1.6400000000000012	0.10423444753175698
1.6500000000000012	0.10250285571950495
1.6600000000000013	0.10078936147424176
1.6700000000000013	0.09909401831859546
1.6800000000000013	0.0974168733450347
1.6900000000000013	0.09575796730032655
1.7000000000000013	0.0941173346719862
1.7100000000000013	0.09249500377646114
1.7200000000000013	0.09089099684907234
1.7300000000000013	0.08930533013558306
1.7400000000000013	0.08773801398531536
1.7500000000000013	0.08618905294575104
1.7600000000000013	0.08465844585853026
1.7700000000000014	0.08314618595673189
1.7800000000000014	0.0816522609634152
1.7900000000000014	0.08017665319129103
1.8000000000000014	0.07871933964345092
1.8100000000000014	0.07728029211510795
1.8200000000000014	0.07585947729622253
1.8300000000000014	0.07445685687496462
1.8400000000000014	0.07307238764192672
1.8500000000000014	0.07170602159501988
1.8600000000000014	0.07035770604494494
1.8700000000000014	0.06902738372120437
1.8800000000000014	0.0677149928785661
1.8900000000000015	0.06642046740388063
1.9000000000000015	0.0651437369232226
1.9100000000000015	0.06388472690924732
1.9200000000000015	0.06264335878872138
1.9300000000000015	0.06141955005013075
1.9400000000000015	0.06021321435132714
1.9500000000000015	0.059024261627125256
1.9600000000000015	0.05785259819678296
1.9700000000000015	0.056698126871333576
1.9800000000000015	0.05556074706065784
1.9900000000000015	0.0544403548802678
2.0000000000000013	0.0533368432577459
2.010000000000001	0.052250102038756394
2.020000000000001	0.051180018092579035
2.0300000000000007	0.05012647541713474
2.0400000000000005	0.0490893552434123
2.0500000000000003	0.048068536139258586
2.06	0.04706389411249807
2.07	0.04607530271329743
2.0799999999999996	0.04510263313574855
2.0899999999999994	0.04414575431862935
2.099999999999999	0.04320453304527483
2.109999999999999	0.042278834042530675
2.1199999999999988	0.041368520078746
2.1299999999999986	0.04047345206075571
2.1399999999999983	0.0395934891298183
2.149999999999998	0.03872848875647784
2.159999999999998	0.03787830683430731
2.1699999999999977	0.03704279777248682
2.1799999999999975	0.03622181458721157
2.1899999999999973	0.03541520899187642
2.199999999999997	0.03462283148600911
2.209999999999997	0.033844531442935435
2.2199999999999966	0.03308015719613295
2.2299999999999964	0.032329556124266016
2.239999999999996	0.031592574734855154
2.249999999999996	0.030869058746588678
2.259999999999996	0.030158853170226464
2.2699999999999956	0.029461802388083717
2.2799999999999954	0.02877775023209779
2.289999999999995	0.02810654006044907
2.299999999999995	0.02744801483266916
2.3099999999999947	0.026802017183333336
2.3199999999999945	0.02616838949422045
2.3299999999999943	0.025546973964982924
2.339999999999994	0.024937612682304842
2.349999999999994	0.0243401476875349
2.3599999999999937	0.02375442104278791
2.3699999999999934	0.023180274895527545
2.3799999999999932	0.022617551541587302
2.389999999999993	0.02206609348666509
2.399999999999993	0.02152574350626845
2.4099999999999926	0.020996344704111426
2.4199999999999924	0.020477740568967114
2.429999999999992	0.01996977502997367
2.439999999999992	0.019472292510405047
2.4499999999999917	0.01898513797988679
2.4599999999999915	0.018508157005092472
2.4699999999999913	0.018041195798900345
2.479999999999991	0.01758410126803118
2.489999999999991	0.017136721059165076
2.4999999999999907	0.016698903603558184
2.5099999999999905	0.016270498160147938
2.5199999999999902	0.01585135485718286
2.52999999999999	0.015441324732362304
2.53999999999999	0.015040259771515633
2.5499999999999896	0.014648012945823824
2.5599999999999894	0.014264438247603432
2.569999999999989	0.013889390724657705
2.579999999999989	0.013522726513213588
2.5899999999999888	0.013164302869473185
2.5999999999999885	0.012813978199806371
2.6099999999999883	0.012471612089377592
2.619999999999988	0.012137065329848864
2.629999999999988	0.011810199945318402
2.6399999999999877	0.011490879217163746
2.6499999999999875	0.011178967707590406
2.6599999999999873	0.010874331281693276
2.669999999999987	0.010576837128673027
2.679999999999987	0.010286353781416168
2.6899999999999866	0.010002751135044547
2.6999999999999864	0.00972590046424337
2.709999999999986	0.009455674439407586
2.719999999999986	0.009191947141635447
2.7299999999999858	0.008934594076589728
2.7399999999999856	0.008683492187244861
2.7499999999999853	0.008438519865554907
2.759999999999985	0.008199556963041135
2.769999999999985	0.007966484800344089
2.7799999999999847	0.007739186175753584
2.7899999999999845	0.007517545372734456
2.7999999999999843	0.007301448166477598
2.809999999999984	0.007090781829504283
2.819999999999984	0.006885435136323222
2.8299999999999836	0.006685298367196262
2.8399999999999834	0.006490263311010776
2.849999999999983	0.006300223267287825
2.859999999999983	0.006115073047356923
2.869999999999983	0.005934708974709797
2.8799999999999826	0.005759028884566221
2.8899999999999824	0.005587932122658239
2.899999999999982	0.005421319543277543
2.909999999999982	0.005259093506593431
2.9199999999999817	0.005101157875262214
2.9299999999999815	0.004947418010369352
2.9399999999999813	0.004797780766696546
2.949999999999981	0.00465215448736461
2.959999999999981	0.004510448997856129
2.9699999999999807	0.0043725755994498345
2.9799999999999804	0.004238447062075997
2.9899999999999802	0.004107977616627366
2.99999999999998	0.003981082946743544
3.00999999999998	0.0038576801800783277
3.0199999999999796	0.003737687879088087
3.0299999999999794	0.0036210260313452804
3.039999999999979	0.0035076160394117554
3.049999999999979	0.0033973807102786998
3.0599999999999787	0.00329024424440159
3.0699999999999785	0.0031861322243444917
3.0799999999999783	0.0030849716030559972
3.089999999999978	0.00298669069179229
3.099999999999978	0.0028912191477077635
3.1099999999999777	0.0027984879611286156
3.1199999999999775	0.00270842944253628
3.1299999999999772	0.0026209772092542047
3.139999999999977	0.0025360661718980314
3.149999999999977	0.002453632520548004
3.1599999999999766	0.002373613710714099
3.1699999999999764	0.0022959484490782706
3.179999999999976	0.0022205766790426833
3.189999999999976	0.0021474395660817176
3.1999999999999758	0.0020764794829490653
3.2099999999999755	0.002007639994704696
3.2199999999999753	0.001940865843622045
3.229999999999975	0.0018761029339567803
3.239999999999975	0.0018132983166169226
3.2499999999999747	0.0017524001737224029
3.2599999999999745	0.0016933578030770347
3.2699999999999743	0.0016361216025818023
3.279999999999974	0.0015806430545478218
3.289999999999974	0.0015268747100864262
3.2999999999999736	0.0014747701732200783
3.3099999999999734	0.0014242840852073321
3.319999999999973	0.0013753721087266721
3.329999999999973	0.0013279909120848127
3.3399999999999728	0.001282098153428946
3.3499999999999726	0.0012376524649617988
3.3599999999999723	0.0011946134371728847
3.369999999999972	0.0011529416032109894
3.379999999999972	0.0011125984230582172
3.3899999999999717	0.0010735462679990152
3.3999999999999715	0.001035748405022
3.4099999999999713	0.0009991689813135603
3.419999999999971	0.0009637730088227413
3.429999999999971	0.0009295263489100308
3.4399999999999706	0.0008963956970752206
3.4499999999999704	0.0008643485677880767
3.45999999999997	0.0008333532794671896
3.46999999999997	0.0008033789392967312
3.47999999999997	0.0007743954286903293
3.4899999999999696	0.0007463733883420905
3.4999999999999694	0.0007192842036536958
3.509999999999969	0.0006930999902520542
3.519999999999969	0.000667793579679501
3.5299999999999687	0.0006433385049573223
3.5399999999999685	0.0006197089868230267
3.5499999999999683	0.0005968799195767261
3.559999999999968	0.0005748268573461411
3.569999999999968	0.0005535260004375409
3.5799999999999677	0.0005329541818569512
3.5899999999999674	0.0005130888539762613
3.5999999999999672	0.0004939080753597353
3.609999999999967	0.0004753904977657437
3.619999999999967	0.0004575153532909402
3.6299999999999666	0.00044026244169695627
3.6399999999999664	0.00042361211790505076
3.649999999999966	0.00040754527965197317
3.659999999999966	0.0003920433553256594
3.6699999999999657	0.000377088291968946
3.6799999999999655	0.00036266254346253613
3.6899999999999653	0.0003487490588715997
3.699999999999965	0.00033533127098603365
3.709999999999965	0.00032239308502014465
3.7199999999999647	0.00030991886750023724
3.7299999999999645	0.00029789343532309016
3.7399999999999642	0.0002863020449980464
3.749999999999964	0.00027513038205922904
3.759999999999964	0.0002643645506646329
3.7699999999999636	0.0002539910633632932
3.7799999999999634	0.0002439968310458751
3.789999999999963	0.00023436915306865647
3.799999999999963	0.0002250957075560593
3.8099999999999627	0.00021616454187638374
3.8199999999999625	0.0002075640632933857
3.8299999999999623	0.00019928302979197392
3.839999999999962	0.00019131054107542227
3.849999999999962	0.0001836360297368449
3.8599999999999617	0.00017624925259765973
3.8699999999999615	0.00016914028222212113
3.8799999999999613	0.00016229949857590278
3.889999999999961	0.00015571758093031323
3.899999999999961	0.00014938549977847602
3.9099999999999606	0.0001432945091155724
3.9199999999999604	0.0001374361386837358
3.92999999999996	0.00013180218650710686
3.93999999999996	0.00012638471160026374
3.9499999999999598	0.00012117602668616667
3.9599999999999596	0.00011616869121128316
3.9699999999999593	0.0001113555045270178
3.979999999999959	0.00010672949905829377
3.989999999999959	0.00010228393380055508
3.9999999999999587	0.00009801228787379301
4.009999999999959	0.00009390825424936705
4.019999999999959	0.00008996573360807304
4.0299999999999585	0.00008617882835088074
4.039999999999958	0.00008254183674389464
4.049999999999958	0.00007904924720760194
4.059999999999958	0.00007569573273237644
4.069999999999958	0.00007247614543571672
4.079999999999957	0.00006938551125562714
4.089999999999957	0.00006641902475904348
4.099999999999957	0.00006357204409004976
4.109999999999957	0.00006084008604182423
4.119999999999957	0.00005821882124800786
4.129999999999956	0.000055704069496506945
4.139999999999956	0.00005329179516826083
4.149999999999956	0.000050978102783611224
4.159999999999956	0.000048759232670122344
4.1699999999999555	0.00004663155674195456
4.179999999999955	0.00004459157438852547
4.189999999999955	0.000042635908471075617
4.199999999999955	0.00004076130143232146
4.209999999999955	0.00003896461149774906
4.2199999999999545	0.00003724280899252424
4.229999999999954	0.0000355929727507354
4.239999999999954	0.00003401228662779924
4.249999999999954	0.000032498036094373183
4.259999999999954	0.000031047604954983476
4.269999999999953	0.000029658472129104634
4.279999999999953	0.000028328208525930115
4.289999999999953	0.00002705447403185723
4.299999999999953	0.000025835014556484855
4.3099999999999525	0.000024667659172427443
4.319999999999952	0.000023550317344277314
4.329999999999952	0.000022480976229491544
4.339999999999952	0.000021457698059525715
4.349999999999952	0.00002047861760257528
4.3599999999999515	0.000019541939696736922
4.369999999999951	0.000018645936858341636
4.379999999999951	0.000017788946958006675
4.389999999999951	0.00001696937097710836
4.399999999999951	0.000016185670818399647
4.40999999999995	0.00001543636719197582
4.41999999999995	0.000014720037565510477
4.42999999999995	0.000014035314174160192
4.43999999999995	0.000013380882092634218
4.4499999999999496	0.00001275547737383925
4.459999999999949	0.000012157885236687385
4.469999999999949	0.000011586938306267921
4.479999999999949	0.00001104151493669448
4.489999999999949	0.000010520537559044838
4.4999999999999485	0.000010022971080737674
4.509999999999948	9.54782137031853e-6
4.519999999999948	9.094133751182235e-6
4.529999999999948	8.660991567575114e-6
4.539999999999948	8.247514791223927e-6
4.549999999999947	7.852858673055123e-6
4.559999999999947	7.4762124394686316e-6
4.569999999999947	7.1167980345122835e-6
4.579999999999947	6.773868900531545e-6
4.589999999999947	6.4467088013438646e-6
4.599999999999946	6.134630684303565e-6
4.609999999999946	5.836975583854905e-6
4.619999999999946	5.553111541056787e-6
4.629999999999946	5.282432641283582e-6
4.6399999999999455	5.024357932286011e-6
4.649999999999945	4.778330529329106e-6
4.659999999999945	4.543816662208856e-6
4.669999999999945	4.320304841573606e-6
4.679999999999945	4.107304913718419e-6
4.689999999999944	3.904347288269099e-6
4.699999999999944	3.7109821241170113e-6
4.709999999999944	3.526778549446575e-6
4.719999999999944	3.3513239451066003e-6
4.729999999999944	3.184223187541088e-6
4.739999999999943	3.025097975172045e-6
4.749999999999943	2.8735861811245817e-6
4.759999999999943	2.7293411742436413e-6
4.769999999999943	2.5920312201558e-6
4.7799999999999425	2.4613388894453432e-6
4.789999999999942	2.3369604536912287e-6
4.799999999999942	2.2186053791051117e-6
4.809999999999942	2.1059957389503716e-6
4.819999999999942	1.998865750931538e-6
4.8299999999999415	1.8969612478025596e-6
4.839999999999941	1.8000392178235888e-6
4.849999999999941	1.7078673413331802e-6
4.859999999999941	1.6202235507362222e-6
4.869999999999941	1.5368956143465775e-6
4.87999999999994	1.4576807046604677e-6
4.88999999999994	1.3823850462469847e-6
4.89999999999994	1.3108234933814704e-6
4.90999999999994	1.2428192075328562e-6
4.9199999999999395	1.1782032858792928e-6
4.929999999999939	1.1168144310620701e-6
4.939999999999939	1.0584986347050834e-6
4.949999999999939	1.0031088593035953e-6
4.959999999999939	9.505047501408766e-7
4.9699999999999385	9.005523429762642e-7
4.979999999999938	8.531237936964975e-7
4.989999999999938	8.080971149312556e-7
4.999999999999938	7.653559274783734e-7
5.009999999999938	7.247892038360735e-7
5.019999999999937	6.862910448239283e-7
5.029999999999937	6.497604664054982e-7
5.039999999999937	6.151011702748825e-7
5.049999999999937	5.822213437467441e-7
5.0599999999999365	5.510334622039733e-7
5.069999999999936	5.2145410032422e-7
5.079999999999936	4.934037505435951e-7
5.089999999999936	4.6680664918426297e-7
5.099999999999936	4.4159061020879824e-7
5.1099999999999355	4.1768686502447765e-7
5.119999999999935	3.9502990991387676e-7
5.129999999999935	3.7355736173772025e-7
5.139999999999935	3.5320980983327996e-7
5.149999999999935	3.33930686808389e-7
5.159999999999934	3.1566614440886705e-7
5.169999999999934	2.9836492288249863e-7
5.179999999999934	2.819782349028173e-7
5.189999999999934	2.664596476056912e-7
5.199999999999934	2.517649904540976e-7
5.209999999999933	2.3785224088969207e-7
5.219999999999933	2.2468141440553708e-7
5.229999999999933	2.1221450615485544e-7
5.239999999999933	2.0041531615838234e-7
5.2499999999999325	1.8924948734834068e-7
5.259999999999932	1.7868430477457442e-7
5.269999999999932	1.686886770023072e-7
5.279999999999932	1.592331301266529e-7
5.289999999999932	1.5028954758785095e-7
5.299999999999931	1.4183127209113326e-7
5.309999999999931	1.338329331038744e-7
5.319999999999931	1.2627048445653992e-7
5.329999999999931	1.191210373320912e-7
5.339999999999931	1.1236287049787412e-7
5.34999999999993	1.0597538082259344e-7
5.35999999999993	9.993896280838682e-8