-5.679999999999923	9.635789148657042e-8
-5.6699999999999235	1.0147880625974068e-7
-5.659999999999924	1.0686305070410242e-7
-5.649999999999924	1.1252370350760616e-7
-5.639999999999924	1.1847439607565767e-7
-5.629999999999924	1.247294865833836e-7
-5.619999999999925	1.3130397505647802e-7
-5.609999999999925	1.3821359037649076e-7
-5.599999999999925	1.454747753396745e-7
-5.589999999999925	1.5310476940137895e-7
-5.5799999999999255	1.6112163225329286e-7
-5.569999999999926	1.6954422563119574e-7
-5.559999999999926	1.7839233765821864e-7
-5.549999999999926	1.876866644983997e-7
-5.539999999999926	1.9744887631260864e-7
-5.5299999999999265	2.077016710111633e-7
-5.519999999999927	2.184687412753152e-7
-5.509999999999927	2.2977486946409018e-7
-5.499999999999927	2.416460615417311e-7
-5.489999999999927	2.5410948468664416e-7
-5.479999999999928	2.671935534245211e-7
-5.469999999999928	2.809279895489389e-7
-5.459999999999928	2.9534387509271133e-7
-5.449999999999928	3.1047371522522154e-7
-5.4399999999999284	3.2635149413430367e-7
-5.429999999999929	3.4301274733806796e-7
-5.419999999999929	3.6049462084215335e-7
-5.409999999999929	3.788359450183552e-7
-5.399999999999929	3.980773062796899e-7
-5.3899999999999295	4.1826112156303e-7
-5.37999999999993	4.394317180800303e-7
-5.36999999999993	4.616354139997946e-7
-5.35999999999993	4.849206000410776e-7
-5.34999999999993	5.093378361119749e-7
-5.339999999999931	5.349399378630866e-7
-5.329999999999931	5.617820667242866e-7
-5.319999999999931	5.899218368065162e-7
-5.309999999999931	6.194194149483715e-7
-5.299999999999931	6.503376283575058e-7
-5.289999999999932	6.827420752578748e-7
-5.279999999999932	7.167012277377467e-7
-5.269999999999932	7.522865914166403e-7
-5.259999999999932	7.895728038307421e-7
-5.2499999999999325	8.286377374039549e-7
-5.239999999999933	8.695626739363037e-7
-5.229999999999933	9.124324312253143e-7
-5.219999999999933	9.573355083016216e-7
-5.209999999999933	1.0043642360918856e-6
-5.199999999999934	1.0536149339784582e-6
-5.189999999999934	1.1051880724064877e-6
-5.179999999999934	1.159188441301884e-6
-5.169999999999934	1.2157253252995972e-6
-5.159999999999934	1.2749126852024066e-6
-5.149999999999935	1.3368693465462344e-6
-5.139999999999935	1.4017191952006612e-6
-5.129999999999935	1.4695913798478178e-6
-5.119999999999935	1.5406205254167588e-6
-5.1099999999999355	1.6149469428195863e-6
-5.099999999999936	1.6927168604958443e-6
-5.089999999999936	1.7740826651218273e-6
-5.079999999999936	1.8592031348964292e-6
-5.069999999999936	1.9482436980955095e-6
-5.0599999999999365	2.0413766891461827e-6
-5.049999999999937	2.13878161211243e-6
-5.039999999999937	2.240645463355573e-6
-5.029999999999937	2.3471629491356044e-6
-5.019999999999937	2.4585368640154738e-6
-5.009999999999938	2.574978344629594e-6
-4.999999999999938	2.696707217890527e-6
-4.989999999999938	2.8239523313790375e-6
-4.979999999999938	2.9569519071951606e-6
-4.9699999999999385	3.095953888561357e-6
-4.959999999999939	3.2412162937961603e-6
-4.949999999999939	3.3930076985757212e-6
-4.939999999999939	3.5516074623451255e-6
-4.929999999999939	3.717306328628212e-6
-4.9199999999999395	3.890406691514986e-6
-4.90999999999994	4.071223128148315e-6
-4.89999999999994	4.260082826956903e-6
-4.88999999999994	4.4573260665496464e-6
-4.87999999999994	4.663306696365359e-6
-4.869999999999941	4.8783926435543494e-6
-4.859999999999941	5.102966440123338e-6
-4.849999999999941	5.337425757341521e-6
-4.839999999999941	5.582183953050543e-6
-4.8299999999999415	5.837670667700985e-6
-4.819999999999942	6.104332405531374e-6
-4.809999999999942	6.3826331513340556e-6
-4.799999999999942	6.6730550187648815e-6
-4.789999999999942	6.9760988709754494e-6
-4.7799999999999425	7.292285046621088e-6
-4.769999999999943	7.622154038414534e-6
-4.759999999999943	7.96626719030572e-6
-4.749999999999943	8.325207490016372e-6
-4.739999999999943	8.69958031262498e-6
-4.729999999999944	9.090014223228355e-6
-4.719999999999944	9.497161795554575e-6
-4.709999999999944	9.921700457182125e-6
-4.699999999999944	0.000010364333376211808
-4.689999999999944	0.000010825790344793147
-4.679999999999945	0.000011306828723355803
-4.669999999999945	0.000011808234399925816
-4.659999999999945	0.000012330822771645901
-4.649999999999945	0.000012875439770853113
-4.6399999999999455	0.00001344296291992694
-4.629999999999946	0.000014034302411134915
-4.619999999999946	0.000014650402209411366
-4.609999999999946	0.000015292241276228308
-4.599999999999946	0.000015960834649020494
-4.589999999999947	0.000016657234735364145
-4.579999999999947	0.000017382532542115573
-4.569999999999947	0.00001813785903895472
-4.559999999999947	0.000018924386389580085
-4.549999999999947	0.000019743329407075338
-4.539999999999948	0.00002059594694723963
-4.529999999999948	0.000021483543364123187
-4.519999999999948	0.00002240747002249036
-4.509999999999948	0.000023369126840859145
-4.4999999999999485	0.00002436996386456925
-4.489999999999949	0.000025411482936252516
-4.479999999999949	0.000026495239355037722
-4.469999999999949	0.000027622843614006987
-4.459999999999949	0.00002879596318881329
-4.4499999999999496	0.00003001632435260406
-4.43999999999995	0.00003128571407766188
-4.42999999999995	0.000032605981963007635
-4.41999999999995	0.00003397904222758073
-4.40999999999995	0.00003540687575288141
-4.399999999999951	0.00003689153217981967
-4.389999999999951	0.000038435132082482843
-4.379999999999951	0.000040039869166813955
-4.369999999999951	0.0000417080125655854
-4.3599999999999515	0.00004344190917017684
-4.349999999999952	0.00004524398602975219
-4.339999999999952	0.00004711675282100012
-4.329999999999952	0.0000490628043857224
-4.319999999999952	0.000051084823317478125
-4.3099999999999525	0.000053185582631717814
-4.299999999999953	0.00005536794850948748
-4.289999999999953	0.00005763488309074037
-4.279999999999953	0.00005998944735845509
-4.269999999999953	0.00006243480409266979
-4.259999999999954	0.00006497422089496115
-4.249999999999954	0.00006761107328644138
-4.239999999999954	0.00007034884789976796
-4.229999999999954	0.00007319114573052107
-4.2199999999999545	0.0000761416854754353
-4.209999999999955	0.0000792043069629193
-4.199999999999955	0.00008238297465631537
-4.189999999999955	0.00008568178123542034
-4.179999999999955	0.00008910495129015045
-4.1699999999999555	0.00009265684507570549
-4.159999999999956	0.00009634196236243543
-4.149999999999956	0.00010016494639215408
-4.139999999999956	0.00010413058791214324
-4.129999999999956	0.00010824382928961978
-4.119999999999957	0.00011250976877768996
-4.109999999999957	0.00011693366479261903
-4.099999999999957	0.00012152094035989984
-4.089999999999957	0.00012627718762058551
-4.079999999999957	0.0001312081724861852
-4.069999999999958	0.00013631983931119098
-4.059999999999958	0.00014161831575358182
-4.049999999999958	0.00014710991770384743
-4.039999999999958	0.00015280115431184706
-4.0299999999999585	0.00015869873314152173
-4.019999999999959	0.00016480956543194768
-4.009999999999959	0.00017114077145045697
-3.9999999999999587	0.0001776996859796286
-3.989999999999959	0.00018449386390941903
-3.979999999999959	0.00019153108593740454
-3.9699999999999593	0.0001988193643949644
-3.9599999999999596	0.0002063669491770275
-3.9499999999999598	0.00021418233381414225
-3.93999999999996	0.00022227426163426653
-3.92999999999996	0.00023065173206153632
-3.9199999999999604	0.00023932400704070538
-3.9099999999999606	0.000248300617565352
-3.899999999999961	0.00025759137035164903
-3.889999999999961	0.00026720635462049256
-3.8799999999999613	0.00027715594900396597
-3.8699999999999615	0.0002874508285988482
-3.8599999999999617	0.00029810197212270183
-3.849999999999962	0.0003091206692047557
-3.839999999999962	0.0003205185278162483
-3.8299999999999623	0.000332307481818637
-3.8199999999999625	0.0003444997986350676
-3.8099999999999627	0.00035710808707392004
-3.799999999999963	0.0003701453052634533
-3.789999999999963	0.0003836247687208084
-3.7799999999999634	0.00039756015856100025
-3.7699999999999636	0.0004119655298287969
-3.759999999999964	0.00042685531997208834
-3.749999999999964	0.0004422443574208794
-3.7399999999999642	0.0004581478703383144
-3.7299999999999645	0.00047458149546446553
-3.7199999999999647	0.000491561287116491
-3.709999999999965	0.0005091037263169881
-3.699999999999965	0.0005272257300364003
-3.6899999999999653	0.0005459446605804265
-3.6799999999999655	0.0005652783351073131
-3.6699999999999657	0.0005852450352731276
-3.659999999999966	0.0006058635169815528
-3.649999999999966	0.0006271530203032716
-3.6399999999999664	0.0006491332794868461
-3.6299999999999666	0.0006718245331038573
-3.619999999999967	0.0006952475343323536
-3.609999999999967	0.0007194235613362821
-3.5999999999999672	0.0007443744277778311
-3.5899999999999674	0.0007701224934609355
-3.5799999999999677	0.0007966906750418391
-3.569999999999968	0.0008241024569968132
-3.559999999999968	0.0008523819024493833
-3.5499999999999683	0.0008815536643512506
-3.5399999999999685	0.0009116429966495206
-3.5299999999999687	0.0009426757655932385
-3.519999999999969	0.0009746784611012842
-3.509999999999969	0.0010076782083650617
-3.4999999999999694	0.0010417027792933371
-3.4899999999999696	0.0010767806043043917
-3.47999999999997	0.0011129407840726768
-3.46999999999997	0.0011502131014016386
-3.45999999999997	0.001188628033170765
-3.4499999999999704	0.0012282167623467117
-3.4399999999999706	0.0012690111900932914
-3.429999999999971	0.0013110439479396033
-3.419999999999971	0.001354348409999319
-3.4099999999999713	0.001398958705230457
-3.3999999999999715	0.0014449097299471187
-3.3899999999999717	0.0014922371599631386
-3.379999999999972	0.0015409774631940161
-3.369999999999972	0.0015911679121065163
-3.3599999999999723	0.0016428465962116145
-3.3499999999999726	0.001696052434608216
-3.3399999999999728	0.0017508251885481134
-3.329999999999973	0.0018072054739503658
-3.319999999999973	0.0018652347741459538
-3.3099999999999734	0.0019249554522193324
-3.2999999999999736	0.001986410763722761
-3.289999999999974	0.0020496448691987544
-3.279999999999974	0.002114702846709228
-3.2699999999999743	0.0021816307043327813
-3.2599999999999745	0.0022504753926178996
-3.2499999999999747	0.0023212848170098077
-3.239999999999975	0.0023941078501953763
-3.229999999999975	0.0024689943443899002
-3.2199999999999753	0.0025459951435661313
-3.2099999999999755	0.0026251620955772765
-3.1999999999999758	0.0027065480641913003
-3.189999999999976	0.0027902069410250885
-3.179999999999976	0.0028761936573804435
-3.1699999999999764	0.002964564195915139
-3.1599999999999766	0.003055375602222178
-3.149999999999977	0.0031486859962372715
-3.139999999999977	0.0032445545834919676
-3.1299999999999772	0.0033430416662046337
-3.1199999999999775	0.0034442086541960925
-3.1099999999999777	0.003548118075574902
-3.099999999999978	0.003654833587281482
-3.089999999999978	0.003764419985366406
-3.0799999999999783	0.0038769432150459484
-3.0699999999999785	0.003992470380522956
-3.0599999999999787	0.004111069754563045
-3.049999999999979	0.004232810787765884
-3.039999999999979	0.004357764117586313
-3.0299999999999794	0.004486001577048992
-3.0199999999999796	0.0046175962031390835
-3.00999999999998	0.004752622244877677
-2.99999999999998	0.004891155171067851
-2.9899999999999802	0.005033271677655602
-2.9799999999999804	0.005179049694746108
-2.9699999999999807	0.00532856839322878
-2.959999999999981	0.00548190819099116
-2.949999999999981	0.0056391507587208395
-2.9399999999999813	0.0058003790252918195
-2.9299999999999815	0.005965677182674577
-2.9199999999999817	0.006135130690391437
-2.909999999999982	0.006308826279509481
-2.899999999999982	0.006486851956110055
-2.8899999999999824	0.00666929700424693
-2.8799999999999826	0.006856251988328469
-2.869999999999983	0.007047808755265338
-2.859999999999983	0.007244060435382612
-2.849999999999983	0.0074451014434398066
-2.8399999999999834	0.007651027478698903
-2.8299999999999836	0.007861935524437506
-2.819999999999984	0.00807792384684752
-2.809999999999984	0.008299091993272209
-2.7999999999999843	0.008525540789757325
-2.7899999999999845	0.008757372337945312
-2.7799999999999847	0.008994690011250205
-2.769999999999985	0.009237598450293412
-2.759999999999985	0.009486203557558274
-2.7499999999999853	0.009740612491620271
-2.7399999999999856	0.010000933659897297
-2.7299999999999858	0.010267276711315972
-2.719999999999986	0.01053975252781888
-2.709999999999986	0.010818473215094252
-2.6999999999999864	0.01110355209247716
-2.6899999999999866	0.011395103681991453
-2.679999999999987	0.01169324369648139
-2.669999999999987	0.011998089026873453
-2.6599999999999873	0.012309757728516193
-2.6499999999999875	0.012628369006572875
-2.6399999999999877	0.01295404320047339
-2.629999999999988	0.013286901767418324
-2.619999999999988	0.013627067264868778
-2.6099999999999883	0.013974663332049171
-2.5999999999999885	0.014329814670455108
-2.5899999999999888	0.014692647023304332
-2.579999999999989	0.015063287153943346
-2.569999999999989	0.015441862823217684
-2.5599999999999894	0.015828502765747078
-2.5499999999999896	0.016223336665100386
-2.53999999999999	0.01662649512790117
-2.52999999999999	0.017038109656786014
-2.5199999999999902	0.017458312622232235
-2.5099999999999905	0.017887237233261234
-2.4999999999999907	0.01832501750697729
-2.489999999999991	0.018771788236916255
-2.479999999999991	0.0192276849602507
-2.4699999999999913	0.01969284392378876
-2.4599999999999915	0.020167402048752472
-2.4499999999999917	0.020651496894376835
-2.439999999999992	0.021145266620277724
-2.429999999999992	0.021648849947569992
-2.4199999999999924	0.022162386118777654
-2.4099999999999926	0.022686014856492166
-2.399999999999993	0.02321987632075768
-2.389999999999993	0.023764111065225392
-2.3799999999999932	0.024318859992044223
-2.3699999999999934	0.024884264305454953
-2.3599999999999937	0.02546046546413897
-2.349999999999994	0.026047605132297844
-2.339999999999994	0.026645825129424303
-2.3299999999999943	0.027255267378815375
-2.3199999999999945	0.027876073854820115
-2.3099999999999947	0.028508386528773775
-2.299999999999995	0.029152347313653473
-2.289999999999995	0.029808098007560527
-2.2799999999999954	0.03047578023572282
-2.2699999999999956	0.031155535391415752
-2.259999999999996	0.03184750457554175
-2.249999999999996	0.03255182853495655
-2.239999999999996	0.033268647599524484
-2.2299999999999964	0.03399810161797324
-2.2199999999999966	0.03474032989247266
-2.209999999999997	0.03549547111198723
-2.199999999999997	0.036263663284443956
-2.1899999999999973	0.037045043667669995
-2.1799999999999975	0.03783974869912743
-2.1699999999999977	0.038647913924511924
-2.159999999999998	0.03946967392515154
-2.149999999999998	0.04030516224427007
-2.1399999999999983	0.04115451131211821
-2.1299999999999986	0.04201785237006177
-2.1199999999999988	0.042895315393415456
-2.109999999999999	0.043787029013384396
-2.099999999999999	0.04469312043787607
-2.0899999999999994	0.04561371537127881
-2.0799999999999996	0.04654893793327476
-2.07	0.04749891057667793
-2.06	0.048463754004293154
-2.0500000000000003	0.04944358708488804
-2.0400000000000005	0.05043852676828292
-2.0300000000000007	0.05144868799954882
-2.020000000000001	0.05247418363240646
-2.010000000000001	0.05351512434184255
-2.0000000000000013	0.05457161853593841
-1.9900000000000015	0.05564377226699283
-1.9800000000000015	0.05673168914198064
-1.9700000000000015	0.05783547023232559
-1.9600000000000015	0.05895521398308461
-1.9500000000000015	0.06009101612159066
-1.9400000000000015	0.061242969565531574
-1.9300000000000015	0.06241116433055944
-1.9200000000000015	0.06359568743749548
-1.9100000000000015	0.06479662281910348
-1.9000000000000015	0.06601405122653081
-1.8900000000000015	0.06724805013547389
-1.8800000000000014	0.06849869365207717
-1.8700000000000014	0.06976605241862585
-1.8600000000000014	0.07105019351913132
-1.8500000000000014	0.07235118038479796
-1.8400000000000014	0.07366907269943695
-1.8300000000000014	0.07500392630494145
-1.8200000000000014	0.07635579310680429
-1.8100000000000014	0.07772472097974185
-1.8000000000000014	0.07911075367358014
-1.7900000000000014	0.08051393071930195
-1.7800000000000014	0.0819342873354433
-1.7700000000000014	0.08337185433485741
-1.7600000000000013	0.08482665803191211
-1.7500000000000013	0.08629872015014294
-1.7400000000000013	0.0877880577304946
-1.7300000000000013	0.0892946830401848
-1.7200000000000013	0.09081860348221028
-1.7100000000000013	0.09235982150564255
-1.7000000000000013	0.0939183345167387
-1.6900000000000013	0.09549413479090102
-1.6800000000000013	0.09708720938561123
-1.6700000000000013	0.09869754005439416
-1.6600000000000013	0.1003251031618598
-1.6500000000000012	0.10196986959985778
-1.6400000000000012	0.10363180470493812
-1.6300000000000012	0.10531086817705426
-1.6200000000000012	0.10700701399962809
-1.6100000000000012	0.10872019036110935
-1.6000000000000012	0.1104503395779785
-1.5900000000000012	0.11219739801935051
-1.5800000000000012	0.11396129603325982
-1.5700000000000012	0.11574195787463216
-1.5600000000000012	0.11753930163504413
-1.5500000000000012	0.11935323917439461
-1.5400000000000011	0.12118367605447583
-1.5300000000000011	0.1230305114745277
-1.5200000000000011	0.12489363820896708
-1.5100000000000011	0.12677294254716684
-1.500000000000001	0.1286683042354601
-1.490000000000001	0.1305795964215387
-1.480000000000001	0.13250668560108636
-1.470000000000001	0.13444943156691394
-1.460000000000001	0.13640768736056738
-1.450000000000001	0.13838129922651954
-1.440000000000001	0.1403701065689586
-1.430000000000001	0.14237394191130706
-1.420000000000001	0.14439263085857654
-1.410000000000001	0.1464259920622869
-1.400000000000001	0.1484738371886822
-1.390000000000001	0.15053597088954784
-1.380000000000001	0.15261219077621974
-1.370000000000001	0.15470228739673883
-1.360000000000001	0.15680604421583472
-1.350000000000001	0.15892323759855376
-1.340000000000001	0.16105363679666906
-1.330000000000001	0.16319700393898362
-1.320000000000001	0.16535309402420206
-1.310000000000001	0.16752165491799162
-1.300000000000001	0.16970242735307248
-1.290000000000001	0.17189514493306923
-1.280000000000001	0.1740995341394616
-1.270000000000001	0.17631531434290967
-1.260000000000001	0.1785421978172943
-1.2500000000000009	0.18077988975873152
-1.2400000000000009	0.1830280883064973
-1.2300000000000009	0.18528648456988916
-1.2200000000000009	0.18755476265671614
-1.2100000000000009	0.1898325997076462
-1.2000000000000008	0.1921196659328036
-1.1900000000000008	0.19441562465343104
-1.1800000000000008	0.1967201323465765
-1.1700000000000008	0.19903283869451197
-1.1600000000000008	0.20135338663757876
-1.1500000000000008	0.20368141243130877
-1.1400000000000008	0.20601654570748712
-1.1300000000000008	0.20835840953919813
-1.1200000000000008	0.21070662050999542
-1.1100000000000008	0.21306078878710225
-1.1000000000000008	0.21542051819860053
-1.0900000000000007	0.21778540631476742
-1.0800000000000007	0.2201550445334753
-1.0700000000000007	0.22252901816957288
-1.0600000000000007	0.22490690654839998
-1.0500000000000007	0.22728828310337645
-1.0400000000000007	0.22967271547752027
-1.0300000000000007	0.23205976562905958
-1.0200000000000007	0.23444898994112295
-1.0100000000000007	0.23683993933536435
-1.0000000000000007	0.23923215938937337
-0.9900000000000007	0.24162519045856953
-0.9800000000000006	0.24401856780128298
-0.9700000000000006	0.24641182170833867
-0.9600000000000006	0.24880447763623517
-0.9500000000000006	0.25119605634407804
-0.9400000000000006	0.2535860740344405
-0.9300000000000006	0.2559740424979122
-0.9200000000000006	0.2583594692612785
-0.9100000000000006	0.2607418577394132
-0.9000000000000006	0.2631207073907531
-0.8900000000000006	0.265495513876228
-0.8800000000000006	0.26786576922174676
-0.8700000000000006	0.2702309619840944
-0.8600000000000005	0.27259057742010223
-0.8500000000000005	0.2749440976591688
-0.8400000000000005	0.2772910018790063
-0.8300000000000005	0.27963076648463564
-0.8200000000000005	0.28196286528937653
-0.8100000000000005	0.2842867697016081
-0.8000000000000005	0.2866019489107836
-0.7900000000000005	0.2889078700787286
-0.7800000000000005	0.29120399853306367
-0.7700000000000005	0.29348979796322805
-0.7600000000000005	0.2957647306187713
-0.7500000000000004	0.2980282575103349
-0.7400000000000004	0.30027983861336466
-0.7300000000000004	0.3025189330730754
-0.7200000000000004	0.3047449994129656
-0.7100000000000004	0.3069574957439394
-0.7000000000000004	0.30915587997636373
-0.6900000000000004	0.31133961003353516
-0.6800000000000004	0.31350814406694455
-0.6700000000000004	0.3156609406732584
-0.6600000000000004	0.31779745911252016
-0.6500000000000004	0.3199171595279717
-0.6400000000000003	0.3220195031669355
-0.6300000000000003	0.3241039526031202
-0.6200000000000003	0.3261699719594707
-0.6100000000000003	0.3282170271323166
-0.6000000000000003	0.3302445860160033
-0.5900000000000003	0.3322521187283524
-0.5800000000000003	0.3342390978362507
-0.5700000000000003	0.3362049985824296
-0.5600000000000003	0.3381492991111163
-0.5500000000000003	0.34007148069507404
-0.5400000000000003	0.34197102796195306
-0.5300000000000002	0.34384742912059524
-0.5200000000000002	0.34570017618704707
-0.5100000000000002	0.34752876521007364
-0.5000000000000002	0.34933269649615495
-0.49000000000000027	0.3511114748337265
-0.48000000000000026	0.35286460971650513
-0.47000000000000025	0.3545916155659346
-0.46000000000000024	0.3562920119523637
-0.45000000000000023	0.35796532381502166
-0.4400000000000002	0.35961108168057493
-0.4300000000000002	0.3612288218800772
-0.4200000000000002	0.3628180867642621
-0.4100000000000002	0.3643784249170071
-0.4000000000000002	0.3659093913668096
-0.3900000000000002	0.3674105477961446
-0.38000000000000017	0.3688814627486083
-0.37000000000000016	0.3703217118336703
-0.36000000000000015	0.37173087792888243
-0.35000000000000014	0.37310855137948945
-0.34000000000000014	0.37445433019521757
-0.3300000000000001	0.37576782024416094
-0.3200000000000001	0.37704863544364636
-0.3100000000000001	0.3782963979479147
-0.3000000000000001	0.37951073833247884
-0.2900000000000001	0.3806912957751143
-0.2800000000000001	0.38183771823327267
-0.2700000000000001	0.3829496626178132
-0.26000000000000006	0.38402679496298525
-0.25000000000000006	0.3850687905925006
-0.24000000000000007	0.3860753342815602
-0.23000000000000007	0.38704612041478254
-0.22000000000000006	0.3879808531398956
-0.21000000000000005	0.38887924651705
-0.20000000000000004	0.3897410246637047
-0.19000000000000003	0.3905659218949715
-0.18000000000000002	0.39135368285926475
-0.17	0.39210406266923353
-0.16	0.392816827027862
-0.15	0.39349175234959755
-0.13999999999999999	0.39412862587647945
-0.12999999999999998	0.3947272457891868
-0.11999999999999998	0.3952874213127634
-0.10999999999999999	0.3958089728175758
-0.09999999999999999	0.39629173191399925
-0.09	0.3967355415426295
-0.08	0.3971402560585409
-0.07	0.39750574131013966
-0.060000000000000005	0.39783187471238446
-0.05	0.3981185453143678
-0.04	0.3983656538612157
-0.03	0.39857311285021824
-0.02	0.39874084658115627
-0.01	0.3988687912008336
0	0.39895689474171586
0.01	0.3990051171546561
0.02	0.3990134303357248
0.03	0.398981818147081
0.04	0.3989102764318393
0.05	0.3987988130229991
0.060000000000000005	0.3986474477463561
0.07	0.3984562124173926
0.08	0.3982251508321925
0.09	0.39795431875234666
0.09999999999999999	0.39764378388383187
0.10999999999999999	0.39729362584992733
0.11999999999999998	0.3969039361581671
0.12999999999999998	0.39647481816129554
0.13999999999999999	0.39600638701232044
0.15	0.39549876961366653
0.16	0.3949521045605109
0.17	0.3943665420778563
0.18000000000000002	0.39374224395269364
0.19000000000000003	0.3930793834595018
0.20000000000000004	0.3923781452804841
0.21000000000000005	0.3916387254200764
0.22000000000000006	0.3908613311138241
0.23000000000000007	0.3900461807317186
0.24000000000000007	0.3891935036760773
0.25000000000000006	0.3883035402739749
0.26000000000000006	0.3873765416643355
0.2700000000000001	0.3864127696797792
0.2800000000000001	0.38541249672324923
0.2900000000000001	0.38437600563952184
0.3000000000000001	0.383303589581724
0.3100000000000001	0.38219555187288373
0.3200000000000001	0.381052205862631
0.3300000000000001	0.3798738747791714
0.34000000000000014	0.3786608915765909
0.35000000000000014	0.37741359877759356
0.36000000000000015	0.3761323483118204
0.37000000000000016	0.3748175013498151
0.38000000000000017	0.37346942813273937
0.3900000000000002	0.372088507797998
0.4000000000000002	0.37067512820085863
0.4100000000000002	0.3692296857321579
0.4200000000000002	0.367752585132271
0.4300000000000002	0.36624423930144123
0.4400000000000002	0.3647050691065628
0.45000000000000023	0.36313550318460297
0.46000000000000024	0.3615359777427547
0.47000000000000025	0.3599069363554556
0.48000000000000026	0.35824882975840516
0.49000000000000027	0.35656211563974566
0.5000000000000002	0.354847258428479
0.5100000000000002	0.3531047290803176
0.5200000000000002	0.3513350048610935
0.5300000000000002	0.3495385691278343
0.5400000000000003	0.347715911107678
0.5500000000000003	0.3458675256747867
0.5600000000000003	0.34399391312533906
0.5700000000000003	0.3420955789508037
0.5800000000000003	0.3401730336096269
0.5900000000000003	0.3382267922974533
0.6000000000000003	0.3362573747160426
0.6100000000000003	0.33426530484112993
0.6200000000000003	0.3322511106888485
0.6300000000000003	0.3302153240821005
0.6400000000000003	0.32815848041540585
0.6500000000000004	0.326081118419579
0.6600000000000004	0.32398377992587546
0.6700000000000004	0.32186700962988674
0.6800000000000004	0.3197313548552825
0.6900000000000004	0.31757736531753433
0.7000000000000004	0.3154055928878225
0.7100000000000004	0.3132165913572175
0.7200000000000004	0.31101091620127885
0.7300000000000004	0.30878912434524075
0.7400000000000004	0.30655177392991173
0.7500000000000004	0.30429942407839544
0.7600000000000005	0.30203263466381886
0.7700000000000005	0.29975196607817567
0.7800000000000005	0.2974579790024076
0.7900000000000005	0.2951512341778738
0.8000000000000005	0.2928322921793482
0.8100000000000005	0.2905017131896258
0.8200000000000005	0.2881600567759127
0.8300000000000005	0.2858078816681125
0.8400000000000005	0.2834457455391024
0.8500000000000005	0.2810742047871423
0.8600000000000005	0.27869381432055473
0.8700000000000006	0.2763051273447294
0.8800000000000006	0.27390869515161675
0.8900000000000006	0.2715050669118151
0.9000000000000006	0.26909478946932414
0.9100000000000006	0.266678407139094
0.9200000000000006	0.26425646150748944
0.9300000000000006	0.26182949123572324
0.9400000000000006	0.2593980318663754
0.9500000000000006	0.25696261563311856
0.9600000000000006	0.25452377127368814
0.9700000000000006	0.25208202384621375
0.9800000000000006	0.2496378945489988
0.9900000000000007	0.24719190054381943
1.0000000000000007	0.2447445547828044
1.0100000000000007	0.2422963658390107
1.0200000000000007	0.23984783774072993
1.0300000000000007	0.23739946980959975
1.0400000000000007	0.2349517565025928
1.0500000000000007	0.2325051872579567
1.0600000000000007	0.23006024634511069
1.0700000000000007	0.22761741271862473
1.0800000000000007	0.22517715987628498
1.0900000000000007	0.22273995572128855
1.1000000000000008	0.2203062624286454
1.1100000000000008	0.21787653631581566
1.1200000000000008	0.21545122771758723
1.1300000000000008	0.21303078086527766
1.1400000000000008	0.21061563377026143
1.1500000000000008	0.20820621811185483
1.1600000000000008	0.20580295912957633
1.1700000000000008	0.2034062755198251
1.1800000000000008	0.20101657933696757
1.1900000000000008	0.19863427589885407
1.2000000000000008	0.19625976369680118
1.2100000000000009	0.19389343430999945
1.2200000000000009	0.19153567232438296
1.2300000000000009	0.1891868552559733
1.2400000000000009	0.18684735347865247
1.2500000000000009	0.1845175301563949
1.260000000000001	0.18219774117994295
1.270000000000001	0.17988833510790284
1.280000000000001	0.17758965311225278
1.290000000000001	0.17530202892825072
1.300000000000001	0.17302578880871938
1.310000000000001	0.17076125148266458
1.320000000000001	0.16850872811824258
1.330000000000001	0.1662685222900107
1.340000000000001	0.16404092995043393
1.350000000000001	0.1618262394056297
1.360000000000001	0.1596247312953167
1.370000000000001	0.15743667857687976
1.380000000000001	0.15526234651358628
1.390000000000001	0.15310199266684207
1.400000000000001	0.15095586689247514
1.410000000000001	0.1488242113409832
1.420000000000001	0.1467072604617162
1.430000000000001	0.14460524101089778
1.440000000000001	0.14251837206347728
1.450000000000001	0.14044686502872938
1.460000000000001	0.13839092366953445
1.470000000000001	0.13635074412530432
1.480000000000001	0.13432651493847103
1.490000000000001	0.1323184170844787
1.500000000000001	0.1303266240052035
1.5100000000000011	0.12835130164576616
1.5200000000000011	0.12639260849461836
1.5300000000000011	0.12445069562686503
1.5400000000000011	0.12252570675075734
1.5500000000000012	0.12061777825725024
1.5600000000000012	0.11872703927257504
1.5700000000000012	0.11685361171375509
1.5800000000000012	0.11499761034696085
1.5900000000000012	0.11315914284865998
1.6000000000000012	0.11133830986943145
1.6100000000000012	0.10953520510047945
1.6200000000000012	0.10774991534259251
1.6300000000000012	0.10598252057763341
1.6400000000000012	0.1042330940423753
1.6500000000000012	0.10250170230464488
1.6600000000000013	0.10078840534168686
1.6700000000000013	0.09909325662063638
1.6800000000000013	0.09741630318109204
1.6900000000000013	0.09575758571960996
1.7000000000000013	0.0941171386761072
1.7100000000000013	0.09249499032205208
1.7200000000000013	0.09089116285039575
1.7300000000000013	0.08930567246712051
1.7400000000000013	0.08773852948435264
1.7500000000000013	0.08618973841494255
1.7600000000000013	0.08465929806844068
1.7700000000000014	0.08314720164836908
1.7800000000000014	0.08165343685073019
1.7900000000000014	0.08017798596365877
1.8000000000000014	0.0787208259681341
1.8100000000000014	0.07728192863968088
1.8200000000000014	0.07586126065097444
1.8300000000000014	0.07445878367527718
1.8400000000000014	0.07307445449061256
1.8500000000000014	0.07170822508462874
1.8600000000000014	0.0703600427600487
1.8700000000000014	0.06902985024063167
1.8800000000000014	0.06771758577760892
1.8900000000000015	0.06642318325646811
1.9000000000000015	0.06514657230403997
1.9100000000000015	0.06388767839583448
1.9200000000000015	0.0626464229635219
1.9300000000000015	0.061422723502496314
1.9400000000000015	0.0602164936794875
1.9500000000000015	0.059027643440108475
1.9600000000000015	0.05785607911630071
1.9700000000000015	0.05670170353360852
1.9800000000000015	0.05556441611821503
1.9900000000000015	0.05444411300368392
2.0000000000000013	0.05334068713734024
2.010000000000001	0.052254028386240776
2.020000000000001	0.05118402364266602
2.0300000000000007	0.05013055692908986
2.0400000000000005	0.04909350950255934
2.0500000000000003	0.04807275995844346
2.06	0.047068184333492344
2.07	0.04607965620816366
2.0799999999999996	0.045107046808150725
2.0899999999999994	0.04415022510509619
2.099999999999999	0.04320905791641335
2.109999999999999	0.042283410004191876
2.1199999999999988	0.041373144173138594
2.1299999999999986	0.04047812136751123
2.1399999999999983	0.03959820076702876
2.149999999999998	0.038733239881616574
2.159999999999998	0.03788309464518894
2.1699999999999977	0.03704761950813396
2.1799999999999975	0.036226667528668675
2.1899999999999973	0.03542009046299175
2.199999999999997	0.034627738854165535
2.209999999999997	0.03384946211972428
2.2199999999999966	0.033085108637997435
2.2299999999999964	0.03233452583308445
2.239999999999996	0.031597560258490226
2.249999999999996	0.030874057679382973
2.259999999999996	0.030163863153456125
2.2699999999999956	0.0294668211103729
2.2799999999999954	0.028782775429807145
2.289999999999995	0.02811156951793005
2.299999999999995	0.027453046382620003
2.3099999999999947	0.026807048707013736
2.3199999999999945	0.02617341892165559
2.3299999999999943	0.02555199927512535
2.339999999999994	0.024942631903156404
2.349999999999994	0.024345158896230984
2.3599999999999937	0.023759422365649433
2.3699999999999934	0.023185264508063238
2.3799999999999932	0.022622527668476392
2.389999999999993	0.022071054401694993
2.399999999999993	0.02153068753223885
2.4099999999999926	0.021001270212710713
2.4199999999999924	0.020482645980611443
2.429999999999992	0.019974658813618575
2.439999999999992	0.019477153183319947
2.4499999999999917	0.018989974107408863
2.4599999999999915	0.01851296720034417
2.4699999999999913	0.018045978722485066
2.479999999999991	0.01758885562769734
2.489999999999991	0.017141445609448823
2.4999999999999907	0.016703597145395252
2.5099999999999905	0.016275159540469417
2.5199999999999902	0.015855982968477702
2.52999999999999	0.0154459185122284
2.53999999999999	0.015044818202181892
2.5499999999999896	0.01465253505365544
2.5599999999999894	0.014268923102585871
2.569999999999989	0.013893837439862791
2.579999999999989	0.013527134244252458
2.5899999999999888	0.013168670813919986
2.5999999999999885	0.012818305596647315
2.6099999999999883	0.012475898218334043
2.619999999999988	0.012141309510837946
2.629999999999988	0.011814401537803994
2.6399999999999877	0.011495037619519491
2.6499999999999875	0.011183082356471304
2.6599999999999873	0.010878401651299763
2.669999999999987	0.010580862730162215
2.679999999999987	0.010290334162188214
2.6899999999999866	0.010006685878061859
2.6999999999999864	0.009729789187333181
2.709999999999986	0.009459516794558325
2.719999999999986	0.00919574281429374
2.7299999999999858	0.008938342784941768
2.7399999999999856	0.008687193681504949
2.7499999999999853	0.008442173927239172
2.759999999999985	0.008203163404246247
2.769999999999985	0.007970043463020698
2.7799999999999847	0.0077426969309789175
2.7899999999999845	0.007521008119979986
2.7999999999999843	0.007304862832884576
2.809999999999984	0.007094148369147721
2.819999999999984	0.006888753529490114
2.8299999999999836	0.006688568619655182
2.8399999999999834	0.006493485453285973
2.849999999999983	0.006303397353938691
2.859999999999983	0.006118199156257534
2.869999999999983	0.005937787206331979
2.8799999999999826	0.00576205936126834
2.8899999999999824	0.005590914987978312
2.899999999999982	0.005424254961228014
2.909999999999982	0.005261981660966643
2.9199999999999817	0.005103998968940287
2.9299999999999815	0.004950212264634634
2.9399999999999813	0.004800528420556413
2.949999999999981	0.004654855796879882
2.959999999999981	0.004513104235473636
2.9699999999999807	0.004375185053351722
2.9799999999999804	0.0042410110355260286
2.9899999999999802	0.004110496427334642
2.99999999999998	0.003983556926228029
3.00999999999998	0.0038601096730495705
3.0199999999999796	0.00374007324283049
3.0299999999999794	0.0036233676351169653
3.039999999999979	0.0035099142638462377
3.049999999999979	0.0033996359468017956
3.0599999999999787	0.003292456894656421
3.0699999999999785	0.003188302699626678
3.0799999999999783	0.0030871003237582374
3.089999999999978	0.002988778086863337
3.099999999999978	0.0028932656541146196
3.1099999999999777	0.0028004940233382772
3.1199999999999775	0.0027103955119985703
3.1299999999999772	0.0026229037439051413
3.139999999999977	0.002537953635669511
3.149999999999977	0.0024554813828875097
3.1599999999999766	0.00237542444611677
3.1699999999999764	0.0022977215366307667
3.179999999999976	0.00222231260197447
3.189999999999976	0.0021491388113340356
3.1999999999999758	0.002078142540754069
3.2099999999999755	0.0020092673581676695
3.2199999999999753	0.0019424580083230302
3.229999999999975	0.0018776603975623279
3.239999999999975	0.0018148215784983272
3.2499999999999747	0.001753889734587524
3.2599999999999745	0.0016948141646188706
3.2699999999999743	0.0016375452671281336
3.279999999999974	0.0015820345247945708
3.289999999999974	0.0015282344885749624
3.2999999999999736	0.0014760987622214595
3.3099999999999734	0.0014255819863560361
3.319999999999973	0.001376639822725186
3.329999999999973	0.0013292289384247602
3.3399999999999728	0.0012833069901170555
3.3499999999999726	0.0012388326083029727
3.3599999999999723	0.001195765381417837
3.369999999999972	0.0011540658403659174
3.379999999999972	0.001113695442686802
3.3899999999999717	0.0010746165569734552
3.3999999999999715	0.001036792447315365
3.4099999999999713	0.0010001872577918456
3.419999999999971	0.0009647659970554644
3.429999999999971	0.0009304945229819086
3.4399999999999706	0.000897339527415293
3.4499999999999704	0.0008652685209998568
3.45999999999997	0.0008342498181433036
3.46999999999997	0.0008042525219527622
3.47999999999997	0.0007752465095394495
3.4899999999999696	0.000747202417187761
3.4999999999999694	0.000720091625769711
3.509999999999969	0.0006938862462596314
3.519999999999969	0.0006685591054120803
3.5299999999999687	0.0006440837314388857
3.5399999999999685	0.0006204343400896335
3.5499999999999683	0.0005975858206185476
3.559999999999968	0.0005755137220212142
3.569999999999968	0.0005541942394015313
3.5799999999999677	0.0005336042004921383
3.5899999999999674	0.000513721052329005
3.5999999999999672	0.0004945228480898326
3.609999999999967	0.000475988234084561
3.619999999999967	0.00045809643692677537
3.6299999999999666	0.0004408272508569579
3.6399999999999664	0.00042416102523726263
3.649999999999966	0.00040807865222106473
3.659999999999966	0.0003925615545883097
3.6699999999999657	0.00037759167376032844
3.6799999999999655	0.00036315145797237707
3.6899999999999653	0.0003492238506490521
3.699999999999965	0.00033579227892781494
3.709999999999965	0.0003228406423737353
3.7199999999999647	0.0003103533018679157
3.7299999999999645	0.00029831506866924835
3.7399999999999642	0.0002867111936632283
3.749999999999964	0.00027552735677653265
3.759999999999964	0.00026474965657632857
3.7699999999999636	0.00025436460004591875
3.7799999999999634	0.00024435909253538526
3.789999999999963	0.00023472042788981576
3.799999999999963	0.0002254362787539627
3.8099999999999627	0.00021649468705275723
3.8199999999999625	0.00020788405464173423
3.8299999999999623	0.00019959313413853041
3.839999999999962	0.0001916110199234602
3.849999999999962	0.00018392713930670733
3.8599999999999617	0.00017653124387850589
3.8699999999999615	0.00016941340101597424
3.8799999999999613	0.00016256398556258747
3.889999999999961	0.00015597367168714677
3.899999999999961	0.0001496334248757414
3.9099999999999606	0.00014353449412936382
3.9199999999999604	0.0001376684042869006
3.92999999999996	0.00013202694853469316
3.93999999999996	0.00012660218105120448
3.9499999999999598	0.0001213864098412871
3.9599999999999596	0.00011637218969919132
3.9699999999999593	0.00011155231532117908
3.979999999999959	0.00010691981460441987
3.989999999999959	0.00010246794205985532
3.9999999999999587	0.00009819017239085118
4.009999999999959	0.00009408019421185427
4.019999999999959	0.00009013190391809434
4.0299999999999585	0.00008633939968932626
4.039999999999958	0.00008269697563721042
4.049999999999958	0.00007919911609480335
4.059999999999958	0.00007584049003455287
4.069999999999958	0.00007261594562188063
4.079999999999957	0.00006952050491037623
4.089999999999957	0.00006654935865072755
4.099999999999957	0.00006369786123838447
4.109999999999957	0.000060961525786401256
4.119999999999957	0.00005833601931353155
4.129999999999956	0.00005581715806382997
4.139999999999956	0.00005340090293646926
4.149999999999956	0.0000510833550416495
4.159999999999956	0.000048860751360822304
4.1699999999999555	0.00004672946052787595
4.179999999999955	0.00004468597871877572
4.189999999999955	0.00004272692564751685
4.199999999999955	0.000040849040670942195
4.209999999999955	0.000039049178996170694
4.2199999999999545	0.00003732430799257058
4.229999999999954	0.00003567150360176161
4.239999999999954	0.00003408794683766503
4.249999999999954	0.00003257092042659862
4.259999999999954	0.00003111780545324208
4.269999999999953	0.00002972607818099644
4.279999999999953	0.000028393306955520085
4.289999999999953	0.000027117149122603678
4.299999999999953	0.000025895348125747524
4.3099999999999525	0.000024725730625682023
4.319999999999952	0.000023606203732313115
4.329999999999952	0.000022534752306362186
4.339999999999952	0.000021509436335955953
4.349999999999952	0.00002052838840069234
4.3599999999999515	0.00001958981120525604
4.369999999999951	0.00001869197518343204
4.379999999999951	0.000017833216178278105
4.389999999999951	0.000017011933191323058
4.399999999999951	0.000016226586197457834
4.40999999999995	0.000015475694028470243
4.41999999999995	0.000014757832322857093
4.42999999999995	0.000014071631532608036
4.43999999999995	0.000013415774999460455
4.4499999999999496	0.000012788997083937674
4.459999999999949	0.000012190081377352904
4.469999999999949	0.000011617858877390111
4.479999999999949	0.000011071206396094437
4.489999999999949	0.000010549044864105945
4.4999999999999485	0.000010050337691363073
4.509999999999948	9.574089326852498e-6
4.519999999999948	9.119343706129605e-6
4.529999999999948	8.685182821056163e-6
4.539999999999948	8.270725327868541e-6
4.549999999999947	7.875125207208913e-6
4.559999999999947	7.497570445089736e-6
4.569999999999947	7.137281779272045e-6
4.579999999999947	6.7935114916009755e-6
4.589999999999947	6.465542209296943e-6
4.599999999999946	6.152685779481722e-6
4.609999999999946	5.854282170940919e-6
4.619999999999946	5.569698391778457e-6
4.629999999999946	5.298327521044517e-6
4.6399999999999455	5.039587635112525e-6
4.649999999999945	4.792920906612832e-6
4.659999999999945	4.557792651541563e-6
4.669999999999945	4.3336904936714725e-6
4.679999999999945	4.120123421979114e-6
4.689999999999944	3.916621015201301e-6
4.699999999999944	3.7227326270344334e-6
4.709999999999944	3.5380266121255276e-6
4.719999999999944	3.362089586077518e-6
4.729999999999944	3.1945257010613667e-6
4.739999999999943	3.0349559533728596e-6
4.749999999999943	2.883017523287505e-6
4.759999999999943	2.7383631212080616e-6
4.769999999999943	2.6006603754905916e-6
4.7799999999999425	2.469591253646456e-6
4.789999999999942	2.344851397248574e-6
4.799999999999942	2.2261497040462968e-6
4.809999999999942	2.11320772582014e-6
4.819999999999942	2.005759085633493e-6
4.8299999999999415	1.9035491205746004e-6
4.839999999999941	1.806334315244559e-6
4.849999999999941	1.7138818613189625e-6
4.859999999999941	1.6259692258649094e-6
4.869999999999941	1.542383725360922e-6
4.87999999999994	1.4629220868179474e-6
4.88999999999994	1.387390112913333e-6
4.89999999999994	1.3156022696076168e-6
4.90999999999994	1.2473813012178962e-6
4.9199999999999395	1.1825579363888006e-6
4.929999999999939	1.1209705111500964e-6
4.939999999999939	1.0624646660153414e-6
4.949999999999939	1.0068930229865466e-6
4.959999999999939	9.541149009847414e-7
4.9699999999999385	9.039960171120625e-7
4.979999999999938	8.564082293758454e-7
4.989999999999938	8.112292518882735e-7
4.999999999999938	7.68342424483372e-7
5.009999999999938	7.27636450169786e-7
5.019999999999937	6.89005173516063e-7
5.029999999999937	6.523473540026239e-7
5.039999999999937	6.175664641656698e-7
5.049999999999937	5.845704456067347e-7
5.0599999999999365	5.532715366666062e-7
5.069999999999936	5.235861092249423e-7
5.079999999999936	4.954344484114541e-7
5.089999999999936	4.6874059115877434e-7
5.099999999999936	4.43432159923073e-7
5.1099999999999355	4.1944020164509314e-7
5.119999999999935	3.966990356422396e-7
5.129999999999935	3.7514610609291457e-7
5.139999999999935	3.547218413530485e-7
5.149999999999935	3.3536952295333487e-7
5.159999999999934	3.170351457064722e-7
5.169999999999934	2.996673016143407e-7
5.179999999999934	2.8321706778381456e-7
5.189999999999934	2.6763788297485903e-7
5.199999999999934	2.5288544334268705e-7
5.209999999999933	2.3891755767969863e-7
5.219999999999933	2.256942088537656e-7
5.229999999999933	2.131771911537512e-7
5.239999999999933	2.013303054184691e-7
5.2499999999999325	1.9011898740641643e-7
5.259999999999932	1.7951049521244337e-7
5.269999999999932	1.694736494994006e-7
5.279999999999932	1.5997878312486196e-7
5.289999999999932	1.509977817263277e-7
5.299999999999931	1.4250386361275975e-7
5.309999999999931	1.3447159541707974e-7
5.319999999999931	1.2687684839929581e-7
5.329999999999931	1.1969666152804095e-7
5.339999999999931	1.1290925296342463e-7
5.34999999999993	1.0649390697961691e-7
5.35999999999993	1.0043101400360078e-7
5.36999999999993	9.470190251588586e-8