-6.529999999999905	9.648696193805264e-9
-6.519999999999905	1.0122209468838699e-8
-6.509999999999906	1.0618413117766239e-8
-6.499999999999906	1.1138371375236162e-8
-6.489999999999906	1.168319244361408e-8
-6.479999999999906	1.2254030332431354e-8
-6.4699999999999065	1.2852097794901286e-8
-6.459999999999907	1.3478660679621893e-8
-6.449999999999907	1.4135039104747062e-8
-6.439999999999907	1.4822613556107437e-8
-6.429999999999907	1.5542831958362377e-8
-6.419999999999908	1.6297201543352496e-8
-6.409999999999908	1.708729856240016e-8
-6.399999999999908	1.791477121513495e-8
-6.389999999999908	1.878134015892252e-8
-6.379999999999908	1.968880337444976e-8
-6.369999999999909	2.0639039183321898e-8
-6.359999999999909	2.1634014069531444e-8
-6.349999999999909	2.267576711188825e-8
-6.339999999999909	2.376644530562555e-8
-6.3299999999999095	2.4908283367935705e-8
-6.31999999999991	2.6103615584736992e-8
-6.30999999999991	2.7354879687335946e-8
-6.29999999999991	2.866462107980076e-8
-6.28999999999991	3.003549699709871e-8
-6.2799999999999105	3.1470286069677885e-8
-6.269999999999911	3.29718789683374e-8
-6.259999999999911	3.454330369184604e-8
-6.249999999999911	3.618771834022441e-8
-6.239999999999911	3.790841788805648e-8
-6.229999999999912	3.9708840454109607e-8
-6.219999999999912	4.159257849149641e-8
-6.209999999999912	4.356337693269629e-8
-6.199999999999912	4.562514329078453e-8
-6.1899999999999125	4.778195903022586e-8
-6.179999999999913	5.003808091263978e-8
-6.169999999999913	5.23979502612704e-8
-6.159999999999913	5.4866201261074604e-8
-6.149999999999913	5.74476675616861e-8
-6.1399999999999135	6.014739242620091e-8
-6.129999999999914	6.297063578251139e-8
-6.119999999999914	6.592288415949219e-8
-6.109999999999914	6.90098597519848e-8
-6.099999999999914	7.223753067962128e-8
-6.089999999999915	7.561212060381293e-8
-6.079999999999915	7.914011943714833e-8
-6.069999999999915	8.282829427052211e-8
-6.059999999999915	8.668370086825142e-8
-6.0499999999999154	9.071369544867034e-8
-6.039999999999916	9.492594709215911e-8
-6.029999999999916	9.932845018516784e-8
-6.019999999999916	1.0392953837037922e-7
-6.009999999999916	1.087378979737155e-7
-5.9999999999999165	1.13762582584055e-7
-5.989999999999917	1.1901302647533853e-7
-5.979999999999917	1.2449906326306257e-7
-5.969999999999917	1.3023093829325772e-7
-5.959999999999917	1.3621932841880206e-7
-5.949999999999918	1.4247535792952753e-7
-5.939999999999918	1.4901061657812404e-7
-5.929999999999918	1.5583717865490878e-7
-5.919999999999918	1.6296762212195476e-7
-5.909999999999918	1.7041504900480863e-7
-5.899999999999919	1.7819310639077764e-7
-5.889999999999919	1.8631600802260447e-7
-5.879999999999919	1.9479855689379578e-7
-5.869999999999919	2.0365616894016542e-7
-5.8599999999999195	2.1290489697847804e-7
-5.84999999999992	2.2256145701021603e-7
-5.83999999999992	2.3264325122386468e-7
-5.82999999999992	2.4316840063977176e-7
-5.81999999999992	2.541557671421151e-7
-5.809999999999921	2.656249884517517e-7
-5.799999999999921	2.7759650402675536e-7
-5.789999999999921	2.90091589827129e-7
-5.779999999999921	3.0313238805033337e-7
-5.769999999999921	3.167419436349162e-7
-5.759999999999922	3.309442379332199e-7
-5.749999999999922	3.457642254962085e-7
-5.739999999999922	3.612278718285063e-7
-5.729999999999922	3.7736219269192983e-7
-5.7199999999999225	3.9419529453148083e-7
-5.709999999999923	4.117564168533094e-7
-5.699999999999923	4.300759756488117e-7
-5.689999999999923	4.4918560875535303e-7
-5.679999999999923	4.6911822277642763e-7
-5.6699999999999235	4.899080416051262e-7
-5.659999999999924	5.115906568823211e-7
-5.649999999999924	5.342030801277275e-7
-5.639999999999924	5.577837969477991e-7
-5.629999999999924	5.823728227698366e-7
-5.619999999999925	6.08011761328031e-7
-5.609999999999925	6.347438644148168e-7
-5.599999999999925	6.626140949591163e-7
-5.589999999999925	6.916691890532269e-7
-5.5799999999999255	7.219577270362877e-7
-5.569999999999926	7.535301977458998e-7
-5.559999999999926	7.864390744384094e-7
-5.549999999999926	8.207388852589002e-7
-5.539999999999926	8.564862958066817e-7
-5.5299999999999265	8.937401795589155e-7
-5.519999999999927	9.32561710505134e-7
-5.509999999999927	9.730144391494342e-7
-5.499999999999927	1.0151643860718123e-6
-5.489999999999927	1.0590801315735948e-6
-5.479999999999928	1.1048329102611622e-6
-5.469999999999928	1.152496708592312e-6
-5.459999999999928	1.2021483660521815e-6
-5.449999999999928	1.2538676794313136e-6
-5.4399999999999284	1.3077375112961107e-6
-5.429999999999929	1.363843901605871e-6
-5.419999999999929	1.4222761833590433e-6
-5.409999999999929	1.483127102493911e-6
-5.399999999999929	1.5464929413504972e-6
-5.3899999999999295	1.612473646944702e-6
-5.37999999999993	1.6811729623586397e-6
-5.36999999999993	1.7526985641376855e-6
-5.35999999999993	1.827162204102043e-6
-5.34999999999993	1.904679854744023e-6
-5.339999999999931	1.9853718601664217e-6
-5.329999999999931	2.0693630926484236e-6
-5.319999999999931	2.156783113534701e-6
-5.309999999999931	2.2477663401990305e-6
-5.299999999999931	2.3424522178368667e-6
-5.289999999999932	2.4409853977660027e-6
-5.279999999999932	2.5435159208689953e-6
-5.269999999999932	2.650199407563752e-6
-5.259999999999932	2.76119725375141e-6
-5.2499999999999325	2.8766768335191457e-6
-5.239999999999933	2.996811707892169e-6
-5.229999999999933	3.1217818410298655e-6
-5.219999999999933	3.2517738229909206e-6
-5.209999999999933	3.386981099877498e-6
-5.199999999999934	3.5276042114267255e-6
-5.189999999999934	3.6738510362591374e-6
-5.179999999999934	3.825937044894246e-6
-5.169999999999934	3.984085561106004e-6
-5.159999999999934	4.148528032413805e-6
-5.149999999999935	4.319504304923261e-6
-5.139999999999935	4.497262912478107e-6
-5.129999999999935	4.682061373741676e-6
-5.119999999999935	4.8741664994340624e-6
-5.1099999999999355	5.0738546991154e-6
-5.099999999999936	5.281412316801743e-6
-5.089999999999936	5.497135956685892e-6
-5.079999999999936	5.7213328333816245e-6
-5.069999999999936	5.954321127983372e-6
-5.0599999999999365	6.196430353943629e-6
-5.049999999999937	6.4480017383055655e-6
-5.039999999999937	6.709388605737905e-6
-5.029999999999937	6.980956791175644e-6
-5.019999999999937	7.263085041494632e-6
-5.009999999999938	7.556165452650176e-6
-4.999999999999938	7.860603907178762e-6
-4.989999999999938	8.176820526521752e-6
-4.979999999999938	8.505250134723763e-6
-4.9699999999999385	8.846342756072944e-6
-4.959999999999939	9.200564090498392e-6
-4.949999999999939	9.568396023318089e-6
-4.939999999999939	9.950337175667013e-6
-4.929999999999939	0.00001034690342608989
-4.9199999999999395	0.00001075862845482079
-4.90999999999994	0.000011186064362987427
-4.89999999999994	0.000011629782218302689
-4.88999999999994	0.000012090372680729423
-4.87999999999994	0.000012568446633001119
-4.869999999999941	0.000013064635824019404
-4.859999999999941	0.000013579593502995903
-4.849999999999941	0.000014113995148056586
-4.839999999999941	0.000014668539141963847
-4.8299999999999415	0.000015243947490871075
-4.819999999999942	0.00001584096656707273
-4.809999999999942	0.00001646036790389341
-4.799999999999942	0.000017102948919628506
-4.789999999999942	0.0000177695337726214
-4.7799999999999425	0.00001846097419412153
-4.769999999999943	0.000019178150307972423
-4.759999999999943	0.00001992197151646684
-4.749999999999943	0.000020693377444966558
-4.739999999999943	0.00002149333880220099
-4.729999999999944	0.000022322858374075534
-4.719999999999944	0.000023182972008487678
-4.709999999999944	0.000024074749577200996
-4.699999999999944	0.00002499929605214045
-4.689999999999944	0.000025957752550628512
-4.679999999999945	0.000026951297419314227
-4.669999999999945	0.00002798114734591344
-4.659999999999945	0.000029048558550314114
-4.649999999999945	0.000030154827913929436
-4.6399999999999455	0.00003130129420154989
-4.629999999999946	0.00003248933933070481
-4.619999999999946	0.000033720389628809775
-4.609999999999946	0.00003499591712200686
-4.599999999999946	0.000036317440932662816
-4.589999999999947	0.00003768652861515126
-4.579999999999947	0.00003910479757159649
-4.569999999999947	0.00004057391652158713
-4.559999999999947	0.00004209560700007075
-4.549999999999947	0.00004367164482564093
-4.539999999999948	0.00004530386174641085
-4.529999999999948	0.0000469941469931573
-4.519999999999948	0.000048744448933826806
-4.509999999999948	0.00005055677676175272
-4.4999999999999485	0.00005243320225664008
-4.489999999999949	0.00005437586149044775
-4.479999999999949	0.00005638695670426832
-4.469999999999949	0.00005846875815561714
-4.459999999999949	0.000060623605993280945
-4.4499999999999496	0.00006285391224646495
-4.43999999999995	0.00006516216283342381
-4.42999999999995	0.00006755091956341103
-4.41999999999995	0.00007002282227177415
-4.40999999999995	0.00007258059098118817
-4.399999999999951	0.00007522702804770824
-4.389999999999951	0.00007796502046492918
-4.379999999999951	0.00008079754214982352
-4.369999999999951	0.00008372765629987941
-4.3599999999999515	0.00008675851778973466
-4.349999999999952	0.00008989337569669615
-4.339999999999952	0.00009313557576756707
-4.329999999999952	0.00009648856301966473
-4.319999999999952	0.00009995588440205252
-4.3099999999999525	0.00010354119148946752
-4.299999999999953	0.00010724824321945753
-4.289999999999953	0.00011108090876998331
-4.279999999999953	0.00011504317041382632
-4.269999999999953	0.00011913912645258289
-4.259999999999954	0.000123372994288151
-4.249999999999954	0.00012774911346970596
-4.239999999999954	0.00013227194881648365
-4.229999999999954	0.00013694609370673832
-4.2199999999999545	0.00014177627330900732
-4.209999999999955	0.0001467673479419547
-4.199999999999955	0.00015192431652855747
-4.189999999999955	0.00015725232008987177
-4.179999999999955	0.00016275664527609616
-4.1699999999999555	0.0001684427280633238
-4.159999999999956	0.00017431615745356675
-4.149999999999956	0.00018038267925832153
-4.139999999999956	0.0001866481999913166
-4.129999999999956	0.00019311879082471392
-4.119999999999957	0.00019980069159032478
-4.109999999999957	0.0002067003149075759
-4.099999999999957	0.00021382425039368928
-4.089999999999957	0.00022117926888291445
-4.079999999999957	0.000228772326829189
-4.069999999999958	0.00023661057072828532
-4.059999999999958	0.00024470134163573804
-4.049999999999958	0.00025305217976642107
-4.039999999999958	0.000261670829231968
-4.0299999999999585	0.0002705652427667669
-4.019999999999959	0.000279743586611546
-4.009999999999959	0.0002892142454985497
-3.9999999999999587	0.0002989858276777985
-3.989999999999959	0.0003090671700263261
-3.979999999999959	0.00031946734334647466
-3.9699999999999593	0.0003301956576210791
-3.9599999999999596	0.0003412616674401825
-3.9499999999999598	0.00035267517753649147
-3.93999999999996	0.0003644462483582026
-3.92999999999996	0.0003765852017361327
-3.9199999999999604	0.00038910262673690603
-3.9099999999999606	0.0004020093854984935
-3.899999999999961	0.00041531661920378665
-3.889999999999961	0.00042903575419720976
-3.8799999999999613	0.0004431785081373405
-3.8699999999999615	0.00045775689622961003
-3.8599999999999617	0.00047278323764866936
-3.849999999999962	0.0004882701619913279
-3.839999999999962	0.0005042306157911052
-3.8299999999999623	0.0005206778692374236
-3.8199999999999625	0.0005376255229231729
-3.8099999999999627	0.0005550875146754249
-3.799999999999963	0.0005730781265236047
-3.789999999999963	0.0005916119917873657
-3.7799999999999634	0.000610704102167289
-3.7699999999999636	0.0006303698150345913
-3.759999999999964	0.0006506248607937738
-3.749999999999964	0.0006714853503006001
-3.7399999999999642	0.000692967782395049
-3.7299999999999645	0.0007150890516135522
-3.7199999999999647	0.0007378664558308388
-3.709999999999965	0.0007613177041564182
-3.699999999999965	0.0007854609248538558
-3.6899999999999653	0.0008103146733631552
-3.6799999999999655	0.000835897940380453
-3.6699999999999657	0.0008622301601499159
-3.659999999999966	0.0008893312186931794
-3.649999999999966	0.0009172214622220124
-3.6399999999999664	0.000945921705654207
-3.6299999999999666	0.0009754532411497411
-3.619999999999967	0.0010058378467687693
-3.609999999999967	0.0010370977952448123
-3.5999999999999672	0.0010692558628049827
-3.5899999999999674	0.001102335338049713
-3.5799999999999677	0.001136360031005632
-3.569999999999968	0.0011713542821700266
-3.559999999999968	0.001207342971621153
-3.5499999999999683	0.001244351528306535
-3.5399999999999685	0.001282405939325437
-3.5299999999999687	0.0013215327592500522
-3.519999999999969	0.0013617591196199465
-3.509999999999969	0.0014031127384340138
-3.4999999999999694	0.00144562192968862
-3.4899999999999696	0.001489315613017792
-3.47999999999997	0.0015342233234069522
-3.46999999999997	0.0015803752208643155
-3.45999999999997	0.001627802100256231
-3.4499999999999704	0.001676535401161542
-3.4399999999999706	0.0017266072176862703
-3.429999999999971	0.001778050308431201
-3.419999999999971	0.001830898106473469
-3.4099999999999713	0.001885184729277213
-3.3999999999999715	0.0019409449887830721
-3.3899999999999717	0.0019982144014224525
-3.379999999999972	0.002057029198197741
-3.369999999999972	0.0021174263347177435
-3.3599999999999723	0.002179443501368602
-3.3499999999999726	0.002243119133335214
-3.3399999999999728	0.0023084924207290615
-3.329999999999973	0.002375603318696482
-3.319999999999973	0.0024444925574804476
-3.3099999999999734	0.0025152016524846114
-3.2999999999999736	0.002587772914352544
-3.289999999999974	0.0026622494589760137
-3.279999999999974	0.0027386752174547125
-3.2699999999999743	0.002817094946107357
-3.2599999999999745	0.002897554236349768
-3.2499999999999747	0.0029800995245104376
-3.239999999999975	0.0030647781016884513
-3.229999999999975	0.003151638123467314
-3.2199999999999753	0.003240728619527732
-3.2099999999999755	0.0033320995032884403
-3.1999999999999758	0.0034258015813827167
-3.189999999999976	0.0035218865630204585
-3.179999999999976	0.003620407069307757
-3.1699999999999764	0.003721416642461209
-3.1599999999999766	0.003824969754792434
-3.149999999999977	0.003931121817704249
-3.139999999999977	0.004039929190507292
-3.1299999999999772	0.004151449189008028
-3.1199999999999775	0.004265740094053086
-3.1099999999999777	0.004382861159902162
-3.099999999999978	0.00450287262231052
-3.089999999999978	0.004625835706576217
-3.0799999999999783	0.0047518126353338986
-3.0699999999999785	0.004880866636105846
-3.0599999999999787	0.005013061948696786
-3.049999999999979	0.005148463832401178
-3.039999999999979	0.0052871385728639605
-3.0299999999999794	0.00542915348877426
-3.0199999999999796	0.005574576938353327
-3.00999999999998	0.005723478325452606
-2.99999999999998	0.005875928105454299
-2.9899999999999802	0.006031997790906292
-2.9799999999999804	0.006191759956812111
-2.9699999999999807	0.006355288245584011
-2.959999999999981	0.006522657371786707
-2.949999999999981	0.006693943126435069
-2.9399999999999813	0.006869222380959208
-2.9299999999999815	0.007048573090881795
-2.9199999999999817	0.0072320742990863865
-2.909999999999982	0.007419806138622885
-2.899999999999982	0.007611849835277121
-2.8899999999999824	0.0078082877096213405
-2.8799999999999826	0.008009203178613736
-2.869999999999983	0.008214680756873486
-2.859999999999983	0.008424806057462092
-2.849999999999983	0.008639665792109862
-2.8399999999999834	0.008859347771126345
-2.8299999999999836	0.009083940902728835
-2.819999999999984	0.00931353519184777
-2.809999999999984	0.009548221738487586
-2.7999999999999843	0.00978809273555002
-2.7899999999999845	0.01003324146601831
-2.7799999999999847	0.01028376229969881
-2.769999999999985	0.010539750689373009
-2.759999999999985	0.010801303166275962
-2.7499999999999853	0.011068517335056116
-2.7399999999999856	0.011341491868174342
-2.7299999999999858	0.011620326499518972
-2.719999999999986	0.01190512201748428
-2.709999999999986	0.01219598025743883
-2.6999999999999864	0.012493004093390724
-2.6899999999999866	0.012796297429052816
-2.679999999999987	0.013105965188233896
-2.669999999999987	0.013422113304464299
-2.6599999999999873	0.013744848709879054
-2.6499999999999875	0.014074279323475693
-2.6399999999999877	0.014410514038485351
-2.629999999999988	0.014753662709019462
-2.619999999999988	0.01510383613600312
-2.6099999999999883	0.015461146052240096
-2.5999999999999885	0.015825705106639845
-2.5899999999999888	0.016197626847760414
-2.579999999999989	0.016577025706408247
-2.569999999999989	0.016964016977359914
-2.5599999999999894	0.01735871680035537
-2.5499999999999896	0.017761242140137492
-2.53999999999999	0.018171710765550124
-2.52999999999999	0.01859024122788297
-2.5199999999999902	0.019016952838204197
-2.5099999999999905	0.019451965643782716
-2.4999999999999907	0.019895400403619465
-2.489999999999991	0.020347378563048375
-2.479999999999991	0.02080802222726997
-2.4699999999999913	0.021277454134057208
-2.4599999999999915	0.021755797625467366
-2.4499999999999917	0.022243176618454406
-2.439999999999992	0.022739715574611376
-2.429999999999992	0.023245539468924322
-2.4199999999999924	0.023760773757389195
-2.4099999999999926	0.024285544343689788
-2.399999999999993	0.024819977544925896
-2.389999999999993	0.025364200056138084
-2.3799999999999932	0.02591833891389589
-2.3699999999999934	0.026482521458875075
-2.3599999999999937	0.027056875297291685
-2.349999999999994	0.027641528261285832
-2.339999999999994	0.028236608368365473
-2.3299999999999943	0.028842243779620542
-2.3199999999999945	0.029458562756920156
-2.3099999999999947	0.030085693619125695
-2.299999999999995	0.030723764697109347
-2.289999999999995	0.03137290428768932
-2.2799999999999954	0.032033240606641804
-2.2699999999999956	0.03270490174043977
-2.259999999999996	0.033388015596999276
-2.249999999999996	0.03408270985538275
-2.239999999999996	0.034789111914368336
-2.2299999999999964	0.0355073488398918
-2.2199999999999966	0.03623754731155799
-2.209999999999997	0.03697983356798558
-2.199999999999997	0.037734333351034106
-2.1899999999999973	0.03850117184910993
-2.1799999999999975	0.03928047363935613
-2.1699999999999977	0.04007236262868962
-2.159999999999998	0.04087696199395996
-2.149999999999998	0.04169439412102439
-2.1399999999999983	0.04252478054270235
-2.1299999999999986	0.04336824187583699
-2.1199999999999988	0.0442248977573539
-2.109999999999999	0.04509486677922431
-2.099999999999999	0.045978266422515145
-2.0899999999999994	0.04687521299056021
-2.0799999999999996	0.047785821540995296
-2.07	0.04871020581698837
-2.06	0.04964847817759769
-2.0500000000000003	0.05060074952707644
-2.0400000000000005	0.05156712924338468
-2.0300000000000007	0.052547725105926084
-2.020000000000001	0.05354264322225878
-2.010000000000001	0.0545519879541099
-2.0000000000000013	0.055575861842605975
-1.9900000000000015	0.05661436553265939
-1.9800000000000015	0.05766759769660091
-1.9700000000000015	0.0587356549572187
-1.9600000000000015	0.0598186318099598
-1.9500000000000015	0.0609166205444799
-1.9400000000000015	0.062029711165670916
-1.9300000000000015	0.0631579913139632
-1.9200000000000015	0.0643015461850171
-1.9100000000000015	0.06546045844902844
-1.9000000000000015	0.06663480816940913
-1.8900000000000015	0.06782467272092403
-1.8800000000000014	0.06903012670754871
-1.8700000000000014	0.07025124187984041
-1.8600000000000014	0.07148808705184051
-1.8500000000000014	0.07274072801780172
-1.8400000000000014	0.0740092274685731
-1.8300000000000014	0.07529364490762042
-1.8200000000000014	0.0765940365669857
-1.8100000000000014	0.07791045532304942
-1.8000000000000014	0.07924295061203396
-1.7900000000000014	0.08059156834557214
-1.7800000000000014	0.08195635082623827
-1.7700000000000014	0.08333733666292824
-1.7600000000000013	0.08473456068644955
-1.7500000000000013	0.08614805386520588
-1.7400000000000013	0.08757784322093809
-1.7300000000000013	0.08902395174471787
-1.7200000000000013	0.090486398313274
-1.7100000000000013	0.09196519760547821
-1.7000000000000013	0.09346036001927768
-1.6900000000000013	0.09497189158904763
-1.6800000000000013	0.096499793903354
-1.6700000000000013	0.09804406402322013
-1.6600000000000013	0.09960469440111443
-1.6500000000000012	0.10118167280039797
-1.6400000000000012	0.10277498221548362
-1.6300000000000012	0.10438460079289302
-1.6200000000000012	0.10601050175295935
-1.6100000000000012	0.10765265331237406
-1.6000000000000012	0.10931101860782919
-1.5900000000000012	0.11098555562051703
-1.5800000000000012	0.1126762171016174
-1.5700000000000012	0.11438295049905091
-1.5600000000000012	0.11610569788532141
-1.5500000000000012	0.11784439588649105
-1.5400000000000011	0.11959897561259879
-1.5300000000000011	0.12136936258939496
-1.5200000000000011	0.12315547669134823
-1.5100000000000011	0.12495723207633146
-1.500000000000001	0.12677453712179387
-1.490000000000001	0.1286072943623934
-1.480000000000001	0.1304554004294754
-1.470000000000001	0.1323187459922752
-1.460000000000001	0.13419721570074203
-1.450000000000001	0.1360906881303915
-1.440000000000001	0.1379990357290777
-1.430000000000001	0.1399221247656229
-1.420000000000001	0.14185981528059025
-1.410000000000001	0.14381196103923977
-1.400000000000001	0.14577840948647156
-1.390000000000001	0.14775900170411727
-1.380000000000001	0.14975357237061918
-1.370000000000001	0.151761949722871
-1.360000000000001	0.15378395552056814
-1.350000000000001	0.15581940501316985
-1.340000000000001	0.1578681069092056
-1.330000000000001	0.15992986334821924
-1.320000000000001	0.16200446987553607
-1.310000000000001	0.16409171541956655
-1.300000000000001	0.1661913822718845
-1.290000000000001	0.1683032460702926
-1.280000000000001	0.170427075784663
-1.270000000000001	0.17256263370562835
-1.260000000000001	0.17470967543649482
-1.2500000000000009	0.17686794988803722
-1.2400000000000009	0.17903719927632614
-1.2300000000000009	0.18121715912390474
-1.2200000000000009	0.1834075582640414
-1.2100000000000009	0.1856081188481053
-1.2000000000000008	0.18781855635645062
-1.1900000000000008	0.1900385796125356
-1.1800000000000008	0.19226789080030532
-1.1700000000000008	0.19450618548512355
-1.1600000000000008	0.1967531526381712
-1.1500000000000008	0.19900847466413646
-1.1400000000000008	0.20127182743262795
-1.1300000000000008	0.20354288031312198
-1.1200000000000008	0.20582129621333634
-1.1100000000000008	0.208106731621382
-1.1000000000000008	0.21039883665160153
-1.0900000000000007	0.2126972550938594
-1.0800000000000007	0.2150016244666833
-1.0700000000000007	0.2173115760742114
-1.0600000000000007	0.21962673506664349
-1.0500000000000007	0.22194672050455577
-1.0400000000000007	0.2242711454271369
-1.0300000000000007	0.22659961692395267
-1.0200000000000007	0.22893173621060373
-1.0100000000000007	0.23126709870832093
-1.0000000000000007	0.23360529412716144
-0.9900000000000007	0.2359459065530486
-0.9800000000000006	0.23828851453881233
-0.9700000000000006	0.2406326911988259
-0.9600000000000006	0.2429780043074471
-0.9500000000000006	0.24532401640148296
-0.9400000000000006	0.2476702848862423
-0.9300000000000006	0.25001636214530165
-0.9200000000000006	0.2523617956542822
-0.9100000000000006	0.25470612809821314
-0.9000000000000006	0.257048897492503
-0.8900000000000006	0.25938963730786474
-0.8800000000000006	0.2617278765987825
-0.8700000000000006	0.26406314013552534
-0.8600000000000005	0.26639494853994655
-0.8500000000000005	0.2687228184248293
-0.8400000000000005	0.2710462625365654
-0.8300000000000005	0.27336478990160334
-0.8200000000000005	0.27567790597627223
-0.8100000000000005	0.2779851127998372
-0.8000000000000005	0.280285909151122
-0.7900000000000005	0.28257979070847467
-0.7800000000000005	0.28486625021271444
-0.7700000000000005	0.2871447776334761
-0.7600000000000005	0.2894148603387746
-0.7500000000000004	0.29167598326736055
-0.7400000000000004	0.293927629104248
-0.7300000000000004	0.29616927845929153
-0.7200000000000004	0.29840041004837536
-0.7100000000000004	0.3006205008774836
-0.7000000000000004	0.30282902642967807
-0.6900000000000004	0.30502546085439153
-0.6800000000000004	0.30720927715848334
-0.6700000000000004	0.3093799474043304
-0.6600000000000004	0.311536942901468
-0.6500000000000004	0.31367973440889163
-0.6400000000000003	0.31580779233575484
-0.6300000000000003	0.3179205869446503
-0.6200000000000003	0.32001758855692947
-0.6100000000000003	0.3220982677601011
-0.6000000000000003	0.32416209561688436
-0.5900000000000003	0.3262085438758088
-0.5800000000000003	0.32823708518376266
-0.5700000000000003	0.33024719329972263
-0.5600000000000003	0.332238343309803
-0.5500000000000003	0.3342100118438249
-0.5400000000000003	0.336161677292872
-0.5300000000000002	0.33809282002762414
-0.5200000000000002	0.3400029226179613
-0.5100000000000002	0.34189147005324555
-0.5000000000000002	0.34375794996294445
-0.49000000000000027	0.3456018528381392
-0.48000000000000026	0.3474226722534175
-0.47000000000000025	0.3492199050887011
-0.46000000000000024	0.3509930517514842
-0.45000000000000023	0.35274161639920965
-0.4400000000000002	0.35446510716107604
-0.4300000000000002	0.3561630363586775
-0.4200000000000002	0.3578349207326732
-0.4100000000000002	0.3594802816558431
-0.4000000000000002	0.36109864535845787
-0.3900000000000002	0.36268954314674273
-0.38000000000000017	0.36425251162113287
-0.37000000000000016	0.36578709289364997
-0.36000000000000015	0.3672928348044979
-0.35000000000000014	0.3687692911367602
-0.34000000000000014	0.37021602182979163
-0.3300000000000001	0.3716325931914414
-0.3200000000000001	0.37301857810758904
-0.3100000000000001	0.37437355625080326
-0.3000000000000001	0.37569711428617436
-0.2900000000000001	0.3769888460755213
-0.2800000000000001	0.3782483528789433
-0.2700000000000001	0.37947524355431855
-0.26000000000000006	0.38066913475367387
-0.25000000000000006	0.38182965111734174
-0.24000000000000007	0.3829564254653288
-0.23000000000000007	0.3840490989851639
-0.22000000000000006	0.38510732141701187
-0.21000000000000005	0.38613075123578033
-0.20000000000000004	0.38711905582937267
-0.19000000000000003	0.3880719116736917
-0.18000000000000002	0.38898900450426926
-0.17	0.38987002948374
-0.16	0.3907146913655979
-0.15	0.39152270465426015
-0.13999999999999999	0.3922937937606449
-0.12999999999999998	0.39302769315351715
-0.11999999999999998	0.39372414750734025
-0.10999999999999999	0.3943829118443504
-0.09999999999999999	0.3950037516730614
-0.09	0.39558644312198327
-0.08	0.39613077306841216
-0.07	0.3966365392622729
-0.060000000000000005	0.3971035504453593
-0.05	0.3975316264653356
-0.04	0.39792059838446503
-0.03	0.39827030858344237
-0.02	0.3985806108597596
-0.01	0.39885137052053093
0	0.3990824644701162
0.01	0.3992737812921769
0.02	0.3994252213258375
0.03	0.3995366967365046
0.04	0.3996081315808922
0.05	0.3996394618660274
0.060000000000000005	0.3996306356025897
0.07	0.39958161285242705
0.08	0.3994923657698238
0.09	0.399362878636992
0.09999999999999999	0.39919314789355825
0.10999999999999999	0.3989831821597737
0.11999999999999998	0.39873300225373726
0.12999999999999998	0.3984426412026179
0.13999999999999999	0.3981121442474434
0.15	0.3977415688418375
0.16	0.3973309846447325
0.17	0.39688047350661687
0.18000000000000002	0.39639012944963153
0.19000000000000003	0.3958600586417041
0.20000000000000004	0.39529037936416667
0.21000000000000005	0.39468122197327715
0.22000000000000006	0.3940327288557021
0.23000000000000007	0.3933450543776636
0.24000000000000007	0.3926183648278984
0.25000000000000006	0.3918528383547111
0.26000000000000006	0.39104866489679735
0.2700000000000001	0.3902060461078912
0.2800000000000001	0.38932519527567155
0.2900000000000001	0.38840633723453266
0.3000000000000001	0.38744970827230485
0.3100000000000001	0.3864555560313442
0.3200000000000001	0.385424139403707
0.3300000000000001	0.38435572842040594
0.34000000000000014	0.38325060413518725
0.35000000000000014	0.3821090585026384
0.36000000000000015	0.380931394250583
0.37000000000000016	0.3797179247471526
0.38000000000000017	0.3784689738624803
0.3900000000000002	0.37718487582488036
0.4000000000000002	0.37586597507197883
0.4100000000000002	0.37451262609674246
0.4200000000000002	0.37312519328825594
0.4300000000000002	0.37170405076772234
0.4400000000000002	0.37024958221970056
0.45000000000000023	0.3687621807183749
0.46000000000000024	0.36724224854936316
0.47000000000000025	0.3656901970270726
0.48000000000000026	0.3641064463075072
0.49000000000000027	0.36249142519684896
0.5000000000000002	0.3608455709560494
0.5100000000000002	0.3591693291011859
0.5200000000000002	0.35746315320003963
0.5300000000000002	0.35572750466479464
0.5400000000000003	0.3539628525414369
0.5500000000000003	0.35216967329516174
0.5600000000000003	0.3503484505928624
0.5700000000000003	0.34849967508219515
0.5800000000000003	0.34662384416753145
0.5900000000000003	0.3447214617831909
0.6000000000000003	0.34279303816374335
0.6100000000000003	0.3408390896116749
0.6200000000000003	0.33886013826264066
0.6300000000000003	0.3368567118484319
0.6400000000000003	0.3348293434575898
0.6500000000000004	0.33277857129421085
0.6600000000000004	0.33070493843480975
0.6700000000000004	0.3286089925834038
0.6800000000000004	0.32649128582515347
0.6900000000000004	0.32435237437863873
0.7000000000000004	0.32219281834672864
0.7100000000000004	0.3200131814665513
0.7200000000000004	0.317814030858568
0.7300000000000004	0.3155959367747239
0.7400000000000004	0.31335947234614275
0.7500000000000004	0.31110521333045404
0.7600000000000005	0.30883373785866
0.7700000000000005	0.30654562618201275
0.7800000000000005	0.3042414604189987
0.7900000000000005	0.3019218243023761
0.8000000000000005	0.2995873029266502
0.8100000000000005	0.2972384824961753
0.8200000000000005	0.29487595007376294
0.8300000000000005	0.2925002933301764
0.8400000000000005	0.2901121002947424
0.8500000000000005	0.287711959106931
0.8600000000000005	0.28530045776924823
0.8700000000000006	0.2828781839017024
0.8800000000000006	0.2804457244977447
0.8900000000000006	0.2780036656818917
0.9000000000000006	0.27555259246939934
0.9100000000000006	0.27309308852781955
0.9200000000000006	0.27062573594072153
0.9300000000000006	0.26815111497375194
0.9400000000000006	0.2656698038431577
0.9500000000000006	0.26318237848671233
0.9600000000000006	0.2606894123375306
0.9700000000000006	0.25819147610062504
0.9800000000000006	0.2556891375322985
0.9900000000000007	0.25318296122276795
1.0000000000000007	0.25067350838193453
1.0100000000000007	0.24816133662829484
1.0200000000000007	0.2456469997814678
1.0300000000000007	0.24313104765816618
1.0400000000000007	0.24061402587170716
1.0500000000000007	0.2380964756353502
1.0600000000000007	0.23557893356949058
1.0700000000000007	0.23306193151263468
1.0800000000000007	0.2305459963364758
1.0900000000000007	0.22803164976514104
1.1000000000000008	0.22551940819844915
1.1100000000000008	0.22300978253955964
1.1200000000000008	0.22050327802697225
1.1300000000000008	0.21800039407087488
1.1400000000000008	0.2155016240939803
1.1500000000000008	0.21300745537703242
1.1600000000000008	0.2105183689087525
1.1700000000000008	0.20803483924057384
1.1800000000000008	0.20555733434607903
1.1900000000000008	0.2030863154852069
1.2000000000000008	0.20062223707321547
1.2100000000000009	0.198165546554554
1.2200000000000009	0.19571668428207484
1.2300000000000009	0.19327608340002392
1.2400000000000009	0.1908441697332319
1.2500000000000009	0.18842136168072296
1.260000000000001	0.18600807011430678
1.270000000000001	0.18360469828239182
1.280000000000001	0.18121164171877063
1.290000000000001	0.1788292881563678
1.300000000000001	0.1764580174462005
1.310000000000001	0.1740982014813645
1.320000000000001	0.1717502041259667
1.330000000000001	0.16941438114928045
1.340000000000001	0.16709108016488866
1.350000000000001	0.1647806405747918
1.360000000000001	0.16248339351863936
1.370000000000001	0.16019966182797502
1.380000000000001	0.15792975998532677
1.390000000000001	0.1556739940883364
1.400000000000001	0.15343266181898269
1.410000000000001	0.15120605241724547
1.420000000000001	0.1489944466600493
1.430000000000001	0.14679811684486338
1.440000000000001	0.14461732677803033
1.450000000000001	0.14245233176782612
1.460000000000001	0.14030337862228426
1.470000000000001	0.13817070565151143
1.480000000000001	0.1360545426746071
1.490000000000001	0.1339551110311331
1.500000000000001	0.13187262359700358
1.5100000000000011	0.12980728480464676
1.5200000000000011	0.1277592906676959
1.5300000000000011	0.1257288288097119
1.5400000000000011	0.12371607849717542
1.5500000000000012	0.12172121067656623
1.5600000000000012	0.11974438801550268
1.5700000000000012	0.11778576494768021
1.5800000000000012	0.11584548772186744
1.5900000000000012	0.11392369445456256
1.6000000000000012	0.11202051518632959
1.6100000000000012	0.11013607194183823
1.6200000000000012	0.1082704787933916
1.6300000000000012	0.1064238419278016
1.6400000000000012	0.10459625971674033
1.6500000000000012	0.10278782279030112
1.6600000000000013	0.10099861411363287
1.6700000000000013	0.09922870906675267
1.6800000000000013	0.09747817552733026
1.6900000000000013	0.0957470739562171
1.7000000000000013	0.09403545748589232
1.7100000000000013	0.09234337201152863
1.7200000000000013	0.09067085628462562
1.7300000000000013	0.08901794200913352
1.7400000000000013	0.08738465393999625
1.7500000000000013	0.08577100998392781
1.7600000000000013	0.08417702130235119
1.7700000000000014	0.08260269241652847
1.7800000000000014	0.08104802131452762
1.7900000000000014	0.07951299956013351
1.8000000000000014	0.07799761240357718
1.8100000000000014	0.07650183889387698
1.8200000000000014	0.07502565199272888
1.8300000000000014	0.07356901869002568
1.8400000000000014	0.07213190012057227
1.8500000000000014	0.07071425168215068
1.8600000000000014	0.06931602315481879
1.8700000000000014	0.06793715882122221
1.8800000000000014	0.06657759758785325
1.8900000000000015	0.06523727310731788
1.9000000000000015	0.06391611390129527
1.9100000000000015	0.06261404348420416
1.9200000000000015	0.061330980487521045
1.9300000000000015	0.06006683878457405
1.9400000000000015	0.05882152761573132
1.9500000000000015	0.05759495171395698
1.9600000000000015	0.056387011430625245
1.9700000000000015	0.05519760286137854
1.9800000000000015	0.054026617972193984
1.9900000000000015	0.052873944725331266
2.0000000000000013	0.05173946720519837
2.010000000000001	0.05062306574405328
2.020000000000001	0.04952461704742663
2.0300000000000007	0.04844399431917798
2.0400000000000005	0.0473810673861469
2.0500000000000003	0.046335702822344456
2.06	0.04530776407251066
2.07	0.044297111575027866
2.0799999999999996	0.04330360288422889
2.0899999999999994	0.04232709279177909
2.099999999999999	0.04136743344727049
2.109999999999999	0.040424474477956045
2.1199999999999988	0.039498063107453546
2.1299999999999986	0.03858804427335776
2.1399999999999983	0.03769426074392398
2.149999999999998	0.036816553233434635
2.159999999999998	0.03595476051642761
2.1699999999999977	0.035108719540715386
2.1799999999999975	0.03427826553899267
2.1899999999999973	0.03346323213916457
2.199999999999997	0.03266345147324338
2.209999999999997	0.031878754284821044
2.2199999999999966	0.031108970034966685
2.2299999999999964	0.030353927006724506
2.239999999999996	0.029613452407953815
2.249999999999996	0.028887372472554535
2.259999999999996	0.028175512560097638
2.2699999999999956	0.027477697253762944
2.2799999999999954	0.026793750456568313
2.289999999999995	0.026123495485850683
2.299999999999995	0.02546675516604833
2.3099999999999947	0.024823351919619478
2.3199999999999945	0.02419310785618074
2.3299999999999943	0.023575844859900278
2.339999999999994	0.02297138467487333
2.349999999999994	0.022379548988795045
2.3599999999999937	0.021800159514703748
2.3699999999999934	0.02123303807077205
2.3799999999999932	0.02067800665825549
2.389999999999993	0.020134887537570447
2.399999999999993	0.019603503302324347
2.4099999999999926	0.019083676951512342
2.4199999999999924	0.018575231959791993
2.429999999999992	0.018077992345729297
2.439999999999992	0.017591782738199974
2.4499999999999917	0.017116428440828144
2.4599999999999915	0.01665175549445872
2.4699999999999913	0.016197590737727727
2.479999999999991	0.015753761865697515
2.489999999999991	0.015320097486568854
2.4999999999999907	0.014896427176475832
2.5099999999999905	0.014482581532386107
2.5199999999999902	0.014078392223088343
2.52999999999999	0.013683692038316693
2.53999999999999	0.013298314935964419
2.5499999999999896	0.012922096087519073
2.5599999999999894	0.012554871921551872
2.569999999999989	0.012196480165458231
2.579999999999989	0.01184675988535608
2.5899999999999888	0.011505551524203315
2.5999999999999885	0.011172696938118423
2.6099999999999883	0.010848039431013937
2.619999999999988	0.01053142378740489
2.629999999999988	0.010222696303565483
2.6399999999999877	0.009921704817028162
2.6499999999999875	0.009628298734346287
2.6599999999999873	0.009342329057237822
2.669999999999987	0.009063648407190553
2.679999999999987	0.008792111048343806
2.6899999999999866	0.00852757290893504
2.6999999999999864	0.008269891601133226
2.709999999999986	0.008018926439395896
2.719999999999986	0.007774538457324272
2.7299999999999858	0.007536590423117589
2.7399999999999856	0.007304946853497959
2.7499999999999853	0.007079474026367274
2.759999999999985	0.006860039992009308
2.769999999999985	0.006646514582998395
2.7799999999999847	0.006438769422776786
2.7899999999999845	0.006236677932980407
2.7999999999999843	0.006040115339503661
2.809999999999984	0.005848958677354803
2.819999999999984	0.005663086794332114
2.8299999999999836	0.0054823803535339576
2.8399999999999834	0.0053067218347653084
2.849999999999983	0.005135995534837444
2.859999999999983	0.004970087566825233
2.869999999999983	0.004808885858265884
2.8799999999999826	0.004652280148398675
2.8899999999999824	0.004500161984407046
2.899999999999982	0.004352424716742668
2.909999999999982	0.004208963493516421
2.9199999999999817	0.004069675254080123
2.9299999999999815	0.0039344587216633585
2.9399999999999813	0.0038032143952849077
2.949999999999981	0.0036758445408509024
2.959999999999981	0.003552253181457614
2.9699999999999807	0.0034323460870369733
2.9799999999999804	0.0033160307632751997
2.9899999999999802	0.0032032164398256707
2.99999999999998	0.003093814057958802
3.00999999999998	0.002987736257543073
3.0199999999999796	0.0028848973634658425
3.0299999999999794	0.0027852133714938
3.039999999999979	0.002688601933609096
3.049999999999979	0.0025949823428408044
3.0599999999999787	0.002504275517622513
3.0699999999999785	0.0024164039857007733
3.0799999999999783	0.002331291867619606
3.089999999999978	0.0022488648598067034
3.099999999999978	0.0021690502172809333
3.1099999999999777	0.002091776736035019
3.1199999999999775	0.002016974735029755
3.1299999999999772	0.0019445760379634498
3.139999999999977	0.001874513954722211
3.149999999999977	0.0018067232625396438
3.1599999999999766	0.0017411401869888703
3.1699999999999764	0.0016777023827187747
3.179999999999976	0.0016163489139683798
3.189999999999976	0.0015570202349877347
3.1999999999999758	0.0014996581702157717
3.2099999999999755	0.0014442058943797923
3.2199999999999753	0.001390607912450689
3.229999999999975	0.001338810039514106
3.239999999999975	0.0012887593805449328
3.2499999999999747	0.001240404310135283
3.2599999999999745	0.0011936944521574039
3.2699999999999743	0.0011485806594109802
3.279999999999974	0.0011050149932261932
3.289999999999974	0.0010629507031234204
3.2999999999999736	0.0010223422063935603
3.3099999999999734	0.0009831450678023843
3.319999999999973	0.0009453159792784719
3.329999999999973	0.0009088127396683078
3.3399999999999728	0.0008735942345580489
3.3499999999999726	0.0008396204161710575
3.3599999999999723	0.0008068522833809867
3.369999999999972	0.00077525186175592
3.379999999999972	0.000744782183807984
3.3899999999999717	0.0007154072692945914
3.3999999999999715	0.0006870921056781206
3.4099999999999713	0.0006598026287226324
3.419999999999971	0.0006335057032388097
3.429999999999971	0.0006081691039883135
3.4399999999999706	0.0005837614967509662
3.4499999999999704	0.000560252419567381
3.45999999999997	0.0005376122641609937
3.46999999999997	0.0005158122575448261
3.47999999999997	0.0004948244438349865
3.4899999999999696	0.00047462166622020633
3.4999999999999694	0.000455177549211832
3.509999999999969	0.0004364664810222086
3.519999999999969	0.00041846359621213033
3.5299999999999687	0.00040114475853002973
3.5399999999999685	0.0003844865439922615
3.5499999999999683	0.00036846622415956945
3.559999999999968	0.00035306174970048333
3.569999999999968	0.0003382517341149319
3.5799999999999677	0.00032401543775262276
3.5899999999999674	0.00031033275203087813
3.5999999999999672	0.0002971841839274121
3.609999999999967	0.00028455084068670634
3.619999999999967	0.00027241441476120326
3.6299999999999666	0.0002607571690678385
3.6399999999999664	0.00024956192238673706
3.649999999999966	0.00023881203508791546
3.659999999999966	0.0002284913950703872
3.6699999999999657	0.0002185844039593244
3.6799999999999655	0.00020907596354009512
3.6899999999999653	0.00019995146246520797
3.699999999999965	0.00019119676318147494
3.709999999999965	0.0001827981890950661
3.7199999999999647	0.00017474251205990774
3.7299999999999645	0.00016701693999858597
3.7399999999999642	0.00015960910484630596
3.749999999999964	0.00015250705072598306
3.759999999999964	0.00014569922234085686
3.7699999999999636	0.00013917445363076917
3.7799999999999634	0.00013292195665780398
3.789999999999963	0.00012693131073379107
3.799999999999963	0.00012119245176579886
3.8099999999999627	0.00011569566187701939
3.8199999999999625	0.00011043155920443681
3.8299999999999623	0.00010539108796235704
3.839999999999962	0.00010056550872065592
3.849999999999962	0.0000959463889130719
3.8599999999999617	0.00009152559353986613
3.8699999999999615	0.00008729527614707569
3.8799999999999613	0.0000832478699615613
3.889999999999961	0.00007937607926225954
3.899999999999961	0.00007567287096916077
3.9099999999999606	0.00007213146643894354
3.9199999999999604	0.00006874533346049029
3.92999999999996	0.00006550817842603147
3.93999999999996	0.00006241393877368716
3.9499999999999598	0.00005945677553836832
3.9599999999999596	0.000056631066140440435
3.9699999999999593	0.00005393139738421457
3.979999999999959	0.00005135255858831737
3.989999999999959	0.00004888953493212963
3.9999999999999587	0.00004653750099313469
4.009999999999959	0.000044291814424627625
4.019999999999959	0.00004214800983622488
4.0299999999999585	0.000040101792831857594
4.039999999999958	0.00003814903421805069
4.049999999999958	0.00003628576436631783
4.059999999999958	0.000034508167766362104
4.069999999999958	0.00003281257768015943
4.079999999999957	0.000031195471012468
4.089999999999957	0.00002965346328172702
4.099999999999957	0.000028183303779481294
4.109999999999957	0.000026781870835045872
4.119999999999957	0.00002544616724945378
4.129999999999956	0.000024173315856290965
4.139999999999956	0.000022960555214850753
4.149999999999956	0.000021805235442149103
4.159999999999956	0.00002070481417307379
4.1699999999999555	0.000019656852633062257
4.179999999999955	0.000018659011853378497
4.189999999999955	0.0000177090489906514
4.199999999999955	0.000016804813769907356
4.209999999999955	0.00001594424503849598
4.2199999999999545	0.000015125367434801277
4.229999999999954	0.000014346288163629624
4.239999999999954	0.000013605193860536803
4.249999999999954	0.000012900347605872084
4.259999999999954	0.000012230085976392582
4.269999999999953	0.000011592816237265305
4.279999999999953	0.000010987013619167854
4.289999999999953	0.000010411218680020981
4.299999999999953	9.86403475184802e-6
4.3099999999999525	9.34412551239828e-6
4.319999999999952	8.850212575214958e-6
4.329999999999952	8.38107322584191e-6
4.339999999999952	7.935538199601008e-6
4.349999999999952	7.512489555731481e-6
4.3599999999999515	7.110858610403748e-6
4.369999999999951	6.729623970364133e-6
4.379999999999951	6.367809589898108e-6
4.389999999999951	6.024482956153785e-6
4.399999999999951	5.6987532899208974e-6
4.40999999999995	5.389769846684857e-6
4.41999999999995	5.096720264361501e-6
4.42999999999995	4.818828955508491e-6
4.43999999999995	4.555355611022923e-6
4.4499999999999496	4.305593688406675e-6
4.459999999999949	4.068869030513612e-6
4.469999999999949	3.844538434840783e-6
4.479999999999949	3.631988457523545e-6
4.489999999999949	3.4306340159668327e-6
4.4999999999999485	3.2399172615614443e-6
4.509999999999948	3.0593063998836804e-6
4.519999999999948	2.8882945335740888e-6
4.529999999999948	2.7263986113138537e-6
4.539999999999948	2.573158384283505e-6
4.549999999999947	2.428135409144388e-6
4.559999999999947	2.2909120923390154e-6
4.569999999999947	2.161090770747807e-6
4.579999999999947	2.038292831963125e-6
4.589999999999947	1.9221578615361802e-6
4.599999999999946	1.812342839716904e-6
4.609999999999946	1.708521357941973e-6
4.619999999999946	1.6103828668302017e-6
4.629999999999946	1.5176319685780805e-6
4.6399999999999455	1.4299877233566234e-6
4.649999999999945	1.34718299255921e-6
4.659999999999945	1.2689638071318014e-6
4.669999999999945	1.1950887630633354e-6
4.679999999999945	1.1253284402485397e-6
4.689999999999944	1.0594648531622278e-6
4.699999999999944	9.972909099608726e-7
4.709999999999944	9.386099145013661e-7
4.719999999999944	8.832350699925116e-7
4.729999999999944	8.309890187025356e-7
4.739999999999943	7.817033944267068e-7
4.749999999999943	7.352183962252546e-7
4.759999999999943	6.913823809161114e-7
4.769999999999943	6.500514730226814e-7
4.7799999999999425	6.110891918668382e-7
4.789999999999942	5.743660958297631e-7
4.799999999999942	5.397594415891464e-7
4.809999999999942	5.071528588879844e-7
4.819999999999942	4.7643604164311954e-7
4.8299999999999415	4.4750444827055947e-7
4.839999999999941	4.202590222180473e-7
4.849999999999941	3.946059197724434e-7
4.859999999999941	3.704562504585461e-7
4.869999999999941	3.4772583294145846e-7
4.87999999999994	3.263349606942528e-7
4.88999999999994	3.062081805526726e-7
4.89999999999994	2.872740764056362e-7
4.90999999999994	2.6946506212193455e-7
4.9199999999999395	2.527171934119232e-7
4.929999999999939	2.369699807681846e-7
4.939999999999939	2.2216621404912917e-7
4.949999999999939	2.0825179415215179e-7
4.959999999999939	1.9517557381442119e-7
4.9699999999999385	1.8288920537443075e-7
4.979999999999938	1.713469959138453e-7
4.989999999999938	1.605057698766015e-7
4.999999999999938	1.50324737765414e-7
5.009999999999938	1.4076537155160053e-7
5.019999999999937	1.317912855575651e-7
5.029999999999937	1.233681251647579e-7
5.039999999999937	1.1546345786956542e-7
5.049999999999937	1.0804667289943483e-7
5.0599999999999365	1.0108888383378687e-7
5.069999999999936	9.45628352791701e-8
5.079999999999936	8.844281708977693e-8
5.089999999999936	8.270458100502455e-8
5.099999999999936	7.732526177976528e-8
5.1099999999999355	7.228330204085597e-8
5.119999999999935	6.755838177733947e-8
5.129999999999935	6.313135064109061e-8
5.139999999999935	5.898416326802901e-8
5.149999999999935	5.509982086353343e-8
5.159999999999934	5.1462312163495446e-8
5.169999999999934	4.8056557691716485e-8
5.179999999999934	4.486836041689435e-8
5.189999999999934	4.188435497446034e-8
5.199999999999934	3.909196201402378e-8
5.209999999999933	3.647934441884359e-8
5.219999999999933	3.403536625030615e-8
5.229999999999933	3.1749550623798365e-8
5.239999999999933	2.9612045875555993e-8
5.2499999999999325	2.7613587930794645e-8
5.259999999999932	2.574546549347693e-8
5.269999999999932	2.399949446383018e-8
5.279999999999932	2.2367981065999357e-8
5.289999999999932	2.0843696316641298e-8
5.299999999999931	1.9419848590707955e-8
5.309999999999931	1.809006134541568e-8
5.319999999999931	1.6848347482544907e-8
5.329999999999931	1.5689076917825973e-8
5.339999999999931	1.4606976007776686e-8
5.34999999999993	1.3597092181216413e-8
5.35999999999993	1.2654778946898852e-8
5.36999999999993	1.1775667406323226e-8
5.37999999999993	1.095567037765335e-8
5.3899999999999295	1.0190956283211856e-8
5.399999999999929	9.477921470121558e-9