-5.6699999999999235	9.823029047562564e-8
-5.659999999999924	1.0346062598442303e-7
-5.649999999999924	1.089603968020701e-7
-5.639999999999924	1.1474298317368638e-7
-5.629999999999924	1.2082241059472896e-7
-5.619999999999925	1.2721334029169155e-7
-5.609999999999925	1.3393118493493574e-7
-5.599999999999925	1.4099203361321594e-7
-5.589999999999925	1.4841276279362445e-7
-5.5799999999999255	1.5621105766775158e-7
-5.569999999999926	1.6440539068570248e-7
-5.559999999999926	1.7301514831611e-7
-5.549999999999926	1.8206062876370024e-7
-5.539999999999926	1.9156300832636805e-7
-5.5299999999999265	2.0154450696679182e-7
-5.519999999999927	2.1202840442172207e-7
-5.509999999999927	2.230390340686463e-7
-5.499999999999927	2.3460183762056192e-7
-5.489999999999927	2.4674345429442805e-7
-5.479999999999928	2.59491784424192e-7
-5.469999999999928	2.728759191186252e-7
-5.459999999999928	2.869263778999048e-7
-5.449999999999928	3.0167505321252744e-7
-5.4399999999999284	3.1715529455546916e-7
-5.429999999999929	3.3340196791107065e-7
-5.419999999999929	3.504515331205882e-7
-5.409999999999929	3.683421136171654e-7
-5.399999999999929	3.871135543515467e-7
-5.3899999999999295	4.068075114156361e-7
-5.37999999999993	4.2746752290985533e-7
-5.36999999999993	4.491390799283028e-7
-5.35999999999993	4.7186972376011504e-7
-5.34999999999993	4.957091280681503e-7
-5.339999999999931	5.207091907289354e-7
-5.329999999999931	5.469241276361326e-7
-5.319999999999931	5.744105677375585e-7
-5.309999999999931	6.032276614605008e-7
-5.299999999999931	6.33437183241052e-7
-5.289999999999932	6.651036374837626e-7
-5.279999999999932	6.982943786434464e-7
-5.269999999999932	7.330797279324084e-7
-5.259999999999932	7.695330974769055e-7
-5.2499999999999325	8.077311182410419e-7
-5.239999999999933	8.477537732756176e-7
-5.229999999999933	8.89684536427887e-7
-5.219999999999933	9.336105163035025e-7
-5.209999999999933	9.7962260710709e-7
-5.199999999999934	1.0278156360347994e-6
-5.189999999999934	1.0782885384162956e-6
-5.179999999999934	1.1311445083995003e-6
-5.169999999999934	1.1864911868138286e-6
-5.159999999999934	1.2444408328144224e-6
-5.149999999999935	1.3051105129642227e-6
-5.139999999999935	1.3686222950680676e-6
-5.129999999999935	1.4351034488340497e-6
-5.119999999999935	1.504686654960076e-6
-5.1099999999999355	1.577510221248268e-6
-5.099999999999936	1.6537183068120717e-6
-5.089999999999936	1.7334611551743908e-6
-5.079999999999936	1.8168953351313054e-6
-5.069999999999936	1.904183990560806e-6
-5.0599999999999365	1.9954971004847488e-6
-5.049999999999937	2.091011747945354e-6
-5.039999999999937	2.1909123961923838e-6
-5.029999999999937	2.2953911810322162e-6
-5.019999999999937	2.4046482072084115e-6
-5.009999999999938	2.5188918538984048e-6
-4.999999999999938	2.6383391110218254e-6
-4.989999999999938	2.7632158877410477e-6
-4.979999999999938	2.893757377783237e-6
-4.9699999999999385	3.0302084083891623e-6
-4.959999999999939	3.172823800230508e-6
-4.949999999999939	3.321868765739007e-6
-4.939999999999939	3.4776193161644317e-6
-4.929999999999939	3.6403625804583318e-6
-4.9199999999999395	3.81039738865071e-6
-4.90999999999994	3.988034534453405e-6
-4.89999999999994	4.173597377934338e-6
-4.88999999999994	4.367422227781539e-6
-4.87999999999994	4.5698588518970214e-6
-4.869999999999941	4.78127097369142e-6
-4.859999999999941	5.0020367896784065e-6
-4.849999999999941	5.232549513096083e-6
-4.839999999999941	5.473217924073927e-6
-4.8299999999999415	5.724466934818456e-6
-4.819999999999942	5.986738198884927e-6
-4.809999999999942	6.260490707438017e-6
-4.799999999999942	6.546201428311948e-6
-4.789999999999942	6.844365956948558e-6
-4.7799999999999425	7.1554991992601785e-6
-4.769999999999943	7.480136051559335e-6
-4.759999999999943	7.818832135335355e-6
-4.749999999999943	8.17216454116622e-6
-4.739999999999943	8.540732581593422e-6
-4.729999999999944	8.92515859576487e-6
-4.719999999999944	9.32608876737804e-6
-4.709999999999944	9.744193958003377e-6
-4.699999999999944	0.000010180170587724818
-4.689999999999944	0.000010634741534626524
-4.679999999999945	0.000011108657053563131
-4.669999999999945	0.000011602695735041008
-4.659999999999945	0.000012117665500839059
-4.649999999999945	0.00001265440460472933
-4.6399999999999455	0.000013213782694583828
-4.629999999999946	0.000013796701889761264
-4.619999999999946	0.000014404097890319212
-4.609999999999946	0.000015036941122236328
-4.599999999999946	0.00001569623795727213
-4.589999999999947	0.000016383031875908097
-4.579999999999947	0.000017098404753424852
-4.569999999999947	0.000017843478179523117
-4.559999999999947	0.000018619414739161792
-4.549999999999947	0.000019427419419319525
-4.539999999999948	0.000020268741017571797
-4.529999999999948	0.000021144673596279188
-4.519999999999948	0.000022056557976167014
-4.509999999999948	0.000023005783290444846
-4.4999999999999485	0.000023993788559343422
-4.489999999999949	0.000025022064329283066
-4.479999999999949	0.000026092154354021023
-4.469999999999949	0.000027205657324810273
-4.459999999999949	0.000028364228638320216
-4.4499999999999496	0.00002956958223706217
-4.43999999999995	0.00003082349248534222
-4.42999999999995	0.00003212779609571905
-4.41999999999995	0.00003348439412538994
-4.40999999999995	0.00003489525401543003
-4.399999999999951	0.000036362411681532046
-4.389999999999951	0.000037887973680013134
-4.379999999999951	0.000039474119418131784
-4.369999999999951	0.00004112310343108316
-4.3599999999999515	0.00004283725771370285
-4.349999999999952	0.00004461899412842941
-4.339999999999952	0.00004647080686206613
-4.329999999999952	0.00004839527495538737
-4.319999999999952	0.00005039506490562992
-4.3099999999999525	0.00005247293331882038
-4.299999999999953	0.00005463172965017238
-4.289999999999953	0.00005687439901321988
-4.279999999999953	0.000059203985045599466
-4.269999999999953	0.0000616236328649259
-4.259999999999954	0.00006413659209639455
-4.249999999999954	0.0000667462199689756
-4.239999999999954	0.00006945598449620365
-4.229999999999954	0.00007226946773937281
-4.2199999999999545	0.00007519036914367123
-4.209999999999955	0.00007822250895802412
-4.199999999999955	0.00008136983175023234
-4.189999999999955	0.0000846364099857535
-4.179999999999955	0.0000880264477124969
-4.1699999999999555	0.00009154428432527215
-4.159999999999956	0.00009519439842367834
-4.149999999999956	0.00009898141174576595
-4.139999999999956	0.00010291009322603166
-4.129999999999956	0.0001069853631116634
-4.119999999999957	0.00011121229720383436
-4.109999999999957	0.00011559613116981952
-4.099999999999957	0.00012014226497786836
-4.089999999999957	0.0001248562674049805
-4.079999999999957	0.00012974388068632143
-4.069999999999958	0.00013481102521728465
-4.059999999999958	0.000140063804394521
-4.049999999999958	0.0001455085095550283
-4.039999999999958	0.00015115162502165493
-4.0299999999999585	0.00015699983324382954
-4.019999999999959	0.00016306002006784073
-4.009999999999959	0.00016933928011313027
-3.9999999999999587	0.00017584492224400296
-3.989999999999959	0.00018258447517617015
-3.979999999999959	0.00018956569319551105
-3.9699999999999593	0.00019679656197634562
-3.9599999999999596	0.00020428530453260374
-3.9499999999999598	0.00021204038728855646
-3.93999999999996	0.00022007052625632796
-3.92999999999996	0.0002283846933408823
-3.9199999999999604	0.0002369921227780361
-3.9099999999999606	0.0002459023176767435
-3.899999999999961	0.00025512505669117767
-3.889999999999961	0.00026467040083460856
-3.8799999999999613	0.00027454870038882246
-3.8699999999999615	0.000284770601964126
-3.8599999999999617	0.0002953470556799366
-3.849999999999962	0.0003062893224745607
-3.839999999999962	0.0003176089815297966
-3.8299999999999623	0.00032931793785777905
-3.8199999999999625	0.0003414284299830742
-3.8099999999999627	0.000353953037772956
-3.799999999999963	0.0003669046904032929
-3.789999999999963	0.00038029667444554105
-3.7799999999999634	0.00039414264208169976
-3.7699999999999636	0.0004084566194707307
-3.759999999999964	0.0004232530152342467
-3.749999999999964	0.00043854662906477385
-3.7399999999999642	0.0004543526604885957
-3.7299999999999645	0.0004706867177517705
-3.7199999999999647	0.0004875648268222305
-3.709999999999965	0.000505003440548864
-3.699999999999965	0.0005230194479429593
-3.6899999999999653	0.0005416301835752739
-3.6799999999999655	0.000560853437124299
-3.6699999999999657	0.0005807074630524956
-3.659999999999966	0.0006012109903913912
-3.649999999999966	0.0006223832326713268
-3.6399999999999664	0.0006442438979849192
-3.6299999999999666	0.0006668131991496058
-3.619999999999967	0.0006901118640154234
-3.609999999999967	0.0007141611458992073
-3.5999999999999672	0.0007389828341174397
-3.5899999999999674	0.0007645992646540161
-3.5799999999999677	0.0007910333309240189
-3.569999999999968	0.000818308494784542
-3.559999999999968	0.0008464487973596385
-3.5499999999999683	0.0008754788702971329
-3.5399999999999685	0.0009054239469616924
-3.5299999999999687	0.0009363098737683437
-3.519999999999969	0.0009681631216044551
-3.509999999999969	0.0010010107974872643
-3.4999999999999694	0.0010348806560087154
-3.4899999999999696	0.0010698011112058642
-3.47999999999997	0.001105801248342694
-3.46999999999997	0.001142910835812565
-3.45999999999997	0.0011811603371411146
-3.4499999999999704	0.0012205809230499693
-3.4399999999999706	0.001261204483596727
-3.429999999999971	0.001303063640395188
-3.419999999999971	0.0013461917588934167
-3.4099999999999713	0.0013906229607009186
-3.3999999999999715	0.0014363921360146879
-3.3899999999999717	0.001483534956027063
-3.379999999999972	0.001532087885429918
-3.369999999999972	0.0015820881949467742
-3.3599999999999723	0.0016335739738947343
-3.3499999999999726	0.0016865841427661397
-3.3399999999999728	0.0017411584658352647
-3.329999999999973	0.0017973375637896525
-3.319999999999973	0.0018551629263655251
-3.3099999999999734	0.001914676924945911
-3.2999999999999736	0.0019759228252178795
-3.289999999999974	0.0020389447997588494
-3.279999999999974	0.0021037879406242232
-3.2699999999999743	0.0021704982719130666
-3.2599999999999745	0.002239122762266702
-3.2499999999999747	0.002309709337343723
-3.239999999999975	0.002382306892233622
-3.229999999999975	0.0024569653037971673
-3.2199999999999753	0.0025337354429337835
-3.2099999999999755	0.0026126691867834695
-3.1999999999999758	0.002693819430805582
-3.189999999999976	0.0027772401007755917
-3.179999999999976	0.002862986164659367
-3.1699999999999764	0.0029511136443651047
-3.1599999999999766	0.0030416796273493906
-3.149999999999977	0.003134742278098731
-3.139999999999977	0.003230360849438089
-3.1299999999999772	0.003328595693660968
-3.1199999999999775	0.0034295082735015794
-3.1099999999999777	0.0035331611729118723
-3.099999999999978	0.003639618107594247
-3.089999999999978	0.0037489439353684422
-3.0799999999999783	0.003861204666283383
-3.0699999999999785	0.003976467472471134
-3.0599999999999787	0.004094800697773204
-3.049999999999979	0.004216273867083415
-3.039999999999979	0.00434095769538985
-3.0299999999999794	0.004468924096543753
-3.0199999999999796	0.004600246191711501
-3.00999999999998	0.004734998317476103
-2.99999999999998	0.004873256033623395
-2.9899999999999802	0.005015096130566945
-2.9799999999999804	0.005160596636384885
-2.9699999999999807	0.005309836823484384
-2.959999999999981	0.005462897214870265
-2.949999999999981	0.0056198595899699865
-2.9399999999999813	0.005780806990044782
-2.9299999999999815	0.0059458237231508355
-2.9199999999999817	0.006114995368619583
-2.909999999999982	0.00628840878105964
-2.899999999999982	0.006466152093879962
-2.8899999999999824	0.006648314722263851
-2.8799999999999826	0.0068349873656351765
-2.869999999999983	0.007026262009532276
-2.859999999999983	0.007222231927005839
-2.849999999999983	0.007422991679320402
-2.8399999999999834	0.007628637116128764
-2.8299999999999836	0.007839265375001995
-2.819999999999984	0.008054974880310607
-2.809999999999984	0.008275865341482776
-2.7999999999999843	0.008502037750564469
-2.7899999999999845	0.008733594379085576
-2.7799999999999847	0.008970638774243703
-2.769999999999985	0.009213275754345511
-2.759999999999985	0.009461611403500133
-2.7499999999999853	0.00971575306553081
-2.7399999999999856	0.009975809337195966
-2.7299999999999858	0.010241890060495926
-2.719999999999986	0.010514106314236818
-2.709999999999986	0.010792570404750531
-2.6999999999999864	0.011077395855740264
-2.6899999999999866	0.01136869739728661
-2.679999999999987	0.011666590953961635
-2.669999999999987	0.01197119363202058
-2.6599999999999873	0.01228262370569898
-2.6499999999999875	0.012601000602570097
-2.6399999999999877	0.012926444887925324
-2.629999999999988	0.013259078248205183
-2.619999999999988	0.013599023473452437
-2.6099999999999883	0.01394640443873108
-2.5999999999999885	0.014301346084544872
-2.5899999999999888	0.014663974396235364
-2.579999999999989	0.015034416382300417
-2.569999999999989	0.015412800051659759
-2.5599999999999894	0.015799254389857003
-2.5499999999999896	0.01619390933413931
-2.53999999999999	0.016596895747437564
-2.52999999999999	0.01700834539124036
-2.5199999999999902	0.017428390897316074
-2.5099999999999905	0.01785716573827457
-2.4999999999999907	0.018294804197005146
-2.489999999999991	0.018741441334911225
-2.479999999999991	0.019197212958954706
-2.4699999999999913	0.01966225558753758
-2.4599999999999915	0.020136706415154422
-2.4499999999999917	0.02062070327581682
-2.439999999999992	0.021114384605290186
-2.429999999999992	0.021617889402064754
-2.4199999999999924	0.02213135718709146
-2.4099999999999926	0.022654927962279185
-2.399999999999993	0.023188742167732753
-2.389999999999993	0.023732940637706073
-2.3799999999999932	0.02428766455531976
-2.3699999999999934	0.02485305540599792
-2.3599999999999937	0.025429254929603413
-2.349999999999994	0.026016405071324827
-2.339999999999994	0.02661464793128043
-2.3299999999999943	0.02722412571280821
-2.3199999999999945	0.02784498066949994
-2.3099999999999947	0.028477355050955555
-2.299999999999995	0.029121391047223853
-2.289999999999995	0.029777230731988236
-2.2799999999999954	0.03044501600447821
-2.2699999999999956	0.031124888530082585
-2.259999999999996	0.031816989679706434
-2.249999999999996	0.03252146046788288
-2.239999999999996	0.03323844148959277
-2.2299999999999964	0.033968072855850164
-2.2199999999999966	0.034710494128069765
-2.209999999999997	0.03546584425117054
-2.199999999999997	0.036234261485465644
-2.1899999999999973	0.03701588333737551
-2.1799999999999975	0.03781084648891055
-2.1699999999999977	0.03861928672598287
-2.159999999999998	0.03944133886557024
-2.149999999999998	0.0402771366817162
-2.1399999999999983	0.04112681283037838
-2.1299999999999986	0.04199049877325048
-2.1199999999999988	0.042868324700364044
-2.109999999999999	0.04376041945171752
-2.099999999999999	0.04466691043783008
-2.0899999999999994	0.04558792355927208
-2.0799999999999996	0.04652358312516862
-2.07	0.047474011770772324
-2.06	0.04843933037407457
-2.0500000000000003	0.04941965797147313
-2.0400000000000005	0.05041511167258751
-2.0300000000000007	0.051425806574213154
-2.020000000000001	0.05245185567342173
-2.010000000000001	0.05349336977989682
-2.0000000000000013	0.05455045742752119
-1.9900000000000015	0.05562322478520703
-1.9800000000000015	0.05671177556707426
-1.9700000000000015	0.05781621094198815
-1.9600000000000015	0.05893662944246588
-1.9500000000000015	0.06007312687303128
-1.9400000000000015	0.061225796218074384
-1.9300000000000015	0.06239472754918915
-1.9200000000000015	0.06358000793209614
-1.9100000000000015	0.0647817213332059
-1.9000000000000015	0.06599994852579874
-1.8900000000000015	0.06723476699592873
-1.8800000000000014	0.06848625084811018
-1.8700000000000014	0.06975447071077824
-1.8600000000000014	0.07103949364161814
-1.8500000000000014	0.07234138303283057
-1.8400000000000014	0.0736601985163389
-1.8300000000000014	0.0749959958690128
-1.8200000000000014	0.07634882691800876
-1.8100000000000014	0.07771873944621999
-1.8000000000000014	0.07910577709788735
-1.7900000000000014	0.0805099792845469
-1.7800000000000014	0.08193138109122802
-1.7700000000000014	0.08337001318301605
-1.7600000000000013	0.0848259017121029
-1.7500000000000013	0.0862990682253072
-1.7400000000000013	0.0877895295721429
-1.7300000000000013	0.08929729781354641
-1.7200000000000013	0.09082238013128825
-1.7100000000000013	0.09236477873812307
-1.7000000000000013	0.09392449078877693
-1.6900000000000013	0.09550150829186027
-1.6800000000000013	0.09709581802266933
-1.6700000000000013	0.09870740143708578
-1.6600000000000013	0.10033623458653555
-1.6500000000000012	0.10198228803413231
-1.6400000000000012	0.10364552677205098
-1.6300000000000012	0.10532591014021384
-1.6200000000000012	0.1070233917463577
-1.6100000000000012	0.10873791938751609
-1.6000000000000012	0.11046943497310023
-1.5900000000000012	0.11221787444948214
-1.5800000000000012	0.1139831677262951
-1.5700000000000012	0.11576523860447292
-1.5600000000000012	0.11756400470606643
-1.5500000000000012	0.1193793774059358
-1.5400000000000011	0.12121126176546823
-1.5300000000000011	0.12305955646817597
-1.5200000000000011	0.12492415375753152
-1.5100000000000011	0.12680493937690251
-1.500000000000001	0.1287017925116672
-1.490000000000001	0.13061458573375506
-1.480000000000001	0.1325431849484603
-1.470000000000001	0.13448744934374807
-1.460000000000001	0.13644723134206074
-1.450000000000001	0.13842237655466863
-1.440000000000001	0.14041272373874444
-1.430000000000001	0.14241810475708336
-1.420000000000001	0.14443834454065274
-1.410000000000001	0.1464732610539264
-1.400000000000001	0.1485226652631727
-1.390000000000001	0.15058636110775686
-1.380000000000001	0.15266414547432022
-1.370000000000001	0.15475580817425402
-1.360000000000001	0.1568611319242026
-1.350000000000001	0.15897989232970408
-1.340000000000001	0.16111185787233295
-1.330000000000001	0.16325678990002399
-1.320000000000001	0.16541444262078156
-1.310000000000001	0.1675845630995744
-1.300000000000001	0.1697668912591968
-1.290000000000001	0.17196115988471522
-1.280000000000001	0.17416709463036298
-1.270000000000001	0.17638441403178629
-1.260000000000001	0.1786128295201399
-1.2500000000000009	0.18085204544215602
-1.2400000000000009	0.18310175908084564
-1.2300000000000009	0.1853616606830298
-1.2200000000000009	0.18763143348946237
-1.2100000000000009	0.18991075376787195
-1.2000000000000008	0.19219929085142964
-1.1900000000000008	0.1944967071803178
-1.1800000000000008	0.19680265834737745
-1.1700000000000008	0.19911679314779046
-1.1600000000000008	0.2014387536326878
-1.1500000000000008	0.20376817516674847
-1.1400000000000008	0.20610468648990213
-1.1300000000000008	0.2084479097830172
-1.1200000000000008	0.2107974607375965
-1.1100000000000008	0.21315294862963596
-1.1000000000000008	0.2155139763975062
-1.0900000000000007	0.21788014072382958
-1.0800000000000007	0.2202510321215374
-1.0700000000000007	0.2226262350239584
-1.0600000000000007	0.22500532787887512
-1.0500000000000007	0.22738788324685996
-1.0400000000000007	0.2297734679033815
-1.0300000000000007	0.23216164294517766
-1.0200000000000007	0.23455196390050526
-1.0100000000000007	0.23694398084343835
-1.0000000000000007	0.23933723851210398
-0.9900000000000007	0.2417312764309483
-0.9800000000000006	0.2441256290368298
-0.9700000000000006	0.24651982580900547
-0.9600000000000006	0.24891339140307175
-0.9500000000000006	0.2513058457886408
-0.9400000000000006	0.25369670439076364
-0.9300000000000006	0.25608547823517636
-0.9200000000000006	0.2584716740971842
-0.9100000000000006	0.2608547946541409
-0.9000000000000006	0.26323433864159246
-0.8900000000000006	0.2656098010129167
-0.8800000000000006	0.2679806731023835
-0.8700000000000006	0.27034644279161535
-0.8600000000000005	0.27270659467959874
-0.8500000000000005	0.2750606102560988
-0.8400000000000005	0.2774079680769537
-0.8300000000000005	0.2797481439442998
-0.8200000000000005	0.28208061108917903
-0.8100000000000005	0.28440484035695096
-0.8000000000000005	0.2867203003952865
-0.7900000000000005	0.28902645784555814
-0.7800000000000005	0.2913227775368737
-0.7700000000000005	0.2936087226825417
-0.7600000000000005	0.29588375507892706
-0.7500000000000004	0.29814733530736387
-0.7400000000000004	0.30039892293752
-0.7300000000000004	0.30263797673366416
-0.7200000000000004	0.3048639548631437
-0.7100000000000004	0.307076315106194
-0.7000000000000004	0.30927451506843795
-0.6900000000000004	0.3114580123945878
-0.6800000000000004	0.3136262649843473
-0.6700000000000004	0.31577873120959643
-0.6600000000000004	0.31791487013306596
-0.6500000000000004	0.32003414172845507
-0.6400000000000003	0.3221360071017354
-0.6300000000000003	0.3242199287135732
-0.6200000000000003	0.3262853706027051
-0.6100000000000003	0.3283317986101709
-0.6000000000000003	0.3303586806043048
-0.5900000000000003	0.33236548670634086
-0.5800000000000003	0.3343516895163998
-0.5700000000000003	0.3363167643398999
-0.5600000000000003	0.33826018941416314
-0.5500000000000003	0.3401814461350738
-0.5400000000000003	0.3420800192836495
-0.5300000000000002	0.3439553972524522
-0.5200000000000002	0.3458070722716696
-0.5100000000000002	0.34763454063469346
-0.5000000000000002	0.34943730292307995
-0.49000000000000027	0.351214864230843
-0.48000000000000026	0.35296673438773957
-0.47000000000000025	0.35469242818161983
-0.46000000000000024	0.3563914655795889
-0.45000000000000023	0.35806337194784416
-0.4400000000000002	0.35970767827008904
-0.4300000000000002	0.36132392136438074
-0.4200000000000002	0.36291164409821436
-0.4100000000000002	0.36447039560177824
-0.4000000000000002	0.36599973147922693
-0.3900000000000002	0.3674992140177917
-0.38000000000000017	0.3689684123946141
-0.37000000000000016	0.37040690288123085
-0.36000000000000015	0.3718142690454615
-0.35000000000000014	0.3731901019506376
-0.34000000000000014	0.37453400035205386
-0.3300000000000001	0.37584557089046416
-0.3200000000000001	0.3771244282824874
-0.3100000000000001	0.3783701955078791
-0.3000000000000001	0.3795825039934371
-0.2900000000000001	0.38076099379345946
-0.2800000000000001	0.3819053137666768
-0.2700000000000001	0.3830151217494717
-0.26000000000000006	0.38409008472527023
-0.25000000000000006	0.3851298789900519
-0.24000000000000007	0.3861341903138114
-0.23000000000000007	0.38710271409783076
-0.22000000000000006	0.3880351555277511
-0.21000000000000005	0.38893122972225086
-0.20000000000000004	0.3897906618772352
-0.19000000000000003	0.39061318740548584
-0.18000000000000002	0.39139855207163804
-0.17	0.3921465121223585
-0.16	0.3928568344116931
-0.15	0.39352929652147595
-0.13999999999999999	0.3941636868766608
-0.12999999999999998	0.3947598048555657
-0.11999999999999998	0.39531746089498565
-0.10999999999999999	0.3958364765897053
-0.09999999999999999	0.3963166847872664
-0.09	0.39675792967675017
-0.08	0.397160066872335
-0.07	0.39752296349126254
-0.060000000000000005	0.3978464982262211
-0.05	0.3981305614120409
-0.04	0.3983750550866831
-0.03	0.39857989304650476
-0.02	0.39874500089568793
-0.01	0.39887031608983303
0	0.39895578797371173
0.01	0.3990013778130862
0.02	0.39900705882059
0.03	0.3989728161756935
0.04	0.39889864703866607
0.05	0.3987845605585517
0.060000000000000005	0.39863057787517014
0.07	0.39843673211510383
0.08	0.39820306838166125
0.09	0.3979296437388722
0.09999999999999999	0.397616527189474
0.10999999999999999	0.3972637996468938
0.11999999999999998	0.39687155390129064
0.12999999999999998	0.39643989457964435
0.13999999999999999	0.39596893809988987
0.15	0.3954588126191789
0.16	0.3949096579762126
0.17	0.39432162562804274
0.18000000000000002	0.39369487858044533
0.19000000000000003	0.39302959131320686
0.20000000000000004	0.39232594969936857
0.21000000000000005	0.39158415091889004
0.22000000000000006	0.39080440336674405
0.23000000000000007	0.38998692655544315
0.24000000000000007	0.38913195101212034
0.25000000000000006	0.3882397181702153
0.26000000000000006	0.38731048025581116
0.2700000000000001	0.3863445001687227
0.2800000000000001	0.3853420513584267
0.2900000000000001	0.3843034176948767
0.3000000000000001	0.3832288933343061
0.3100000000000001	0.3821187825801392
0.3200000000000001	0.3809733997390495
0.3300000000000001	0.3797930689722832
0.34000000000000014	0.3785781241423782
0.35000000000000014	0.37732890865532337
0.36000000000000015	0.3760457752982975
0.37000000000000016	0.37472908607310024
0.38000000000000017	0.3733792120253687
0.3900000000000002	0.37199653306967984
0.4000000000000002	0.3705814378107049
0.4100000000000002	0.369134323360488
0.4200000000000002	0.36765559515196483
0.4300000000000002	0.36614566674889665
0.4400000000000002	0.36460495965229905
0.45000000000000023	0.36303390310348993
0.46000000000000024	0.3614329338839212
0.47000000000000025	0.35980249611190873
0.48000000000000026	0.358143041036364
0.49000000000000027	0.3564550268277187
0.5000000000000002	0.3547389183661354
0.5100000000000002	0.35299518702715654
0.5200000000000002	0.3512243104649224
0.5300000000000002	0.3494267723931303
0.5400000000000003	0.34760306236382005
0.5500000000000003	0.34575367554417175
0.5600000000000003	0.3438791124914648
0.5700000000000003	0.341979878926294
0.5800000000000003	0.3400564855042289
0.5900000000000003	0.3381094475860688
0.6000000000000003	0.3361392850067874
0.6100000000000003	0.33414652184330346
0.6200000000000003	0.33213168618156264
0.6300000000000003	0.3300953098821858
0.6400000000000003	0.3280379283459939
0.6500000000000004	0.3259600802787206
0.6600000000000004	0.32386230745535827
0.6700000000000004	0.3217451544842352
0.6800000000000004	0.31960916857100696
0.6900000000000004	0.3174548992826516
0.7000000000000004	0.3152828983116362
0.7100000000000004	0.3130937192404056
0.7200000000000004	0.31088791730632537
0.7300000000000004	0.30866604916719453
0.7400000000000004	0.3064286726675196
0.7500000000000004	0.3041763466056431
0.7600000000000005	0.3019096305018674
0.7700000000000005	0.2996290843677261
0.7800000000000005	0.2973352684765361
0.7900000000000005	0.2950287431353217
0.8000000000000005	0.29271006845829406
0.8100000000000005	0.2903798041419887
0.8200000000000005	0.2880385092421623
0.8300000000000005	0.28568674195261284
0.8400000000000005	0.28332505938603597
0.8500000000000005	0.28095401735699305
0.8600000000000005	0.2785741701671678
0.8700000000000006	0.2761860703929942
0.8800000000000006	0.2737902686757567
0.8900000000000006	0.27138731351428963
0.9000000000000006	0.2689777510603955
0.9100000000000006	0.2665621249170409
0.9200000000000006	0.2641409759394651
0.9300000000000006	0.2617148420393082
0.9400000000000006	0.2592842579918125
0.9500000000000006	0.2568497552462168
0.9600000000000006	0.25441186173944896
0.9700000000000006	0.25197110171316206
0.9800000000000006	0.24952799553421426
0.9900000000000007	0.24708305951869775
1.0000000000000007	0.24463680575955157
1.0100000000000007	0.24218974195785256
1.0200000000000007	0.2397423712578573
1.0300000000000007	0.23729519208586367
1.0400000000000007	0.23484869799292427
1.0500000000000007	0.2324033775015282
1.0600000000000007	0.22995971395626003
1.0700000000000007	0.2275181853784986
1.0800000000000007	0.2250792643252289
1.0900000000000007	0.22264341775199797
1.1000000000000008	0.22021110688003567
1.1100000000000008	0.21778278706762927
1.1200000000000008	0.21535890768575527
1.1300000000000008	0.212939911997996
1.1400000000000008	0.21052623704479578
1.1500000000000008	0.2081183135320774
1.1600000000000008	0.20571656572421282
1.1700000000000008	0.20332141134141044
1.1800000000000008	0.20093326146151244
1.1900000000000008	0.1985525204262079
1.2000000000000008	0.19617958575169367
1.2100000000000009	0.19381484804377502
1.2200000000000009	0.19145869091741305
1.2300000000000009	0.18911149092070878
1.2400000000000009	0.1867736174633541
1.2500000000000009	0.18444543274949707
1.260000000000001	0.18212729171503958
1.270000000000001	0.17981954196936778
1.280000000000001	0.177522523741468
1.290000000000001	0.17523656983041963
1.300000000000001	0.17296200556027722
1.310000000000001	0.17069914873926142
1.320000000000001	0.1684483096232723
1.330000000000001	0.16620979088368912
1.340000000000001	0.16398388757942
1.350000000000001	0.16177088713314483
1.360000000000001	0.1595710693117682
1.370000000000001	0.15738470621099143
1.380000000000001	0.1552120622439752
1.390000000000001	0.15305339413406088
1.400000000000001	0.15090895091150483
1.410000000000001	0.14877897391413636
1.420000000000001	0.1466636967919514
1.430000000000001	0.14456334551553882
1.440000000000001	0.1424781383882938
1.450000000000001	0.1404082860623791
1.460000000000001	0.1383539915583639
1.470000000000001	0.1363154502884592
1.480000000000001	0.13429285008332145
1.490000000000001	0.13228637122234094
1.500000000000001	0.13029618646733923
1.5100000000000011	0.12832246109962467
1.5200000000000011	0.12636535296034437
1.5300000000000011	0.1244250124940231
1.5400000000000011	0.12250158279525333
1.5500000000000012	0.12059519965846446
1.5600000000000012	0.11870599163066273
1.5700000000000012	0.11683408006709328
1.5800000000000012	0.11497957918975517
1.5900000000000012	0.11314259614866395
1.6000000000000012	0.11132323108579732
1.6100000000000012	0.10952157720166628
1.6200000000000012	0.10773772082438524
1.6300000000000012	0.10597174148119692
1.6400000000000012	0.10422371197237257
1.6500000000000012	0.10249369844738201
1.6600000000000013	0.10078176048325468
1.6700000000000013	0.09908795116509002
1.6800000000000013	0.09741231716857565
1.6900000000000013	0.09575489884447207
1.7000000000000013	0.09411573030496309
1.7100000000000013	0.09249483951180369
1.7200000000000013	0.09089224836616239
1.7300000000000013	0.08930797280009209
1.7400000000000013	0.08774202286953832
1.7500000000000013	0.08619440284883438
1.7600000000000013	0.08466511132650463
1.7700000000000014	0.08315414130244445
1.7800000000000014	0.0816614802862589
1.7900000000000014	0.08018711039675817
1.8000000000000014	0.07873100846250436
1.8100000000000014	0.0772931461233238
1.8200000000000014	0.07587348993272162
1.8300000000000014	0.07447200146111582
1.8400000000000014	0.07308863739980302
1.8500000000000014	0.07172334966559328
1.8600000000000014	0.07037608550602847
1.8700000000000014	0.06904678760511662
1.8800000000000014	0.06773539418950354
1.8900000000000015	0.06644183913500344
1.9000000000000015	0.06516605207343804
1.9100000000000015	0.06390795849967511
1.9200000000000015	0.06266747987885257
1.9300000000000015	0.061444533753654856
1.9400000000000015	0.060239033851622555
1.9500000000000015	0.05905089019241444
1.9600000000000015	0.05788000919495226
1.9700000000000015	0.05672629378437579
1.9800000000000015	0.05558964349878244
1.9900000000000015	0.054469954595645194
2.0000000000000013	0.053367120157875474
2.010000000000001	0.05228103019947281
2.020000000000001	0.05121157177069204
2.0300000000000007	0.05015862906267875
2.0400000000000005	0.04912208351152289
2.0500000000000003	0.048101813901674194
2.06	0.04709769646866634
2.07	0.046109605001099736
2.0799999999999996	0.04513741094185175
2.0899999999999994	0.044180983488431344
2.099999999999999	0.04324018969247427
2.109999999999999	0.04231489455830756
2.1199999999999988	0.04140496114055222
2.1299999999999986	0.040510250640719565
2.1399999999999983	0.0396306225027827
2.149999999999998	0.03876593450759848
2.159999999999998	0.037916042866335875
2.1699999999999977	0.037080802312644434
2.1799999999999975	0.03626006619367855
2.1899999999999973	0.035453686559910755
2.199999999999997	0.03466151425369809
2.209999999999997	0.033883398996570904
2.2199999999999966	0.03311918947522222
2.2299999999999964	0.03236873342618353
2.239999999999996	0.031631877719136045
2.249999999999996	0.030908468438860068
2.259999999999996	0.030198350965797836
2.2699999999999956	0.029501370055193734
2.2799999999999954	0.02881736991481913
2.289999999999995	0.02814619428122959
2.299999999999995	0.027487686494602207
2.3099999999999947	0.026841689572054357
2.3199999999999945	0.02620804627950598
2.3299999999999943	0.02558659920203755
2.339999999999994	0.02497719081272799
2.349999999999994	0.02437966353999948
2.3599999999999937	0.02379385983342521
2.3699999999999934	0.023219622228013784
2.3799999999999932	0.022656793406956106
2.389999999999993	0.022105216262849326
2.399999999999993	0.021564733957365228
2.4099999999999926	0.021035189979389322
2.4199999999999924	0.020516428201623388
2.429999999999992	0.02000829293564093
2.439999999999992	0.01951062898541141
2.4499999999999917	0.019023281699299052
2.4599999999999915	0.018546097020517655
2.4699999999999913	0.018078921536073923
2.479999999999991	0.01762160252420141
2.489999999999991	0.017173988000263228
2.4999999999999907	0.01673592676117302
2.5099999999999905	0.016307268428319782
2.5199999999999902	0.015887863489003465
2.52999999999999	0.015477563336408073
2.53999999999999	0.01507622030810843
2.5499999999999896	0.014683687723136676
2.5599999999999894	0.014299819917606064
2.569999999999989	0.0139244722789214
2.579999999999989	0.013557501278577237
2.5899999999999888	0.013198764503571164
2.5999999999999885	0.012848120686436003
2.6099999999999883	0.012505429733917868
2.619999999999988	0.012170552754308093
2.629999999999988	0.01184335208345311
2.6399999999999877	0.011523691309456581
2.6499999999999875	0.011211435296093432
2.6599999999999873	0.010906450204945144
2.669999999999987	0.010608603516330226
2.679999999999987	0.010317764048915594
2.6899999999999866	0.010033801978201593
2.6999999999999864	0.009756588853785003
2.709999999999986	0.009485997615446808
2.719999999999986	0.009221902608089576
2.7299999999999858	0.008964179595601945
2.7399999999999856	0.008712705773509763
2.7499999999999853	0.008467359780646787
2.759999999999985	0.008228021709721077
2.769999999999985	0.007994573116837768
2.7799999999999847	0.007766897030019807
2.7899999999999845	0.007544877956725803
2.7999999999999843	0.0073284018903978735
2.809999999999984	0.007117356316062726
2.819999999999984	0.006911630215003357
2.8299999999999836	0.00671111406852726
2.8399999999999834	0.006515699860858531
2.849999999999983	0.0063252810811651045
2.859999999999983	0.006139752724757813
2.869999999999983	0.005959011293467135
2.8799999999999826	0.005782954795246286
2.8899999999999824	0.005611482742988887
2.899999999999982	0.00544449615261496
2.909999999999982	0.005281897540429162
2.9199999999999817	0.005123590919784519
2.9299999999999815	0.004969481797057058
2.9399999999999813	0.004819477166981841
2.949999999999981	0.004673485507343382
2.959999999999981	0.004531416773054688
2.9699999999999807	0.004393182389651792
2.9799999999999804	0.004258695246219719
2.9899999999999802	0.0041278696877575845
2.99999999999998	0.00400062150703697
3.00999999999998	0.003876867935939369
3.0199999999999796	0.0037565276363113933
3.0299999999999794	0.003639520690357717
3.039999999999979	0.003525768590585109
3.049999999999979	0.00341519422932097
3.0599999999999787	0.003307721887825992
3.0699999999999785	0.00320327722502072
3.0799999999999783	0.0031017872658372085
3.089999999999978	0.0030031803892293725
3.099999999999978	0.0029073863158444587
3.1099999999999777	0.0028143360953828437
3.1199999999999775	0.002723962093663874
3.1299999999999772	0.002636197979394876
3.139999999999977	0.0025509787107147876
3.149999999999977	0.00246824052145245
3.1599999999999766	0.002387920907176054
3.1699999999999764	0.0023099586110248457
3.179999999999976	0.002234293609340212
3.189999999999976	0.0021608670971183385
3.1999999999999758	0.0020896214732829
3.2099999999999755	0.0020205003258234144
3.2199999999999753	0.0019534484167780843
3.229999999999975	0.0018884116670968877
3.239999999999975	0.001825337141388163
3.2499999999999747	0.001764173032572617
3.2599999999999745	0.0017048686464480815
3.2699999999999743	0.0016473743861750872
3.279999999999974	0.001591641736716053
3.289999999999974	0.0015376232491861436
3.2999999999999736	0.001485272525229533
3.3099999999999734	0.0014345442013070136
3.319999999999973	0.001385393932996076
3.329999999999973	0.0013377783792764047
3.3399999999999728	0.0012916551868252279
3.3499999999999726	0.0012469829743229502
3.3599999999999723	0.0012037213167570614
3.369999999999972	0.0011618307298146516
3.379999999999972	0.001121272654257848
3.3899999999999717	0.0010820094403734288
3.3999999999999715	0.0010440043324780363
3.4099999999999713	0.0010072214534825464
3.419999999999971	0.000971625789532818
3.429999999999971	0.0009371831747233623
3.4399999999999706	0.0009038602759064146
3.4499999999999704	0.0008716245776120225
3.45999999999997	0.0008404443669237663
3.46999999999997	0.0008102887187576105
3.47999999999997	0.0007811274809504916
3.4899999999999696	0.0007529312596106254
3.4999999999999694	0.000725671404569306
3.509999999999969	0.0006993199949785715
3.519999999999969	0.0006738498248820799
3.5299999999999687	0.0006492343892460452
3.5399999999999685	0.0006254478698021658
3.5499999999999683	0.0006024651211971563
3.559999999999968	0.0005802616572535464
3.569999999999968	0.000558813637384145
3.5799999999999677	0.0005380978531506629
3.5899999999999674	0.0005180917149899588
3.5999999999999672	0.0004987732390876476
3.609999999999967	0.00048012103441933025
3.619999999999967	0.00046211428995077895
3.6299999999999666	0.000444732762005669
3.6399999999999664	0.00042795676179782714
3.649999999999966	0.0004117671431384136
3.659999999999966	0.00039614529030346186
3.6699999999999657	0.0003810731060824893
3.6799999999999655	0.00036653299999167674
3.6899999999999653	0.0003525078766693525
3.699999999999965	0.0003389811244375905
3.709999999999965	0.00032593660404529065
3.7199999999999647	0.00031335863758384853
3.7299999999999645	0.0003012319975795582
3.7399999999999642	0.00028954189626126734
3.749999999999964	0.0002782739750096164
3.759999999999964	0.0002674142939744913
3.7699999999999636	0.0002569493218737989
3.7799999999999634	0.0002468659259703673
3.789999999999963	0.00023715136221824263
3.799999999999963	0.0002277932655848009
3.8099999999999627	0.00021877964055749374
3.8199999999999625	0.00021009885180832492
3.8299999999999623	0.0002017396150411397
3.839999999999962	0.00019369098801197147
3.849999999999962	0.00018594236171163854
3.8599999999999617	0.00017848345172714292
3.8699999999999615	0.00017130428976652173
3.8799999999999613	0.0001643952153518196
3.889999999999961	0.00015774686768039574
3.899999999999961	0.00015135017764599377
3.9099999999999606	0.00014519636002978197
3.9199999999999604	0.00013927690584457548
3.92999999999996	0.00013358357484675128
3.93999999999996	0.0001281083881997734
3.9499999999999598	0.0001228436213007806
3.9599999999999596	0.00011778179676225221
3.9699999999999593	0.00011291567753186392
3.979999999999959	0.00010823826018857449
3.989999999999959	0.00010374276836694285
3.9999999999999587	0.00009942264633972654
4.009999999999959	0.00009527155274276847
4.019999999999959	0.00009128335444008197
4.0299999999999585	0.00008745212054289926
4.039999999999958	0.00008377211655154334
4.049999999999958	0.00008023779864593613
4.059999999999958	0.00007684380811067161
4.069999999999958	0.00007358496588943956
4.079999999999957	0.00007045626727232706
4.089999999999957	0.00006745287671771929
4.099999999999957	0.00006457012279123866
4.109999999999957	0.00006180349323913084
4.119999999999957	0.000059148630179271616
4.129999999999956	0.00005660132541577645
4.139999999999956	0.00005415751587045639
4.149999999999956	0.00005181327913214056
4.159999999999956	0.00004956482912068821
4.1699999999999555	0.00004740851186127774
4.179999999999955	0.00004534080137194031
4.189999999999955	0.00004335829565948977
4.199999999999955	0.00004145771281801586
4.209999999999955	0.00003963588723358633
4.2199999999999545	0.000037889765892507404
4.229999999999954	0.000036216404788182364
4.239999999999954	0.00003461296542286849
4.249999999999954	0.00003307671141644952
4.259999999999954	0.00003160500518988895
4.269999999999953	0.000030195304758409065
4.279999999999953	0.00002884516061227391
4.289999999999953	0.00002755221266990516
4.299999999999953	0.000026314187339060235
4.3099999999999525	0.000025128894645881694
4.319999999999952	0.00002399422545577617
4.329999999999952	0.000022908148769498966
4.339999999999952	0.000021868709098486443
4.349999999999952	0.000020874023920892696
4.3599999999999515	0.00001992228120603283
4.369999999999951	0.00001901173702027568
4.379999999999951	0.000018140713195869372
4.389999999999951	0.00001730759507549038
4.399999999999951	0.00001651082932334232
4.40999999999995	0.00001574892180057166
4.41999999999995	0.000015020435508773535
4.42999999999995	0.000014323988594281225
4.43999999999995	0.00001365825241472268
4.4499999999999496	0.000013021949665433881
4.459999999999949	0.000012413852573945227
4.469999999999949	0.000011832781105974692
4.479999999999949	0.000011277601315067347
4.489999999999949	0.000010747223667606436
4.4999999999999485	0.000010240601423110398
4.509999999999948	9.756729137132522e-6
4.519999999999948	9.294641134095525e-6
4.529999999999948	8.853410068399792e-6
4.539999999999948	8.432145526888049e-6
4.549999999999947	8.029992665238878e-6
4.559999999999947	7.646130914633073e-6
4.569999999999947	7.279772703843083e-6
4.579999999999947	6.930162233273439e-6
4.589999999999947	6.596574303651361e-6
4.599999999999946	6.278313160311475e-6
4.609999999999946	5.974711394066111e-6
4.619999999999946	5.6851288765372545e-6
4.629999999999946	5.408951714753228e-6
4.6399999999999455	5.145591272863635e-6
4.649999999999945	4.89448320099619e-6
4.659999999999945	4.655086508040822e-6
4.669999999999945	4.426882659136362e-6
4.679999999999945	4.209374723478464e-6
4.689999999999944	4.002086530131922e-6
4.699999999999944	3.8045618610289745e-6
4.709999999999944	3.6163636819465175e-6
4.719999999999944	3.437073383718529e-6
4.729999999999944	3.2662900643296554e-6
4.739999999999943	3.10362983307832e-6
4.749999999999943	2.9487251349341403e-6
4.759999999999943	2.8012241033657317e-6
4.769999999999943	2.660789937813388e-6
4.7799999999999425	2.5271002798674568e-6
4.789999999999942	2.3998466982548126e-6
4.799999999999942	2.2787340895052935e-6
4.809999999999942	2.1634800921907115e-6
4.819999999999942	2.0538146383142425e-6
4.8299999999999415	1.9494794292168577e-6
4.839999999999941	1.8502274627216091e-6
4.849999999999941	1.755822561563388e-6
4.859999999999941	1.6660389390190277e-6
4.869999999999941	1.5806607621564033e-6
4.87999999999994	1.4994817480254697e-6
4.88999999999994	1.4223047596615536e-6
4.89999999999994	1.3489414353817666e-6
4.90999999999994	1.2792118124438102e-6
4.9199999999999395	1.2129439856093566e-6
4.929999999999939	1.149973758856493e-6
4.939999999999939	1.090144328241223e-6
4.949999999999939	1.0333059639062484e-6
4.959999999999939	9.793157120062601e-7
4.9699999999999385	9.280371066179468e-7
4.979999999999938	8.793398912458006e-7
4.989999999999938	8.330997576687831e-7
4.999999999999938	7.891980866319993e-7
5.009999999999938	7.475216991507619e-7
5.019999999999937	7.079626267495438e-7
5.029999999999937	6.704178834983566e-7
5.039999999999937	6.347892491198263e-7
5.049999999999937	6.009830615139239e-7
5.0599999999999365	5.689100162710194e-7
5.069999999999936	5.384849759845046e-7
5.079999999999936	5.096267864068623e-7
5.089999999999936	4.822581003064483e-7
5.099999999999936	4.563052157215e-7
5.1099999999999355	4.316978865305657e-7
5.119999999999935	4.083692089622015e-7
5.129999999999935	3.862554498668785e-7
5.139999999999935	3.652958974219016e-7
5.149999999999935	3.4543273448401597e-7
5.159999999999934	3.266109155022349e-7
5.169999999999934	3.0877802842075725e-7
5.179999999999934	2.918841751760365e-7
5.189999999999934	2.7588187368045627e-7
5.199999999999934	2.607259346718188e-7
5.209999999999933	2.463733151431575e-7
5.219999999999933	2.327831636089522e-7
5.229999999999933	2.1991652132625174e-7
5.239999999999933	2.0773636206651654e-7
5.2499999999999325	1.9620747688014673e-7
5.259999999999932	1.852963634281571e-7
5.269999999999932	1.749711810852104e-7
5.279999999999932	1.6520169339545956e-7
5.289999999999932	1.5595911847452303e-7
5.299999999999931	1.472161045192828e-7
5.309999999999931	1.3894664991335865e-7
5.319999999999931	1.311260822731334e-7
5.329999999999931	1.237309527909412e-7
5.339999999999931	1.1673893981622113e-7
5.34999999999993	1.1012891834566724e-7
5.35999999999993	1.0388077293510612e-7
5.36999999999993	9.7975426727097e-8