-5.6699999999999235	9.802649528774084e-8
-5.659999999999924	1.0324716980682043e-7
-5.649999999999924	1.0873683808589433e-7
-5.639999999999924	1.1450888462497126e-7
-5.629999999999924	1.2057726904475423e-7
-5.619999999999925	1.2695665889557428e-7
-5.609999999999925	1.336624358279977e-7
-5.599999999999925	1.4071068056056402e-7
-5.589999999999925	1.481182258796435e-7
-5.5799999999999255	1.559027676151193e-7
-5.569999999999926	1.6408275117409902e-7
-5.559999999999926	1.7267752439196757e-7
-5.549999999999926	1.8170734876261652e-7
-5.539999999999926	1.9119340620181576e-7
-5.5299999999999265	2.0115783457086433e-7
-5.519999999999927	2.1162394904540014e-7
-5.509999999999927	2.2261597826727308e-7
-5.499999999999927	2.3415937290514399e-7
-5.489999999999927	2.4628073688313474e-7
-5.479999999999928	2.5900790215202436e-7
-5.469999999999928	2.723699836084833e-7
-5.459999999999928	2.863974160299546e-7
-5.449999999999928	3.0112206889557706e-7
-5.4399999999999284	3.165772690490176e-7
-5.429999999999929	3.3279782907315117e-7
-5.419999999999929	3.498201676142782e-7
-5.409999999999929	3.676823580617682e-7
-5.399999999999929	3.86424202509051e-7
-5.3899999999999295	4.0608730483626506e-7
-5.37999999999993	4.2671514876112663e-7
-5.36999999999993	4.4835317759609425e-7
-5.35999999999993	4.710488786986706e-7
-5.34999999999993	4.94851870310473e-7
-5.339999999999931	5.198139920141751e-7
-5.329999999999931	5.459893992583049e-7
-5.319999999999931	5.734346608901358e-7
-5.309999999999931	6.022088613368349e-7
-5.299999999999931	6.323737064151919e-7
-5.289999999999932	6.639936332756315e-7
-5.279999999999932	6.971359207569698e-7
-5.269999999999932	7.318708199096e-7
-5.259999999999932	7.682716811129732e-7
-5.2499999999999325	8.064150296402761e-7
-5.239999999999933	8.463807886195208e-7
-5.229999999999933	8.882523247028376e-7
-5.219999999999933	9.321166694042341e-7
-5.209999999999933	9.780646239784555e-7
-5.199999999999934	1.0261909253234586e-6
-5.189999999999934	1.0765944073182967e-6
-5.179999999999934	1.1293781672984892e-6
-5.169999999999934	1.1846497398781533e-6
-5.159999999999934	1.2425212763633037e-6
-5.149999999999935	1.30310973183571e-6
-5.139999999999935	1.366537058990353e-6
-5.129999999999935	1.4329304084369039e-6
-5.119999999999935	1.5024223379285309e-6
-5.1099999999999355	1.5751510288558533e-6
-5.099999999999936	1.651260508183034e-6
-5.089999999999936	1.7309008830777127e-6
-5.079999999999936	1.8142285833122595e-6
-5.069999999999936	1.901406607330663e-6
-5.0599999999999365	1.9926047856386536e-6
-5.049999999999937	2.0880000470168488e-6
-5.039999999999937	2.1877766790889912e-6
-5.029999999999937	2.2921266854078105e-6
-5.019999999999937	2.401249986447898e-6
-5.009999999999938	2.5153547702154735e-6
-4.999999999999938	2.6346578732766303e-6
-4.989999999999938	2.7593850009776145e-6
-4.979999999999938	2.8897711698577735e-6
-4.9699999999999385	3.02606098758475e-6
-4.959999999999939	3.168509096970959e-6
-4.949999999999939	3.317380485006444e-6
-4.939999999999939	3.4729509254794382e-6
-4.929999999999939	3.635507368830651e-6
-4.9199999999999395	3.8053483685541094e-6
-4.90999999999994	3.982784523520648e-6
-4.89999999999994	4.168138932656984e-6
-4.88999999999994	4.361747650789871e-6
-4.87999999999994	4.56396018375963e-6
-4.869999999999941	4.7751399899389576e-6
-4.859999999999941	4.9956649944656624e-6
-4.849999999999941	5.225928122214738e-6
-4.839999999999941	5.466337863316438e-6
-4.8299999999999415	5.717318835991324e-6
-4.819999999999942	5.979312378458117e-6
-4.809999999999942	6.252777169029765e-6
-4.799999999999942	6.53818983861815e-6
-4.789999999999942	6.836045668375507e-6
-4.7799999999999425	7.146859204473553e-6
-4.769999999999943	7.4711649948878155e-6
-4.759999999999943	7.809518282482464e-6
-4.749999999999943	8.162495802384202e-6
-4.739999999999943	8.530696477266984e-6
-4.729999999999944	8.914742247423775e-6
-4.719999999999944	9.315278888484258e-6
-4.709999999999944	9.732976850742243e-6
-4.699999999999944	0.000010168532123555248
-4.689999999999944	0.000010622667141432705
-4.679999999999945	0.000011096131711139793
-4.669999999999945	0.000011589703961915963
-4.659999999999945	0.000012104191334344322
-4.649999999999945	0.000012640431602156132
-4.6399999999999455	0.000013199293907165266
-4.629999999999946	0.000013781679853522161
-4.619999999999946	0.000014388524620338247
-4.609999999999946	0.000015020798099720614
-4.599999999999946	0.00001567950609192949
-4.589999999999947	0.00001636569152365436
-4.579999999999947	0.000017080435693724597
-4.569999999999947	0.000017824859580149587
-4.559999999999947	0.000018600125166719218
-4.549999999999947	0.000019407436817900284
-4.539999999999948	0.000020248042687654308
-4.529999999999948	0.000021123236185931697
-4.519999999999948	0.000022034357465316
-4.509999999999948	0.00002298279498513234
-4.4999999999999485	0.00002396998703312972
-4.489999999999949	0.000024997423455455347
-4.479999999999949	0.00002606664726973483
-4.469999999999949	0.000027179256414240276
-4.459999999999949	0.000028336905538226205
-4.4499999999999496	0.000029541307763166654
-4.43999999999995	0.000030794236668584616
-4.42999999999995	0.00003209752814930133
-4.41999999999995	0.000033453082423544064
-4.40999999999995	0.00003486286607493901
-4.399999999999951	0.00003632891414994598
-4.389999999999951	0.000037853332308731725
-4.379999999999951	0.000039438299050005954
-4.369999999999951	0.000041086067978978084
-4.3599999999999515	0.00004279897014477698
-4.349999999999952	0.00004457941643969514
-4.339999999999952	0.000046429900068477505
-4.329999999999952	0.00004835299906401801
-4.319999999999952	0.00005035137889447853
-4.3099999999999525	0.00005242779512729559
-4.299999999999953	0.00005458509615204598
-4.289999999999953	0.0000568262259929871
-4.279999999999953	0.0000591542271890796
-4.269999999999953	0.00006157224373090528
-4.259999999999954	0.00006408352409639075
-4.249999999999954	0.00006669142435263487
-4.239999999999954	0.00006939941132698887
-4.229999999999954	0.00007221106587134679
-4.2199999999999545	0.00007513008620731235
-4.209999999999955	0.00007816029133950834
-4.199999999999955	0.0000813056245606599
-4.189999999999955	0.0000845701570543729
-4.179999999999955	0.000087958091558721
-4.1699999999999555	0.00009147376613840803
-4.159999999999956	0.00009512165804101847
-4.149999999999956	0.00009890638764168434
-4.139999999999956	0.00010283272247722078
-4.129999999999956	0.0001069055813775451
-4.119999999999957	0.00011113003873622746
-4.109999999999957	0.00011551132875735071
-4.099999999999957	0.00012005484993618319
-4.089999999999957	0.00012476616955881065
-4.079999999999957	0.0001296510283622298
-4.069999999999958	0.0001347153452076359
-4.059999999999958	0.00013996522194742792
-4.049999999999958	0.00014540694835227992
-4.039999999999958	0.0001510470071563976
-4.0299999999999585	0.00015689207921505222
-4.019999999999959	0.0001629490487524551
-4.009999999999959	0.00016922500874833694
-3.9999999999999587	0.0001757272664191123
-3.989999999999959	0.00018246334881056748
-3.979999999999959	0.00018944100851928078
-3.9699999999999593	0.0001966682295363167
-3.9599999999999596	0.00020415323313551696
-3.9499999999999598	0.00021190448402001096
-3.93999999999996	0.00021993069647491915
-3.92999999999996	0.00022824084062622536
-3.9199999999999604	0.00023684414894827773
-3.9099999999999606	0.0002457501227743951
-3.899999999999961	0.0002549685389707047
-3.889999999999961	0.0002645094567420562
-3.8799999999999613	0.00027438322456672877
-3.8699999999999615	0.0002846004872368496
-3.8599999999999617	0.00029517219304390715
-3.849999999999962	0.0003061096010918098
-3.839999999999962	0.00031742428873170365
-3.8299999999999623	0.00032912815912528113
-3.8199999999999625	0.00034123344895563355
-3.8099999999999627	0.0003537527362449442
-3.799999999999963	0.00036669894831526875
-3.789999999999963	0.0003800853698882617
-3.7799999999999634	0.0003939256513040652
-3.7699999999999636	0.00040823381686249635
-3.759999999999964	0.00042302427335916515
-3.749999999999964	0.0004383118186465253
-3.7399999999999642	0.00045411165041897903
-3.7299999999999645	0.0004704393750975359
-3.7199999999999647	0.0004873110168452462
-3.709999999999965	0.0005047430267069215
-3.699999999999965	0.0005227522919030872
-3.6899999999999653	0.0005413561452354113
-3.6799999999999655	0.0005605723746166734
-3.6699999999999657	0.000580419232782522
-3.659999999999966	0.000600915447042477
-3.649999999999966	0.000622080229229011
-3.6399999999999664	0.0006439332857548249
-3.6299999999999666	0.0006664948277957216
-3.619999999999967	0.000689785581581095
-3.609999999999967	0.0007138267988299492
-3.5999999999999672	0.0007386402673052868
-3.5899999999999674	0.000764248321468524
-3.5799999999999677	0.000790673853297186
-3.569999999999968	0.0008179403230863876
-3.559999999999968	0.0008460717706107427
-3.5499999999999683	0.0008750928261467714
-3.5399999999999685	0.0009050287217404824
-3.5299999999999687	0.0009359053025400304
-3.519999999999969	0.0009677490382611423
-3.509999999999969	0.001000587034642327
-3.4999999999999694	0.0010344470452262771
-3.4899999999999696	0.001069357482989121
-3.47999999999997	0.0011053474322046384
-3.46999999999997	0.0011424466603445797
-3.45999999999997	0.0011806856300673862
-3.4499999999999704	0.0012200955113073114
-3.4399999999999706	0.0012607081934073805
-3.429999999999971	0.0013025562973360582
-3.419999999999971	0.0013456731879796088
-3.4099999999999713	0.001390092986471303
-3.3999999999999715	0.0014358505826082765
-3.3899999999999717	0.0014829816472735947
-3.379999999999972	0.0015315226449506378
-3.369999999999972	0.0015815108462377096
-3.3599999999999723	0.001632984340426354
-3.3499999999999726	0.0016859820480920134
-3.3399999999999728	0.00174054373369225
-3.329999999999973	0.0017967100181970244
-3.319999999999973	0.0018545223917527335
-3.3099999999999734	0.001914023226258304
-3.2999999999999736	0.0019752557880289966
-3.289999999999974	0.0020382642504030895
-3.279999999999974	0.002103093706321068
-3.2699999999999743	0.0021697901808827476
-3.2599999999999745	0.0022384006438794413
-3.2499999999999747	0.0023089730222460524
-3.239999999999975	0.002381556212483102
-3.229999999999975	0.0024562000930151797
-3.2199999999999753	0.002532955536451218
-3.2099999999999755	0.002611874421778261
-3.1999999999999758	0.0026930096464735133
-3.189999999999976	0.002776415138472759
-3.179999999999976	0.002862145868067016
-3.1699999999999764	0.00295025785965515
-3.1599999999999766	0.003040808203357016
-3.149999999999977	0.003133855066482235
-3.139999999999977	0.0032294577048587415
-3.1299999999999772	0.0033276764739677547
-3.1199999999999775	0.0034285728399049116
-3.1099999999999777	0.003532209390160008
-3.099999999999978	0.003638649844181896
-3.089999999999978	0.003747959063712733
-3.0799999999999783	0.003860203062919314
-3.0699999999999785	0.003975449018262463
-3.0599999999999787	0.004093765278100092
-3.049999999999979	0.004215221372046999
-3.039999999999979	0.0043398880200300185
-3.0299999999999794	0.00446783714104366
-3.0199999999999796	0.004599141861603068
-3.00999999999998	0.0047338765238707945
-2.99999999999998	0.004872116693421062
-2.9899999999999802	0.005013939166674785
-2.9799999999999804	0.005159421977953378
-2.9699999999999807	0.005308644406126452
-2.959999999999981	0.005461686980883893
-2.949999999999981	0.005618631488583731
-2.9399999999999813	0.005779560977642888
-2.9299999999999815	0.005944559763503951
-2.9199999999999817	0.0061137134331310265
-2.909999999999982	0.00628710884900599
-2.899999999999982	0.006464834152638066
-2.8899999999999824	0.006646978767566919
-2.8799999999999826	0.006833633401819274
-2.869999999999983	0.007024890049762092
-2.859999999999983	0.007220841993536692
-2.849999999999983	0.00742158380374634
-2.8399999999999834	0.007627211339619369
-2.8299999999999836	0.007837821748557487
-2.819999999999984	0.008053513465018059
-2.809999999999984	0.008274386208749217
-2.7999999999999843	0.00850054098237452
-2.7899999999999845	0.008732080068258838
-2.7799999999999847	0.008969107024668526
-2.769999999999985	0.00921172668122995
-2.759999999999985	0.009460045133640783
-2.7499999999999853	0.009714169737520094
-2.7399999999999856	0.009974209101694357
-2.7299999999999858	0.010240273080477019
-2.719999999999986	0.010512472765222162
-2.709999999999986	0.010790920475044478
-2.6999999999999864	0.011075729746684302
-2.6899999999999866	0.01136701532348225
-2.679999999999987	0.0116648931435019
-2.669999999999987	0.011969480326736084
-2.6599999999999873	0.01228089516137432
-2.6499999999999875	0.012599257089161571
-2.6399999999999877	0.012924686689797746
-2.629999999999988	0.01325730566434211
-2.619999999999988	0.013597236817658426
-2.6099999999999883	0.013944604039853445
-2.5999999999999885	0.014299532286674046
-2.5899999999999888	0.014662147558895713
-2.579999999999989	0.015032576880653334
-2.569999999999989	0.015410948276690123
-2.5599999999999894	0.015797390748542934
-2.5499999999999896	0.016192034249640816
-2.53999999999999	0.016595009659265716
-2.52999999999999	0.01700644875540716
-2.5199999999999902	0.01742648418649787
-2.5099999999999905	0.017855249441968646
-2.4999999999999907	0.01829287882165226
-2.489999999999991	0.01873950740403586
-2.479999999999991	0.01919527101329882
-2.4699999999999913	0.01966030618516067
-2.4599999999999915	0.020134750131541472
-2.4499999999999917	0.020618740703991854
-2.439999999999992	0.021112416355882686
-2.429999999999992	0.02161591610339868
-2.4199999999999924	0.022129379485259712
-2.4099999999999926	0.022652946521187482
-2.399999999999993	0.023186757669147313
-2.389999999999993	0.02373095378130464
-2.3799999999999932	0.024285676058699687
-2.3699999999999934	0.02485106600469022
-2.3599999999999937	0.025427265377085
-2.349999999999994	0.026014416138999755
-2.339999999999994	0.02661266040844778
-2.3299999999999943	0.027222140406642555
-2.3199999999999945	0.027842998404992568
-2.3099999999999947	0.02847537667084319
-2.299999999999995	0.029119417411939394
-2.289999999999995	0.02977526271952874
-2.2799999999999954	0.030443054510325005
-2.2699999999999956	0.03112293446708696
-2.259999999999996	0.03181504397795281
-2.249999999999996	0.032519524074524256
-2.239999999999996	0.0332365153687051
-2.2299999999999964	0.03396615798825332
-2.2199999999999966	0.03470859151111559
-2.209999999999997	0.03546395489854654
-2.199999999999997	0.03623238642697467
-2.1899999999999973	0.037014023618674965
-2.1799999999999975	0.037809003171267376
-2.1699999999999977	0.03861746088600063
-2.159999999999998	0.03943953159488479
-2.149999999999998	0.04027534908669344
-2.1399999999999983	0.04112504603181804
-2.1299999999999986	0.04198875390596931
-2.1199999999999988	0.04286660291290134
-2.109999999999999	0.043758721905950024
-2.099999999999999	0.044665238308561485
-2.0899999999999994	0.04558627803382234
-2.0799999999999996	0.046521965402963585
-2.07	0.04747242306287932
-2.06	0.04843777190273993
-2.0500000000000003	0.049418130969652446
-2.0400000000000005	0.050413617383440024
-2.0300000000000007	0.05142434625057798
-2.020000000000001	0.052450430577301387
-2.010000000000001	0.053491981181895146
-2.0000000000000013	0.054549106606266995
-1.9900000000000015	0.055621913026787824
-1.9800000000000015	0.05671050416442308
-1.9700000000000015	0.05781498119425401
-1.9600000000000015	0.05893544265439456
-1.9500000000000015	0.06007198435430898
-1.9400000000000015	0.06122469928263979
-1.9300000000000015	0.062393677514565975
-1.9200000000000015	0.06357900611869013
-1.9100000000000015	0.0647807690635678
-1.9000000000000015	0.06599904712390553
-1.8900000000000015	0.06723391778643778
-1.8800000000000014	0.06848545515557368
-1.8700000000000014	0.06975372985888235
-1.8600000000000014	0.07103880895238757
-1.8500000000000014	0.07234075582580186
-1.8400000000000014	0.07365963010775146
-1.8300000000000014	0.07499548757098111
-1.8200000000000014	0.07634838003765085
-1.8100000000000014	0.07771835528482186
-1.8000000000000014	0.07910545694999288
-1.7900000000000014	0.08050972443710147
-1.7800000000000014	0.081931192822667
-1.7700000000000014	0.08336989276237448
-1.7600000000000013	0.08482585039807447
-1.7500000000000013	0.08629908726532076
-1.7400000000000013	0.08778962020144096
-1.7300000000000013	0.08929746125422058
-1.7200000000000013	0.090822617591324
-1.7100000000000013	0.09236509141045632
-1.7000000000000013	0.0939248798503118
-1.6900000000000013	0.09550197490248132
-1.6800000000000013	0.09709636332428914
-1.6700000000000013	0.09870802655265905
-1.6600000000000013	0.10033694061900977
-1.6500000000000012	0.10198307606553147
-1.6400000000000012	0.10364639786244023
-1.6300000000000012	0.10532686532670817
-1.6200000000000012	0.10702443204211866
-1.6100000000000012	0.10873904578076266
-1.6000000000000012	0.1104706484260847
-1.5900000000000012	0.11221917589752081
-1.5800000000000012	0.11398455807675653
-1.5700000000000012	0.11576671873576343
-1.5600000000000012	0.11756557546668156
-1.5500000000000012	0.11938103961344856
-1.5400000000000011	0.12121301620553256
-1.5300000000000011	0.1230614038935746
-1.5200000000000011	0.12492609488721106
-1.5100000000000011	0.12680697489497883
-1.500000000000001	0.12870392306649908
-1.490000000000001	0.13061681193701394
-1.480000000000001	0.13254550737414983
-1.470000000000001	0.1344898685273363
-1.460000000000001	0.13644974777953375
-1.450000000000001	0.13842499070163397
-1.440000000000001	0.1404154360095662
-1.430000000000001	0.14242091552403333
-1.420000000000001	0.14444125413301234
-1.410000000000001	0.146476269757175
-1.400000000000001	0.14852577331818706
-1.390000000000001	0.15058956870992155
-1.380000000000001	0.15266745277289218
-1.370000000000001	0.15475921527154424
-1.360000000000001	0.15686463887479354
-1.350000000000001	0.15898349913974874
-1.340000000000001	0.16111556449891154
-1.330000000000001	0.1632605962504598
-1.320000000000001	0.16541834855187626
-1.310000000000001	0.16758856841721387
-1.300000000000001	0.16977099571759602
-1.290000000000001	0.17196536318583552
-1.280000000000001	0.17417139642362042
-1.270000000000001	0.17638881391330055
-1.260000000000001	0.1786173270320519
-1.2500000000000009	0.18085664007274313
-1.2400000000000009	0.18310645026377423
-1.2300000000000009	0.18536644779718603
-1.2200000000000009	0.18763631585801963
-1.2100000000000009	0.1899157306585903
-1.2000000000000008	0.19220436147614534
-1.1900000000000008	0.1945018706947205
-1.1800000000000008	0.19680791385081406
-1.1700000000000008	0.19912213968304637
-1.1600000000000008	0.20144419018587328
-1.1500000000000008	0.20377370066722147
-1.1400000000000008	0.20611029981015574
-1.1300000000000008	0.20845360973866914
-1.1200000000000008	0.21080324608744588
-1.1100000000000008	0.2131588180756672
-1.1000000000000008	0.2155199285849843
-1.0900000000000007	0.2178861742414878
-1.0800000000000007	0.22025714550169964
-1.0700000000000007	0.22263242674273576
-1.0600000000000007	0.2250115963565233
-1.0500000000000007	0.2273942268479529
-1.0400000000000007	0.22977988493723014
-1.0300000000000007	0.23216813166623734
-1.0200000000000007	0.23455852250869724
-1.0100000000000007	0.23695060748470254
-1.0000000000000007	0.2393439312789179
-0.9900000000000007	0.24173803336281127
-0.9800000000000006	0.24413244812089627
-0.9700000000000006	0.24652670498075527
-0.9600000000000006	0.24892032854694057
-0.9500000000000006	0.2513128387387572
-0.9400000000000006	0.2537037509317498
-0.9300000000000006	0.2560925761029126
-0.9200000000000006	0.25847882097966934
-0.9100000000000006	0.26086198819241696
-0.9000000000000006	0.2632415764306413
-0.8900000000000006	0.26561708060263933
-0.8800000000000006	0.26798799199865375
-0.8700000000000006	0.270353798457381
-0.8600000000000005	0.27271398453574713
-0.8500000000000005	0.27506803168282024
-0.8400000000000005	0.2774154184148405
-0.8300000000000005	0.2797556204956315
-0.8200000000000005	0.2820881111191722
-0.8100000000000005	0.2844123610948339
-0.8000000000000005	0.28672783903581556
-0.7900000000000005	0.2890340115504691
-0.7800000000000005	0.29133034343613956
-0.7700000000000005	0.29361629787574506
-0.7600000000000005	0.2958913366369785
-0.7500000000000004	0.29815492027364143
-0.7400000000000004	0.3004065083296202
-0.7300000000000004	0.3026455595451014
-0.7200000000000004	0.3048715320645954
-0.7100000000000004	0.30708388364743217
-0.7000000000000004	0.309282071879722
-0.6900000000000004	0.3114655543885974
-0.6800000000000004	0.31363378905765577
-0.6700000000000004	0.3157862342445511
-0.6600000000000004	0.3179223489994657
-0.6500000000000004	0.3200415932853246
-0.6400000000000003	0.32214342819914854
-0.6300000000000003	0.3242273161944511
-0.6200000000000003	0.3262927213046258
-0.6100000000000003	0.32833910936722277
-0.6000000000000003	0.3303659482489756
-0.5900000000000003	0.3323727080713779
-0.5800000000000003	0.33435886143650695
-0.5700000000000003	0.33632388365421845
-0.5600000000000003	0.33826725296762183
-0.5500000000000003	0.3401884507804548
-0.5400000000000003	0.34208696188357796
-0.5300000000000002	0.3439622746812934
-0.5200000000000002	0.34581388141747804
-0.5100000000000002	0.3476412784011426
-0.5000000000000002	0.34944396623142443
-0.49000000000000027	0.35122145002183497
-0.48000000000000026	0.35297323962359234
-0.47000000000000025	0.3546988498479323
-0.46000000000000024	0.3563978006872666
-0.45000000000000023	0.35806961753504835
-0.4400000000000002	0.35971383140414276
-0.4300000000000002	0.3613299791436578
-0.4200000000000002	0.3629176036540571
-0.4100000000000002	0.36447625410038104
-0.4000000000000002	0.36600548612348427
-0.3900000000000002	0.36750486204916655
-0.38000000000000017	0.36897395109497466
-0.37000000000000016	0.3704123295746491
-0.36000000000000015	0.3718195811000198
-0.35000000000000014	0.3731952967802097
-0.34000000000000014	0.3745390754180325
-0.3300000000000001	0.37585052370349564
-0.3200000000000001	0.3771292564041832
-0.3100000000000001	0.3783748965524563
-0.3000000000000001	0.37958707562936805
-0.2900000000000001	0.3807654337450962
-0.2800000000000001	0.3819096198158055
-0.2700000000000001	0.3830192917368557
-0.26000000000000006	0.38409411655217335
-0.25000000000000006	0.3851337706196929
-0.24000000000000007	0.3861379397727914
-0.23000000000000007	0.38710631947754753
-0.22000000000000006	0.38803861498573017
-0.21000000000000005	0.38893454148345674
-0.20000000000000004	0.38979382423535663
-0.19000000000000003	0.3906161987241446
-0.18000000000000002	0.3914014107855603
-0.17	0.39214921673852915
-0.16	0.3928593835104269
-0.15	0.39353168875744454
-0.13999999999999999	0.3941659209798992
-0.12999999999999998	0.3947618796324017
-0.11999999999999998	0.3953193752287213
-0.10999999999999999	0.39583822944204794
-0.09999999999999999	0.39631827519852714
-0.09	0.3967593567667492
-0.08	0.39716132984109315
-0.07	0.3975240616196178
-0.060000000000000005	0.39784743087637653
-0.05	0.3981313280280878
-0.04	0.398375655195056
-0.03	0.3985803262563551
-0.02	0.3987452668992347
-0.01	0.39887041466264883
0	0.3989557189749262
0.01	0.39900114118555424
0.02	0.3990066545910088
0.03	0.39897224445462837
0.04	0.3988979080205476
0.05	0.3987836545216098
0.060000000000000005	0.3986295051812908
0.07	0.3984354932096415
0.08	0.398201663793205
0.09	0.3979280740789215
0.09999999999999999	0.3976147931520759
0.10999999999999999	0.3972619020082352
0.11999999999999998	0.3968694935192056
0.12999999999999998	0.3964376723930716
0.13999999999999999	0.3959665551282943
0.15	0.3954562699618921
0.16	0.3949069568119132
0.17	0.39431876721342685
0.18000000000000002	0.39369186424998387
0.19000000000000003	0.3930264224780771
0.20000000000000004	0.3923226278465424
0.21000000000000005	0.39158067761015497
0.22000000000000006	0.39080078023766174
0.23000000000000007	0.3899831553142899
0.24000000000000007	0.3891280334387528
0.25000000000000006	0.3882356561148852
0.26000000000000006	0.38730627563794906
0.2700000000000001	0.3863401549756711
0.2800000000000001	0.38533756764410815
0.2900000000000001	0.384298797578442
0.3000000000000001	0.3832241389987327
0.3100000000000001	0.3821138962707719
0.3200000000000001	0.38096838376211695
0.3300000000000001	0.37978792569337844
0.34000000000000014	0.37857285598487367
0.35000000000000014	0.37732351809878195
0.36000000000000015	0.3760402648768326
0.37000000000000016	0.3747234583736925
0.38000000000000017	0.3733734696861614
0.3900000000000002	0.37199067877825315
0.4000000000000002	0.37057547430229254
0.4100000000000002	0.3691282534161815
0.4200000000000002	0.3676494215969036
0.4300000000000002	0.36613939245040666
0.4400000000000002	0.36459858751801844
0.45000000000000023	0.3630274360794872
0.46000000000000024	0.36142637495276886
0.47000000000000025	0.35979584829074435
0.48000000000000026	0.3581363073749537
0.49000000000000027	0.35644821040647634
0.5000000000000002	0.35473202229414047
0.5100000000000002	0.35298821444016676
0.5200000000000002	0.3512172645233686
0.5300000000000002	0.34941965628008886
0.5400000000000003	0.34759587928300506
0.5500000000000003	0.34574642871790423
0.5600000000000003	0.34387180515863125
0.5700000000000003	0.3419725143403185
0.5800000000000003	0.3400490669310434
0.5900000000000003	0.3381019783020622
0.6000000000000003	0.3361317682967863
0.6100000000000003	0.33413896099873175
0.6200000000000003	0.3321240844978418
0.6300000000000003	0.33008767065729294
0.6400000000000003	0.3280302548782714
0.6500000000000004	0.32595237586486486
0.6600000000000004	0.3238545753884436
0.6700000000000004	0.32173739805174884
0.6800000000000004	0.3196013910528796
0.6900000000000004	0.3174471039493244
0.7000000000000004	0.31527508842214347
0.7100000000000004	0.31308589804046383
0.7200000000000004	0.31088008802645134
0.7300000000000004	0.30865821502085833
0.7400000000000004	0.30642083684929566
0.7500000000000004	0.304168512289403
0.7600000000000005	0.30190180083899926
0.7700000000000005	0.2996212624853769
0.7800000000000005	0.29732745747587425
0.7900000000000005	0.2950209460898537
0.8000000000000005	0.29270228841218704
0.8100000000000005	0.2903720441084351
0.8200000000000005	0.2880307722017836
0.8300000000000005	0.2856790308518938
0.8400000000000005	0.2833173771357812
0.8500000000000005	0.280946366830848
0.8600000000000005	0.2785665542001528
0.8700000000000006	0.27617849178008086
0.8800000000000006	0.27378273017049337
0.8900000000000006	0.2713798178274664
0.9000000000000006	0.26897030085872997
0.9100000000000006	0.2665547228219335
0.9200000000000006	0.2641336245257823
0.9300000000000006	0.2617075438341993
0.9400000000000006	0.25927701547358845
0.9500000000000006	0.2568425708432689
0.9600000000000006	0.2544047378291957
0.9700000000000006	0.25196404062106015
0.9800000000000006	0.24952099953281393
0.9900000000000007	0.24707613082672608
1.0000000000000007	0.24462994654106146
1.0100000000000007	0.24218295432141293
1.0200000000000007	0.2397356572557797
1.0300000000000007	0.2372885537134855
1.0400000000000007	0.23484213718794789
1.0500000000000007	0.2323968961433829
1.0600000000000007	0.22995331386552917
1.0700000000000007	0.22751186831639547
1.0800000000000007	0.2250730319931109
1.0900000000000007	0.22263727179092252
1.1000000000000008	0.22020504887038703
1.1100000000000008	0.21777681852876754
1.1200000000000008	0.21535303007571938
1.1300000000000008	0.2129341267132631
1.1400000000000008	0.2105205454200797
1.1500000000000008	0.20811271684016025
1.1600000000000008	0.20571106517585155
1.1700000000000008	0.2033160080852596
1.1800000000000008	0.20092795658410456
1.1900000000000008	0.19854731495198275
1.2000000000000008	0.1961744806430652
1.2100000000000009	0.19380984420123545
1.2200000000000009	0.1914537891796941
1.2300000000000009	0.1891066920649789
1.2400000000000009	0.18676892220544594
1.2500000000000009	0.18444084174419326
1.260000000000001	0.1821228055563929
1.270000000000001	0.17981516119105273
1.280000000000001	0.1775182488171783
1.290000000000001	0.17523240117431205
1.300000000000001	0.17295794352742813
1.310000000000001	0.17069519362618482
1.320000000000001	0.16844446166846605
1.330000000000001	0.16620605026820368
1.340000000000001	0.16398025442747177
1.350000000000001	0.16176736151276902
1.360000000000001	0.1595676512354873
1.370000000000001	0.1573813956365225
1.380000000000001	0.15520885907497192
1.390000000000001	0.15305029822088012
1.400000000000001	0.15090596205199075
1.410000000000001	0.14877609185445784
1.420000000000001	0.14666092122743601
1.430000000000001	0.1445606760915463
1.440000000000001	0.14247557470112016
1.450000000000001	0.1404058276601726
1.460000000000001	0.13835163794205566
1.470000000000001	0.13631320091274096
1.480000000000001	0.13429070435761506
1.490000000000001	0.13228432851180005
1.500000000000001	0.13029424609386803
1.5100000000000011	0.12832062234291725
1.5200000000000011	0.12636361505892021
1.5300000000000011	0.1244233746463018
1.5400000000000011	0.12250004416063116
1.5500000000000012	0.12059375935839534
1.5600000000000012	0.11870464874976368
1.5700000000000012	0.11683283365425609
1.5800000000000012	0.11497842825926022
1.5900000000000012	0.11314153968130877
1.6000000000000012	0.11132226803003799
1.6100000000000012	0.10952070647474323
1.6200000000000012	0.10773694131347757
1.6300000000000012	0.10597105204457474
1.6400000000000012	0.1042231114405377
1.6500000000000012	0.10249318562422446
1.6600000000000013	0.10078133414721471
1.6700000000000013	0.09908761007030187
1.6800000000000013	0.09741206004602793
1.6900000000000013	0.09575472440315637
1.7000000000000013	0.09411563723302381
1.7100000000000013	0.09249482647767968
1.7200000000000013	0.09089231401973318
1.7300000000000013	0.08930811577380673
1.7400000000000013	0.0877422417795321
1.7500000000000013	0.08619469629609294
1.7600000000000013	0.08466547789793873
1.7700000000000014	0.0831545795719988
1.7800000000000014	0.08166198881602103
1.7900000000000014	0.08018768773803461
1.8000000000000014	0.07873165315689576
1.8100000000000014	0.07729385670379284
1.8200000000000014	0.07587426492463913
1.8300000000000014	0.07447283938330043
1.8400000000000014	0.07308953676554553
1.8500000000000014	0.07172430898366573
1.8600000000000014	0.07037710328168013
1.8700000000000014	0.06904786234103717
1.8800000000000014	0.06773652438684051
1.8900000000000015	0.06644302329425583
1.9000000000000015	0.0651672886954037
1.9100000000000015	0.06390924608637341
1.9200000000000015	0.06266881693441102
1.9300000000000015	0.06144591878519076
1.9400000000000015	0.06024046537010843
1.9500000000000015	0.05905236671351104
1.9600000000000015	0.05788152923983083
1.9700000000000015	0.056727855880530746
1.9800000000000015	0.055591246180799754
1.9900000000000015	0.05447159640597558
2.0000000000000013	0.05336879964757493
2.010000000000001	0.05228274592892143
2.020000000000001	0.051213322310294344
2.0300000000000007	0.050160412993551
2.0400000000000005	0.04912389942614419
2.0500000000000003	0.048103660404528285
2.06	0.04709957217685911
2.07	0.046111508544955576
2.0799999999999996	0.045139340965482916
2.0899999999999994	0.04418293865029493
2.099999999999999	0.04324216866590216
2.109999999999999	0.042316896032015675
2.1199999999999988	0.04140698381912881
2.1299999999999986	0.04051229324509301
2.1399999999999983	0.039632683770645494
2.149999999999998	0.03876801319389089
2.159999999999998	0.03791813774359253
2.1699999999999977	0.03708291217138937
2.1799999999999975	0.03626218984279244
2.1899999999999973	0.035455822826969435
2.199999999999997	0.03466366198528792
2.209999999999997	0.033885557058591066
2.2199999999999966	0.03312135675316487
2.2299999999999964	0.03237090882538765
2.239999999999996	0.03163406016502784
2.249999999999996	0.03091065687717594
2.259999999999996	0.030200544362776093
2.2699999999999956	0.029503567397761256
2.2799999999999954	0.028819570210738957
2.289999999999995	0.028148396559278137
2.299999999999995	0.027489889804659905
2.3099999999999947	0.026843892985226644
2.3199999999999945	0.02621024888820682
2.3299999999999943	0.025588800120061986
2.339999999999994	0.024979389175311017
2.349999999999994	0.024381858503851096
2.3599999999999937	0.02379605057675197
2.3699999999999934	0.02322180795052499
2.3799999999999932	0.02265897332985395
2.389999999999993	0.02210738962880355
2.399999999999993	0.021566900030472482
2.4099999999999926	0.02103734804512103
2.4199999999999924	0.020518577566753418
2.429999999999992	0.020010432928165667
2.439999999999992	0.01951275895445539
2.4499999999999917	0.019025401015001577
2.4599999999999915	0.018548205073916274
2.4699999999999913	0.01808101773897266
2.479999999999991	0.017623686309017703
2.489999999999991	0.017176058819879107
2.4999999999999907	0.016737984088768358
2.5099999999999905	0.016309311757187202
2.5199999999999902	0.01588989233236755
2.52999999999999	0.01547957722722603
2.53999999999999	0.015078218798859724
2.5499999999999896	0.01468567038561256
2.5599999999999894	0.014301786342684435
2.569999999999989	0.013926422076329053
2.579999999999989	0.01355943407665645
2.5899999999999888	0.013200679949029221
2.5999999999999885	0.012850018444089343
2.6099999999999883	0.012507309486435044
2.619999999999988	0.01217241420194048
2.629999999999988	0.011845194943760393
2.6399999999999877	0.011525515317032409
2.6499999999999875	0.011213240202279418
2.6599999999999873	0.010908235777529396
2.669999999999987	0.010610369539297702
2.679999999999987	0.010319510322108951
2.6899999999999866	0.010035528317035549
2.6999999999999864	0.009758295088943025
2.709999999999986	0.00948768359257652
2.719999999999986	0.009223568187481447
2.7299999999999858	0.008965824651911798
2.7399999999999856	0.00871433019541241
2.7499999999999853	0.008468963470535067
2.759999999999985	0.008229604583382975
2.769999999999985	0.007996135103148306
2.7799999999999847	0.007768438070618377
2.7899999999999845	0.007546398005697039
2.7999999999999843	0.007329900913956938
2.809999999999984	0.007118834292234624
2.819999999999984	0.006913087133302871
2.8299999999999836	0.006712549929647837
2.8399999999999834	0.006517114676349101
2.849999999999983	0.006326674873118297
2.859999999999983	0.0061411255254931515
2.869999999999983	0.0059603631452227876
2.8799999999999826	0.005784285749861234
2.8899999999999824	0.005612792861601051
2.899999999999982	0.005445785505348867
2.909999999999982	0.00528316620609497
2.9199999999999817	0.005124838985571899
2.9299999999999815	0.004970709358241803
2.9399999999999813	0.0048206843266251015
2.949999999999981	0.004674672375998164
2.959999999999981	0.004532583468478004
2.9699999999999807	0.004394329036517014
2.9799999999999804	0.004259821975829531
2.9899999999999802	0.00412897663777053
2.99999999999998	0.004001708821187927
3.00999999999998	0.0038779357637644817
3.0199999999999796	0.0037575761328858064
3.0299999999999794	0.0036405500160274396
3.039999999999979	0.0035267789107079474
3.049999999999979	0.0034161857140104306
3.0599999999999787	0.003308694711701156
3.0699999999999785	0.00320423156695467
3.0799999999999783	0.00310272330872183
3.089999999999978	0.003004098319731553
3.099999999999978	0.0029082863241746784
3.1099999999999777	0.0028152183750653117
3.1199999999999775	0.0027248268413106774
3.1299999999999772	0.002637045394496659
3.139999999999977	0.002551808995415984
3.149999999999977	0.002469053880342991
3.1599999999999766	0.00238871754708885
3.1699999999999764	0.002310738740834214
3.179999999999976	0.0022350574397673123
3.189999999999976	0.002161614840536502
3.1999999999999758	0.002090353343545446
3.2099999999999755	0.0020212165380697603
3.2199999999999753	0.0019541491872628286
3.229999999999975	0.0018890972130167546
3.239999999999975	0.0018260076807197878
3.2499999999999747	0.0017648287839087708
3.2599999999999745	0.0017055098288397672
3.2699999999999743	0.0016480012189861875
3.279999999999974	0.0015922544394702924
3.289999999999974	0.0015382220414244007
3.2999999999999736	0.00148585762637839
3.3099999999999734	0.0014351158305404817
3.319999999999973	0.0013859523091091764
3.329999999999973	0.0013383237205641047
3.3399999999999728	0.0012921877109582053
3.3499999999999726	0.0012475028982373512
3.3599999999999723	0.0012042288565397444
3.369999999999972	0.0011623261006016485
3.379999999999972	0.00112175607012967
3.3899999999999717	0.0010824811142602787
3.3999999999999715	0.001044464476063047
3.4099999999999713	0.0010076702771144497
3.419999999999971	0.0009720635021417117
3.429999999999971	0.0009376099837381405
3.4399999999999706	0.0009042763871761455
3.4499999999999704	0.0008720301952818497
3.45999999999997	0.0008408396935238802
3.46999999999997	0.0008106739549769297
3.47999999999997	0.0007815028256271788
3.4899999999999696	0.0007532969096764058
3.4999999999999694	0.0007260275549886519
3.509999999999969	0.0006996668386436253
3.519999999999969	0.0006741875527336251
3.5299999999999687	0.0006495631900552501
3.5399999999999685	0.0006257679301890395
3.5499999999999683	0.0006027766255888564
3.559999999999968	0.0005805647878487398
3.569999999999968	0.0005591085741169703
3.5799999999999677	0.0005383847736671763
3.5899999999999674	0.0005183707946124236
3.5999999999999672	0.0004990446508032083
3.609999999999967	0.0004803849488290769
3.619999999999967	0.00046237087527653477
3.6299999999999666	0.0004449821840642132
3.6399999999999664	0.0004281991839886756
3.649999999999966	0.0004120027264247938
3.659999999999966	0.00039637419321674144
3.6699999999999657	0.0003812954846832088
3.6799999999999655	0.00036674900789322804
3.6899999999999653	0.00035271766502249693
3.699999999999965	0.00033918484192989773
3.709999999999965	0.00032613439689978474
3.7199999999999647	0.00031355064956082814
3.7299999999999645	0.0003014183699794057
3.7399999999999642	0.00028972276793197204
3.749999999999964	0.0002784494823489765
3.759999999999964	0.0002675845709408214
3.7699999999999636	0.0002571144999959258
3.7799999999999634	0.0002470261343569977
3.789999999999963	0.0002373067275700898
3.799999999999963	0.00022794391221205555
3.8099999999999627	0.00021892569038885199
3.8199999999999625	0.00021024042441032746
3.8299999999999623	0.00020187682763599837
3.839999999999962	0.0001938239554925527
3.849999999999962	0.00018607119666385084
3.8599999999999617	0.00017860826444836647
3.8699999999999615	0.0001714251882867478
3.8799999999999613	0.00016451230544458657
3.889999999999961	0.0001578602529190105
3.899999999999961	0.0001514599593812056
3.9099999999999606	0.00014530263745878442
3.9199999999999604	0.0001393797760041084
3.92999999999996	0.0001336831326555371
3.93999999999996	0.00012820472645811722
3.9499999999999598	0.0001229368307484078
3.9599999999999596	0.00011787196609572627
3.9699999999999593	0.00011300289341410393
3.979999999999959	0.00010832260729801451
3.989999999999959	0.00010382432941841191
3.9999999999999587	0.00009950150211158425
4.009999999999959	0.00009534778210594314
4.019999999999959	0.00009135703438756503
4.0299999999999585	0.00008752332621721066
4.039999999999958	0.0000838409212742664
4.049999999999958	0.00008030427394856271
4.059999999999958	0.00007690802376053188
4.069999999999958	0.00007364698992340808
4.079999999999957	0.00007051616602420305
4.089999999999957	0.00006751071484377965
4.099999999999957	0.00006462596330701028
4.109999999999957	0.00006185739754504705
4.119999999999957	0.00005920065808898775
4.129999999999956	0.00005665153518800348
4.139999999999956	0.00005420596423718936
4.149999999999956	0.00005186002132674508
4.159999999999956	0.000049609918909180646
4.1699999999999555	0.00004745200156933691
4.179999999999955	0.00004538274191305989
4.189999999999955	0.00004339873656592806
4.199999999999955	0.000041496702267809074
4.209999999999955	0.00003967347207682521
4.2199999999999545	0.00003792599168220112
4.229999999999954	0.00003625131580598219
4.239999999999954	0.000034646604708686506
4.249999999999954	0.000033109120782419986
4.259999999999954	0.00003163622527616575
4.269999999999953	0.00003022537502607312
4.279999999999953	0.00002887411939951931
4.289999999999953	0.00002758009719776666
4.299999999999953	0.000026341033742242125
4.3099999999999525	0.000025154737999144123
4.319999999999952	0.0000240190997987628
4.329999999999952	0.000022932087128649375
4.339999999999952	0.000021891743516181434
4.349999999999952	0.000020896185474954095
4.3599999999999515	0.000019943600036860902
4.369999999999951	0.00001903224234986039
4.379999999999951	0.000018160433353892507
4.389999999999951	0.00001732655752126498
4.399999999999951	0.00001652906066438609
4.40999999999995	0.0000157664478199992
4.41999999999995	0.00001503728118317819
4.42999999999995	0.000014340178114122587
4.43999999999995	0.00001367380920715096
4.4499999999999496	0.000013036896413491406
4.459999999999949	0.000012428211226194847
4.469999999999949	0.000011846572924162122
4.479999999999949	0.000011290846866269312
4.489999999999949	0.000010759942843882152
4.4999999999999485	0.000010252813483233093
4.509999999999948	9.768452701231084e-6
4.519999999999948	9.30589420828614e-6
4.529999999999948	8.864210063948778e-6
4.539999999999948	8.442509272938909e-6
4.549999999999947	8.039936433191859e-6
4.559999999999947	7.65567042501856e-6
4.569999999999947	7.288923146797525e-6
4.579999999999947	6.938938286803654e-6
4.589999999999947	6.6049901426419674e-6
4.599999999999946	6.286382475448229e-6
4.609999999999946	5.982447405272916e-6
4.619999999999946	5.692544342009411e-6
4.629999999999946	5.416058968972237e-6
4.6399999999999455	5.152402192576583e-6
4.649999999999945	4.901009258081706e-6
4.659999999999945	4.661338780942919e-6
4.669999999999945	4.432871815802089e-6
4.679999999999945	4.215111061426268e-6
4.689999999999944	4.007579978797308e-6
4.699999999999944	3.8098219967683276e-6
4.709999999999944	3.6213997320945226e-6
4.719999999999944	3.441894244974646e-6
4.729999999999944	3.270904310378198e-6
4.739999999999943	3.1080457238496144e-6
4.749999999999943	2.9529506270583878e-6
4.759999999999943	2.805266862695339e-6
4.769999999999943	2.664657345673642e-6
4.7799999999999425	2.53079946384385e-6
4.789999999999942	2.4033845052334268e-6
4.799999999999942	2.2821170807230594e-6
4.809999999999942	2.1667146104157934e-6
4.819999999999942	2.056906783435281e-6
4.8299999999999415	1.9524350889662426e-6
4.839999999999941	1.8530522663277318e-6
4.849999999999941	1.7585219580894696e-6
4.859999999999941	1.668618133697911e-6
4.869999999999941	1.583124785621732e-6
4.87999999999994	1.5018354201273564e-6
4.88999999999994	1.4245527301401314e-6
4.89999999999994	1.351088156212929e-6
4.90999999999994	1.2812615713850815e-6
4.9199999999999395	1.2149008994650196e-6
4.929999999999939	1.1518417823749932e-6
4.939999999999939	1.0919272602363578e-6
4.949999999999939	1.0350074535751674e-6
4.959999999999939	9.809392627000333e-7
4.9699999999999385	9.29586082606338e-7
4.979999999999938	8.808175224684867e-7
4.989999999999938	8.345091416344234e-7
4.999999999999938	7.905421751321629e-7
5.009999999999938	7.48803369369173e-7
5.019999999999937	7.091846148436044e-7
5.029999999999937	6.715828023459467e-7
5.039999999999937	6.358996268006653e-7
5.049999999999937	6.020413053845749e-7
5.0599999999999365	5.699184396956166e-7
5.069999999999936	5.394457965165776e-7
5.079999999999936	5.105421291219633e-7
5.089999999999936	4.83130001639656e-7
5.099999999999936	4.571356200810874e-7
5.1099999999999355	4.3248867003769447e-7
5.119999999999935	4.0912216195931315e-7
5.129999999999935	3.869722821328855e-7
5.139999999999935	3.6597825053315653e-7
5.149999999999935	3.460821840635688e-7
5.159999999999934	3.272289658430079e-7
5.169999999999934	3.0936612051493206e-7
5.179999999999934	2.924436927368267e-7
5.189999999999934	2.764141338683e-7
5.199999999999934	2.612322118381385e-7
5.209999999999933	2.468548465609273e-7
5.219999999999933	2.3324104852703688e-7
5.229999999999933	2.203518612204346e-7
5.239999999999933	2.0815021108767801e-7
5.2499999999999325	1.966008381546423e-7
5.259999999999932	1.856702008502088e-7
5.269999999999932	1.7532642057033228e-7
5.279999999999932	1.6553920917522102e-7
5.289999999999932	1.5627974543244901e-7
5.299999999999931	1.475206582357337e-7
5.309999999999931	1.392359111276785e-7
5.319999999999931	1.3140082092334242e-7
5.329999999999931	1.2399180830008718e-7
5.339999999999931	1.1698660572302645e-7
5.34999999999993	1.1036401166766281e-7
5.35999999999993	1.0410390141417139e-7
5.36999999999993	9.818714284041995e-8