-5.6699999999999235	9.772439761887554e-8
-5.659999999999924	1.029307171714753e-7
-5.649999999999924	1.0840538811051873e-7
-5.639999999999924	1.1416176505156974e-7
-5.629999999999924	1.2021379861383702e-7
-5.619999999999925	1.2657608679441487e-7
-5.609999999999925	1.3326398474642562e-7
-5.599999999999925	1.4029356755893742e-7
-5.589999999999925	1.4768164074285544e-7
-5.5799999999999255	1.5544579997289284e-7
-5.569999999999926	1.636044857265736e-7
-5.559999999999926	1.721770224459164e-7
-5.549999999999926	1.8118365355708113e-7
-5.539999999999926	1.9064544079159443e-7
-5.5299999999999265	2.0058457175068102e-7
-5.519999999999927	2.110242175840005e-7
-5.509999999999927	2.2198866162748466e-7
-5.499999999999927	2.3350326847727688e-7
-5.489999999999927	2.4559458971335345e-7
-5.479999999999928	2.5829040557777034e-7
-5.469999999999928	2.716197902265563e-7
-5.459999999999928	2.8561310858615487e-7
-5.449999999999928	3.003021407042775e-7
-5.4399999999999284	3.1572020990686173e-7
-5.429999999999929	3.3190204422672923e-7
-5.419999999999929	3.4888399692105815e-7
-5.409999999999929	3.6670407509686053e-7
-5.399999999999929	3.854020118129442e-7
-5.3899999999999295	4.050193392774483e-7
-5.37999999999993	4.2559946671747356e-7
-5.36999999999993	4.471877601192815e-7
-5.35999999999993	4.698316271365029e-7
-5.34999999999993	4.935806027960287e-7
-5.339999999999931	5.184864407220854e-7
-5.329999999999931	5.446032073477072e-7
-5.319999999999931	5.719873792230759e-7
-5.309999999999931	6.006979454384733e-7
-5.299999999999931	6.307965121809177e-7
-5.289999999999932	6.623474143976986e-7
-5.279999999999932	6.954178322090266e-7
-5.269999999999932	7.300778952203216e-7
-5.259999999999932	7.664008328881125e-7
-5.2499999999999325	8.044630674819976e-7
-5.239999999999933	8.443443849513902e-7
-5.229999999999933	8.861280505861215e-7
-5.219999999999933	9.299009512445575e-7
-5.209999999999933	9.757537528632462e-7
-5.199999999999934	1.0237810526146418e-6
-5.189999999999934	1.0740815394814093e-6
-5.179999999999934	1.1267581612407127e-6
-5.169999999999934	1.1819182976342084e-6
-5.159999999999934	1.239673940063724e-6
-5.149999999999935	1.3001418781925119e-6
-5.139999999999935	1.3634438935709246e-6
-5.129999999999935	1.4297069602196368e-6
-5.119999999999935	1.4990634531393867e-6
-5.1099999999999355	1.571651364159932e-6
-5.099999999999936	1.6476145264153848e-6
-5.089999999999936	1.7271028464423773e-6
-5.079999999999936	1.810272544491795e-6
-5.069999999999936	1.8972864045089478e-6
-5.0599999999999365	1.9883140380033275e-6
-5.049999999999937	2.083532139976661e-6
-5.039999999999937	2.1831247842757563e-6
-5.029999999999937	2.2872836921835336e-6
-5.019999999999937	2.3962085495159087e-6
-5.009999999999938	2.5101073005492214e-6
-4.999999999999938	2.629196485499174e-6
-4.989999999999938	2.75370155232452e-6
-4.979999999999938	2.8838572198105753e-6
-4.9699999999999385	3.0199078179923766e-6
-4.959999999999939	3.162107667177408e-6
-4.949999999999939	3.310721447547038e-6
-4.939999999999939	3.466024618420992e-6
-4.929999999999939	3.6283037907477933e-6
-4.9199999999999395	3.7978571865038605e-6
-4.90999999999994	3.9749950511628565e-6
-4.89999999999994	4.160040113061657e-6
-4.88999999999994	4.35332805556032e-6
-4.87999999999994	4.555207999393628e-6
-4.869999999999941	4.766043009464875e-6
-4.859999999999941	4.9862105969781415e-6
-4.849999999999941	5.216103274816704e-6
-4.839999999999941	5.456129092995488e-6
-4.8299999999999415	5.70671222901178e-6
-4.819999999999942	5.968293565199823e-6
-4.809999999999942	6.241331305788806e-6
-4.799999999999942	6.5263015974268625e-6
-4.789999999999942	6.823699222480159e-6
-4.7799999999999425	7.13403821621731e-6
-4.769999999999943	7.457852597972526e-6
-4.759999999999943	7.795697076533002e-6
-4.749999999999943	8.148147824294759e-6
-4.739999999999943	8.5158031907207e-6
-4.729999999999944	8.899284533302487e-6
-4.719999999999944	9.299237024880285e-6
-4.709999999999944	9.716330490147152e-6
-4.699999999999944	0.000010151260286925932
-4.689999999999944	0.000010604748200470272
-4.679999999999945	0.000011077543361017319
-4.669999999999945	0.000011570423211275445
-4.659999999999945	0.000012084194488957264
-4.649999999999945	0.000012619694235013847
-4.6399999999999455	0.00001317779085507582
-4.629999999999946	0.000013759385191009084
-4.619999999999946	0.000014365411635756005
-4.609999999999946	0.00001499683928796584
-4.599999999999946	0.000015654673118814345
-4.589999999999947	0.000016339955211375388
-4.579999999999947	0.00001705376600931112
-4.569999999999947	0.000017797225597431773
-4.559999999999947	0.00001857149505823756
-4.549999999999947	0.00001937777782426403
-4.539999999999948	0.000020217321107825327
-4.529999999999948	0.00002109141733981209
-4.519999999999948	0.000022001405678320196
-4.509999999999948	0.000022948673551170097
-4.4999999999999485	0.00002393465823212565
-4.489999999999949	0.00002496084848239387
-4.479999999999949	0.000026028786233601057
-4.469999999999949	0.00002714006830624652
-4.459999999999949	0.000028296348191574628
-4.4499999999999496	0.000029499337880862293
-4.43999999999995	0.000030750809743936144
-4.42999999999995	0.00003205259845488353
-4.41999999999995	0.00003340660299079619
-4.40999999999995	0.00003481478866471537
-4.399999999999951	0.00003627918922073167
-4.389999999999951	0.00003780190899958273
-4.379999999999951	0.000039385125147530566
-4.369999999999951	0.00004103108988656222
-4.3599999999999515	0.00004274213285797094
-4.349999999999952	0.00004452066352185155
-4.339999999999952	0.00004636917360846855
-4.329999999999952	0.00004829023966370933
-4.319999999999952	0.00005028652563402168
-4.3099999999999525	0.0000523607855281316
-4.299999999999953	0.00005451586615726134
-4.289999999999953	0.000056754709939440114
-4.279999999999953	0.000059080357764200714
-4.269999999999953	0.00006149595195473532
-4.259999999999954	0.00006400473928934049
-4.249999999999954	0.00006661007410062707
-4.239999999999954	0.00006931542145330033
-4.229999999999954	0.00007212436041405165
-4.2199999999999545	0.00007504058737708196
-4.209999999999955	0.00007806791949193632
-4.199999999999955	0.00008121029817539139
-4.189999999999955	0.00008447179269094598
-4.179999999999955	0.00008785660383089825
-4.1699999999999555	0.0000913690676893609
-4.159999999999956	0.00009501365950705545
-4.149999999999956	0.00009879499762174779
-4.139999999999956	0.00010271784750958715
-4.129999999999956	0.00010678712592184375
-4.119999999999957	0.00011100790508490857
-4.109999999999957	0.00011538541707054332
-4.099999999999957	0.00011992505819100066
-4.089999999999957	0.00012463239352950657
-4.079999999999957	0.00012951316155356931
-4.069999999999958	0.00013457327887004262
-4.059999999999958	0.00013981884502917757
-4.049999999999958	0.00014525614747738978
-4.039999999999958	0.00015089166660060162
-4.0299999999999585	0.00015673208086480338
-4.019999999999959	0.0001627842720937822
-4.009999999999959	0.000169055330837007
-3.9999999999999587	0.00017555256184988743
-3.989999999999959	0.0001822834897004538
-3.979999999999959	0.00018925586448549655
-3.9699999999999593	0.00019647766763467565
-3.9599999999999596	0.0002039571179301112
-3.9499999999999598	0.00021170267747987832
-3.93999999999996	0.00021972305794710118
-3.92999999999996	0.00022802722690231376
-3.9199999999999604	0.00023662441417250193
-3.9099999999999606	0.00024552411843894203
-3.899999999999961	0.0002547361139063271
-3.889999999999961	0.0002642704571107996
-3.8799999999999613	0.0002741374938341379
-3.8699999999999615	0.00028434786616392195
-3.8599999999999617	0.0002949125196845311
-3.849999999999962	0.00030584271077385125
-3.839999999999962	0.00031715001405009267
-3.8299999999999623	0.00032884632994236975
-3.8199999999999625	0.00034094389238726995
-3.8099999999999627	0.0003534552766566581
-3.799999999999963	0.00036639340732885794
-3.789999999999963	0.0003797715663761287
-3.7799999999999634	0.0003936034013850696
-3.7699999999999636	0.00040790293392367274
-3.759999999999964	0.00042268456804266325
-3.749999999999964	0.0004379630988647451
-3.7399999999999642	0.0004537537213669772
-3.7299999999999645	0.0004700720392655658
-3.7199999999999647	0.0004869340740204652
-3.709999999999965	0.0005043562740076868
-3.699999999999965	0.0005223555237884843
-3.6899999999999653	0.000540949153524789
-3.6799999999999655	0.0005601549485228563
-3.6699999999999657	0.0005799911589324709
-3.659999999999966	0.0006004765095004186
-3.649999999999966	0.0006216302095406937
-3.6399999999999664	0.0006434719629789981
-3.6299999999999666	0.0006660219785341116
-3.619999999999967	0.0006893009800273951
-3.609999999999967	0.000713330216819922
-3.5999999999999672	0.0007381314743493646
-3.5899999999999674	0.0007637270848092185
-3.5799999999999677	0.0007901399379696772
-3.569999999999968	0.0008173934919640411
-3.559999999999968	0.0008455117844687303
-3.5499999999999683	0.0008745194437350374
-3.5399999999999685	0.0009044416998430706
-3.5299999999999687	0.0009353043960445876
-3.519999999999969	0.0009671340002486631
-3.509999999999969	0.0009999576164514009
-3.4999999999999694	0.0010338029965366222
-3.4899999999999696	0.001068698551922779
-3.47999999999997	0.0011046733654043928
-3.46999999999997	0.0011417572030670215
-3.45999999999997	0.0011799805262992264
-3.4499999999999704	0.0012193745038540473
-3.4399999999999706	0.0012599710240046322
-3.429999999999971	0.00130180270676975
-3.419999999999971	0.0013449029161972355
-3.4099999999999713	0.0013893057726583867
-3.3999999999999715	0.0014350461654441633
-3.3899999999999717	0.0014821597649411807
-3.379999999999972	0.0015306830353027932
-3.369999999999972	0.0015806532469522761
-3.3599999999999723	0.0016321084891479374
-3.3499999999999726	0.0016850876825693201
-3.3399999999999728	0.001739630591947912
-3.329999999999973	0.0017957778386474478
-3.319999999999973	0.0018535709134787528
-3.3099999999999734	0.0019130521890693788
-3.2999999999999736	0.001974264932682163
-3.289999999999974	0.0020372533187701077
-3.279999999999974	0.002102062441579949
-3.2699999999999743	0.0021687383277185024
-3.2599999999999745	0.0022373279486622003
-3.2499999999999747	0.0023078792332421657
-3.239999999999975	0.002380441080068423
-3.229999999999975	0.0024550633698755464
-3.2199999999999753	0.002531796977800871
-3.2099999999999755	0.0026106937855973817
-3.1999999999999758	0.002691806693713894
-3.189999999999976	0.0027751896333077087
-3.179999999999976	0.002860897578126605
-3.1699999999999764	0.0029489865562641005
-3.1599999999999766	0.003039513661781256
-3.149999999999977	0.0031325370661983596
-3.139999999999977	0.0032281160297994815
-3.1299999999999772	0.0033263109127880915
-3.1199999999999775	0.003427183186257339
-3.1099999999999777	0.003530795442971545
-3.099999999999978	0.0036372114079160963
-3.089999999999978	0.003746495948674398
-3.0799999999999783	0.0038587150855363115
-3.0699999999999785	0.003973936001370764
-3.0599999999999787	0.004092227051258677
-3.049999999999979	0.0042136577718374065
-3.039999999999979	0.004338298890352916
-3.0299999999999794	0.004466222333441663
-3.0199999999999796	0.004597501235580504
-3.00999999999998	0.004732209947200133
-2.99999999999998	0.0048704240424818045
-2.9899999999999802	0.005012220326784149
-2.9799999999999804	0.005157676843685358
-2.9699999999999807	0.005306872881659593
-2.959999999999981	0.0054598889803458865
-2.949999999999981	0.005616806936377508
-2.9399999999999813	0.005777709808804491
-2.9299999999999815	0.005942681924059526
-2.9199999999999817	0.006111808880435391
-2.909999999999982	0.006285177552102533
-2.899999999999982	0.006462876092629349
-2.8899999999999824	0.006644993937957657
-2.8799999999999826	0.006831621808857388
-2.869999999999983	0.0070228517128892096
-2.859999999999983	0.007218776945665893
-2.849999999999983	0.007419492091654438
-2.8399999999999834	0.007625093024330521
-2.8299999999999836	0.007835676905697524
-2.819999999999984	0.008051342185185105
-2.809999999999984	0.008272188597896685
-2.7999999999999843	0.00849831716217057
-2.7899999999999845	0.008729830176449205
-2.7799999999999847	0.008966831215464566
-2.769999999999985	0.00920942512566973
-2.759999999999985	0.009457718019914291
-2.7499999999999853	0.009711817271449643
-2.7399999999999856	0.009971831506997621
-2.7299999999999858	0.010237870599150215
-2.719999999999986	0.010510045657912375
-2.709999999999986	0.010788469021408847
-2.6999999999999864	0.011073254245727146
-2.6899999999999866	0.01136451609392446
-2.679999999999987	0.011662370524126697
-2.669999999999987	0.011966934676717883
-2.6599999999999873	0.012278326860627185
-2.6499999999999875	0.012596666538680011
-2.6399999999999877	0.012922074311963978
-2.629999999999988	0.013254671903260497
-2.619999999999988	0.013594582139477599
-2.6099999999999883	0.013941928933061775
-2.5999999999999885	0.014296837262408607
-2.5899999999999888	0.014659433151246145
-2.579999999999989	0.015029843646932316
-2.569999999999989	0.01540819679771898
-2.5599999999999894	0.01579462162893163
-2.5499999999999896	0.01618924811803152
-2.53999999999999	0.016592207168588127
-2.52999999999999	0.017003630583136805
-2.5199999999999902	0.017423651034869023
-2.5099999999999905	0.017852402038192685
-2.4999999999999907	0.018290017918144844
-2.489999999999991	0.01873663377859855
-2.479999999999991	0.01919238546929661
-2.4699999999999913	0.01965740955171279
-2.4599999999999915	0.02013184326367087
-2.4499999999999917	0.02061582448275882
-2.439999999999992	0.021109491688536836
-2.429999999999992	0.02161298392348474
-2.4199999999999924	0.022126440752707435
-2.4099999999999926	0.022650002222414593
-2.399999999999993	0.02318380881712541
-2.389999999999993	0.0237280014155946
-2.3799999999999932	0.024282721245510605
-2.3699999999999934	0.024848109836893017
-2.3599999999999937	0.025424308974201372
-2.349999999999994	0.026011460647198028
-2.339999999999994	0.026609707000510966
-2.3299999999999943	0.027219190281893464
-2.3199999999999945	0.027840052789238238
-2.3099999999999947	0.02847243681627881
-2.299999999999995	0.029116484596993196
-2.289999999999995	0.029772338248827076
-2.2799999999999954	0.030440139714456197
-2.2699999999999956	0.031120030702432175
-2.259999999999996	0.031812152626497295
-2.249999999999996	0.03251664654365009
-2.239999999999996	0.033233653090925144
-2.2299999999999964	0.03396331242095119
-2.2199999999999966	0.03470576413627514
-2.209999999999997	0.03546114722241915
-2.199999999999997	0.03622959997974483
-2.1899999999999973	0.03701125995411749
-2.1799999999999975	0.03780626386634576
-2.1699999999999977	0.03861474754045634
-2.159999999999998	0.03943684583082081
-2.149999999999998	0.040272692548104505
-2.1399999999999983	0.04112242038407284
-2.1299999999999986	0.041986160835405656
-2.1199999999999988	0.04286404412619767
-2.109999999999999	0.04375619912958019
-2.099999999999999	0.04466275328823311
-2.0899999999999994	0.04558383253385681
-2.0799999999999996	0.04651956120564251
-2.07	0.04747006196780542
-2.06	0.048435455726139484
-2.0500000000000003	0.049415861543652684
-2.0400000000000005	0.0504113965553388
-2.0300000000000007	0.05142217588207858
-2.020000000000001	0.05244831254369927
-2.010000000000001	0.05348991737127838
-2.0000000000000013	0.05454709891867161
-1.9900000000000015	0.05561996337330957
-1.9800000000000015	0.05670861446633653
-1.9700000000000015	0.057813153382101884
-1.9600000000000015	0.05893367866701459
-1.9500000000000015	0.060070286137874136
-1.9400000000000015	0.061223068789677364
-1.9300000000000015	0.06239211670291187
-1.9200000000000015	0.0635775169504525
-1.9100000000000015	0.0647793535040758
-1.9000000000000015	0.06599770714059794
-1.8900000000000015	0.06723265534774943
-1.8800000000000014	0.06848427222981962
-1.8700000000000014	0.06975262841307353
-1.8600000000000014	0.0710377909510511
-1.8500000000000014	0.07233982322980313
-1.8400000000000014	0.07365878487304771
-1.8300000000000014	0.0749947316473755
-1.8200000000000014	0.07634771536755801
-1.8100000000000014	0.07771778380194186
-1.8000000000000014	0.07910498057808167
-1.7900000000000014	0.08050934508859517
-1.7800000000000014	0.08193091239736616
-1.7700000000000014	0.08336971314607843
-1.7600000000000013	0.08482577346124344
-1.7500000000000013	0.08629911486168397
-1.7400000000000013	0.08778975416659032
-1.7300000000000013	0.0892977034042281
-1.7200000000000013	0.09082296972131652
-1.7100000000000013	0.09236555529316196
-1.7000000000000013	0.09392545723464717
-1.6900000000000013	0.09550266751210443
-1.6800000000000013	0.09709717285611091
-1.6700000000000013	0.09870895467537963
-1.6600000000000013	0.10033798897173105
-1.6500000000000012	0.10198424625617511
-1.6400000000000012	0.1036476914663125
-1.6300000000000012	0.10532828388501837
-1.6200000000000012	0.10702597706047189
-1.6100000000000012	0.1087407187276904
-1.6000000000000012	0.11047245073156989
-1.5900000000000012	0.11222110895148522
-1.5800000000000012	0.11398662322758488
-1.5700000000000012	0.11576891728886436
-1.5600000000000012	0.11756790868295165
-1.5500000000000012	0.11938350870784796
-1.5400000000000011	0.12121562234560673
-1.5300000000000011	0.12306414819802229
-1.5200000000000011	0.12492897842441306
-1.5100000000000011	0.12680999868160234
-1.500000000000001	0.1287070880660957
-1.490000000000001	0.13062011905853962
-1.480000000000001	0.13254895747067275
-1.470000000000001	0.13449346239459772
-1.460000000000001	0.13645348615461397
-1.450000000000001	0.13842887426165293
-1.440000000000001	0.14041946537035835
-1.430000000000001	0.1424250912388015
-1.420000000000001	0.14444557669114202
-1.410000000000001	0.14648073958292
-1.400000000000001	0.14853039076953212
-1.390000000000001	0.15059433407743897
-1.380000000000001	0.15267236627833117
-1.370000000000001	0.15476427706700624
-1.360000000000001	0.1568698490413982
-1.350000000000001	0.15898885768677842
-1.340000000000001	0.161121071362618
-1.330000000000001	0.1632662512931865
-1.320000000000001	0.16542415156103243
-1.310000000000001	0.16759451910430803
-1.300000000000001	0.16977709371749486
-1.290000000000001	0.17197160805590694
-1.280000000000001	0.1741777876426833
-1.270000000000001	0.1763953508811616
-1.260000000000001	0.17862400906900588
-1.2500000000000009	0.18086346641809045
-1.2400000000000009	0.1831134200760732
-1.2300000000000009	0.18537356015317394
-1.2200000000000009	0.18764356975236954
-1.2100000000000009	0.18992312500326114
-1.2000000000000008	0.1922118951000545
-1.1900000000000008	0.19450954234333787
-1.1800000000000008	0.19681572218584126
-1.1700000000000008	0.19913008328220522
-1.1600000000000008	0.2014522675426571
-1.1500000000000008	0.20378191019072645
-1.1400000000000008	0.20611863982504924
-1.1300000000000008	0.2084620784851227
-1.1200000000000008	0.21081184172112116
-1.1100000000000008	0.21316753866786375
-1.1000000000000008	0.2155287721227597
-1.0900000000000007	0.21789513862780216
-1.0800000000000007	0.22026622855573827
-1.0700000000000007	0.22264162620021702
-1.0600000000000007	0.22502090986996331
-1.0500000000000007	0.2274036519874627
-1.0400000000000007	0.22978941919060544
-1.0300000000000007	0.23217777243969273
-1.0200000000000007	0.23456826712757836
-1.0100000000000007	0.23696045319408823
-1.0000000000000007	0.23935387524437238
-0.9900000000000007	0.2417480726712817
-0.9800000000000006	0.24414257978154627
-0.9700000000000006	0.24653692592589643
-0.9600000000000006	0.2489306356331031
-0.9500000000000006	0.2513232287477335
-0.9400000000000006	0.2537142205717053
-0.9300000000000006	0.2561031220096425
-0.9200000000000006	0.25848943971783844
-0.9100000000000006	0.26087267625686167
-0.9000000000000006	0.26325233024780803
-0.8900000000000006	0.26562789653201857
-0.8800000000000006	0.2679988663342533
-0.8700000000000006	0.2703647274293602
-0.8600000000000005	0.2727249643119925
-0.8500000000000005	0.27507905837065744
-0.8400000000000005	0.2774264880627793
-0.8300000000000005	0.2797667290951517
-0.8200000000000005	0.28209925460665325
-0.8100000000000005	0.28442353535348974
-0.8000000000000005	0.28673903989747895
-0.7900000000000005	0.289045234797832
-0.7800000000000005	0.29134158480465244
-0.7700000000000005	0.2936275530560054
-0.7600000000000005	0.29590260127643925
-0.7500000000000004	0.29816618997945027
-0.7400000000000004	0.3004177786704477
-0.7300000000000004	0.3026568260535973
-0.7200000000000004	0.30488279023975745
-0.7100000000000004	0.3070951289570684
-0.7000000000000004	0.3092932997628124
-0.6900000000000004	0.31147676025776777
-0.6800000000000004	0.31364496830184463
-0.6700000000000004	0.3157973822314126
-0.6600000000000004	0.31793346107805354
-0.6500000000000004	0.32005266478874056
-0.6400000000000003	0.32215445444713814
-0.6300000000000003	0.32423829249616337
-0.6200000000000003	0.32630364296127085
-0.6100000000000003	0.3283499716748891
-0.6000000000000003	0.3303767465013315
-0.5900000000000003	0.33238343756249034
-0.5800000000000003	0.33436951746374705
-0.5700000000000003	0.3363344615208115
-0.5600000000000003	0.3382777479857358
-0.5500000000000003	0.3401988582740204
-0.5400000000000003	0.34209727719109595
-0.5300000000000002	0.34397249315873546
-0.5200000000000002	0.345823998441151
-0.5100000000000002	0.3476512893705918
-0.5000000000000002	0.3494538665723081
-0.49000000000000027	0.35123123518882043
-0.48000000000000026	0.35298290510321206
-0.47000000000000025	0.3547083911614807
-0.46000000000000024	0.35640721339368003
-0.45000000000000023	0.3580788972337302
-0.4400000000000002	0.35972297373783424
-0.4300000000000002	0.36133897980128354
-0.4200000000000002	0.3629264583735147
-0.4100000000000002	0.3644849586713455
-0.4000000000000002	0.3660140363901993
-0.3900000000000002	0.367513253913174
-0.38000000000000017	0.3689821805178453
-0.37000000000000016	0.370420392580697
-0.36000000000000015	0.37182747377895115
-0.35000000000000014	0.3732030152897532
-0.34000000000000014	0.37454661598656247
-0.3300000000000001	0.3758578826325694
-0.3200000000000001	0.3771364300710564
-0.3100000000000001	0.37838188141258766
-0.3000000000000001	0.37959386821884034
-0.2900000000000001	0.3807720306829911
-0.2800000000000001	0.38191601780657064
-0.2700000000000001	0.3830254875725853
-0.26000000000000006	0.38410010711483017
-0.25000000000000006	0.3851395528833139
-0.24000000000000007	0.38614351080560516
-0.23000000000000007	0.3871116764440293
-0.22000000000000006	0.3880437551486315
-0.21000000000000005	0.38893946220574926
-0.20000000000000004	0.3897985229820949
-0.19000000000000003	0.39062067306430576
-0.18000000000000002	0.39140565839379526
-0.17	0.3921532353968173
-0.16	0.39286317110971175
-0.15	0.39353524329917217
-0.13999999999999999	0.394169240577467
-0.12999999999999998	0.3947649625125634
-0.11999999999999998	0.39532221973299014
-0.10999999999999999	0.3958408340276787
-0.09999999999999999	0.3963206384399213
-0.09	0.39676147735647027
-0.08	0.39716320659084237
-0.07	0.3975256934611628
-0.060000000000000005	0.39784881686240475
-0.05	0.3981324673329382
-0.04	0.3983765471153904
-0.03	0.39858097021176336
-0.02	0.39874566243271525
-0.01	0.39887056144101846
0	0.39895561678916636
0.01	0.39900078995104216
0.02	0.39900605434766234
0.03	0.3989713953669948
0.04	0.3988968103777702
0.05	0.39878230873731463
0.060000000000000005	0.3986279117934076
0.07	0.39843365288011395
0.08	0.3981995773076075
0.09	0.39792574234602696
0.09999999999999999	0.3976122172033068
0.10999999999999999	0.3972590829970197
0.11999999999999998	0.39686643272028177
0.12999999999999998	0.39643437120168884
0.13999999999999999	0.3959630150593098
0.15	0.3954524926488217
0.16	0.39490294400580184
0.17	0.3943145207819373
0.18000000000000002	0.3936873861759612
0.19000000000000003	0.3930217148583399
0.20000000000000004	0.39231769289049073
0.21000000000000005	0.3915755176383309
0.22000000000000006	0.3907953976802327
0.23000000000000007	0.38997755270942475
0.24000000000000007	0.38912221343095366
0.25000000000000006	0.388229621453251
0.26000000000000006	0.38730002917434153
0.2700000000000001	0.3863336996628242
0.2800000000000001	0.38533090653368723
0.2900000000000001	0.3842919338190039
0.3000000000000001	0.38321707583363834
0.3100000000000001	0.3821066370360449
0.3200000000000001	0.3809609318842252
0.3300000000000001	0.3797802846869564
0.34000000000000014	0.3785650294504151
0.35000000000000014	0.37731550972024047
0.36000000000000015	0.376032078419182
0.37000000000000016	0.37471509768045685
0.38000000000000017	0.3733649386768694
0.3900000000000002	0.37198198144584466
0.4000000000000002	0.37056661471050983
0.4100000000000002	0.3691192356968934
0.4200000000000002	0.3676402499473908
0.4300000000000002	0.3661300711306212
0.4400000000000002	0.36458912084780526
0.45000000000000023	0.3630178284357509
0.46000000000000024	0.36141663076664565
0.47000000000000025	0.3597859720447232
0.48000000000000026	0.35812630359996456
0.49000000000000027	0.3564380836789789
0.5000000000000002	0.3547217772331845
0.5100000000000002	0.3529778557044115
0.5200000000000002	0.3512067968081115
0.5300000000000002	0.349409084314283
0.5400000000000003	0.34758520782623537
0.5500000000000003	0.34573566255738236
0.5600000000000003	0.34386094910618514
0.5700000000000003	0.34196157322935994
0.5800000000000003	0.34003804561354095
0.5900000000000003	0.338090881645533
0.6000000000000003	0.33612060118126136
0.6100000000000003	0.3341277283136659
0.6200000000000003	0.33211279113935027
0.6300000000000003	0.33007632152491667
0.6400000000000003	0.3280188548720672
0.6500000000000004	0.32594092988245826
0.6600000000000004	0.3238430883220663
0.6700000000000004	0.321725874785307
0.6800000000000004	0.3195898364590621
0.6900000000000004	0.3174355228867124
0.7000000000000004	0.31526348573234736
0.7100000000000004	0.31307427854531483
0.7200000000000004	0.31086845652519735
0.7300000000000004	0.30864657628739506
0.7400000000000004	0.30640919562945484
0.7500000000000004	0.3041568732982567
0.7600000000000005	0.3018901687582001
0.7700000000000005	0.2996096419605575
0.7800000000000005	0.2973158531140831
0.7900000000000005	0.2950093624570167
0.8000000000000005	0.2926907300306471
0.8100000000000005	0.290360515454519
0.8200000000000005	0.2880192777034208
0.8300000000000005	0.28566757488628863
0.8400000000000005	0.2833059640271468
0.8500000000000005	0.28093500084816975
0.8600000000000005	0.27855523955503164
0.8700000000000006	0.27616723262462967
0.8800000000000006	0.2737715305952806
0.8900000000000006	0.27136868185952145
0.9000000000000006	0.2689592324596305
0.9100000000000006	0.26654372588591524
0.9200000000000006	0.26412270287794276
0.9300000000000006	0.26169670122876343
0.9400000000000006	0.2592662555922186
0.9500000000000006	0.2568318972934527
0.9600000000000006	0.25439415414271477
0.9700000000000006	0.25195355025249694
0.9800000000000006	0.24951060585814144
0.9900000000000007	0.2470658371419741
1.0000000000000007	0.24461975606103223
1.0100000000000007	0.2421728701784722
1.0200000000000007	0.23972568249873066
1.0300000000000007	0.2372786913064971
1.0400000000000007	0.23483239000954859
1.0500000000000007	0.23238726698554998
1.0600000000000007	0.22994380543282528
1.0700000000000007	0.22750248322517339
1.0800000000000007	0.22506377277080597
1.0900000000000007	0.22262814087540653
1.1000000000000008	0.22019604860938227
1.1100000000000008	0.21776795117934894
1.1200000000000008	0.2153442978038779
1.1300000000000008	0.21292553159353012
1.1400000000000008	0.2105120894352288
1.1500000000000008	0.208104401880986
1.1600000000000008	0.20570289304098696
1.1700000000000008	0.2033079804810929
1.1800000000000008	0.20092007512474927
1.1900000000000008	0.1985395811593065
1.2000000000000008	0.19616689594679
1.2100000000000009	0.1938024099391176
1.2200000000000009	0.191446506597733
1.2300000000000009	0.18909956231771655
1.2400000000000009	0.18676194635632606
1.2500000000000009	0.18443402076596482
1.260000000000001	0.1821161403315835
1.270000000000001	0.17980865251251005
1.280000000000001	0.17751189738865183
1.290000000000001	0.1752262076110974
1.300000000000001	0.1729519083570767
1.310000000000001	0.17068931728925
1.320000000000001	0.16843874451930746
1.330000000000001	0.16620049257585734
1.340000000000001	0.16397485637655293
1.350000000000001	0.1617621232044242
1.360000000000001	0.15956257268841006
1.370000000000001	0.1573764767880011
1.380000000000001	0.15520409978197663
1.390000000000001	0.15304569826120906
1.400000000000001	0.1509015211254528
1.410000000000001	0.14877180958407882
1.420000000000001	0.14665679716073146
1.430000000000001	0.14455670970181486
1.440000000000001	0.14247176538876685
1.450000000000001	0.14040217475407832
1.460000000000001	0.13834814070098328
1.470000000000001	0.13630985852674515
1.480000000000001	0.13428751594951235
1.490000000000001	0.132281293138654
1.500000000000001	0.13029136274849631
1.5100000000000011	0.12831788995542326
1.5200000000000011	0.12636103249826622
1.5300000000000011	0.1244209407218716
1.5400000000000011	0.1224977576238375
1.5500000000000012	0.12059161890430024
1.5600000000000012	0.1187026530187047
1.5700000000000012	0.11683098123349742
1.5800000000000012	0.11497671768466018
1.5900000000000012	0.11313996943898913
1.6000000000000012	0.11132083655806677
1.6100000000000012	0.10951941216483639
1.6200000000000012	0.1077357825126912
1.6300000000000012	0.10597002705700677
1.6400000000000012	0.10422221852905142
1.6500000000000012	0.10249242301215308
1.6600000000000013	0.100780700020077
1.6700000000000013	0.09908710257751877
1.6800000000000013	0.09741167730263545
1.6900000000000013	0.09575446449151136
1.7000000000000013	0.09411549820451463
1.7100000000000013	0.09249480635442926
1.7200000000000013	0.09089241079627992
1.7300000000000013	0.08930832741880602
1.7400000000000013	0.08774256623745336
1.7500000000000013	0.08619513148880031
1.7600000000000013	0.08466602172642997
1.7700000000000014	0.08315522991802653
1.7800000000000014	0.08166274354370325
1.7900000000000014	0.08018854469548056
1.8000000000000014	0.07873261017779956
1.8100000000000014	0.07729491160900555
1.8200000000000014	0.0758754155237369
1.8300000000000014	0.07447408347612378
1.8400000000000014	0.07309087214372006
1.8500000000000014	0.07172573343210223
1.8600000000000014	0.07037861458005483
1.8700000000000014	0.06904945826527223
1.8800000000000014	0.0677382027104543
1.8900000000000015	0.06644478178985952
1.9000000000000015	0.06516912513605123
1.9100000000000015	0.0639111582469197
1.9200000000000015	0.06267080259284642
1.9300000000000015	0.06144797572394592
1.9400000000000015	0.06024259137732459
1.9500000000000015	0.05905455958429861
1.9600000000000015	0.057883786777485936
1.9700000000000015	0.05673017589772442
1.9800000000000015	0.05559362650074838
1.9900000000000015	0.05447403486356775
2.0000000000000013	0.053371294090472234
2.010000000000001	0.05228529421863574
2.020000000000001	0.051215922323231834
2.0300000000000007	0.050163062622009064
2.0400000000000005	0.04912659657930569
2.0500000000000003	0.04810640300940407
2.06	0.04710235817920065
2.07	0.04611433591014387
2.0799999999999996	0.04514220767938266
2.0899999999999994	0.04418584272006959
2.099999999999999	0.043245108120806314
2.109999999999999	0.042319868924153126
2.1199999999999988	0.0414099882241748
2.1299999999999986	0.04051532726298905
2.1399999999999983	0.03963574552629003
2.149999999999998	0.03877110083768506
2.159999999999998	0.03792124945212056
2.1699999999999977	0.037086046147960225
2.1799999999999975	0.036265344317973805
2.1899999999999973	0.035458996059089976
2.199999999999997	0.03466685226092025
2.209999999999997	0.03388876269298894
2.2199999999999966	0.03312457609067695
2.2299999999999964	0.03237414023984445
2.239999999999996	0.031637302060095025
2.249999999999996	0.030913907686676144
2.259999999999996	0.030203802550991758
2.2699999999999956	0.029506831459698492
2.2799999999999954	0.02882283867239288
2.289999999999995	0.02815166797776882
2.299999999999995	0.02749316276849517
2.3099999999999947	0.02684716611443288
2.3199999999999945	0.02621352083446684
2.3299999999999943	0.02559206956681602
2.339999999999994	0.024982654837838056
2.349999999999994	0.024385119129329128
2.3599999999999937	0.023799304944287974
2.3699999999999934	0.023225054871161093
2.3799999999999932	0.022662211646559325
2.389999999999993	0.02211061821642982
2.399999999999993	0.021570117795698802
2.4099999999999926	0.021040553926371174
2.4199999999999924	0.02052177053409645
2.429999999999992	0.02001361198319026
2.439999999999992	0.019515923130128707
2.4499999999999917	0.019028549375513033
2.4599999999999915	0.01855133671449128
2.4699999999999913	0.018084131785676884
2.479999999999991	0.017626781918544332
2.489999999999991	0.017179135179314683
2.4999999999999907	0.016741040415340476
2.5099999999999905	0.01631234729801058
2.5199999999999902	0.015892906364157498
2.52999999999999	0.015482569056004295
2.53999999999999	0.015081187759656115
2.5499999999999896	0.01468861584213517
2.5599999999999894	0.014304707686987347
2.569999999999989	0.013929318728475732
2.579999999999989	0.013562305484355648
2.5899999999999888	0.013203525587265608
2.5999999999999885	0.012852837814756194
2.6099999999999883	0.01251010211793631
2.619999999999988	0.012175179648798948
2.629999999999988	0.01184793278621377
2.6399999999999877	0.011528225160616289
2.6499999999999875	0.01121592167740968
2.6599999999999873	0.01091088853911013
2.669999999999987	0.010612993266175682
2.679999999999987	0.010322104716745634
2.6899999999999866	0.010038093105026959
2.6999999999999864	0.0097608300185654
2.709999999999986	0.009490188434332626
2.719999999999986	0.00922604273367995
2.7299999999999858	0.008968268716097487
2.7399999999999856	0.008716743612008042
2.7499999999999853	0.008471346094338125
2.759999999999985	0.008231956289099411
2.769999999999985	0.007998455784917086
2.7799999999999847	0.007770727641542169
2.7899999999999845	0.00754865639737147
2.7999999999999843	0.007332128075993572
2.809999999999984	0.007121030191790154
2.819999999999984	0.006915251754609735
2.8299999999999836	0.006714683273537524
2.8399999999999834	0.0065192167597839575
2.849999999999983	0.006328745728725021
2.859999999999983	0.006143165201094369
2.869999999999983	0.005962371703370526
2.8799999999999826	0.00578626326738104
2.8899999999999824	0.0056147394291251925
2.899999999999982	0.005447701226866951
2.909999999999982	0.005285051198497912
2.9199999999999817	0.005126693378205124
2.9299999999999815	0.0049725332924600825
2.9399999999999813	0.004822477955353863
2.949999999999981	0.004676435863294186
2.959999999999981	0.0045343169891013755
2.9699999999999807	0.004396032775503055
2.9799999999999804	0.004261496128069679
2.9899999999999802	0.004130621407595457
2.99999999999998	0.0040033244219559345
3.00999999999998	0.0038795224174645406
3.0199999999999796	0.0037591340697284074
3.0299999999999794	0.003642079474057843
3.039999999999979	0.0035282801354214366
3.049999999999979	0.0034176589579687656
3.0599999999999787	0.003310140234159994
3.0699999999999785	0.0032056496335004037
3.0799999999999783	0.0031041141909042766
3.089999999999978	0.0030054622947150948
3.099999999999978	0.0029096236743931542
3.1099999999999777	0.0028165293878773794
3.1199999999999775	0.002726111808671083
3.1299999999999772	0.0026383046126260672
3.139999999999977	0.0025530427644847517
3.149999999999977	0.002470262504161511
3.1599999999999766	0.002389901332800182
3.1699999999999764	0.002311897998619959
3.179999999999976	0.0022361924825537653
3.189999999999976	0.002162725983719716
3.1999999999999758	0.0020914409046997613
3.2099999999999755	0.0020222808366959447
3.2199999999999753	0.0019551905445194776
3.229999999999975	0.00189011595146933
3.239999999999975	0.0018270041240902653
3.2499999999999747	0.0017658032568413239
3.2599999999999745	0.001706462656664271
3.2699999999999743	0.0016489327274923974
3.279999999999974	0.0015931649547312693
3.289999999999974	0.0015391118894709723
3.2999999999999736	0.0014867271331046516
3.3099999999999734	0.0014359653214726005
3.319999999999973	0.0013867821092158651
3.329999999999973	0.0013391341540667963
3.3399999999999728	0.0012929791011594882
3.3499999999999726	0.0012482755673875708
3.3599999999999723	0.0012049831255570099
3.369999999999972	0.0011630622890294148
3.379999999999972	0.001122474495949458
3.3899999999999717	0.0010831820937430793
3.3999999999999715	0.0010451483236337343
3.4099999999999713	0.0010083373052183465
3.419999999999971	0.0009727140211163433
3.429999999999971	0.000938244301695024
3.4399999999999706	0.0009048948098858567
3.4499999999999704	0.0008726330260594036
3.45999999999997	0.0008414272331344148
3.46999999999997	0.0008112465015298243
3.47999999999997	0.0007820606744873432
3.4899999999999696	0.00075384035337332
3.4999999999999694	0.0007265568831373924
3.509999999999969	0.00070018233786323
3.519999999999969	0.0006746895065795201
3.5299999999999687	0.0006500518789497369
3.5399999999999685	0.0006262436313574848
3.5499999999999683	0.0006032396129995228
3.559999999999968	0.0005810153321630671
3.569999999999968	0.0005595469426380504
3.5799999999999677	0.0005388112302919744
3.5899999999999674	0.0005187855997949814
3.5999999999999672	0.0004994480615116019
3.609999999999967	0.0004807772185215543
3.619999999999967	0.0004627522538631369
3.6299999999999666	0.0004453529178858577
3.6399999999999664	0.00042855951578924493
3.649999999999966	0.0004123528953388427
3.659999999999966	0.0003967144347465043
3.6699999999999657	0.00038162603069716165
3.6799999999999655	0.0003670700866069632
3.6899999999999653	0.00035302950099761333
3.699999999999965	0.00033948765606681364
3.709999999999965	0.000326428406441031
3.7199999999999647	0.0003138360680909994
3.7299999999999645	0.0003016954074315879
3.7399999999999642	0.00028999163059254874
3.749999999999964	0.0002787103728703067
3.759999999999964	0.00026783768834998567
3.7699999999999636	0.000257360039712285
3.7799999999999634	0.0002472642882052557
3.789999999999963	0.00023753768380144276
3.799999999999963	0.00022816785552067772
3.8099999999999627	0.00021914280193879114
3.8199999999999625	0.0002104508818544186
3.8299999999999623	0.00020208080514368189
3.839999999999962	0.00019402162377654317
3.849999999999962	0.00018626272300863097
3.8599999999999617	0.00017879381273852736
3.8699999999999615	0.00017160491904055097
3.8799999999999613	0.0001646863758685993
3.889999999999961	0.0001580288168697722
3.899999999999961	0.00015162316749736185
3.9099999999999606	0.00014546063709989964
3.9199999999999604	0.0001395327113548732
3.92999999999996	0.0001338311447337074
3.93999999999996	0.00012834795318882223
3.9499999999999598	0.00012307540696039862
3.9599999999999596	0.00011800602356714474
3.9699999999999593	0.0001131325609481767
3.979999999999959	0.00010844801072606122
3.989999999999959	0.00010394559165383006
3.9999999999999587	0.00009961874319261076
4.009999999999959	0.00009546111923566445
4.019999999999959	0.00009146658198062254
4.0299999999999585	0.00008762919593853413
4.039999999999958	0.00008394322208497643
4.049999999999958	0.00008040311214708189
4.059999999999958	0.00007700350302969458
4.069999999999958	0.00007373921136920703
4.079999999999957	0.00007060522822351919
4.089999999999957	0.00006759671388867075
4.099999999999957	0.00006470899284541454
4.109999999999957	0.00006193754882428786
4.119999999999957	0.000059278020003591296
4.129999999999956	0.000056726194320128916
4.139999999999956	0.00005427800489806695
4.149999999999956	0.000051929525606055455
4.159999999999956	0.000049676966712185566
4.1699999999999555	0.00004751667066243576
4.179999999999955	0.000045445107968668046
4.189999999999955	0.000043458873199735523
4.199999999999955	0.0000415546810816613
4.209999999999955	0.00003972936270578512
4.2199999999999545	0.000037979861830822944
4.229999999999954	0.00003630323128793958
4.239999999999954	0.000034696629492289615
4.249999999999954	0.00003315731704110158
4.259999999999954	0.000031682653389684
4.269999999999953	0.000030270093671806023
4.279999999999953	0.000028917185539567865
4.289999999999953	0.00002762156615616945
4.299999999999953	0.00002638095922809881
4.3099999999999525	0.00002519317214779133
4.319999999999952	0.000024056093205547923
4.329999999999952	0.000022967688888380492
4.339999999999952	0.000021926001255793565
4.349999999999952	0.000020929145391481344
4.3599999999999515	0.00001997530692955732
4.369999999999951	0.000019062739659330727
4.379999999999951	0.00001818976319109238
4.389999999999951	0.00001735476070195665
4.399999999999951	0.000016556176746636954
4.40999999999995	0.000015792515128523852
4.41999999999995	0.000015062336845965774
4.42999999999995	0.000014364258093528738
4.43999999999995	0.000013696948328369273
4.4499999999999496	0.000013059128395711269
4.459999999999949	0.000012449568707366641
4.469999999999949	0.000011867087504620667
4.479999999999949	0.000011310549121700566
4.489999999999949	0.000010778862358140384
4.4999999999999485	0.00001027097887065337
4.509999999999948	9.785891648974819e-6
4.519999999999948	9.322633487495115e-6
4.529999999999948	8.88027555821995e-6
4.539999999999948	8.457926004754073e-6
4.549999999999947	8.05472859056031e-6
4.559999999999947	7.66986138353709e-6
4.569999999999947	7.302535491464967e-6
4.579999999999947	6.951993837691297e-6
4.589999999999947	6.617509976549492e-6
4.599999999999946	6.298386947388878e-6
4.609999999999946	5.993956169019961e-6
4.619999999999946	5.703576374155444e-6
4.629999999999946	5.4266325850939595e-6
4.6399999999999455	5.162535070540371e-6
4.649999999999945	4.9107184561807775e-6
4.659999999999945	4.670640756460512e-6
4.669999999999945	4.44178244459175e-6
4.679999999999945	4.223645656383363e-6
4.689999999999944	4.015753305282507e-6
4.699999999999944	3.817648290617495e-6
4.709999999999944	3.6288927222647077e-6
4.719999999999944	3.4490671559394367e-6
4.729999999999944	3.2777698894661376e-6
4.739999999999943	3.1146162585163772e-6
4.749999999999943	2.959237947406929e-6
4.759999999999943	2.8112823665713553e-6
4.769999999999943	2.670412011742287e-6
4.7799999999999425	2.5363038690783697e-6
4.789999999999942	2.40864881915482e-6
4.799999999999942	2.2871511064723053e-6
4.809999999999942	2.171527770240361e-6
4.819999999999942	2.061508149712788e-6
4.8299999999999415	1.9568333718665563e-6
4.839999999999941	1.8572558828177521e-6
4.849999999999941	1.7625389660072982e-6
4.859999999999941	1.672456320556589e-6
4.869999999999941	1.5867916154067325e-6
4.87999999999994	1.505338078767472e-6
4.88999999999994	1.4278981130061284e-6
4.89999999999994	1.3542829063438381e-6
4.90999999999994	1.2843120618880246e-6
4.9199999999999395	1.2178132547365778e-6
4.929999999999939	1.1546218865938797e-6
4.939999999999939	1.0945807651177904e-6
4.949999999999939	1.0375397836772943e-6
4.959999999999939	9.833556300792753e-7
4.9699999999999385	9.318914884868233e-7
4.979999999999938	8.830167689574281e-7
4.989999999999938	8.366068384855902e-7
4.999999999999938	7.925427638167322e-7
5.009999999999938	7.507110678357398e-7
5.019999999999937	7.110034932904491e-7
5.029999999999937	6.733167688755361e-7
5.039999999999937	6.37552414002203e-7
5.049999999999937	6.036165180252954e-7
5.0599999999999365	5.714195192394983e-7
5.069999999999936	5.408760395551227e-7
5.079999999999936	5.119046972204475e-7
5.089999999999936	4.844279243642685e-7
5.099999999999936	4.5837180006701297e-7
5.1099999999999355	4.3366588792897576e-7
5.119999999999935	4.1024308109087574e-7
5.129999999999935	3.880394531898172e-7
5.139999999999935	3.6699411592446137e-7
5.149999999999935	3.47049081832699e-7
5.159999999999934	3.28149133782178e-7
5.169999999999934	3.102417002639867e-7
5.179999999999934	2.932767348875979e-7
5.189999999999934	2.7720660037068807e-7
5.199999999999934	2.6198598242967267e-7
5.209999999999933	2.475716867823061e-7
5.219999999999933	2.339227150290268e-7
5.229999999999933	2.2099998103165724e-7
5.239999999999933	2.0876636035340416e-7
5.2499999999999325	1.971865305103923e-7
5.259999999999932	1.8622685534338577e-7
5.269999999999932	1.7585539847378438e-7
5.279999999999932	1.6604183110446504e-7
5.289999999999932	1.5675725747504065e-7
5.299999999999931	1.4797423100745457e-7
5.309999999999931	1.3966669174195758e-7
5.319999999999931	1.3180987058329274e-7
5.329999999999931	1.2438021234680227e-7
5.339999999999931	1.1735534763495237e-7
5.34999999999993	1.1071403746130875e-7
5.35999999999993	1.044360972985042e-7
5.36999999999993	9.850244344006886e-8