-5.6699999999999235	9.737736982608061e-8
-5.659999999999924	1.0256718790609436e-7
-5.649999999999924	1.0802465740362854e-7
-5.639999999999924	1.1376299002636201e-7
-5.629999999999924	1.19796172412595e-7
-5.619999999999925	1.2613878572470723e-7
-5.609999999999925	1.3280612177805635e-7
-5.599999999999925	1.3981423038278885e-7
-5.589999999999925	1.4717986780270313e-7
-5.5799999999999255	1.5492058104767893e-7
-5.569999999999926	1.630547948408651e-7
-5.559999999999926	1.7160175734066418e-7
-5.549999999999926	1.8058164761297264e-7
-5.539999999999926	1.900155475547793e-7
-5.5299999999999265	1.9992558868835988e-7
-5.519999999999927	2.1033487389616284e-7
-5.509999999999927	2.2126760829980853e-7
-5.499999999999927	2.3274911619108877e-7
-5.489999999999927	2.44805894357265e-7
-5.479999999999928	2.574656598328734e-7
-5.469999999999928	2.707574168256905e-7
-5.459999999999928	2.8471150134257994e-7
-5.449999999999928	2.993596608675637e-7
-5.4399999999999284	3.1473503071638584e-7
-5.429999999999929	3.3087233297613574e-7
-5.419999999999929	3.478078447200626e-7
-5.409999999999929	3.655794972000206e-7
-5.399999999999929	3.842269429691193e-7
-5.3899999999999295	4.037916305453119e-7
-5.37999999999993	4.2431688434813113e-7
-5.36999999999993	4.458479816716714e-7
-5.35999999999993	4.684322379054926e-7
-5.34999999999993	4.921190926417714e-7
-5.339999999999931	5.169602007869331e-7
-5.329999999999931	5.430095286094304e-7
-5.319999999999931	5.703234439175102e-7
-5.309999999999931	5.989608227783155e-7
-5.299999999999931	6.289831602160629e-7
-5.289999999999932	6.604546727692107e-7
-5.279999999999932	6.934424151618674e-7
-5.269999999999932	7.280163976813015e-7
-5.259999999999932	7.642497105745018e-7
-5.2499999999999325	8.022186517430433e-7
-5.239999999999933	8.420028595569415e-7
-5.229999999999933	8.83685450924994e-7
-5.219999999999933	9.27353165214824e-7
-5.209999999999933	9.730965126544739e-7
-5.199999999999934	1.0210099321576473e-6
-5.189999999999934	1.0711919433664264e-6
-5.179999999999934	1.123745319235345e-6
-5.169999999999934	1.178777263899916e-6
-5.159999999999934	1.2363995844897198e-6
-5.149999999999935	1.2967288803314901e-6
-5.139999999999935	1.3598867360449377e-6
-5.129999999999935	1.4259999221661492e-6
-5.119999999999935	1.4952006034648016e-6
-5.1099999999999355	1.5676265546984943e-6
-5.099999999999936	1.6434213842933407e-6
-5.089999999999936	1.7227347705420962e-6
-5.079999999999936	1.8057226870446236e-6
-5.069999999999936	1.8925476748582729e-6
-5.0599999999999365	1.9833790863247894e-6
-5.049999999999937	2.078393358250379e-6
-5.039999999999937	2.1777742875576972e-6
-5.029999999999937	2.281713338319974e-6
-5.019999999999937	2.390409862854298e-6
-5.009999999999938	2.5040715549639098e-6
-4.999999999999938	2.6229145966412886e-6
-4.989999999999938	2.747164142970215e-6
-4.979999999999938	2.877054580514921e-6
-4.9699999999999385	3.0128299061131048e-6
-4.959999999999939	3.1547440825657567e-6
-4.949999999999939	3.3030614451076287e-6
-4.939999999999939	3.45805707969004e-6
-4.929999999999939	3.6200171995960997e-6
-4.9199999999999395	3.789239651895447e-6
-4.90999999999994	3.966034253142964e-6
-4.89999999999994	4.150723325587164e-6
-4.88999999999994	4.34364212497357e-6
-4.87999999999994	4.545139326735567e-6
-4.869999999999941	4.755577537088007e-6
-4.859999999999941	4.975333804001536e-6
-4.849999999999941	5.204800150123864e-6
-4.839999999999941	5.444384127602673e-6
-4.8299999999999415	5.694509406154169e-6
-4.819999999999942	5.955616338741851e-6
-4.809999999999942	6.228162583381022e-6
-4.799999999999942	6.512623743651149e-6
-4.789999999999942	6.809494003982952e-6
-4.7799999999999425	7.119286826378779e-6
-4.769999999999943	7.442535621251228e-6
-4.759999999999943	7.779794478288107e-6
-4.749999999999943	8.131638917772337e-6
-4.739999999999943	8.498666637853274e-6
-4.729999999999944	8.881498320428592e-6
-4.719999999999944	9.280778438834398e-6
-4.709999999999944	9.697176108850692e-6
-4.699999999999944	0.000010131385958272732
-4.689999999999944	0.000010584129011150804
-4.679999999999945	0.000011056153631160645
-4.669999999999945	0.00001154823646817793
-4.659999999999945	0.000012061183443737004
-4.649999999999945	0.000012595830766976466
-4.6399999999999455	0.000013153045986293872
-4.629999999999946	0.000013733729065041507
-4.619999999999946	0.000014338813494456817
-4.609999999999946	0.000014969267450684632
-4.599999999999946	0.000015626094960735387
-4.589999999999947	0.000016310337134093064
-4.579999999999947	0.000017023073420907306
-4.569999999999947	0.000017765422891172733
-4.559999999999947	0.000018538545577523803
-4.549999999999947	0.000019343643851964397
-4.539999999999948	0.000020181963824653703
-4.529999999999948	0.000021054796808759234
-4.519999999999948	0.000021963480816869185
-4.509999999999948	0.000022909402092781783
-4.4999999999999485	0.00002389399672359815
-4.489999999999949	0.000024918752238464543
-4.479999999999949	0.000025985209308444125
-4.469999999999949	0.000027094963468742022
-4.459999999999949	0.0000282496668912395
-4.4499999999999496	0.000029451030237485685
-4.43999999999995	0.000030700824493137535
-4.42999999999995	0.00003200088293352787
-4.41999999999995	0.00003335310310249014
-4.40999999999995	0.000034759448844904146
-4.399999999999951	0.00003622195241166116
-4.389999999999951	0.00003774271661966085
-4.379999999999951	0.00003932391705246683
-4.369999999999951	0.000040967804343072496
-4.3599999999999515	0.0000426767065113926
-4.349999999999952	0.00004445303135744204
-4.339999999999952	0.000046299268929539857
-4.329999999999952	0.00004821799404914696
-4.319999999999952	0.000050211868906355833
-4.3099999999999525	0.00005228364572189944
-4.299999999999953	0.00005443616948871464
-4.289999999999953	0.00005667238076156401
-4.279999999999953	0.00005899531854041337
-4.269999999999953	0.00006140812322589544
-4.259999999999954	0.0000639140396340542
-4.249999999999954	0.00006651642009860144
-4.239999999999954	0.00006921872766243037
-4.229999999999954	0.00007202453932008328
-4.2199999999999545	0.00007493754936664399
-4.209999999999955	0.00007796157282031495
-4.199999999999955	0.00008110054892321658
-4.189999999999955	0.00008435854473125973
-4.179999999999955	0.00008773975880196336
-4.1699999999999555	0.00009124852494947712
-4.159999999999956	0.00009488931610325583
-4.149999999999956	0.00009866674825670942
-4.139999999999956	0.00010258558450621218
-4.129999999999956	0.00010665073917274821
-4.119999999999957	0.00011086728205818048
-4.109999999999957	0.00011524044273986327
-4.099999999999957	0.00011977561500831554
-4.089999999999957	0.00012447836139053162
-4.079999999999957	0.0001293544177897663
-4.069999999999958	0.00013440969818107653
-4.059999999999958	0.00013965029946858722
-4.049999999999958	0.0001450825064209495
-4.039999999999958	0.0001507127967032993
-4.0299999999999585	0.00015654784604352112
-4.019999999999959	0.00016259453349456055
-4.009999999999959	0.0001688599467976969
-3.9999999999999587	0.00017535138787846757
-3.989999999999959	0.00018207637845012617
-3.979999999999959	0.00018904266571585188
-3.9699999999999593	0.00019625822821875695
-3.9599999999999596	0.00020373128175717054
-3.9499999999999598	0.00021147028549788123
-3.93999999999996	0.00021948394813955962
-3.92999999999996	0.00022778123420446187
-3.9199999999999604	0.00023637137050734334
-3.9099999999999606	0.0002452638526806636
-3.899999999999961	0.0002544684518664415
-3.889999999999961	0.0002639952215105196
-3.8799999999999613	0.0002738545042914389
-3.8699999999999615	0.0002840569391887811
-3.8599999999999617	0.00029461346865464243
-3.849999999999962	0.00030553534592483647
-3.839999999999962	0.0003168341424724976
-3.8299999999999623	0.0003285217555696201
-3.8199999999999625	0.00034061041598566994
-3.8099999999999627	0.0003531126958297399
-3.799999999999963	0.0003660415165109251
-3.789999999999963	0.0003794101568264102
-3.7799999999999634	0.0003932322612033151
-3.7699999999999636	0.00040752184804866866
-3.759999999999964	0.0004222933182436164
-3.749999999999964	0.0004375614637700304
-3.7399999999999642	0.0004533414764734053
-3.7299999999999645	0.00046964895693823625
-3.7199999999999647	0.00048649992352438543
-3.709999999999965	0.0005039108215213213
-3.699999999999965	0.0005218985324220058
-3.6899999999999653	0.0005404803833496038
-3.6799999999999655	0.0005596741566069764
-3.6699999999999657	0.0005794980993444697
-3.659999999999966	0.000599970933370736
-3.649999999999966	0.000621111865088652
-3.6399999999999664	0.0006429405955518347
-3.6299999999999666	0.0006654773306514446
-3.619999999999967	0.0006887427914359115
-3.609999999999967	0.0007127582245309786
-3.5999999999999672	0.0007375454126998518
-3.5899999999999674	0.0007631266855269557
-3.5799999999999677	0.0007895249301324897
-3.569999999999968	0.0008167636023403627
-3.559999999999968	0.0008448667373258237
-3.5499999999999683	0.0008738589609925189
-3.5399999999999685	0.0009037655011510362
-3.5299999999999687	0.0009346121988776028
-3.519999999999969	0.0009664255198924932
-3.509999999999969	0.000999232566361327
-3.4999999999999694	0.0010330610881754095
-3.4899999999999696	0.0010679394949429887
-3.47999999999997	0.0011038968677498503
-3.46999999999997	0.0011409629710967977
-3.45999999999997	0.0011791682648892284
-3.4499999999999704	0.001218543916520256
-3.4399999999999706	0.0012591218130315626
-3.429999999999971	0.0013009345733398813
-3.419999999999971	0.0013440155605160776
-3.4099999999999713	0.0013883988941760497
-3.3999999999999715	0.001434119462796006
-3.3899999999999717	0.0014812129362917596
-3.379999999999972	0.0015297157784451407
-3.369999999999972	0.0015796652594687666
-3.3599999999999723	0.001631099468567732
-3.3499999999999726	0.0016840573265545806
-3.3399999999999728	0.0017385785984673965
-3.329999999999973	0.0017947039062250235
-3.319999999999973	0.0018524747411871095
-3.3099999999999734	0.001911933476932759
-3.2999999999999736	0.001973123381798309
-3.289999999999974	0.0020360886315256136
-3.279999999999974	0.002100874321870731
-3.2699999999999743	0.0021675264811576154
-3.2599999999999745	0.0022360920828110725
-3.2499999999999747	0.0023066190578500943
-3.239999999999975	0.002379156307301217
-3.229999999999975	0.002453753714558904
-3.2199999999999753	0.002530462157685076
-3.2099999999999755	0.0026093335215983107
-3.1999999999999758	0.0026904207101814594
-3.189999999999976	0.002773777658295157
-3.179999999999976	0.0028594593436655886
-3.1699999999999764	0.0029475217986392964
-3.1599999999999766	0.0030380221218315358
-3.149999999999977	0.0031310184895970354
-3.139999999999977	0.003226570167355917
-3.1299999999999772	0.0033247375207561235
-3.1199999999999775	0.003425582026647227
-3.1099999999999777	0.0035291662838516885
-3.099999999999978	0.0036355540237555228
-3.089999999999978	0.0037448101206611806
-3.0799999999999783	0.003857000601906354
-3.0699999999999785	0.0039721926577573705
-3.0599999999999787	0.00409045465103513
-3.049999999999979	0.004211856126454724
-3.039999999999979	0.004336467819708502
-3.0299999999999794	0.004464361666239646
-3.0199999999999796	0.004595610809684414
-3.00999999999998	0.004730289610013414
-2.99999999999998	0.004868473651326428
-2.9899999999999802	0.005010239749266687
-2.9799999999999804	0.005155665958089223
-2.9699999999999807	0.005304831577338376
-2.959999999999981	0.00545781715810171
-2.949999999999981	0.005614704508865585
-2.9399999999999813	0.005775576700938561
-2.9299999999999815	0.0059405180734038825
-2.9199999999999817	0.006109614237613752
-2.909999999999982	0.006282952081220306
-2.899999999999982	0.006460619771671101
-2.8899999999999824	0.006642706759204452
-2.8799999999999826	0.00682930377931005
-2.869999999999983	0.007020502854694966
-2.859999999999983	0.0072163972965211
-2.849999999999983	0.00741708170524701
-2.8399999999999834	0.007622651970751522
-2.8299999999999836	0.007833205271870607
-2.819999999999984	0.008048840075296933
-2.809999999999984	0.008269656133821962
-2.7999999999999843	0.008495754483889598
-2.7899999999999845	0.008727237442491447
-2.7799999999999847	0.008964208603326801
-2.769999999999985	0.009206772832232576
-2.759999999999985	0.00945503626187519
-2.7499999999999853	0.009709106285760808
-2.7399999999999856	0.009969091551254163
-2.7299999999999858	0.010235101952030022
-2.719999999999986	0.010507248619589713
-2.709999999999986	0.01078564391395401
-2.6999999999999864	0.01107040141352781
-2.6899999999999866	0.01136163590409047
-2.679999999999987	0.011659463366878783
-2.669999999999987	0.011964000965789966
-2.6599999999999873	0.012275367033665838
-2.6499999999999875	0.012593681057608374
-2.6399999999999877	0.01291906366337165
-2.629999999999988	0.013251636598781959
-2.619999999999988	0.01359152271614186
-2.6099999999999883	0.01393884595365302
-2.5999999999999885	0.014293731315826856
-2.5899999999999888	0.01465630485283151
-2.579999999999989	0.01502669363880065
-2.569999999999989	0.015405025749091335
-2.5599999999999894	0.01579143023643531
-2.5499999999999896	0.01618603710600146
-2.53999999999999	0.01658897728936966
-2.52999999999999	0.017000382617349007
-2.5199999999999902	0.017420385791674244
-2.5099999999999905	0.01784912035555924
-2.4999999999999907	0.018286720663078508
-2.489999999999991	0.018733321847362525
-2.479999999999991	0.01918905978764411
-2.4699999999999913	0.01965407107507128
-2.4599999999999915	0.020128492977320278
-2.4499999999999917	0.020612463402012206
-2.439999999999992	0.02110612085888613
-2.429999999999992	0.021609604420723266
-2.4199999999999924	0.022123053683061205
-2.4099999999999926	0.02264660872263944
-2.399999999999993	0.02318041005457123
-2.389999999999993	0.02372459858828536
-2.3799999999999932	0.024279315582184092
-2.3699999999999934	0.024844702597007034
-2.3599999999999937	0.025420901447950124
-2.349999999999994	0.02600805415549609
-2.339999999999994	0.02660630289493425
-2.3299999999999943	0.02721578994462974
-2.3199999999999945	0.027836657633003175
-2.3099999999999947	0.028469048284201746
-2.299999999999995	0.029113104162518187
-2.289999999999995	0.02976896741547191
-2.2799999999999954	0.030436780015713902
-2.2699999999999956	0.031116683701542743
-2.259999999999996	0.03180881991622666
-2.249999999999996	0.032513329746020427
-2.239999999999996	0.03323035385693877
-2.2299999999999964	0.03396003243029887
-2.2199999999999966	0.03470250509698587
-2.209999999999997	0.035457910870500396
-2.199999999999997	0.03622638807881097
-2.1899999999999973	0.037008074294961855
-2.1799999999999975	0.03780310626649219
-2.1699999999999977	0.03861161984370737
-2.159999999999998	0.03943374990674528
-2.149999999999998	0.040269630291504335
-2.1399999999999983	0.04111939371447013
-2.1299999999999986	0.041983171696364105
-2.1199999999999988	0.04286109448478101
-2.109999999999999	0.04375329097569621
-2.099999999999999	0.04465988863395451
-2.0899999999999994	0.04558101341270126
-2.0799999999999996	0.046516789671858016
-2.07	0.04746734009560407
-2.06	0.048432785608887884
-2.0500000000000003	0.049413245293059835
-2.0400000000000005	0.050408836300606885
-2.0300000000000007	0.05141967376899965
-2.020000000000001	0.052445870733758976
-2.010000000000001	0.05348753804070705
-2.0000000000000013	0.05454478425746384
-1.9900000000000015	0.05561771558422642
-1.9800000000000015	0.05670643576388244
-1.9700000000000015	0.05781104599144135
-1.9600000000000015	0.058931644822892475
-1.9500000000000015	0.060068328083508184
-1.9400000000000015	0.06122118877558795
-1.9300000000000015	0.062390316985752314
-1.9200000000000015	0.06357579979182176
-1.9100000000000015	0.06477772116926658
-1.9000000000000015	0.06599616189734221
-1.8900000000000015	0.0672311994649485
-1.8800000000000014	0.0684829079762165
-1.8700000000000014	0.06975135805591627
-1.8600000000000014	0.07103661675474926
-1.8500000000000014	0.07233874745452552
-1.8400000000000014	0.07365780977331031
-1.8300000000000014	0.07499385947062913
-1.8200000000000014	0.07634694835271968
-1.8100000000000014	0.07771712417792179
-1.8000000000000014	0.0791044305622627
-1.7900000000000014	0.08050890688535306
-1.7800000000000014	0.08193058819650019
-1.7700000000000014	0.08336950512127841
-1.7600000000000013	0.08482568376850823
-1.7500000000000013	0.08629914563772144
-1.7400000000000013	0.08778990752722393
-1.7300000000000013	0.08929798144277543
-1.7200000000000013	0.09082337450693759
-1.7100000000000013	0.09236608886922502
-1.7000000000000013	0.09392612161707836
-1.6900000000000013	0.0955034646876881
-1.6800000000000013	0.09709810478083376
-1.6700000000000013	0.09871002327275961
-1.6600000000000013	0.10033919613105656
-1.6500000000000012	0.10198559383085483
-1.6400000000000012	0.10364918127217015
-1.6300000000000012	0.10532991769855585
-1.6200000000000012	0.10702775661717609
-1.6100000000000012	0.10874264572031984
-1.6000000000000012	0.11047452680842729
-1.5900000000000012	0.1122233357147129
-1.5800000000000012	0.11398900223146757
-1.5700000000000012	0.11577145003810864
-1.5600000000000012	0.1175705966309904
-1.5500000000000012	0.11938635325516134
-1.5400000000000011	0.12121862483803283
-1.5300000000000011	0.12306730992507015
-1.5200000000000011	0.12493230061763323
-1.5100000000000011	0.1268134825129284
-1.500000000000001	0.1287107346461842
-1.490000000000001	0.13062392943519838
-1.480000000000001	0.13255293262723894
-1.470000000000001	0.13449760324835028
-1.460000000000001	0.13645779355524879
-1.450000000000001	0.13843334898971302
-1.440000000000001	0.1404241081357321
-1.430000000000001	0.14242990267924127
-1.420000000000001	0.14445055737079646
-1.410000000000001	0.14648588999099277
-1.400000000000001	0.14853571131871285
-1.390000000000001	0.15059982510259015
-1.380000000000001	0.15267802803527303
-1.370000000000001	0.1547701097310657
-1.360000000000001	0.1568758527063319
-1.350000000000001	0.15899503236326434
-1.340000000000001	0.16112741697734315
-1.330000000000001	0.16327276768751467
-1.320000000000001	0.16543083849004558
-1.310000000000001	0.16760137623566182
-1.300000000000001	0.16978412063040646
-1.290000000000001	0.17197880424013454
-1.280000000000001	0.17418515249788635
-1.270000000000001	0.17640288371574936
-1.260000000000001	0.17863170909909454
-1.2500000000000009	0.18087133276755216
-1.2400000000000009	0.18312145177496136
-1.2300000000000009	0.1853817561375306
-1.2200000000000009	0.1876519288634976
-1.2100000000000009	0.18993164598722578
-1.2000000000000008	0.19222057660717082
-1.1900000000000008	0.19451838292774154
-1.1800000000000008	0.19682472030515866
-1.1700000000000008	0.19913923729722915
-1.1600000000000008	0.20146157571709397
-1.1500000000000008	0.20379137069107098
-1.1400000000000008	0.20612825072044974
-1.1300000000000008	0.2084718377473113
-1.1200000000000008	0.21082174722449515
-1.1100000000000008	0.21317758818956323
-1.1000000000000008	0.21553896334278083
-1.0900000000000007	0.21790546912928355
-1.0800000000000007	0.2202766958252522
-1.0700000000000007	0.22265222762809206
-1.0600000000000007	0.22503164275086376
-1.0500000000000007	0.227414513520599
-1.0400000000000007	0.22980040648069805
-1.0300000000000007	0.23218888249740643
-1.0200000000000007	0.23457949687028887
-1.0100000000000007	0.23697179944667288
-1.0000000000000007	0.23936533474014063
-0.9900000000000007	0.24175964205287553
-0.9800000000000006	0.24415425560194656
-0.9700000000000006	0.24654870464957482
-0.9600000000000006	0.24894251363715994
-0.9500000000000006	0.25133520232311085
-0.9400000000000006	0.2537262859245485
-0.9300000000000006	0.25611527526267003
-0.9200000000000006	0.25850167691177367
-0.9100000000000006	0.2608849933519994
-0.9000000000000006	0.2632647231256073
-0.8900000000000006	0.265640360996745
-0.8800000000000006	0.26801139811485336
-0.8700000000000006	0.2703773221809555
-0.8600000000000005	0.272737617618092
-0.8500000000000005	0.27509176574490174
-0.8400000000000005	0.27743924495121924
-0.8300000000000005	0.2797795308779893
-0.8200000000000005	0.28211209660056275
-0.8100000000000005	0.2844364128137236
-0.8000000000000005	0.2867519480205765
-0.7900000000000005	0.2890581687231427
-0.7800000000000005	0.2913545396175291
-0.7700000000000005	0.29364052378976313
-0.7600000000000005	0.29591558291517933
-0.7500000000000004	0.2981791774602291
-0.7400000000000004	0.30043076688637427
-0.7300000000000004	0.3026698098561724
-0.7200000000000004	0.3048957644417602
-0.7100000000000004	0.30710808833519226
-0.7000000000000004	0.3093062390606533
-0.6900000000000004	0.31148967418859164
-0.6800000000000004	0.3136578515515373
-0.6700000000000004	0.31581022946140735
-0.6600000000000004	0.3179462669283641
-0.6500000000000004	0.3200654238809558
-0.6400000000000003	0.3221671613875371
-0.6300000000000003	0.3242509418787588
-0.6200000000000003	0.3263162293710042
-0.6100000000000003	0.32836248969074533
-0.6000000000000003	0.3303891906995616
-0.5900000000000003	0.3323958025198286
-0.5800000000000003	0.3343817977603049
-0.5700000000000003	0.33634665174429135
-0.5600000000000003	0.33828984273378465
-0.5500000000000003	0.34021085215780783
-0.5400000000000003	0.34210916483859355
-0.5300000000000002	0.3439842692181062
-0.5200000000000002	0.34583565758398915
-0.5100000000000002	0.3476628262952878
-0.5000000000000002	0.3494652760073663
-0.49000000000000027	0.3512425118961647
-0.48000000000000026	0.3529940438815294
-0.47000000000000025	0.3547193868495398
-0.46000000000000024	0.3564180608736117
-0.45000000000000023	0.35808959143434327
-0.4400000000000002	0.35973350963790435
-0.4300000000000002	0.3613493524327956
-0.4200000000000002	0.3629366628249145
-0.4100000000000002	0.3644949900907787
-0.4000000000000002	0.3660238899886915
-0.3900000000000002	0.3675229249678027
-0.38000000000000017	0.3689916643748977
-0.37000000000000016	0.37042968465876136
-0.36000000000000015	0.37183656957198996
-0.35000000000000014	0.3732119103701518
-0.34000000000000014	0.374555306008111
-0.3300000000000001	0.375866363333405
-0.3200000000000001	0.37714469727659217
-0.3100000000000001	0.3783899310383537
-0.3000000000000001	0.379601696273279
-0.2900000000000001	0.38077963327023523
-0.2800000000000001	0.38192339112912876
-0.2700000000000001	0.3830326279339643
-0.26000000000000006	0.38410701092213584
-0.25000000000000006	0.3851462166497617
-0.24000000000000007	0.3861499311529557
-0.23000000000000007	0.3871178501049882
-0.22000000000000006	0.3880496789691629
-0.21000000000000005	0.3889451331473047
-0.20000000000000004	0.38980393812379416
-0.19000000000000003	0.390625829605034
-0.18000000000000002	0.39141055365420097
-0.17	0.3921578668212643
-0.16	0.392867536268139
-0.15	0.3935393398888519
-0.13999999999999999	0.39417306642470074
-0.12999999999999998	0.3947685155742967
-0.11999999999999998	0.395325498097989
-0.10999999999999999	0.3958438359189252
-0.09999999999999999	0.3963233622149958
-0.09	0.39676392150910433
-0.08	0.3971653697520743
-0.07	0.3975275744004082
-0.060000000000000005	0.39785041448840436
-0.05	0.3981337806946265
-0.04	0.39837757540268237
-0.03	0.3985817127562129
-0.02	0.39874611870808474
-0.01	0.3988707310637757
0	0.39895549951884945
0.01	0.39900038569052737
0.02	0.3990053631433607
0.03	0.3989704174089202
0.04	0.39889554599950566
0.05	0.39878075841590294
0.060000000000000005	0.3986260761491214
0.07	0.39843153267611875
0.08	0.3981971734495524
0.09	0.39792305588151333
0.09999999999999999	0.39760924932125435
0.10999999999999999	0.39725583502694917
0.11999999999999998	0.3968629061314971
0.12999999999999998	0.3964305676023381
0.13999999999999999	0.39595893619537936
0.15	0.3954481404030237
0.16	0.39489832039667183
0.17	0.3943096279615742
0.18000000000000002	0.39368222642959855
0.19000000000000003	0.39301629060251586
0.20000000000000004	0.3923120066714785
0.21000000000000005	0.39156957213046945
0.22000000000000006	0.39078919568415427
0.23000000000000007	0.3899710971502138
0.24000000000000007	0.389115507356225
0.25000000000000006	0.38822266803111877
0.26000000000000006	0.38729283169132367
0.2700000000000001	0.38632626152167826
0.2800000000000001	0.3853232312511404
0.2900000000000001	0.38428402502342035
0.3000000000000001	0.38320893726262195
0.3100000000000001	0.382098272533957
0.3200000000000001	0.38095234539962536
0.3300000000000001	0.3797714802700021
0.34000000000000014	0.37855601125017013
0.35000000000000014	0.37730628198192173
0.36000000000000015	0.3760226454813669
0.37000000000000016	0.3747054639722095
0.38000000000000017	0.37335510871480954
0.3900000000000002	0.3719719598311869
0.4000000000000002	0.3705564061260322
0.4100000000000002	0.369108844903854
0.4200000000000002	0.36762968178240735
0.4300000000000002	0.36611933050251816
0.4400000000000002	0.36457821273438684
0.45000000000000023	0.3630067578805723
0.46000000000000024	0.36140540287573
0.47000000000000025	0.3597745919832434
0.48000000000000026	0.35811477658890595
0.49000000000000027	0.3564264149917759
0.5000000000000002	0.3547099721923133
0.5100000000000002	0.3529659196779851
0.5200000000000002	0.35119473520645134
0.5300000000000002	0.34939690258645545
0.5400000000000003	0.3475729114565973
0.5500000000000003	0.345723257062119
0.5600000000000003	0.34384844002981696
0.5700000000000003	0.34194896614126136
0.5800000000000003	0.3400253461044678
0.5900000000000003	0.338078095324126
0.6000000000000003	0.33610773367056856
0.6100000000000003	0.3341147852479807
0.6200000000000003	0.3320997781598346
0.6300000000000003	0.3300632442770525
0.6400000000000003	0.32800571900193554
0.6500000000000004	0.32592774103330924
0.6600000000000004	0.32382985213091936
0.6700000000000004	0.3217125968795883
0.6800000000000004	0.319576522453252
0.6900000000000004	0.3174221783790142
0.7000000000000004	0.315250116301418
0.7100000000000004	0.31306088974699603
0.7200000000000004	0.310855053889295
0.7300000000000004	0.30863316531450397
0.7400000000000004	0.30639578178781607
0.7500000000000004	0.30414346202064924
0.7600000000000005	0.30187676543889885
0.7700000000000005	0.2995962519523218
0.7800000000000005	0.29730248172519363
0.7900000000000005	0.294996014948377
0.8000000000000005	0.29267741161293137
0.8100000000000005	0.29034723128536705
0.8200000000000005	0.28800603288470034
0.8300000000000005	0.28565437446142106
0.8400000000000005	0.28329281297847425
0.8500000000000005	0.2809219040944009
0.8600000000000005	0.27854220194875673
0.8700000000000006	0.27615425894988016
0.8800000000000006	0.27375862556516767
0.8900000000000006	0.2713558501139565
0.9000000000000006	0.26894647856308235
0.9100000000000006	0.2665310543252712
0.9200000000000006	0.26411011806042667
0.9300000000000006	0.26168420747992543
0.9400000000000006	0.25925385715399935
0.9500000000000006	0.25681959832233936
0.9600000000000006	0.25438195870794994
0.9700000000000006	0.2519414623343724
0.9800000000000006	0.2494986293463819
0.9900000000000007	0.2470539758341846
1.0000000000000007	0.24460801366122356
1.0100000000000007	0.2421612502956824
1.0200000000000007	0.23971418864571173
1.0300000000000007	0.23726732689847926
1.0400000000000007	0.23482115836310335
1.0500000000000007	0.23237617131751798
1.0600000000000007	0.22993284885932058
1.0700000000000007	0.22749166876068858
1.0800000000000007	0.22505310332738648
1.0900000000000007	0.22261761926189674
1.1000000000000008	0.22018567753076804
1.1100000000000008	0.21775773323617742
1.1200000000000008	0.2153342354917462
1.1300000000000008	0.21291562730266242
1.1400000000000008	0.21050234545013966
1.1500000000000008	0.20809482038020113
1.1600000000000008	0.20569347609686175
1.1700000000000008	0.20329873005970506
1.1800000000000008	0.20091099308585683
1.1900000000000008	0.19853066925638974
1.2000000000000008	0.1961581558271792
1.2100000000000009	0.19379384314416526
1.2200000000000009	0.19143811456308965
1.2300000000000009	0.18909134637366762
1.2400000000000009	0.18675390772819195
1.2500000000000009	0.18442616057457578
1.260000000000001	0.1821084595938375
1.270000000000001	0.17980115214197334
1.280000000000001	0.1775045781962418
1.290000000000001	0.17521907030582817
1.300000000000001	0.17294495354686773
1.310000000000001	0.1706825454817881
1.320000000000001	0.16843215612298637
1.330000000000001	0.16619408790076515
1.340000000000001	0.16396863563551103
1.350000000000001	0.16175608651410334
1.360000000000001	0.1595567200704832
1.370000000000001	0.15737080817034638
1.380000000000001	0.15519861499995014
1.390000000000001	0.15304039705895275
1.400000000000001	0.15089640315724961
1.410000000000001	0.1487668744157642
1.420000000000001	0.14665204427114403
1.430000000000001	0.1445521384842822
1.440000000000001	0.14246737515264313
1.450000000000001	0.1403979647263224
1.460000000000001	0.1383441100277563
1.470000000000001	0.13630600627506423
1.480000000000001	0.1342838411089328
1.490000000000001	0.13227779462297115
1.500000000000001	0.1302880393974881
1.5100000000000011	0.12831474053663044
1.5200000000000011	0.12635805570877293
1.5300000000000011	0.12441813519013176
1.5400000000000011	0.12249512191151973
1.5500000000000012	0.12058915150814634
1.5600000000000012	0.11870035237241122
1.5700000000000012	0.11682884570962403
1.5800000000000012	0.11497474559653413
1.5900000000000012	0.11313815904263885
1.6000000000000012	0.11131918605416329
1.6100000000000012	0.1095179197006415
1.6200000000000012	0.10773444618401326
1.6300000000000012	0.10596884491017446
1.6400000000000012	0.10422118856287955
1.6500000000000012	0.10249154317991042
1.6600000000000013	0.10077996823147072
1.6700000000000013	0.09908651670066763
1.6800000000000013	0.0974112351660366
1.6900000000000013	0.09575416388601793
1.7000000000000013	0.09411533688530145
1.7100000000000013	0.09249478204294094
1.7200000000000013	0.09089252118219758
1.7300000000000013	0.08930857016197832
1.7400000000000013	0.08774293896981464
1.7500000000000013	0.0861956318163362
1.7600000000000013	0.08466664723104154
1.7700000000000014	0.08315597815942537
1.7800000000000014	0.08166361206129444
1.7900000000000014	0.08018953101022068
1.8000000000000014	0.07873371179402958
1.8100000000000014	0.07729612601627077
1.8200000000000014	0.07587674019859172
1.8300000000000014	0.07447551588389764
1.8400000000000014	0.07309240974027363
1.8500000000000014	0.07172737366556012
1.8600000000000014	0.07038035489250247
1.8700000000000014	0.06905129609442053
1.8800000000000014	0.06774013549133841
1.8900000000000015	0.0664468069564102
1.9000000000000015	0.06517124012270596
1.9100000000000015	0.0639133604901891
1.9200000000000015	0.06267308953284678
1.9300000000000015	0.0614503448058966
1.9400000000000015	0.060245040053029164
1.9500000000000015	0.059057085313578624
1.9600000000000015	0.05788638702958783
1.9700000000000015	0.05673284815269087
1.9800000000000015	0.055596368250764173
1.9900000000000015	0.054476843614254526
2.0000000000000013	0.053374167362167615
2.010000000000001	0.052288229547628094
2.020000000000001	0.051218917262949075
2.0300000000000007	0.050166114744198305
2.0400000000000005	0.04912970347515347
2.0500000000000003	0.04810956229062467
2.06	0.04710556747909841
2.07	0.046117592884632075
2.0799999999999996	0.045145510007957995
2.0899999999999994	0.044189188106766454
2.099999999999999	0.043248494295102066
2.109999999999999	0.0423232936418398
2.1199999999999988	0.041413449268196734
2.1299999999999986	0.04051882244424013
2.1399999999999983	0.039639272684348005
2.149999999999998	0.0387746578416194
2.159999999999998	0.03792483420110166
2.1699999999999977	0.03708965657193914
2.1799999999999975	0.036268978378297526
2.1899999999999973	0.03546265174908915
2.199999999999997	0.03467052760644886
2.209999999999997	0.03389245575293883
2.2199999999999966	0.03312828495745549
2.2299999999999964	0.032377863039817205
2.239999999999996	0.03164103695398983
2.249999999999996	0.030917652869962713
2.259999999999996	0.03020755625422093
2.2699999999999956	0.02951059194880997
2.2799999999999954	0.028826604248976474
2.289999999999995	0.0281554369793646
2.299999999999995	0.02749693356873412
2.3099999999999947	0.026850937123279694
2.3199999999999945	0.026217290498337372
2.3299999999999943	0.02559583636870438
2.339999999999994	0.02498641729741821
2.349999999999994	0.024388875803017143
2.3599999999999937	0.023803054425277356
2.3699999999999934	0.02322879578943783
2.3799999999999932	0.022665942668879627
2.389999999999993	0.022114338046281417
2.399999999999993	0.021573825173229835
2.4099999999999926	0.021044247628299602
2.4199999999999924	0.02052544937358908
2.429999999999992	0.020017274809727925
2.439999999999992	0.019519568829339907
2.4499999999999917	0.019032176868985954
2.4599999999999915	0.018554944959568463
2.4699999999999913	0.018087719775232373
2.479999999999991	0.017630348680730525
2.489999999999991	0.01718267977729238
2.4999999999999907	0.016744561947003557
2.5099999999999905	0.016315844895672074
2.5199999999999902	0.015896379194232587
2.52999999999999	0.015486016318674469
2.53999999999999	0.015084608688511683
2.5499999999999896	0.01469200970380746
2.5599999999999894	0.014308073780768633
2.569999999999989	0.013932656385916363
2.579999999999989	0.013565614068856667
2.5899999999999888	0.013206804493658892
2.5999999999999885	0.012856086468862491
2.6099999999999883	0.012513319976123344
2.619999999999988	0.012178366197524697
2.629999999999988	0.0118510875415595
2.6399999999999877	0.011531347667809366
2.6499999999999875	0.011219011510340772
2.6599999999999873	0.01091394529984867
2.669999999999987	0.010616016584444936
2.679999999999987	0.010325094249441195
2.6899999999999866	0.010041048535695082
2.6999999999999864	0.009763751056884557
2.709999999999986	0.009493074815590185
2.719999999999986	0.009228894218251455
2.7299999999999858	0.008971085088892926
2.7399999999999856	0.008719524681958699
2.7499999999999853	0.008474091693851786
2.759999999999985	0.00823466627351896
2.769999999999985	0.008001130031977536
2.7799999999999847	0.0077733660508293905
2.7899999999999845	0.007551258889777088
2.7999999999999843	0.007334694593167708
2.809999999999984	0.007123560695602394
2.819999999999984	0.006917746226600159
2.8299999999999836	0.006717141714373557
2.8399999999999834	0.006521639188724802
2.849999999999983	0.006331132183075365
2.859999999999983	0.0061455157356682276
2.869999999999983	0.0059646863899605
2.8799999999999826	0.005788542194220641
2.8899999999999824	0.005616982700363653
2.899999999999982	0.005449908962042095
2.909999999999982	0.005287223532018238
2.9199999999999817	0.005128830458830084
2.9299999999999815	0.00497463528278975
2.9399999999999813	0.004824545031319039
2.949999999999981	0.004678468213659271
2.959999999999981	0.004536314814962448
2.9699999999999807	0.0043979962898021115
2.9799999999999804	0.004263425555106053
2.9899999999999802	0.004132516982547721
2.99999999999998	0.004005186390411839
3.00999999999998	0.003881351034950424
3.0199999999999796	0.003760929601255258
3.0299999999999794	0.0036438421936679974
3.039999999999979	0.0035300103257401997
3.049999999999979	0.0034193569097711626
3.0599999999999787	0.0033118062459384467
3.0699999999999785	0.0032072840110411067
3.0799999999999783	0.00310571724687373
3.089999999999978	0.003007034348253342
3.099999999999978	0.002911165050710732
3.1099999999999777	0.002818040417867047
3.1199999999999775	0.0027275928285248902
3.1299999999999772	0.0026397559634586485
3.139999999999977	0.002554464791964109
3.149999999999977	0.002471655558154739
3.1599999999999766	0.00239126576702044
3.1699999999999764	0.0023132341702808376
3.179999999999976	0.0022375007520422517
3.189999999999976	0.0021640067142617387
3.1999999999999758	0.002092694462053201
3.2099999999999755	0.0020235075888325044
3.2199999999999753	0.0019563908613289224
3.229999999999975	0.0018912902044638216
3.239999999999975	0.001828152686124274
3.2499999999999747	0.0017669265018303
3.2599999999999745	0.0017075609593223617
3.2699999999999743	0.0016500064630685883
3.279999999999974	0.0015942144986965708
3.289999999999974	0.0015401376174664964
3.2999999999999736	0.0014877294205153913
3.3099999999999734	0.0014369445432624165
3.319999999999973	0.0013877386397058104
3.329999999999973	0.0013400683667275234
3.3399999999999728	0.0012938913684070476
3.3499999999999726	0.0012491662603167587
3.3599999999999723	0.0012058526139536554
3.369999999999972	0.0011639109409911533
3.379999999999972	0.0011233026777749762
3.3899999999999717	0.001083990169766798
3.3999999999999715	0.0010459366560688736
3.4099999999999713	0.001009106253998217
3.419999999999971	0.0009734639437516095
3.429999999999971	0.000938975553135367
3.4399999999999706	0.0009056077423850406
3.4499999999999704	0.0008733279891379031
3.45999999999997	0.0008421045732003729
3.46999999999997	0.0008119065620244434
3.47999999999997	0.0007827037956896427
3.4899999999999696	0.0007544668723036384
3.4999999999999694	0.0007271671334582104
3.509999999999969	0.0007007766498797941
3.519999999999969	0.0006752682068916201
3.5299999999999687	0.0006506152906393277
3.5399999999999685	0.0006267920738242827
3.5499999999999683	0.0006037734018985872
3.559999999999968	0.0005815347793381014
3.569999999999968	0.0005600523560671031
3.5799999999999677	0.0005393029140326541
3.5899999999999674	0.0005192638539403881
3.5999999999999672	0.0004999131821405847
3.609999999999967	0.0004812294976708317
3.619999999999967	0.0004631919794872022
3.6299999999999666	0.0004457803738226298
3.6399999999999664	0.00042897498174124704
3.649999999999966	0.00041275664684977537
3.659999999999966	0.0003971067431766026
3.6699999999999657	0.00038200716322293605
3.6799999999999655	0.0003674403061994666
3.6899999999999653	0.0003533890664160601
3.699999999999965	0.0003398368218580032
3.709999999999965	0.0003267674229365913
3.7199999999999647	0.000314165181411811
3.7299999999999645	0.0003020148594902402
3.7399999999999642	0.0002903016591044385
3.749999999999964	0.00027901121136250846
3.759999999999964	0.00026812956617779
3.7699999999999636	0.00025764318207155586
3.7799999999999634	0.0002475389161554346
3.789999999999963	0.00023780401428169084
3.799999999999963	0.00022842610137751315
3.8099999999999627	0.00021939317194773214
3.8199999999999625	0.00021069358074992615
3.8299999999999623	0.0002023160336467256
3.839999999999962	0.00019424957862736308
3.849999999999962	0.00018648359699519943
3.8599999999999617	0.00017900779473682766
3.8699999999999615	0.00017181219404560231
3.8799999999999613	0.000164887125012935
3.889999999999961	0.00015822321752349404
3.899999999999961	0.00015181139322632725
3.9099999999999606	0.0001456428577857417
3.9199999999999604	0.00013970909318186998
3.92999999999996	0.00013400185025441954
3.93999999999996	0.00012851314134750973
3.9499999999999598	0.0001232352331608516
3.9599999999999596	0.00011816063971666586
3.9699999999999593	0.00011328211548396968
3.979999999999959	0.000108592648682705
3.989999999999959	0.00010408545470553079
3.9999999999999587	0.00009975396969844402
4.009999999999959	0.00009559184429163948
4.019999999999959	0.00009159293746620043
4.0299999999999585	0.00008775131056815849
4.039999999999958	0.00008406122145525308
4.049999999999958	0.00008051711878984924
4.059999999999958	0.00007711363645860791
4.069999999999958	0.00007384558813327968
4.079999999999957	0.00007070796195536519
4.089999999999957	0.00006769591535755628
4.099999999999957	0.00006480477000266284
4.109999999999957	0.0000620300068592892
4.119999999999957	0.000059367261391442944
4.129999999999956	0.00005681231887055122
4.139999999999956	0.000054361109809142136
4.149999999999956	0.00005200970551038847
4.159999999999956	0.000049754313727266095
4.1699999999999555	0.000047591274442102337
4.179999999999955	0.00004551705574975484
4.189999999999955	0.00004352824985112271
4.199999999999955	0.00004162156915531111
4.209999999999955	0.000039793842481255
4.2199999999999545	0.00003804201136197039
4.229999999999954	0.00003636312645755687
4.239999999999954	0.00003475434405065097
4.249999999999954	0.00003321292265136797
4.259999999999954	0.000031736219686212834
4.269999999999953	0.000030321688290211867
4.279999999999953	0.00002896687417322589
4.289999999999953	0.0000276694125925113
4.299999999999953	0.000026427025395934253
4.3099999999999525	0.00002523751815974424
4.319999999999952	0.000024098777400759355
4.329999999999952	0.000023008767873418585
4.339999999999952	0.00002196552994937165
4.349999999999952	0.00002096717706105628
4.3599999999999515	0.00002001189323594617
4.369999999999951	0.000019097930690885406
4.379999999999951	0.000018223607507988093
4.389999999999951	0.000017387305372270176
4.399999999999951	0.000016587467382865048
4.40999999999995	0.000015822595926905043
4.41999999999995	0.000015091250622186839
4.42999999999995	0.00001439204631888082
4.43999999999995	0.000013723651162555653
4.4499999999999496	0.000013084784725384528
4.459999999999949	0.00001247421618260788
4.469999999999949	0.000011890762556636269
4.479999999999949	0.000011333287012748103
4.489999999999949	0.000010800697206204416
4.4999999999999485	0.000010291943688248202
4.509999999999948	9.806018356893781e-6
4.519999999999948	9.34195296029912e-6
4.529999999999948	8.898817649403628e-6
4.539999999999948	8.475719577383047e-6
4.549999999999947	8.071801539113354e-6
4.559999999999947	7.686240667744658e-6
4.569999999999947	7.3182471632521115e-6
4.579999999999947	6.967063063322142e-6
4.589999999999947	6.631961066176988e-6
4.599999999999946	6.312243377708661e-6
4.609999999999946	6.007240612070248e-6
4.619999999999946	5.716310721369565e-6
4.629999999999946	5.438837947843147e-6
4.6399999999999455	5.174231852729646e-6
4.649999999999945	4.921926335104608e-6
4.659999999999945	4.681378708759255e-6
4.669999999999945	4.452068792701005e-6
4.679999999999945	4.233498062820016e-6
4.689999999999944	4.0251888037214e-6
4.699999999999944	3.826683308856578e-6
4.709999999999944	3.6375430857976393e-6
4.719999999999944	3.457348128319917e-6
4.729999999999944	3.285696178394031e-6
4.739999999999943	3.1222020336896792e-6
4.749999999999943	2.9664968613775936e-6
4.759999999999943	2.8182275695227226e-6
4.769999999999943	2.677056157327834e-6
4.7799999999999425	2.5426591592277727e-6
4.789999999999942	2.4147270001512704e-6
4.799999999999942	2.292963465697963e-6
4.809999999999942	2.17708520078579e-6
4.819999999999942	2.0668211001772e-6
4.8299999999999415	1.9619119383155987e-6
4.839999999999941	1.862109731606465e-6
4.849999999999941	1.7671774405716554e-6
4.859999999999941	1.676888385223699e-6
4.869999999999941	1.5910258827906777e-6
4.87999999999994	1.5093828407300218e-6
4.88999999999994	1.4317613309207071e-6
4.89999999999994	1.3579722336553764e-6
4.90999999999994	1.2878348549981148e-6
4.9199999999999395	1.2211765829998945e-6
4.929999999999939	1.1578325392657178e-6
4.939999999999939	1.0976452637992392e-6
4.949999999999939	1.0404643927754835e-6
4.959999999999939	9.861463615897352e-7
4.9699999999999385	9.345541131018764e-7
4.979999999999938	8.85556828426137e-7
4.989999999999938	8.390296537147258e-7
4.999999999999938	7.94853438548368e-7
5.009999999999938	7.52914499169211e-7
5.019999999999937	7.131043762109403e-7
5.029999999999937	6.75319616370351e-7
5.039999999999937	6.394615493999144e-7
5.049999999999937	6.054360751294392e-7
5.0599999999999365	5.731534702518392e-7
5.069999999999936	5.425281941377774e-7
5.079999999999936	5.134787048597219e-7
5.089999999999936	4.85927287597648e-7
5.099999999999936	4.5979986385476626e-7
5.1099999999999355	4.3502586209124273e-7
5.119999999999935	4.1153804013105863e-7
5.129999999999935	3.892723415459894e-7
5.139999999999935	3.6816775119816446e-7
5.149999999999935	3.481661635712228e-7
5.159999999999934	3.29212252435478e-7
5.169999999999934	3.112533245214394e-7
5.179999999999934	2.9423923085344475e-7
5.189999999999934	2.7812221569029235e-7
5.199999999999934	2.628568773504381e-7
5.209999999999933	2.483999627805502e-7
5.219999999999933	2.347103377311081e-7
5.229999999999933	2.2174885978100284e-7
5.239999999999933	2.0947829535990798e-7
5.2499999999999325	1.9786323865845424e-7
5.259999999999932	1.8687003264667214e-7
5.269999999999932	1.764666306718237e-7
5.279999999999932	1.6662261144069246e-7
5.289999999999932	1.5730903430765853e-7
5.299999999999931	1.4849839519751155e-7
5.309999999999931	1.401645225505122e-7
5.319999999999931	1.3228265775922741e-7
5.329999999999931	1.248291468062996e-7
5.339999999999931	1.177815894606224e-7
5.34999999999993	1.1111867403040737e-7
5.35999999999993	1.048201739907469e-7
5.36999999999993	9.886693398227136e-8