-5.6699999999999235	9.608981959233569e-8
-5.659999999999924	1.0121843874493549e-7
-5.649999999999924	1.0661189035720807e-7
-5.639999999999924	1.1228334024932439e-7
-5.629999999999924	1.18246616580234e-7
-5.619999999999925	1.2451615018489738e-7
-5.609999999999925	1.3110714821962986e-7
-5.599999999999925	1.380354955773994e-7
-5.589999999999925	1.4531778871055495e-7
-5.5799999999999255	1.5297146202698706e-7
-5.569999999999926	1.610147453347139e-7
-5.559999999999926	1.6946672367247668e-7
-5.549999999999926	1.7834743505326534e-7
-5.539999999999926	1.8767779012135362e-7
-5.5299999999999265	1.9747971088467083e-7
-5.519999999999927	2.0777612584485356e-7
-5.509999999999927	2.185910292593725e-7
-5.499999999999927	2.299495111044559e-7
-5.489999999999927	2.4187795369521296e-7
-5.479999999999928	2.544037716026781e-7
-5.469999999999928	2.675557626191795e-7
-5.459999999999928	2.8136402213689366e-7
-5.449999999999928	2.958600531060559e-7
-5.4399999999999284	3.1107670885773163e-7
-5.429999999999929	3.2704849463406525e-7
-5.419999999999929	3.438113880674345e-7
-5.409999999999929	3.614030310073786e-7
-5.399999999999929	3.798627824506741e-7
-5.3899999999999295	3.9923179041924795e-7
-5.37999999999993	4.1955305300955165e-7
-5.36999999999993	4.408715106431974e-7
-5.35999999999993	4.6323414156460144e-7
-5.34999999999993	4.866900299391721e-7
-5.339999999999931	5.11290461933429e-7
-5.329999999999931	5.370890193599497e-7
-5.319999999999931	5.64141676819405e-7
-5.309999999999931	5.925069029867465e-7
-5.299999999999931	6.222457658644255e-7
-5.289999999999932	6.534220417160779e-7
-5.279999999999932	6.861023294435685e-7
-5.269999999999932	7.203561675458499e-7
-5.259999999999932	7.562561563232172e-7
-5.2499999999999325	7.938780905084054e-7
-5.239999999999933	8.33301082304074e-7
-5.229999999999933	8.746077096867858e-7
-5.219999999999933	9.178841499533384e-7
-5.209999999999933	9.632203331751064e-7
-5.199999999999934	1.010710112170719e-6
-5.189999999999934	1.0604513714907497e-6
-5.179999999999934	1.112546227589744e-6
-5.169999999999934	1.1671012348916191e-6
-5.159999999999934	1.2242275139403485e-6
-5.149999999999935	1.284040954013548e-6
-5.139999999999935	1.3466624060103469e-6
-5.129999999999935	1.4122178819171065e-6
-5.119999999999935	1.4808387626544014e-6
-5.1099999999999355	1.5526620130570724e-6
-5.099999999999936	1.6278304046875268e-6
-5.089999999999936	1.7064927458033605e-6
-5.079999999999936	1.7888041268461851e-6
-5.069999999999936	1.8749261652909314e-6
-5.0599999999999365	1.965027258578141e-6
-5.049999999999937	2.0592828605250253e-6
-5.039999999999937	2.1578757536232974e-6
-5.029999999999937	2.2609963472576895e-6
-5.019999999999937	2.3688429303489193e-6
-5.009999999999938	2.4816220483653774e-6
-4.999999999999938	2.5995487902621694e-6
-4.989999999999938	2.7228470780617837e-6
-4.979999999999938	2.8517500772052823e-6
-4.9699999999999385	2.9865005372813664e-6
-4.959999999999939	3.127351108048723e-6
-4.949999999999939	3.274564794875991e-6
-4.939999999999939	3.4284152684571094e-6
-4.929999999999939	3.589187368004885e-6
-4.9199999999999395	3.7571774204075084e-6
-4.90999999999994	3.932693776114468e-6
-4.89999999999994	4.1160571766076775e-6
-4.88999999999994	4.307601271507764e-6
-4.87999999999994	4.507673080936161e-6
-4.869999999999941	4.7166335090725325e-6
-4.859999999999941	4.934857847331228e-6
-4.849999999999941	5.1627363140981e-6
-4.839999999999941	5.400674609577711e-6
-4.8299999999999415	5.649094485437304e-6
-4.819999999999942	5.9084343241498135e-6
-4.809999999999942	6.1791497661131e-6
-4.799999999999942	6.461714332027635e-6
-4.789999999999942	6.756620059014606e-6
-4.7799999999999425	7.0643782194831285e-6
-4.769999999999943	7.385519957534936e-6
-4.759999999999943	7.720597036703952e-6
-4.749999999999943	8.070182568080232e-6
-4.739999999999943	8.43487182034644e-6
-4.729999999999944	8.815282938684805e-6
-4.719999999999944	9.212057802535178e-6
-4.709999999999944	9.625862868440909e-6
-4.699999999999944	0.00001005739002161531
-4.689999999999944	0.000010507357482881177
-4.679999999999945	0.000010976510733861038
-4.669999999999945	0.000011465623463308723
-4.659999999999945	0.000011975498553322484
-4.649999999999945	0.000012506969101508373
-4.6399999999999455	0.000013060899458554811
-4.629999999999946	0.000013638186305733718
-4.619999999999946	0.000014239759777465494
-4.609999999999946	0.000014866584592762348
-4.599999999999946	0.000015519661254317282
-4.589999999999947	0.000016200027247624025
-4.579999999999947	0.000016908758301804102
-4.569999999999947	0.000017646969692847978
-4.559999999999947	0.00001841581755515209
-4.549999999999947	0.000019216500266970705
-4.539999999999948	0.000020050259851138802
-4.529999999999948	0.000020918383436281863
-4.519999999999948	0.000021822204753285607
-4.509999999999948	0.000022763105664333303
-4.4999999999999485	0.00002374251776004008
-4.489999999999949	0.00002476192398643586
-4.479999999999949	0.000025822860317179517
-4.469999999999949	0.000026926917487010888
-4.459999999999949	0.000028075742768288232
-4.4499999999999496	0.00002927104178728264
-4.43999999999995	0.000030514580406829802
-4.42999999999995	0.00003180818666376736
-4.41999999999995	0.000033153752742199647
-4.40999999999995	0.00003455323701803814
-4.399999999999951	0.000036008666162305736
-4.389999999999951	0.000037522137281466865
-4.379999999999951	0.00003909582013704576
-4.369999999999951	0.0000407319594258665
-4.3599999999999515	0.000042432877101166805
-4.349999999999952	0.00004420097477598748
-4.339999999999952	0.000046038736192941456
-4.329999999999952	0.00004794872973947774
-4.319999999999952	0.0000499336110472569
-4.3099999999999525	0.00005199612565624992
-4.299999999999953	0.000054139111744936476
-4.289999999999953	0.00005636550292908246
-4.279999999999953	0.000058678331144776804
-4.269999999999953	0.0000610807295937595
-4.259999999999954	0.00006357593576278783
-4.249999999999954	0.00006616729453520262
-4.239999999999954	0.00006885826136327248
-4.229999999999954	0.00007165240552210614
-4.2199999999999545	0.00007455341345800537
-4.209999999999955	0.00007756509220889358
-4.199999999999955	0.00008069137289883593
-4.189999999999955	0.00008393631434346092
-4.179999999999955	0.00008730410672305333
-4.1699999999999555	0.00009079907534090963
-4.159999999999956	0.00009442568448834745
-4.149999999999956	0.00009818854139208794
-4.139999999999956	0.00010209240024273805
-4.129999999999956	0.00010614216632753253
-4.119999999999957	0.00011034290030612588
-4.109999999999957	0.00011469982245910003
-4.099999999999957	0.000119218317165304
-4.089999999999957	0.0001239039374088842
-4.079999999999957	0.00012876240944105185
-4.069999999999958	0.00013379963744457587
-4.059999999999958	0.00013902170842178705
-4.049999999999958	0.00014443489710975303
-4.039999999999958	0.00015004567103140475
-4.0299999999999585	0.00015586069566042186
-4.019999999999959	0.00016188683967421097
-4.009999999999959	0.00016813118033236421
-3.9999999999999587	0.00017460100897562973
-3.989999999999959	0.0001813038366183452
-3.979999999999959	0.0001882473996670297
-3.9699999999999593	0.0001954396657687563
-3.9599999999999596	0.000202888839738734
-3.9499999999999598	0.00021060336965460615
-3.93999999999996	0.00021859195304859403
-3.92999999999996	0.00022686354319255002
-3.9199999999999604	0.00023542735556507437
-3.9099999999999606	0.0002442928743934403
-3.899999999999961	0.00025346985934317733
-3.889999999999961	0.0002629683523126074
-3.8799999999999613	0.00027279868438617565
-3.8699999999999615	0.0002829714828831815
-3.8599999999999617	0.00029349767854828927
-3.849999999999962	0.0003043885128750405
-3.839999999999962	0.00031565554555311134
-3.8299999999999623	0.000327310662036149
-3.8199999999999625	0.0003393660812615232
-3.8099999999999627	0.00035183436348684
-3.799999999999963	0.0003647284182569526
-3.789999999999963	0.00037806151251032754
-3.7799999999999634	0.0003918472788222668
-3.7699999999999636	0.00040609972375882494
-3.759999999999964	0.00042083323638291315
-3.749999999999964	0.00043606259690075417
-3.7399999999999642	0.0004518029854107446
-3.7299999999999645	0.00046806999080976534
-3.7199999999999647	0.00048487961983343595
-3.709999999999965	0.0005022483062093952
-3.699999999999965	0.0005201929199543519
-3.6899999999999653	0.0005387307768132884
-3.6799999999999655	0.0005578796478061894
-3.6699999999999657	0.0005776577689105718
-3.659999999999966	0.0005980838509018972
-3.649999999999966	0.0006191770892798537
-3.6399999999999664	0.0006409571743425618
-3.6299999999999666	0.0006634443013996975
-3.619999999999967	0.0006866591810816512
-3.609999999999967	0.0007106230497926941
-3.5999999999999672	0.0007353576802780266
-3.5899999999999674	0.0007608853923187646
-3.5799999999999677	0.0007872290634804299
-3.569999999999968	0.0008144121402262493
-3.559999999999968	0.0008424586486857716
-3.5499999999999683	0.0008713932059711743
-3.5399999999999685	0.0009012410314025457
-3.5299999999999687	0.0009320279578687912
-3.519999999999969	0.0009637804432410621
-3.509999999999969	0.0009965255821270615
-3.4999999999999694	0.0010302911172741177
-3.4899999999999696	0.0010651054514970886
-3.47999999999997	0.0011009976594889507
-3.46999999999997	0.001137997499766205
-3.45999999999997	0.0011761354266743834
-3.4499999999999704	0.0012154426024982405
-3.4399999999999706	0.0012559509096403006
-3.429999999999971	0.001297692962853174
-3.419999999999971	0.0013407021215584628
-3.4099999999999713	0.0013850125022235556
-3.3999999999999715	0.0014306589907378175
-3.3899999999999717	0.0014776772550601559
-3.379999999999972	0.0015261037575007661
-3.369999999999972	0.0015759757674378208
-3.3599999999999723	0.0016273313738728679
-3.3499999999999726	0.0016802094980668477
-3.3399999999999728	0.0017346499061705611
-3.329999999999973	0.001790693221838492
-3.319999999999973	0.0018483809390818398
-3.3099999999999734	0.0019077554346596311
-3.2999999999999736	0.0019688599809150765
-3.289999999999974	0.002031738758379205
-3.279999999999974	0.002096436868389882
-3.2699999999999743	0.0021630003456753564
-3.2599999999999745	0.002231476170921044
-3.2499999999999747	0.0023019122832654954
-3.239999999999975	0.0023743575927437964
-3.229999999999975	0.0024488619926830222
-3.2199999999999753	0.0025254763720078937
-3.2099999999999755	0.002604252627453589
-3.1999999999999758	0.002685243675711804
-3.189999999999976	0.0027685034654552246
-3.179999999999976	0.002854086989239891
-3.1699999999999764	0.002942050295304899
-3.1599999999999766	0.003032450499226398
-3.149999999999977	0.0031253457954112667
-3.139999999999977	0.00322079546845361
-3.1299999999999772	0.0033188599043189253
-3.1199999999999775	0.0034196006013258347
-3.1099999999999777	0.003523080180955978
-3.099999999999978	0.0036293623984638345
-3.089999999999978	0.0037385121532387618
-3.0799999999999783	0.0038505954989554243
-3.0699999999999785	0.003965679653492237
-3.0599999999999787	0.004083833008558802
-3.049999999999979	0.004205125139075368
-3.039999999999979	0.0043296268122704614
-3.0299999999999794	0.004457409996461254
-3.0199999999999796	0.0045885478695289516
-3.00999999999998	0.0047231148270815565
-2.99999999999998	0.00486118649024368
-2.9899999999999802	0.0050028397131116715
-2.9799999999999804	0.005148152589831741
-2.9699999999999807	0.005297204461284875
-2.959999999999981	0.005450075921361113
-2.949999999999981	0.005606848822842018
-2.9399999999999813	0.0057676062828193545
-2.9299999999999815	0.005932432687663802
-2.9199999999999817	0.0061014136975506734
-2.909999999999982	0.006274636250478527
-2.899999999999982	0.006452188565781703
-2.8899999999999824	0.006634160147150678
-2.8799999999999826	0.006820641785079326
-2.869999999999983	0.007011725558858243
-2.859999999999983	0.007207504837807783
-2.849999999999983	0.007408074282129002
-2.8399999999999834	0.007613529843028376
-2.8299999999999836	0.007823968762264977
-2.819999999999984	0.008039489571056711
-2.809999999999984	0.008260192088303725
-2.7999999999999843	0.008486177418167687
-2.7899999999999845	0.008717547946955315
-2.7799999999999847	0.008954407339265053
-2.769999999999985	0.009196860533434216
-2.759999999999985	0.009445013736221095
-2.7499999999999853	0.00969897441678395
-2.7399999999999856	0.00995885129973109
-2.7299999999999858	0.010224754357543756
-2.719999999999986	0.010496794802074048
-2.709999999999986	0.010775085075240684
-2.6999999999999864	0.011059738838883728
-2.6899999999999866	0.011350870963718757
-2.679999999999987	0.011648597517418533
-2.669999999999987	0.011953035751806427
-2.6599999999999873	0.012264304089096564
-2.6499999999999875	0.012582522107203243
-2.6399999999999877	0.01290781052411946
-2.629999999999988	0.013240291181287249
-2.619999999999988	0.013580087025990412
-2.6099999999999883	0.013927322092756841
-2.5999999999999885	0.014282121483719774
-2.5899999999999888	0.014644611347938444
-2.579999999999989	0.015014918859687977
-2.569999999999989	0.01539317219566681
-2.5599999999999894	0.0157795005111039
-2.5499999999999896	0.016174033914806457
-2.53999999999999	0.016576903443072315
-2.52999999999999	0.01698824103246299
-2.5199999999999902	0.01740817949147004
-2.5099999999999905	0.01783685247101657
-2.4999999999999907	0.01827439443377199
-2.489999999999991	0.018720940622329114
-2.479999999999991	0.019176627026167552
-2.4699999999999913	0.019641590347422164
-2.4599999999999915	0.02011596796544708
-2.4499999999999917	0.0205998979001688
-2.439999999999992	0.021093518774181405
-2.429999999999992	0.02159696977363514
-2.4199999999999924	0.022110390607874657
-2.4099999999999926	0.02263392146780379
-2.399999999999993	0.023167702983008562
-2.389999999999993	0.023711876177628266
-2.3799999999999932	0.024266582424917874
-2.3699999999999934	0.024831963400560732
-2.3599999999999937	0.025408161034709904
-2.349999999999994	0.02599531746272
-2.339999999999994	0.026593574974604853
-2.3299999999999943	0.027203075963230718
-2.3199999999999945	0.027823962871189975
-2.3099999999999947	0.028456378136397505
-2.299999999999995	0.02910046413639081
-2.289999999999995	0.02975636313148537
-2.2799999999999954	0.030424217206313265
-2.2699999999999956	0.031104168210453302
-2.259999999999996	0.031796357697591274
-2.249999999999996	0.032500926863442046
-2.239999999999996	0.033218016482448695
-2.2299999999999964	0.03394776684320132
-2.2199999999999966	0.0346903176826096
-2.209999999999997	0.03544580811886539
-2.199999999999997	0.036214376583174376
-2.1899999999999973	0.036996160750257516
-2.1799999999999975	0.03779129746769182
-2.1699999999999977	0.03859992268405149
-2.159999999999998	0.03942217137587071
-2.149999999999998	0.04025817747347841
-2.1399999999999983	0.04110807378565786
-2.1299999999999986	0.04197199192337696
-2.1199999999999988	0.04285006222203085
-2.109999999999999	0.04374241366304045
-2.099999999999999	0.044649173794155096
-2.0899999999999994	0.04557046864880298
-2.0799999999999996	0.04650642266444703
-2.07	0.047457158599934414
-2.06	0.04842279745191956
-2.0500000000000003	0.04940345837038532
-2.0400000000000005	0.050399258573238646
-2.0300000000000007	0.051410313260070443
-2.020000000000001	0.05243673552511037
-2.010000000000001	0.05347863626935267
-2.0000000000000013	0.05453612411194039
-1.9900000000000015	0.05560930530086014
-1.9800000000000015	0.0566982836229115
-1.9700000000000015	0.05780316031304502
-1.9600000000000015	0.05892403396312255
-1.9500000000000015	0.06006100043009117
-1.9400000000000015	0.061214152743628424
-1.9300000000000015	0.062383581013350314
-1.9200000000000015	0.06356937233555707
-1.9100000000000015	0.06477161069959159
-1.9000000000000015	0.06599037689388834
-1.8900000000000015	0.06722574841171536
-1.8800000000000014	0.06847779935665928
-1.8700000000000014	0.06974660034796276
-1.8600000000000014	0.07103221842570775
-1.8500000000000014	0.07233471695588763
-1.8400000000000014	0.07365415553549604
-1.8300000000000014	0.07499058989762826
-1.8200000000000014	0.07634407181663354
-1.8100000000000014	0.07771464901346531
-1.8000000000000014	0.0791023650611372
-1.7900000000000014	0.08050725929057717
-1.7800000000000014	0.08192936669666803
-1.7700000000000014	0.08336871784474187
-1.7600000000000013	0.08482533877747837
-1.7500000000000013	0.08629925092232363
-1.7400000000000013	0.08779047099950407
-1.7300000000000013	0.0892990109306167
-1.7200000000000013	0.090824877747952
-1.7100000000000013	0.09236807350460235
-1.7000000000000013	0.09392859518536158
-1.6900000000000013	0.09550643461853002
-1.6800000000000013	0.09710157838872506
-1.6700000000000013	0.09871400775071446
-1.6600000000000013	0.10034369854422695
-1.6500000000000012	0.10199062111023416
-1.6400000000000012	0.1036547402081605
-1.6300000000000012	0.10533601493458772
-1.6200000000000012	0.10703439864331307
-1.6100000000000012	0.10874983886684648
-1.6000000000000012	0.11048227723942153
-1.5900000000000012	0.11223164942167502
-1.5800000000000012	0.11399788502692469
-1.5700000000000012	0.11578090754921866
-1.5600000000000012	0.1175806342932208
-1.5500000000000012	0.11939697630595635
-1.5400000000000011	0.12122983831052601
-1.5300000000000011	0.12307911864182323
-1.5200000000000011	0.12494470918444682
-1.5100000000000011	0.12682649531266968
-1.500000000000001	0.12872435583266476
-1.490000000000001	0.13063816292720495
-1.480000000000001	0.13256778210245285
-1.470000000000001	0.1345130721375501
-1.460000000000001	0.13647388503638402
-1.450000000000001	0.1384500659822878
-1.440000000000001	0.14044145329496166
-1.430000000000001	0.14244787839076772
-1.420000000000001	0.14446916574499308
-1.410000000000001	0.14650513285771571
-1.400000000000001	0.14855559022199602
-1.390000000000001	0.1506203412957801
-1.380000000000001	0.15269918247570535
-1.370000000000001	0.15479190307534552
-1.360000000000001	0.15689828530563416
-1.350000000000001	0.1590181042588478
-1.340000000000001	0.16115112789582836
-1.330000000000001	0.1632971170369203
-1.320000000000001	0.1654558253555004
-1.310000000000001	0.16762699937549091
-1.300000000000001	0.16981037847221353
-1.290000000000001	0.172005694877569
-1.280000000000001	0.1742126736867874
-1.270000000000001	0.17643103287067752
-1.260000000000001	0.1786604832915709
-1.2500000000000009	0.180900728721544
-1.2400000000000009	0.1831514658653726
-1.2300000000000009	0.18541238438730054
-1.2200000000000009	0.18768316694141357
-1.2100000000000009	0.18996348920592526
-1.2000000000000008	0.1922530199213134
-1.1900000000000008	0.19455142093246158
-1.1800000000000008	0.19685834723471426
-1.1700000000000008	0.19917344702384604
-1.1600000000000008	0.2014963617501165
-1.1500000000000008	0.20382672617632225
-1.1400000000000008	0.20616416843979674
-1.1300000000000008	0.20850831011854493
-1.1200000000000008	0.2108587663014441
-1.1100000000000008	0.21321514566239866
-1.1000000000000008	0.21557705053863577
-1.0900000000000007	0.2179440770131199
-1.0800000000000007	0.2203158150009941
-1.0700000000000007	0.22269184834000777
-1.0600000000000007	0.2250717548852703
-1.0500000000000007	0.22745510660766824
-1.0400000000000007	0.22984146969671435
-1.0300000000000007	0.23223040466725847
-1.0200000000000007	0.23462146647014542
-1.0100000000000007	0.23701420460701697
-1.0000000000000007	0.23940816324903244
-0.9900000000000007	0.2418028813594769
-0.9800000000000006	0.24419789282038665
-0.9700000000000006	0.24659272656303774
-0.9600000000000006	0.24898690670222118
-0.9500000000000006	0.25137995267441343
-0.9400000000000006	0.25377137937971705
-0.9300000000000006	0.25616069732746183
-0.9200000000000006	0.2585474127855599
-0.9100000000000006	0.260931027933499
-0.9000000000000006	0.26331104101847347
-0.8900000000000006	0.2656869465168359
-0.8800000000000006	0.26805823529612743
-0.8700000000000006	0.2704243947818865
-0.8600000000000005	0.2727849091291806
-0.8500000000000005	0.27513925939569545
-0.8400000000000005	0.2774869237180819
-0.8300000000000005	0.2798273774918169
-0.8200000000000005	0.28216009355479904
-0.8100000000000005	0.284484542372719
-0.8000000000000005	0.2868001922275855
-0.7900000000000005	0.28910650940984184
-0.7800000000000005	0.29140295841250374
-0.7700000000000005	0.2936890021276512
-0.7600000000000005	0.295964102046222
-0.7500000000000004	0.2982277184599534
-0.7400000000000004	0.30047931066514844
-0.7300000000000004	0.3027183371693906
-0.7200000000000004	0.30494425589998186
-0.7100000000000004	0.3071565244144946
-0.7000000000000004	0.3093546001132467
-0.6900000000000004	0.3115379404535197
-0.6800000000000004	0.31370600316555236
-0.6700000000000004	0.31585824647006827
-0.6600000000000004	0.3179941292971968
-0.6500000000000004	0.32011311150681127
-0.6400000000000003	0.3222146541100325
-0.6300000000000003	0.3242982194919578
-0.6200000000000003	0.32636327163505624
-0.6100000000000003	0.3284092763437485
-0.6000000000000003	0.330435701469509
-0.5900000000000003	0.33244201713656224
-0.5800000000000003	0.3344276959679993
-0.5700000000000003	0.33639221331267466
-0.5600000000000003	0.33833504747130033
-0.5500000000000003	0.3402556799235943
-0.5400000000000003	0.3421535955548637
-0.5300000000000002	0.34402828288246606
-0.5200000000000002	0.34587923428189965
-0.5100000000000002	0.3477059462124543
-0.5000000000000002	0.34950791944217974
-0.49000000000000027	0.35128465927211455
-0.48000000000000026	0.35303567575963296
-0.47000000000000025	0.35476048394072995
-0.46000000000000024	0.35645860405108193
-0.45000000000000023	0.35812956174588617
-0.4400000000000002	0.3597728883181584
-0.4300000000000002	0.36138812091544376
-0.4200000000000002	0.36297480275483013
-0.4100000000000002	0.3645324833360561
-0.4000000000000002	0.3660607186525951
-0.3900000000000002	0.3675590714006312
-0.38000000000000017	0.3690271111857152
-0.37000000000000016	0.3704644147269997
-0.36000000000000015	0.37187056605894436
-0.35000000000000014	0.3732451567303183
-0.34000000000000014	0.37458778600035864
-0.3300000000000001	0.37589806103201584
-0.3200000000000001	0.3771755970821125
-0.3100000000000001	0.37842001768825473
-0.3000000000000001	0.3796309548524507
-0.2900000000000001	0.3808080492212725
-0.2800000000000001	0.38195095026238446
-0.2700000000000001	0.3830593164374293
-0.26000000000000006	0.38413281537106575
-0.25000000000000006	0.38517112401605763
-0.24000000000000007	0.3861739288143324
-0.23000000000000007	0.38714092585388027
-0.22000000000000006	0.3880718210213534
-0.21000000000000005	0.388966330150303
-0.20000000000000004	0.38982417916495343
-0.19000000000000003	0.3906451042193514
-0.18000000000000002	0.3914288518318513
-0.17	0.39217517901484555
-0.16	0.39288385339958937
-0.15	0.3935546533560728
-0.13999999999999999	0.3941873681078762
-0.12999999999999998	0.39478179784186374
-0.11999999999999998	0.395337753812609
-0.10999999999999999	0.39585505844188135
-0.09999999999999999	0.3963335454121126
-0.09	0.39677305975507293
-0.08	0.39717345793476866
-0.07	0.39753460792482503
-0.060000000000000005	0.3978563892802491
-0.05	0.3981386932035623
-0.04	0.3983814226052001
-0.03	0.398584492158128
-0.02	0.39874782834669814
-0.01	0.39887136950963875
0	0.39895506587715696
0.01	0.39899887960216057
0.02	0.39900278478553947
0.03	0.39896676749546933
0.04	0.3988908257807719
0.05	0.39877496967828385
0.060000000000000005	0.39861922121420273
0.07	0.3984236143994603
0.08	0.3981881952190954
0.09	0.39791302161559444
0.09999999999999999	0.39759816346626237
0.10999999999999999	0.397243702554625
0.11999999999999998	0.39684973253582984
0.12999999999999998	0.39641635889612353
0.13999999999999999	0.39594369890641096
0.15	0.3954318815699671
0.16	0.3948810475639943
0.17	0.3942913491759531
0.18000000000000002	0.39366295023350795
0.19000000000000003	0.39299602602902145
0.20000000000000004	0.3922907632383268
0.21000000000000005	0.39154735983383127
0.22000000000000006	0.3907660249920344
0.23000000000000007	0.38994697899555913
0.24000000000000007	0.38909045312968954
0.25000000000000006	0.388196689573524
0.26000000000000006	0.38726594128582553
0.2700000000000001	0.38629847188561917
0.2800000000000001	0.38529455552760716
0.2900000000000001	0.3842544767725369
0.3000000000000001	0.38317853045254796
0.3100000000000001	0.38206702153161365
0.3200000000000001	0.3809202649611773
0.3300000000000001	0.37973858553107426
0.34000000000000014	0.37852231771580624
0.35000000000000014	0.37727180551633155
0.36000000000000015	0.37598740229743527
0.37000000000000016	0.3746694706207703
0.38000000000000017	0.3733183820737347
0.3900000000000002	0.3719345170942649
0.4000000000000002	0.3705182647916439
0.4100000000000002	0.3690700227634806
0.4200000000000002	0.3675901969089733
0.4300000000000002	0.3660792012385439
0.4400000000000002	0.3645374576800169
0.45000000000000023	0.3629653958814526
0.46000000000000024	0.3613634530107482
0.47000000000000025	0.3597320735521501
0.48000000000000026	0.3580717090998378
0.49000000000000027	0.3563828181486565
0.5000000000000002	0.3546658658821743
0.5100000000000002	0.3529213239582172
0.5200000000000002	0.35114967029196975
0.5300000000000002	0.3493513888368114
0.5400000000000003	0.34752696936305827
0.5500000000000003	0.3456769072346856
0.5600000000000003	0.3438017031842255
0.5700000000000003	0.3419018630859821
0.5800000000000003	0.3399778977276797
0.5900000000000003	0.3380303225806965
0.6000000000000003	0.336059657569067
0.6100000000000003	0.334066426837404
0.6200000000000003	0.3320511585175651
0.6300000000000003	0.33001438449507725
0.6400000000000003	0.32795664017431236
0.6500000000000004	0.32587846424339284
0.6600000000000004	0.32378039843868195
0.6700000000000004	0.32166298730901727
0.6800000000000004	0.31952677797983353
0.6900000000000004	0.3173723199173438
0.7000000000000004	0.3152001646929116
0.7100000000000004	0.31301086574772796
0.7200000000000004	0.31080497815797
0.7300000000000004	0.30858305840058037
0.7400000000000004	0.3063456641197606
0.7500000000000004	0.30409335389436715
0.7600000000000005	0.30182668700633497
0.7700000000000005	0.2995462232102239
0.7800000000000005	0.29725252250406403
0.7900000000000005	0.29494614490163157
0.8000000000000005	0.29262765020623305
0.8100000000000005	0.2902975977861813
0.8200000000000005	0.2879565463520678
0.8300000000000005	0.2856050537359371
0.8400000000000005	0.2832436766725005
0.8500000000000005	0.28087297058252403
0.8600000000000005	0.27849348935846346
0.8700000000000006	0.27610578515248857
0.8800000000000006	0.2737104081670187
0.8900000000000006	0.27130790644784375
0.9000000000000006	0.2688988256799507
0.9100000000000006	0.26648370898618423
0.9200000000000006	0.2640630967287992
0.9300000000000006	0.26163752631402754
0.9400000000000006	0.25920753199975016
0.9500000000000006	0.25677364470636954
0.9600000000000006	0.2543363918309505
0.9700000000000006	0.2518962970647419
0.9800000000000006	0.24945388021415435
0.9900000000000007	0.24700965702524486
1.0000000000000007	0.24456413901183738
1.0100000000000007	0.2421178332873038
1.0200000000000007	0.23967124240009902
1.0300000000000007	0.2372248641731056
1.0400000000000007	0.23477919154687865
1.0500000000000007	0.2323347124267907
1.0600000000000007	0.22989190953420488
1.0700000000000007	0.22745126026168505
1.0800000000000007	0.22501323653229355
1.0900000000000007	0.22257830466303904
1.1000000000000008	0.22014692523252424
1.1100000000000008	0.21771955295279402
1.1200000000000008	0.2152966365454627
1.1300000000000008	0.2128786186221365
1.1400000000000008	0.21046593556915183
1.1500000000000008	0.20805901743666713
1.1600000000000008	0.20565828783213508
1.1700000000000008	0.20326416381816137
1.1800000000000008	0.20087705581476387
1.1900000000000008	0.19849736750607597
1.2000000000000008	0.19612549575146243
1.2100000000000009	0.19376183050106763
1.2200000000000009	0.19140675471582919
1.2300000000000009	0.18906064429190916
1.2400000000000009	0.18672386798956755
1.2500000000000009	0.1843967873664784
1.260000000000001	0.1820797567154485
1.270000000000001	0.1797731230065565
1.280000000000001	0.1774772258336828
1.290000000000001	0.1751923973654199
1.300000000000001	0.1729189623003148
1.310000000000001	0.17065723782647102
1.320000000000001	0.1684075335854317
1.330000000000001	0.16617015164034069
1.340000000000001	0.16394538644834056
1.350000000000001	0.1617335248371939
1.360000000000001	0.15953484598603726
1.370000000000001	0.15734962141029674
1.380000000000001	0.15517811495067255
1.390000000000001	0.153020582766161
1.400000000000001	0.15087727333107248
1.410000000000001	0.1487484274360053
1.420000000000001	0.14663427819268682
1.430000000000001	0.14453505104266962
1.440000000000001	0.14245096376980998
1.450000000000001	0.14038222651646143
1.460000000000001	0.138329041803332
1.470000000000001	0.13629160455296527
1.480000000000001	0.1342701021167352
1.490000000000001	0.13226471430533035
1.500000000000001	0.13027561342264277
1.5100000000000011	0.1283029643030059
1.5200000000000011	0.12634692435168351
1.5300000000000011	0.12440764358858318
1.5400000000000011	0.12248526469508782
1.5500000000000012	0.12057992306392738
1.5600000000000012	0.1186917468520662
1.5700000000000012	0.11682085703645892
1.5800000000000012	0.11496736747265526
1.5900000000000012	0.11313138495615509
1.6000000000000012	0.11131300928643448
1.6100000000000012	0.10951233333355305
1.6200000000000012	0.10772944310729973
1.6300000000000012	0.10596441782875653
1.6400000000000012	0.10421733000421592
1.6500000000000012	0.10248824550137374
1.6600000000000013	0.10077722362772085
1.6700000000000013	0.09908431721102576
1.6800000000000013	0.09740957268185385
1.6900000000000013	0.09575303015803349
1.7000000000000013	0.09411472353097805
1.7100000000000013	0.09249468055378166
1.7200000000000013	0.09089292293103249
1.7300000000000013	0.08930946641021273
1.7400000000000013	0.08774432087462977
1.7500000000000013	0.08619749043788907
1.7600000000000013	0.08466897353954211
1.7700000000000014	0.08315876304220998
1.7800000000000014	0.08166684632982761
1.7900000000000014	0.08019320540702313
1.8000000000000014	0.07873781699954653
1.8100000000000014	0.07730065265566513
1.8200000000000014	0.07588167884845104
1.8300000000000014	0.07448085707886667
1.8400000000000014	0.07309814397959878
1.8500000000000014	0.07173349141954376
1.8600000000000014	0.07038684660885788
1.8700000000000014	0.06905815220453156
1.8800000000000014	0.06774734641644564
1.8900000000000015	0.06645436311363731
1.9000000000000015	0.06517913193102416
1.9100000000000015	0.06392157837625803
1.9200000000000015	0.06268162393673418
1.9300000000000015	0.061459186186699814
1.9400000000000015	0.060254178894364026
1.9500000000000015	0.05906651212895195
1.9600000000000015	0.05789609236765066
1.9700000000000015	0.05674282260236923
1.9800000000000015	0.055606602446252124
1.9900000000000015	0.05448732823989233
2.0000000000000013	0.053384893157184046
2.010000000000001	0.052299187310749895
2.020000000000001	0.05123009785688341
2.0300000000000007	0.050177509099980463
2.0400000000000005	0.04914130259635607
2.0500000000000003	0.04812135725743714
2.06	0.047117549452269446
2.07	0.0461297531092703
2.0799999999999996	0.04515783981720436
2.0899999999999994	0.04420167892532597
2.099999999999999	0.043261137642636845
2.109999999999999	0.04233608113622198
2.1199999999999988	0.04142637262863564
2.1299999999999986	0.04053187349426156
2.1399999999999983	0.03965244335464604
2.149999999999998	0.03878794017279337
2.159999999999998	0.03793822034611756
2.1699999999999977	0.03710313879869376
2.1799999999999975	0.03628254907188627
2.1899999999999973	0.03547630341397577
2.199999999999997	0.03468425286850503
2.209999999999997	0.03390624736135876
2.2199999999999966	0.03314213578653561
2.2299999999999964	0.0323917660906051
2.239999999999996	0.03165498535581518
2.249999999999996	0.030931639881835435
2.259999999999996	0.03022157526610744
2.2699999999999956	0.02952463648278494
2.2799999999999954	0.02884066796026234
2.289999999999995	0.028169513657240967
2.299999999999995	0.027511017137388807
2.3099999999999947	0.026865021642344795
2.3199999999999945	0.026231370163603093
2.3299999999999943	0.025609905512534493
2.339999999999994	0.025000470389101824
2.349999999999994	0.02440290744900906
2.3599999999999937	0.02381705936934119
2.3699999999999934	0.023242768912684914
2.3799999999999932	0.02267987898970813
2.389999999999993	0.02212823272021455
2.399999999999993	0.021587673492668286
2.4099999999999926	0.021058045022172463
2.4199999999999924	0.02053919140691577
2.429999999999992	0.020030957183099458
2.439999999999992	0.019533187378307983
2.4499999999999917	0.019045727563370366
2.4599999999999915	0.018568423902691755
2.4699999999999913	0.018101123203062546
2.479999999999991	0.017643672960963953
2.489999999999991	0.017195921408358433
2.4999999999999907	0.016757717556994903
2.5099999999999905	0.016328911241214633
2.5199999999999902	0.015909353159287768
2.52999999999999	0.015498894913279085
2.53999999999999	0.015097389047459744
2.5499999999999896	0.014704689085274442
2.5599999999999894	0.014320649564880784
2.569999999999989	0.013945126073270234
2.579999999999989	0.013577975278983178
2.5899999999999888	0.01321905496345216
2.5999999999999885	0.012868224050952476
2.6099999999999883	0.012525342637213535
2.619999999999988	0.012190272016687516
2.629999999999988	0.01186287470849588
2.6399999999999877	0.011543014481074573
2.6499999999999875	0.011230556375535394
2.6599999999999873	0.010925366727771129
2.669999999999987	0.010627313189257389
2.679999999999987	0.010336264746750668
2.6899999999999866	0.01005209174064552
2.6999999999999864	0.009774665882223943
2.709999999999986	0.0095038602697198
2.719999999999986	0.009239549403244996
2.7299999999999858	0.008981609198537322
2.7399999999999856	0.008729916999730662
2.7499999999999853	0.008484351590919478
2.759999999999985	0.008244793206724882
2.769999999999985	0.008011123541818103
2.7799999999999847	0.00778322575942182
2.7899999999999845	0.007560984498830421
2.7999999999999843	0.007344285881951733
2.809999999999984	0.007133017518912296
2.819999999999984	0.006927068512727549
2.8299999999999836	0.006726329463081954
2.8399999999999834	0.006530692469224369
2.849999999999983	0.006340051132010489
2.859999999999983	0.006154300555112269
2.869999999999983	0.005973337345416242
2.8799999999999826	0.005797059612636039
2.8899999999999824	0.005625366968158982
2.899999999999982	0.005458160523151407
2.909999999999982	0.0052953428859408205
2.9199999999999817	0.005136818158704254
2.9299999999999815	0.004982491933483307
2.9399999999999813	0.004832271287531338
2.949999999999981	0.004686064778049471
2.959999999999981	0.004543782436298264
2.9699999999999807	0.004405335761122898
2.9799999999999804	0.004270637711915023
2.9899999999999802	0.004139602701024441
2.99999999999998	0.004012146585649771
3.00999999999998	0.0038881866592138325
3.0199999999999796	0.0037676416422709625
3.0299999999999794	0.003650431672932506
3.039999999999979	0.003536478296861272
3.049999999999979	0.003425704456832085
3.0599999999999787	0.0033180344818930386
3.0699999999999785	0.0032133940761321813
3.0799999999999783	0.003111710307088032
3.089999999999978	0.003012911593794714
3.099999999999978	0.002916927694512083
3.1099999999999777	0.002823689694128643
3.1199999999999775	0.0027331299912776697
3.1299999999999772	0.0026451822851718
3.139999999999977	0.0025597815621670474
3.149999999999977	0.0024768640820980723
3.1599999999999766	0.002396367364363757
3.1699999999999764	0.002318230173817879
3.179999999999976	0.0022423925064512323
3.189999999999976	0.002168795574887279
3.1999999999999758	0.0020973817937246448
3.2099999999999755	0.0020280947647066836
3.2199999999999753	0.0019608792617658312
3.229999999999975	0.0018956812159359338
3.239999999999975	0.0018324477001532655
3.2499999999999747	0.001771126913957928
3.2599999999999745	0.0017116681681089991
3.2699999999999743	0.0016540218691257936
3.279999999999974	0.001598139503807551
3.289999999999974	0.0015439736234894202
3.2999999999999736	0.0014914778286913405
3.3099999999999734	0.0014406067533063638
3.319999999999973	0.0013913160489819184
3.329999999999973	0.001343562369460809
3.3399999999999728	0.0012973033549171955
3.3499999999999726	0.0012524976163513176
3.3599999999999723	0.001209104719787871
3.369999999999972	0.0011670851709426945
3.379999999999972	0.0011264003994856957
3.3899999999999717	0.0010870127435834514
3.3999999999999715	0.0010488854344395302
3.4099999999999713	0.0010119825809052367
3.419999999999971	0.000976269154165171
3.429999999999971	0.0009417109724917071
3.4399999999999706	0.0009082746860916297
3.4499999999999704	0.0008759277620833224
3.45999999999997	0.0008446384693639407
3.46999999999997	0.0008143758639959691
3.47999999999997	0.000785109774288361
3.4899999999999696	0.0007568107861986675
3.4999999999999694	0.0007294502288149584
3.509999999999969	0.0007030001600042316
3.519999999999969	0.0006774333519793429
3.5299999999999687	0.0006527232774189421
3.5399999999999685	0.0006288440953102583
3.5499999999999683	0.0006057706371360354
3.559999999999968	0.0005834783931711246
3.569999999999968	0.0005619434989224732
3.5799999999999677	0.0005411427217266375
3.5899999999999674	0.0005210534474950251
3.5999999999999672	0.0005016536676229871
3.609999999999967	0.00048292196606145173
3.619999999999967	0.00046483750653497137
3.6299999999999666	0.0004473800199403916
3.6399999999999664	0.0004305297919072614
3.649999999999966	0.0004142676505237828
3.659999999999966	0.0003985749542307976
3.6699999999999657	0.0003834335798988679
3.6799999999999655	0.0003688259110549555
3.6899999999999653	0.00035473482629991493
3.699999999999965	0.00034114368789892475
3.709999999999965	0.0003280363305367009
3.7199999999999647	0.00031539705025416235
3.7299999999999645	0.00030321059356216984
3.7399999999999642	0.0002914621467259391
3.749999999999964	0.0002801373252243734
3.759999999999964	0.00026922216339663173
3.7699999999999636	0.0002587031042472569
3.7799999999999634	0.000248566989438189
3.789999999999963	0.00023880104945409595
3.799999999999963	0.0002293928939371076
3.8099999999999627	0.00022033050220088269
3.8199999999999625	0.0002116022139144215
3.8299999999999623	0.00020319671995951241
3.839999999999962	0.00019510305345757815
3.849999999999962	0.00018731058096998712
3.8599999999999617	0.00017980899386422862
3.8699999999999615	0.00017258829985071419
3.8799999999999613	0.0001656388146771863
3.889999999999961	0.00015895115402130458
3.899999999999961	0.00015251622548320294
3.9099999999999606	0.00014632522082192714
3.9199999999999604	0.00014036960827463178
3.92999999999996	0.00013464112510360848
3.93999999999996	0.00012913177022119603
3.9499999999999598	0.00012383379708118527
3.9599999999999596	0.00011873970663079609
3.9699999999999593	0.00011384224041510025
3.979999999999959	0.00010913437392960676
3.989999999999959	0.00010460931000993974
3.9999999999999587	0.0001002604724261232
4.009999999999959	0.00009608149961441572
4.019999999999959	0.00009206623854479389
4.0299999999999585	0.00008820873873394684
4.039999999999958	0.00008450324640008393
4.049999999999958	0.00008094419874994272
4.059999999999958	0.00007752621839971458
4.069999999999958	0.0000742441079416101
4.079999999999957	0.00007109284462587707
4.089999999999957	0.00006806757517656943
4.099999999999957	0.00006516361074260197
4.109999999999957	0.00006237642196250706
4.119999999999957	0.000059701634158778736
4.129999999999956	0.00005713502264790874
4.139999999999956	0.00005467250817682381
4.149999999999956	0.000052310152465331964
4.159999999999956	0.00005004415387065633
4.1699999999999555	0.0000478708431627029
4.179999999999955	0.000045786679406584545
4.189999999999955	0.00004378824595473194
4.199999999999955	0.00004187224655015373
4.209999999999955	0.00004003550152281698
4.2199999999999545	0.00003827494409756987
4.229999999999954	0.00003658761679801803
4.239999999999954	0.00003497066794797571
4.249999999999954	0.000033421348265457194
4.259999999999954	0.00003193700757186411
4.269999999999953	0.000030515091544480856
4.279999999999953	0.000029153138623897334
4.289999999999953	0.000027848776948254883
4.299999999999953	0.00002659972141602295
4.3099999999999525	0.000025403770810899
4.319999999999952	0.000024258805020046938
4.329999999999952	0.00002316278232590049
4.339999999999952	0.000022113736777171774
4.349999999999952	0.000021109775642526438
4.3599999999999515	0.0000201490769315689
4.369999999999951	0.000019229886994100224
4.379999999999951	0.000018350518187838768
4.389999999999951	0.00001750934661926853
4.399999999999951	0.000016704809948149333
4.40999999999995	0.00001593540526322025
4.41999999999995	0.000015199687017167005
4.42999999999995	0.000014496265030626585
4.43999999999995	0.000013823802551317188
4.4499999999999496	0.000013181014382190149
4.459999999999949	0.000012566665060894268
4.469999999999949	0.000011979567082218088
4.479999999999949	0.000011418579219362359
4.489999999999949	0.000010882604857622776
4.4999999999999485	0.000010370590377642826
4.509999999999948	9.881523639188148e-6
4.519999999999948	9.414432458166643e-6
4.529999999999948	8.968383164667686e-6
4.539999999999948	8.542479196702647e-6
4.549999999999947	8.135859743658013e-6
4.559999999999947	7.747698432416398e-6
4.569999999999947	7.377202061183786e-6
4.579999999999947	7.02360936200847e-6
4.589999999999947	6.686189824635663e-6
4.599999999999946	6.364242543563192e-6
4.609999999999946	6.057095109762868e-6
4.619999999999946	5.764102550548872e-6
4.629999999999946	5.484646253659057e-6
4.6399999999999455	5.218133030351886e-6
4.649999999999945	4.96399410436608e-6
4.659999999999945	4.721684205665458e-6
4.669999999999945	4.490680628480122e-6
4.679999999999945	4.270482421700675e-6
4.689999999999944	4.060609511601734e-6
4.699999999999944	3.860601900680077e-6
4.709999999999944	3.670018899074713e-6
4.719999999999944	3.4884383518190934e-6
4.729999999999944	3.3154559233863814e-6
4.739999999999943	3.1506844090419356e-6
4.749999999999943	2.9937530366176873e-6
4.759999999999943	2.844306832848466e-6
4.769999999999943	2.702006002146718e-6
4.7799999999999425	2.5665252736257994e-6
4.789999999999942	2.4375534101349746e-6
4.799999999999942	2.314792538287723e-6
4.809999999999942	2.1979577044242786e-6
4.819999999999942	2.0867762861515857e-6
4.8299999999999415	1.980987547242342e-6
4.839999999999941	1.8803421274607769e-6
4.849999999999941	1.7846015576141993e-6
4.859999999999941	1.6935378166795353e-6
4.869999999999941	1.6069329477778536e-6
4.87999999999994	1.524578618035294e-6
4.88999999999994	1.446275680865856e-6
4.89999999999994	1.371833861501784e-6
4.90999999999994	1.3010713482564523e-6
4.9199999999999395	1.2338144465643216e-6
4.929999999999939	1.1698972400322529e-6
4.939999999999939	1.1091612608612154e-6
4.949999999999939	1.0514551749837265e-6
4.959999999999939	9.966344867097315e-7
4.9699999999999385	9.445612234233666e-7
4.979999999999938	8.951037121009024e-7
4.989999999999938	8.481362760642458e-7
4.999999999999938	8.03538946858169e-7
5.009999999999938	7.61197264875247e-7
5.019999999999937	7.210020265053355e-7
5.029999999999937	6.828490590743161e-7
5.039999999999937	6.466389951486143e-7
5.049999999999937	6.122770686002231e-7
5.0599999999999365	5.796729170271155e-7
5.069999999999936	5.487403830264716e-7
5.079999999999936	5.193973308883271e-7
5.089999999999936	4.915654697015487e-7
5.099999999999936	4.651701828410626e-7
5.1099999999999355	4.4014036551667477e-7
5.119999999999935	4.1640826787118177e-7
5.129999999999935	3.939093330913608e-7
5.139999999999935	3.7258209880905395e-7
5.149999999999935	3.523680055884072e-7
5.159999999999934	3.3321128305648206e-7
5.169999999999934	3.1505881354075626e-7
5.179999999999934	2.978600830645201e-7
5.189999999999934	2.815669686935682e-7
5.199999999999934	2.6613363748104047e-7
5.209999999999933	2.5151650388907647e-7
5.219999999999933	2.3767407731411839e-7
5.229999999999933	2.2456693254987676e-7
5.239999999999933	2.1215754072200587e-7
5.2499999999999325	2.0041013155662673e-7
5.259999999999932	1.8929075868329914e-7
5.269999999999932	1.787671687797685e-7
5.279999999999932	1.6880863261466148e-7
5.289999999999932	1.5938598500706952e-7
5.299999999999931	1.5047143455814766e-7
5.309999999999931	1.420386285943416e-7
5.319999999999931	1.340625129209393e-7
5.329999999999931	1.265192806060299e-7
5.339999999999931	1.1938633016918555e-7
5.34999999999993	1.1264213409617166e-7
5.35999999999993	1.0626628882462818e-7
5.36999999999993	1.0023942781308433e-7
5.37999999999993	9.454312748516483e-8