-5.6699999999999235	9.585991522340925e-8
-5.659999999999924	1.0097757640730682e-7
-5.649999999999924	1.0635955914846706e-7
-5.639999999999924	1.1201904818135303e-7
-5.629999999999924	1.1796981452046534e-7
-5.619999999999925	1.2422629177350002e-7
-5.609999999999925	1.308036445936769e-7
-5.599999999999925	1.377177116087999e-7
-5.589999999999925	1.4498509663732856e-7
-5.5799999999999255	1.5262319645804426e-7
-5.569999999999926	1.6065025870221928e-7
-5.559999999999926	1.6908528521721147e-7
-5.549999999999926	1.7794826030494577e-7
-5.539999999999926	1.8726009586231527e-7
-5.5299999999999265	1.9704267073543847e-7
-5.519999999999927	2.0731888735437616e-7
-5.509999999999927	2.181127135915927e-7
-5.499999999999927	2.294492543653662e-7
-5.489999999999927	2.4135473463237986e-7
-5.479999999999928	2.5385659222402687e-7
-5.469999999999928	2.6698358433639226e-7
-5.459999999999928	2.807657617529893e-7
-5.449999999999928	2.952345544153466e-7
-5.4399999999999284	3.1042284493901134e-7
-5.429999999999929	3.2636501703781664e-7
-5.419999999999929	3.430970250221019e-7
-5.409999999999929	3.606564621296584e-7
-5.399999999999929	3.7908263157867464e-7
-5.3899999999999295	3.984166198030004e-7
-5.37999999999993	4.187013742919993e-7
-5.36999999999993	4.399817818024255e-7
-5.35999999999993	4.623047535227301e-7
-5.34999999999993	4.857193096692864e-7
-5.339999999999931	5.102766702889558e-7
-5.329999999999931	5.360303487587154e-7
-5.319999999999931	5.630362385904814e-7
-5.309999999999931	5.913527450083077e-7
-5.299999999999931	6.210408700917109e-7
-5.289999999999932	6.521643011391472e-7
-5.279999999999932	6.847895550104951e-7
-5.269999999999932	7.189860859250815e-7
-5.259999999999932	7.548264133740246e-7
-5.2499999999999325	7.923862223980353e-7
-5.239999999999933	8.317445503471001e-7
-5.229999999999933	8.729838698360759e-7
-5.219999999999933	9.161902642886774e-7
-5.209999999999933	9.614535542648158e-7
-5.199999999999934	1.0088674626918986e-6
-5.189999999999934	1.0585297852038074e-6
-5.179999999999934	1.1105425399025166e-6
-5.169999999999934	1.1650121451582456e-6
-5.159999999999934	1.2220495983390063e-6
-5.149999999999935	1.281770661397829e-6
-5.139999999999935	1.3442960535925738e-6
-5.129999999999935	1.4097516507584638e-6
-5.119999999999935	1.4782686933757257e-6
-5.1099999999999355	1.5499840010278533e-6
-5.099999999999936	1.6250401946510996e-6
-5.089999999999936	1.7035859296575068e-6
-5.079999999999936	1.7857761342431014e-6
-5.069999999999936	1.8717722578651887e-6
-5.0599999999999365	1.9617425300108443e-6
-5.049999999999937	2.0558622296689927e-6
-5.039999999999937	2.154313951749445e-6
-5.029999999999937	2.2572879106899155e-6
-5.019999999999937	2.3649822264088136e-6
-5.009999999999938	2.477603227284004e-6
-4.999999999999938	2.595365787519098e-6
-4.989999999999938	2.7184936333756523e-6
-4.979999999999938	2.8472197208331153e-6
-4.9699999999999385	2.9817865395659234e-6
-4.959999999999939	3.122446541675646e-6
-4.949999999999939	3.2694624626730056e-6
-4.939999999999939	3.423107747124442e-6
-4.929999999999939	3.5836669532451745e-6
-4.9199999999999395	3.7514361703933845e-6
-4.90999999999994	3.926723449206003e-6
-4.89999999999994	4.109849267729982e-6
-4.88999999999994	4.301146984016327e-6
-4.87999999999994	4.500963327344623e-6
-4.869999999999941	4.709658887827463e-6
-4.859999999999941	4.927608646356561e-6
-4.849999999999941	5.155202497140286e-6
-4.839999999999941	5.3928458097568094e-6
-4.8299999999999415	5.640959983583324e-6
-4.819999999999942	5.899983054477458e-6
-4.809999999999942	6.170370300436612e-6
-4.799999999999942	6.452594862902198e-6
-4.789999999999942	6.747148411215055e-6
-4.7799999999999425	7.054541799914632e-6
-4.769999999999943	7.375305776107594e-6
-4.759999999999943	7.709991679256115e-6
-4.749999999999943	8.059172213414346e-6
-4.739999999999943	8.423442180266761e-6
-4.729999999999944	8.803419279099492e-6
-4.719999999999944	9.199744928124473e-6
-4.709999999999944	9.613085103332782e-6
-4.699999999999944	0.000010044131197351744
-4.689999999999944	0.000010493600929552639
-4.679999999999945	0.000010962239260974913
-4.669999999999945	0.000011450819348180634
-4.659999999999945	0.000011960143530405203
-4.649999999999945	0.000012491044345405824
-4.6399999999999455	0.000013044385567707842
-4.629999999999946	0.000013621063291356707
-4.619999999999946	0.00001422200704703507
-4.609999999999946	0.000014848180936486777
-4.599999999999946	0.000015500584818801927
-4.589999999999947	0.00001618025553480231
-4.579999999999947	0.00001688826814957591
-4.569999999999947	0.0000176257372475877
-4.559999999999947	0.000018393818268850574
-4.549999999999947	0.000019193708871933257
-4.539999999999948	0.000020026650345277344
-4.529999999999948	0.00002089392906784495
-4.519999999999948	0.000021796877998157217
-4.509999999999948	0.000022736878204105794
-4.4999999999999485	0.000023715360486505615
-4.489999999999949	0.000024733806956510865
-4.479999999999949	0.000025793752745913004
-4.469999999999949	0.000026896787726766162
-4.459999999999949	0.000028044558282443137
-4.4499999999999496	0.000029238769145501243
-4.43999999999995	0.000030481185257581097
-4.42999999999995	0.000031773633709504945
-4.41999999999995	0.00003311800572280998
-4.40999999999995	0.000034516258692066317
-4.399999999999951	0.0000359704182842845
-4.389999999999951	0.00003748258057818047
-4.379999999999951	0.00003905491429088642
-4.369999999999951	0.000040689663049890366
-4.3599999999999515	0.00004238914771717332
-4.349999999999952	0.00004415576879656208
-4.339999999999952	0.00004599200889680206
-4.329999999999952	0.000047900435246921965
-4.319999999999952	0.00004988370229949118
-4.3099999999999525	0.00005194455439553105
-4.299999999999953	0.00005408582848522161
-4.289999999999953	0.00005631045693731533
-4.279999999999953	0.0000586214704194019
-4.269999999999953	0.00006102200083725118
-4.259999999999954	0.00006351528436126197
-4.249999999999954	0.00006610466453573935
-4.239999999999954	0.00006879359544530343
-4.229999999999954	0.00007158564497777777
-4.2199999999999545	0.00007448449816993715
-4.209999999999955	0.00007749396062075137
-4.199999999999955	0.00008061796199636824
-4.189999999999955	0.00008386055963301879
-4.179999999999955	0.00008722594220041657
-4.1699999999999555	0.00009071843347282124
-4.159999999999956	0.00009434249619007858
-4.149999999999956	0.00009810273599868209
-4.139999999999956	0.00010200390548775873
-4.129999999999956	0.00010605090831639302
-4.119999999999957	0.00011024880350775575
-4.109999999999957	0.00011460280966674256
-4.099999999999957	0.00011911830948024233
-4.089999999999957	0.0001238008542098488
-4.079999999999957	0.0001286561683780566
-4.069999999999958	0.00013369015440470653
-4.059999999999958	0.0001389088975071098
-4.049999999999958	0.0001443186706177889
-4.039999999999958	0.0001499259394380803
-4.0299999999999585	0.0001557373675961014
-4.019999999999959	0.00016175982190015214
-4.009999999999959	0.0001680003777268931
-3.9999999999999587	0.00017446632451147907
-3.989999999999959	0.000181165171340746
-3.979999999999959	0.00018810465268073455
-3.9699999999999593	0.0001952927342148432
-3.9599999999999596	0.00020273761878624434
-3.9499999999999598	0.00021044775247602788
-3.93999999999996	0.00021843183080346194
-3.92999999999996	0.00022669880502198349
-3.9199999999999604	0.00023525788856496474
-3.9099999999999606	0.00024411856361077227
-3.899999999999961	0.00025329058775439884
-3.889999999999961	0.00026278400081892735
-3.8799999999999613	0.000272609131801512
-3.8699999999999615	0.00028277660592168326
-3.8599999999999617	0.00029329735181864446
-3.849999999999962	0.0003041826088724585
-3.839999999999962	0.0003154439346489442
-3.8299999999999623	0.0003270932124742095
-3.8199999999999625	0.00033914265915759007
-3.8099999999999627	0.0003516048328221356
-3.799999999999963	0.0003644926408750507
-3.789999999999963	0.00037781934812379265
-3.7799999999999634	0.0003915985850065185
-3.7699999999999636	0.0004058443559625519
-3.759999999999964	0.00042057104791785123
-3.749999999999964	0.0004357934389613472
-3.7399999999999642	0.0004515267070745686
-3.7299999999999645	0.000467786439053132
-3.7199999999999647	0.00048458863953812026
-3.709999999999965	0.0005019497401728598
-3.699999999999965	0.0005198866089099962
-3.6899999999999653	0.0005384165594437027
-3.6799999999999655	0.0005575573607661516
-3.6699999999999657	0.0005773272468304343
-3.659999999999966	0.0005977449264312449
-3.649999999999966	0.0006188295931008951
-3.6399999999999664	0.0006406009352031449
-3.6299999999999666	0.0006630791461403186
-3.619999999999967	0.000686284934665051
-3.609999999999967	0.000710239535337563
-3.5999999999999672	0.0007349647191010853
-3.5899999999999674	0.0007604828039643255
-3.5799999999999677	0.0007868166657817819
-3.569999999999968	0.0008139897493127522
-3.559999999999968	0.00084202607906214
-3.5499999999999683	0.0008709502705586839
-3.5399999999999685	0.0009007875415919449
-3.5299999999999687	0.0009315637235700903
-3.519999999999969	0.000963305272957066
-3.509999999999969	0.0009960392829818266
-3.4999999999999694	0.001029793495110339
-3.4899999999999696	0.0010645963109284062
-3.47999999999997	0.001100476803978969
-3.46999999999997	0.0011374647316944814
-3.45999999999997	0.0011755905474149773
-3.4499999999999704	0.001214885412503602
-3.4399999999999706	0.0012553812085212162
-3.429999999999971	0.0012971105494654109
-3.419999999999971	0.001340106794099449
-3.4099999999999713	0.00138440405832276
-3.3999999999999715	0.0014300372275224643
-3.3899999999999717	0.0014770419693506604
-3.379999999999972	0.0015254547458245795
-3.369999999999972	0.00157531282616364
-3.3599999999999723	0.00162665429933125
-3.3499999999999726	0.00167951808666228
-3.3399999999999728	0.001733943954500034
-3.329999999999973	0.001789972526791916
-3.319999999999973	0.001847645298054605
-3.3099999999999734	0.0019070046455954039
-3.2999999999999736	0.0019680938424728616
-3.289999999999974	0.002030957070072672
-3.279999999999974	0.002095639430729905
-3.2699999999999743	0.002162186960321107
-3.2599999999999745	0.002230646640833035
-3.2499999999999747	0.002301066412856723
-3.239999999999975	0.0023734951880431503
-3.229999999999975	0.0024479828615023478
-3.2199999999999753	0.0025245803241030623
-3.2099999999999755	0.00260333947470083
-3.1999999999999758	0.0026843132322836153
-3.189999999999976	0.0027675555480090844
-3.179999999999976	0.002853121417091415
-3.1699999999999764	0.0029410668906257147
-3.1599999999999766	0.0030314490872309654
-3.149999999999977	0.003124326204554114
-3.139999999999977	0.003219757530635792
-3.1299999999999772	0.0033178034550876453
-3.1199999999999775	0.003418525480077311
-3.1099999999999777	0.0035219862311733985
-3.099999999999978	0.0036282494679109514
-3.089999999999978	0.003737380094182777
-3.0799999999999783	0.0038494441684018992
-3.0699999999999785	0.003964508913405567
-3.0599999999999787	0.004082642726091343
-3.049999999999979	0.004203915186812514
-3.039999999999979	0.00432839706846229
-3.0299999999999794	0.004456160345265168
-3.0199999999999796	0.0045872782012612795
-3.00999999999998	0.004721825038463221
-2.99999999999998	0.004859876484650405
-2.9899999999999802	0.0050015094008303475
-2.9799999999999804	0.005146801888323488
-2.9699999999999807	0.00529583329543683
-2.959999999999981	0.005448684223759167
-2.949999999999981	0.0056054365340376016
-2.9399999999999813	0.005766173351590686
-2.9299999999999815	0.005930979071295176
-2.9199999999999817	0.006099939362106387
-2.909999999999982	0.00627314117107124
-2.899999999999982	0.006450672726855326
-2.8899999999999824	0.0066326235427633965
-2.8799999999999826	0.006819084419218875
-2.869999999999983	0.007010147445604545
-2.859999999999983	0.007205906001745882
-2.849999999999983	0.007406454758584677
-2.8399999999999834	0.0076118896783546695
-2.8299999999999836	0.00782230801413714
-2.819999999999984	0.008037808308750213
-2.809999999999984	0.008258490392982683
-2.7999999999999843	0.008484455383181492
-2.7899999999999845	0.0087158056781156
-2.7799999999999847	0.008952644955137225
-2.769999999999985	0.009195078165627115
-2.759999999999985	0.009443211529705214
-2.7499999999999853	0.009697152530061443
-2.7399999999999856	0.009957009905238548
-2.7299999999999858	0.01022289364189178
-2.719999999999986	0.010494914966325547
-2.709999999999986	0.010773186335195315
-2.6999999999999864	0.011057821425349612
-2.6899999999999866	0.011348935122779603
-2.679999999999987	0.01164664351071125
-2.669999999999987	0.011951063856785056
-2.6599999999999873	0.012262314599288573
-2.6499999999999875	0.012580515332477315
-2.6399999999999877	0.01290578679093865
-2.629999999999988	0.013238250832954318
-2.619999999999988	0.013578030422898141
-2.6099999999999883	0.013925249612630137
-2.5999999999999885	0.014280033521842622
-2.5899999999999888	0.014642508317387769
-2.579999999999989	0.015012801191561618
-2.569999999999989	0.015391040339289268
-2.5599999999999894	0.015777354934244165
-2.5499999999999896	0.016171875103884206
-2.53999999999999	0.016574731903343697
-2.52999999999999	0.016986057288213112
-2.5199999999999902	0.017405984086195543
-2.5099999999999905	0.01783464596758953
-2.4999999999999907	0.01827217741460505
-2.489999999999991	0.018718713689531225
-2.479999999999991	0.01917439080168541
-2.4699999999999913	0.019639345473173704
-2.4599999999999915	0.02011371510344742
-2.4499999999999917	0.020597637732638403
-2.439999999999992	0.02109125200364659
-2.429999999999992	0.02159469712302483
-2.4199999999999924	0.022108112820595882
-2.4099999999999926	0.02263163930780371
-2.399999999999993	0.02316541723483921
-2.389999999999993	0.02370958764648287
-2.3799999999999932	0.02426429193665358
-2.3699999999999934	0.024829671801723116
-2.3599999999999937	0.02540586919253059
-2.349999999999994	0.02599302626509806
-2.339999999999994	0.0265912853300886
-2.3299999999999943	0.027200788800974197
-2.3199999999999945	0.02782167914089075
-2.3099999999999947	0.02845409880823012
-2.299999999999995	0.029098190200959047
-2.289999999999995	0.029754095599590556
-2.2799999999999954	0.03042195710896
-2.2699999999999956	0.031101916598674964
-2.259999999999996	0.03179411564228737
-2.249999999999996	0.032498695455214145
-2.239999999999996	0.033215796831415664
-2.2299999999999964	0.03394556007878552
-2.2199999999999966	0.0346881249533147
-2.209999999999997	0.03544363059203937
-2.199999999999997	0.03621221544474116
-2.1899999999999973	0.03699401720444071
-2.1799999999999975	0.03778917273672401
-2.1699999999999977	0.038597818007849234
-2.159999999999998	0.03942008801169929
-2.149999999999998	0.04025611669560503
-2.1399999999999983	0.04110603688501419
-2.1299999999999986	0.04196998020702348
-2.1199999999999988	0.042848077012892345
-2.109999999999999	0.043740456299418036
-2.099999999999999	0.044647245629270506
-2.0899999999999994	0.04556857105033442
-2.0799999999999996	0.04650455701402962
-2.07	0.04745532629263992
-2.06	0.04842099989573273
-2.0500000000000003	0.049401696985643596
-2.0400000000000005	0.050397534792051855
-2.0300000000000007	0.051408628525736556
-2.020000000000001	0.05243509129149735
-2.010000000000001	0.05347703400025569
-2.0000000000000013	0.05453456528043786
-1.9900000000000015	0.055607791388635815
-1.9800000000000015	0.05669681611955001
-1.9700000000000015	0.05780174071532481
-1.9600000000000015	0.05892266377428664
-1.9500000000000015	0.060059681159081564
-1.9400000000000015	0.06121288590432246
-1.9300000000000015	0.06238236812377164
-1.9200000000000015	0.06356821491705654
-1.9100000000000015	0.0647705102760236
-1.9000000000000015	0.06598933499076715
-1.8900000000000015	0.06722476655534115
-1.8800000000000014	0.06847687907324013
-1.8700000000000014	0.06974574316272494
-1.8600000000000014	0.07103142586196641
-1.8500000000000014	0.07233399053411843
-1.8400000000000014	0.07365349677239527
-1.8300000000000014	0.07499000030513675
-1.8200000000000014	0.07634355290095864
-1.8100000000000014	0.07771420227409655
-1.8000000000000014	0.07910199198982895
-1.7900000000000014	0.08050696137032742
-1.7800000000000014	0.0819291454006938
-1.7700000000000014	0.08336857463542478
-1.7600000000000013	0.08482527510530015
-1.7500000000000013	0.08629926822480884
-1.7400000000000013	0.08779057070013131
-1.7300000000000013	0.08929919443772101
-1.7200000000000013	0.09082514645363653
-1.7100000000000013	0.09236842878362812
-1.7000000000000013	0.09392903839402174
-1.6900000000000013	0.09550696709353522
-1.6800000000000013	0.09710220144607422
-1.6700000000000013	0.09871472268453592
-1.6600000000000013	0.10034450662567568
-1.6500000000000012	0.10199152358631117
-1.6400000000000012	0.10365573830058405
-1.6300000000000012	0.10533710983864018
-1.6200000000000012	0.10703559152668472
-1.6100000000000012	0.108751130868485
-1.6000000000000012	0.11048366946836993
-1.5900000000000012	0.1122331429559442
-1.5800000000000012	0.11399948091231807
-1.5700000000000012	0.11578260679818804
-1.5600000000000012	0.11758243788375064
-1.5500000000000012	0.11939888518040054
-1.5400000000000011	0.12123185337446468
-1.5300000000000011	0.12308124076298498
-1.5200000000000011	0.12494693919155415
-1.5100000000000011	0.1268288339943234
-1.500000000000001	0.12872680393630978
-1.490000000000001	0.13064072115793282
-1.480000000000001	0.13257045112204843
-1.470000000000001	0.1345158525633272
-1.460000000000001	0.13647677744026396
-1.450000000000001	0.13845307088953213
-1.440000000000001	0.1404445711834875
-1.430000000000001	0.14245110968982108
-1.420000000000001	0.14447251083441884
-1.410000000000001	0.14650859206677766
-1.400000000000001	0.14855916382876927
-1.390000000000001	0.1506240295257195
-1.380000000000001	0.1527029855012593
-1.370000000000001	0.15479582101482725
-1.360000000000001	0.15690231822239464
-1.350000000000001	0.15902225216039553
-1.340000000000001	0.1611553907332072
-1.330000000000001	0.16330149470377664
-1.320000000000001	0.16546031768744254
-1.310000000000001	0.16763160614925585
-1.300000000000001	0.16981509940511547
-1.290000000000001	0.17201052962674665
-1.280000000000001	0.17421762184879763
-1.270000000000001	0.17643609398093582
-1.260000000000001	0.17866565682302282
-1.2500000000000009	0.18090601408515417
-1.2400000000000009	0.1831568624091719
-1.2300000000000009	0.18541789139602133
-1.2200000000000009	0.1876887836360984
-1.2100000000000009	0.18996921474354114
-1.2000000000000008	0.192258853394435
-1.1900000000000008	0.194557361369002
-1.1800000000000008	0.19686439359766025
-1.1700000000000008	0.19917959821106163
-1.1600000000000008	0.20150261659420826
-1.1500000000000008	0.20383308344450077
-1.1400000000000008	0.20617062683380172
-1.1300000000000008	0.20851486827464605
-1.1200000000000008	0.21086542279043635
-1.1100000000000008	0.21322189898965177
-1.1000000000000008	0.21558389914423134
-1.0900000000000007	0.21795101927201366
-1.0800000000000007	0.22032284922316067
-1.0700000000000007	0.2226989727707948
-1.0600000000000007	0.22507896770559843
-1.0500000000000007	0.22746240593440348
-1.0400000000000007	0.22984885358310114
-1.0300000000000007	0.23223787110331626
-1.0200000000000007	0.23462901338317632
-1.0100000000000007	0.23702182986216677
-1.0000000000000007	0.23941586464985135
-0.9900000000000007	0.24181065664856255
-0.9800000000000006	0.24420573968009335
-0.9700000000000006	0.24660064261618964
-0.9600000000000006	0.24899488951290163
-0.9500000000000006	0.2513879997488216
-0.9400000000000006	0.2537794881670334
-0.9300000000000006	0.2561688652207793
-0.9200000000000006	0.2585556371228855
-0.9100000000000006	0.2609393059987664
-0.9000000000000006	0.2633193700427924
-0.8900000000000006	0.265695323679409
-0.8800000000000006	0.2680666577246522
-0.8700000000000006	0.27043285955562496
-0.8600000000000005	0.2727934132788079
-0.8500000000000005	0.2751477999050828
-0.8400000000000005	0.2774954975254181
-0.8300000000000005	0.27983598149128286
-0.8200000000000005	0.282168724597831
-0.8100000000000005	0.2844931972694438
-0.8000000000000005	0.2868088677485895
-0.7900000000000005	0.2891152022876178
-0.7800000000000005	0.2914116653429149
-0.7700000000000005	0.29369771977175685
-0.7600000000000005	0.29597282703204575
-0.7500000000000004	0.29823644738398797
-0.7400000000000004	0.30048804009418445
-0.7300000000000004	0.30272706364244273
-0.7200000000000004	0.3049529759299718
-0.7100000000000004	0.30716523449021055
-0.7000000000000004	0.3093632967012125
-0.6900000000000004	0.3115466199999192
-0.6800000000000004	0.31371466209820614
-0.6700000000000004	0.3158668812003956
-0.6600000000000004	0.31800273622225855
-0.6500000000000004	0.320121687011317
-0.6400000000000003	0.3222231945684603
-0.6300000000000003	0.3243067212705704
-0.6200000000000003	0.3263717310940633
-0.6100000000000003	0.32841768983940656
-0.6000000000000003	0.33044406535627646
-0.5900000000000003	0.33245032776926053
-0.5800000000000003	0.3344359497038488
-0.5700000000000003	0.33640040651390674
-0.5600000000000003	0.3383431765069346
-0.5500000000000003	0.34026374117178343
-0.5400000000000003	0.34216158540513764
-0.5300000000000002	0.34403619773792943
-0.5200000000000002	0.34588707056148343
-0.5100000000000002	0.3477137003531413
-0.5000000000000002	0.3495155879012308
-0.49000000000000027	0.35129223852931574
-0.48000000000000026	0.3530431623195335
-0.47000000000000025	0.3547678743348481
-0.46000000000000024	0.356465894840149
-0.45000000000000023	0.358136749522054
-0.4400000000000002	0.3597799697071991
-0.4300000000000002	0.36139509257894675
-0.4200000000000002	0.36298166139238736
-0.4100000000000002	0.3645392256874203
-0.4000000000000002	0.36606734149983305
-0.3900000000000002	0.3675655715702608
-0.38000000000000017	0.36903348555080184
-0.37000000000000016	0.37047066020925407
-0.36000000000000015	0.3718766796307874
-0.35000000000000014	0.3732511354169107
-0.34000000000000014	0.3745936268816147
-0.3300000000000001	0.37590376124459646
-0.3200000000000001	0.3771811538213624
-0.3100000000000001	0.37842542821012465
-0.3000000000000001	0.37963621647539225
-0.2900000000000001	0.38081315932807114
-0.2800000000000001	0.38195590630197845
-0.2700000000000001	0.3830641159266798
-0.26000000000000006	0.38413745589648796
-0.25000000000000006	0.38517560323550715
-0.24000000000000007	0.38617824445865784
-0.23000000000000007	0.3871450757285198
-0.22000000000000006	0.38807580300788047
-0.21000000000000005	0.3889701422079438
-0.20000000000000004	0.3898278193320372
-0.19000000000000003	0.39064857061470776
-0.18000000000000002	0.3914321426561745
-0.17	0.3921782925519929
-0.16	0.39288678801781957
-0.15	0.3935574075092428
-0.13999999999999999	0.3941899403365743
-0.12999999999999998	0.3947841867744763
-0.11999999999999998	0.39533995816619616
-0.10999999999999999	0.395857077023575
-0.09999999999999999	0.3963353771195663
-0.09	0.39677470357744704
-0.08	0.39717491295350776
-0.07	0.39753587331435536
-0.060000000000000005	0.397857464308629
-0.05	0.39813957723306753
-0.04	0.39838211509282884
-0.03	0.398584992656057
-0.02	0.3987481365026696
-0.01	0.39887148506727277
0	0.3989549886762035
0.01	0.39899860957868954
0.02	0.3990023219720489
0.03	0.39896611202093474
0.04	0.3988899778706347
0.05	0.3987739296543586
0.060000000000000005	0.39861798949452304
0.07	0.39842219149806585
0.08	0.3981865817457378
0.09	0.3979112182753774
0.09999999999999999	0.3975961710592278
0.10999999999999999	0.3972415219752584
0.11999999999999998	0.3968473647725008
0.12999999999999998	0.3964138050304706
0.13999999999999999	0.39594096011265617
0.15	0.39542895911430476
0.16	0.39487794280334015
0.17	0.3942880635575069
0.18000000000000002	0.39365948529365613
0.19000000000000003	0.39299238339234155
0.20000000000000004	0.3922869446165229
0.21000000000000005	0.3915433670245997
0.22000000000000006	0.39076185987788864
0.23000000000000007	0.389942643542588
0.24000000000000007	0.38908594938624913
0.25000000000000006	0.3881920196688871
0.26000000000000006	0.3872611074287726
0.2700000000000001	0.38629347636296685
0.2800000000000001	0.3852894007026944
0.2900000000000001	0.38424916508365975
0.3000000000000001	0.38317306441133897
0.3100000000000001	0.3820614037213709
0.3200000000000001	0.38091449803516103
0.3300000000000001	0.37973267221073714
0.34000000000000014	0.3785162607889931
0.35000000000000014	0.37726560783543667
0.36000000000000015	0.3759810667775107
0.37000000000000016	0.37466300023759874
0.38000000000000017	0.37331177986187425
0.3900000000000002	0.37192778614503985
0.4000000000000002	0.3705114082511128
0.4100000000000002	0.3690630438303728
0.4200000000000002	0.3675830988325873
0.4300000000000002	0.36607198731661716
0.4400000000000002	0.36453013125657835
0.45000000000000023	0.36295796034464023
0.46000000000000024	0.3613559117906036
0.47000000000000025	0.3597244301183971
0.48000000000000026	0.3580639669596373
0.49000000000000027	0.35637498084433694
0.5000000000000002	0.3546579369889586
0.5100000000000002	0.35291330708192903
0.5200000000000002	0.3511415690667218
0.5300000000000002	0.34934320692269577
0.5400000000000003	0.34751871044382004
0.5500000000000003	0.34566857501538695
0.5600000000000003	0.3437933013889164
0.5700000000000003	0.3418933954553577
0.5800000000000003	0.33996936801673633
0.5900000000000003	0.3380217345563959
0.6000000000000003	0.33605101500800433
0.6100000000000003	0.3340577335236125
0.6200000000000003	0.33204241823976216
0.6300000000000003	0.33000560104478543
0.6400000000000003	0.32794781734340106
0.6500000000000004	0.32586960582178554
0.6600000000000004	0.3237715082120789
0.6700000000000004	0.3216540690566277
0.6800000000000004	0.3195178354721255
0.6900000000000004	0.31736335691382445
0.7000000000000004	0.31519118493991244
0.7100000000000004	0.31300187297621795
0.7200000000000004	0.3107959760814016
0.7300000000000004	0.30857405071274746
0.7400000000000004	0.3063366544926868
0.7500000000000004	0.3040843459762377
0.7600000000000005	0.301817684419436
0.7700000000000005	0.29953722954892903
0.7800000000000005	0.29724354133285025
0.7900000000000005	0.29493717975313005
0.8000000000000005	0.29261870457930816
0.8100000000000005	0.29028867514406115
0.8200000000000005	0.28794765012050205
0.8300000000000005	0.28559618730139397
0.8400000000000005	0.283234843380415
0.8500000000000005	0.28086417373558026
0.8600000000000005	0.27848473221491643
0.8700000000000006	0.27609707092454133
0.8800000000000006	0.27370174001923586
0.8900000000000006	0.27129928749560844
0.9000000000000006	0.2688902589879769
0.9100000000000006	0.2664751975670758
0.9200000000000006	0.2640546435416519
0.9300000000000006	0.26162913426307993
0.9400000000000006	0.25919920393309603
0.9500000000000006	0.25676538341470656
0.9600000000000006	0.2543282000463845
0.9700000000000006	0.2518881774596495
0.9800000000000006	0.2494458354000893
0.9900000000000007	0.2470016895518996
1.0000000000000007	0.24455625136606182
1.0100000000000007	0.24211002789217542
1.0200000000000007	0.23966352161403678
1.0300000000000007	0.2372172302890578
1.0400000000000007	0.2347716467915449
1.0500000000000007	0.2323272589599067
1.0600000000000007	0.22988454944788705
1.0700000000000007	0.22744399557981715
1.0800000000000007	0.2250060692099754
1.0900000000000007	0.22257123658609193
1.1000000000000008	0.22013995821704435
1.1100000000000008	0.21771268874475896
1.1200000000000008	0.21528987682039757
1.1300000000000008	0.2128719649848283
1.1400000000000008	0.21045938955342006
1.1500000000000008	0.20805258050518458
1.1600000000000008	0.2056519613763077
1.1700000000000008	0.20325794915804732
1.1800000000000008	0.20087095419905762
1.1900000000000008	0.1984913801121355
1.2000000000000008	0.19611962368538258
1.2100000000000009	0.19375607479781637
1.2200000000000009	0.19140111633942214
1.2300000000000009	0.18905512413563627
1.2400000000000009	0.18671846687626611
1.2500000000000009	0.1843915060488555
1.260000000000001	0.18207459587644784
1.270000000000001	0.17976808325976706
1.280000000000001	0.17747230772380038
1.290000000000001	0.17518760136874273
1.300000000000001	0.1729142888252874
1.310000000000001	0.17065268721427043
1.320000000000001	0.16840310611059142
1.330000000000001	0.16616584751141267
1.340000000000001	0.1639412058086052
1.350000000000001	0.16172946776539443
1.360000000000001	0.1595309124971586
1.370000000000001	0.15734581145638116
1.380000000000001	0.15517442842166423
1.390000000000001	0.1530170194907858
1.400000000000001	0.1508738330777557
1.410000000000001	0.14874510991381262
1.420000000000001	0.1466310830522945
1.430000000000001	0.14453197787736993
1.440000000000001	0.14244801211654143
1.450000000000001	0.14037939585685888
1.460000000000001	0.13832633156481305
1.470000000000001	0.1362890141098338
1.480000000000001	0.134267630791306
1.490000000000001	0.13226236136907557
1.500000000000001	0.13027337809736902
1.5100000000000011	0.1283008457620302
1.5200000000000011	0.12634492172104353
1.5300000000000011	0.1244057559482606
1.5400000000000011	0.1224834910802386
1.5500000000000012	0.12057826246613729
1.5600000000000012	0.11869019822061362
1.5700000000000012	0.11681941927958538
1.5800000000000012	0.11496603945885396
1.5900000000000012	0.11313016551546451
1.6000000000000012	0.11131189721173829
1.6100000000000012	0.1095113273818883
1.6200000000000012	0.10772854200117611
1.6300000000000012	0.1059636202574694
1.6400000000000012	0.10421663462516984
1.6500000000000012	0.10248765094140962
1.6600000000000013	0.10077672848443929
1.6700000000000013	0.0990839200541071
1.6800000000000013	0.09740927205438857
1.6900000000000013	0.09575282457784266
1.7000000000000013	0.09411461149192701
1.7100000000000013	0.09249466052710285
1.7200000000000013	0.09089299336662696
1.7300000000000013	0.0893096257379558
1.7400000000000013	0.08774456750566788
1.7500000000000013	0.08619782276592176
1.7600000000000013	0.08466938994210485
1.7700000000000014	0.08315926188194085
1.7800000000000014	0.08166742595572803
1.7900000000000014	0.0801938641556994
1.8000000000000014	0.0787385531964425
1.8100000000000014	0.07730146461629002
1.8200000000000014	0.0758825648795739
1.8300000000000014	0.07448181547971476
1.8400000000000014	0.07309917304303497
1.8500000000000014	0.07173458943321825
1.8600000000000014	0.07038801185635733
1.8700000000000014	0.06905938296650242
1.8800000000000014	0.06774864097169973
1.8900000000000015	0.0664557197402434
1.9000000000000015	0.06518054890737392
1.9100000000000015	0.06392305398211306
1.9200000000000015	0.06268315645426116
1.9300000000000015	0.06146077390147463
1.9400000000000015	0.06025582009635923
1.9500000000000015	0.0590682051135036
1.9600000000000015	0.05789783543640121
1.9700000000000015	0.05674461406418922
1.9800000000000015	0.05560844061813466
1.9900000000000015	0.05448921144783325
2.0000000000000013	0.053386819737032735
2.010000000000001	0.052301155609036344
2.020000000000001	0.051232106231625586
2.0300000000000007	0.05017955592146514
2.0400000000000005	0.049143386247891684
2.0500000000000003	0.0481234761360925
2.06	0.04711970196957638
2.07	0.04613193769190988
2.0799999999999996	0.0451600549076674
2.0899999999999994	0.0442039229825446
2.099999999999999	0.04326340914259534
2.109999999999999	0.04233837857254333
2.1199999999999988	0.04142869451314273
2.1299999999999986	0.040534218357509
2.1399999999999983	0.03965480974643419
2.149999999999998	0.03879032666260884
2.159999999999998	0.037940625523740175
2.1699999999999977	0.03710556127448667
2.1799999999999975	0.036284987477263414
2.1899999999999973	0.03547875640178908
2.199999999999997	0.03468671911341364
2.209999999999997	0.033908725560172104
2.2199999999999966	0.03314462465853116
2.2299999999999964	0.032394264377827595
2.239999999999996	0.031657491823351355
2.249999999999996	0.030934153318064143
2.259999999999996	0.030224094482928753
2.2699999999999956	0.029527160315831465
2.2799999999999954	0.02884319526908244
2.289999999999995	0.02817204332546084
2.299999999999995	0.027513548072817834
2.3099999999999947	0.026867552777224874
2.3199999999999945	0.026233900454581262
2.3299999999999943	0.025612433940793114
2.339999999999994	0.02500299596041824
2.349999999999994	0.024405429193799278
2.3599999999999937	0.02381957634268838
2.3699999999999934	0.023245280194346147
2.3799999999999932	0.02268238368409971
2.389999999999993	0.02213072995638906
2.399999999999993	0.021590162424266042
2.4099999999999926	0.02106052482735813
2.4199999999999924	0.020541661288306968
2.429999999999992	0.02003341636766692
2.439999999999992	0.019535635117268347
2.4499999999999917	0.019048163132061178
2.4599999999999915	0.01857084660043487
2.4699999999999913	0.018103532353011372
2.479999999999991	0.01764606790993714
2.489999999999991	0.01719830152666284
2.4999999999999907	0.016760082238232988
2.5099999999999905	0.016331259902081
2.5199999999999902	0.015911685239354576
2.52999999999999	0.015501209874772355
2.53999999999999	0.015099686375018663
2.5499999999999896	0.01470696828570687
2.5599999999999894	0.014322910166906634
2.569999999999989	0.013947367627253612
2.579999999999989	0.013580197356661104
2.5899999999999888	0.013221257157648943
2.5999999999999885	0.012870405975286452
2.6099999999999883	0.012527503925801667
2.619999999999988	0.012192412323839186
2.629999999999988	0.011864993708398377
2.6399999999999877	0.0115451118674757
2.6499999999999875	0.011232631861419987
2.6599999999999873	0.010927420044995502
2.669999999999987	0.010629344088317547
2.679999999999987	0.01033827299633736
2.6899999999999866	0.010054077127340293
2.6999999999999864	0.009776628210149903
2.709999999999986	0.00950579936018881
2.719999999999986	0.009241465094370176
2.7299999999999858	0.008983501344981696
2.7399999999999856	0.008731785472244073
2.7499999999999853	0.008486196276013307
2.759999999999985	0.008246614006308373
2.769999999999985	0.00801292037283527
2.7799999999999847	0.0077849985534882505
2.7899999999999845	0.007562733201868288
2.7999999999999843	0.007346010453824963
2.809999999999984	0.007134717933060878
2.819999999999984	0.006928744755802105
2.8299999999999836	0.006727981534582119
2.8399999999999834	0.006532320381134205
2.849999999999983	0.006341654908437108
2.859999999999983	0.006155880231924868
2.869999999999983	0.005974892969889428
2.8799999999999826	0.005798591243089187
2.8899999999999824	0.005626874673606909
2.899999999999982	0.005459644382948505
2.909999999999982	0.005296802989433363
2.9199999999999817	0.005138254604885196
2.9299999999999815	0.0049839048306439745
2.9399999999999813	0.0048336607529281496
2.949999999999981	0.004687430937562553
2.959999999999981	0.00454512542410115
2.9699999999999807	0.004406655719350327
2.9799999999999804	0.004271934790340932
2.9899999999999802	0.004140877056739676
2.99999999999998	0.004013398382743102
3.00999999999998	0.003889416068464155
3.0199999999999796	0.0037688488408351884
3.0299999999999794	0.003651616844043859
3.039999999999979	0.0035376416295318175
3.049999999999979	0.003426846145557918
3.0599999999999787	0.003319154726365647
3.0699999999999785	0.003214493080955739
3.0799999999999783	0.0031127882814986816
3.089999999999978	0.0030139687513900883
3.099999999999978	0.0029179642529815193
3.1099999999999777	0.002824705874992404
3.1199999999999775	0.002734126019633259
3.1299999999999772	0.0026461583894239176
3.139999999999977	0.002560737973802694
3.149999999999977	0.0024778010354349535
3.1599999999999766	0.0023972850963181656
3.1699999999999764	0.0023191289236752354
3.179999999999976	0.002243272515639551
3.189999999999976	0.002169657086764428
3.1999999999999758	0.002098225053350217
3.2099999999999755	0.0020289200186502775
3.2199999999999753	0.0019616867578981702
3.229999999999975	0.0018964712032357232
3.239999999999975	0.0018332204285129955
3.2499999999999747	0.0017718826340004685
3.2599999999999745	0.0017124071310075997
3.2699999999999743	0.0016547443264288027
3.279999999999974	0.001598845707299131
3.289999999999974	0.0015446638249406966
3.2999999999999736	0.0014921522797870356
3.3099999999999734	0.0014412657054628224
3.319999999999973	0.0013919597532006972
3.329999999999973	0.0013441910761870354
3.3399999999999728	0.001297917313900878
3.3499999999999726	0.00125309707654441
3.3599999999999723	0.0012096899291322012
3.369999999999972	0.0011676563763317086
3.379999999999972	0.0011269578466216955
3.3899999999999717	0.0010875566768625824
3.3999999999999715	0.0010494160968462659
3.4099999999999713	0.0010125002139070856
3.419999999999971	0.0009767739976176122
3.429999999999971	0.0009422032645426159
3.4399999999999706	0.000908754663091788
3.4499999999999704	0.0008763956584926989
3.45999999999997	0.0008450945177019507
3.46999999999997	0.0008148202947324428
3.47999999999997	0.0007855428157844169
3.4899999999999696	0.0007572326646370575
3.4999999999999694	0.0007298611681363729
3.509999999999969	0.0007034003818353708
3.519999999999969	0.0006778230756118144
3.5299999999999687	0.000653102719720965
3.5399999999999685	0.0006292134706904982
3.5499999999999683	0.0006061301574969687
3.559999999999968	0.00058382826786748
3.569999999999968	0.0005622839347217396
3.5799999999999677	0.0005414739227751998
3.5899999999999674	0.0005213756152857046
3.5999999999999672	0.0005019670009544901
3.609999999999967	0.00048322666104442873
3.619999999999967	0.00046513375653634085
3.6299999999999666	0.00044766801557399833
3.6399999999999664	0.00043080972101843174
3.649999999999966	0.00041453969817084466
3.659999999999966	0.0003988393026651277
3.6699999999999657	0.00038369040858542115
3.6799999999999655	0.0003690753966310199
3.6899999999999653	0.00035497714258481817
3.699999999999965	0.00034137900588944664
3.709999999999965	0.000328264818404319
3.7199999999999647	0.0003156188733497147
3.7299999999999645	0.00030342591441699895
3.7399999999999642	0.0002916711250571533
3.749999999999964	0.0002803401179455942
3.759999999999964	0.00026941892462134704
3.7699999999999636	0.0002588939853032655
3.7799999999999634	0.00024875213887934035
3.789999999999963	0.00023898061307314034
3.799999999999963	0.000229567014781685
3.8099999999999627	0.00022049932059032027
3.8199999999999625	0.00021176586745771467
3.8299999999999623	0.00020335534357416297
3.839999999999962	0.00019525677939089716
3.849999999999962	0.0001874595388212689
3.8599999999999617	0.0001799533106059999
3.8699999999999615	0.00017272809985286082
3.8799999999999613	0.0001657742197391562
3.889999999999961	0.0001590822833792586
3.899999999999961	0.00015264319585865858
3.9099999999999606	0.00014644814642900502
3.9199999999999604	0.0001404886008631322
3.92999999999996	0.0001347562939717956
3.93999999999996	0.00012924322229007027
3.9499999999999598	0.000123941636853059
3.9599999999999596	0.00011884403627470466
3.9699999999999593	0.00011394315977233263
3.979999999999959	0.00010923198055742933
3.989999999999959	0.00010470369920766127
3.9999999999999587	0.00010035173726999296
4.009999999999959	0.00009616973099009133
4.019999999999959	0.00009215152517676665
4.0299999999999585	0.00008829116722260242
4.039999999999958	0.00008458290125300964
4.049999999999958	0.00008102116241390118
4.059999999999958	0.0000776005712996449
4.069999999999958	0.00007431592850793937
4.079999999999957	0.00007116220932996694
4.089999999999957	0.00006813455856759107
4.099999999999957	0.00006522828547788204
4.109999999999957	0.00006243885884292905
4.119999999999957	0.00005976190216134808
4.129999999999956	0.00005719318896111606
4.139999999999956	0.000054728638232732135
4.149999999999956	0.00005236430997249229
4.159999999999956	0.00005009640084829269
4.1699999999999555	0.00004792123997442011
4.179999999999955	0.00004583528479107525
4.189999999999955	0.00004383511706107662
4.199999999999955	0.000041917438967814747
4.209999999999955	0.00004007906931507689
4.2199999999999545	0.00003831693983359016
4.229999999999954	0.00003662809158392906
4.239999999999954	0.000035009671458280195
4.249999999999954	0.00003345892878224728
4.259999999999954	0.000031973211991580235
4.269999999999953	0.00003054996544002987
4.279999999999953	0.000029186726243710353
4.289999999999953	0.00002788112126858864
4.299999999999953	0.000026630864163423973
4.3099999999999525	0.000025433752488542043
4.319999999999952	0.000024287664941332752
4.329999999999952	0.0000231905586378779
4.339999999999952	0.00002214046648969734
4.349999999999952	0.00002113549465705673
4.3599999999999515	0.000020173820066357992
4.369999999999951	0.00001925368801202293
4.379999999999951	0.000018373409822179036
4.389999999999951	0.000017531360600137158
4.399999999999951	0.000016725977026401325
4.40999999999995	0.000015955755235692743
4.41999999999995	0.00001521924875198234
4.42999999999995	0.0000145150664905948
4.43999999999995	0.000013841870818851734
4.4499999999999496	0.000013198375680647694
4.459999999999949	0.000012583344772548172
4.469999999999949	0.000011995589787614686
4.479999999999949	0.000011433968703204191
4.489999999999949	0.000010897384127499063
4.4999999999999485	0.000010384781704579333
4.509999999999948	9.895148561565454e-6
4.519999999999948	9.427511805298208e-6
4.529999999999948	8.98093707881967e-6
4.539999999999948	8.55452715258599e-6
4.549999999999947	8.14742056511172e-6
4.559999999999947	7.758790313645872e-6
4.569999999999947	7.387842581820717e-6
4.579999999999947	7.03381550861946e-6
4.589999999999947	6.695978005675256e-6
4.599999999999946	6.373628606806049e-6
4.609999999999946	6.066094359325252e-6
4.619999999999946	5.772729752766602e-6
4.629999999999946	5.492915690772897e-6
4.6399999999999455	5.2260584621854495e-6
4.649999999999945	4.971588816734592e-6
4.659999999999945	4.7289610163213465e-6
4.669999999999945	4.4976519074663605e-6
4.679999999999945	4.277160098818461e-6
4.689999999999944	4.0670050920835535e-6
4.699999999999944	3.8667264814304134e-6
4.709999999999944	3.6758831667606084e-6
4.719999999999944	3.494052620572976e-6
4.729999999999944	3.320830132756373e-6
4.739999999999943	3.1558281254595456e-6
4.749999999999943	2.998675489034383e-6
4.759999999999943	2.84901690808963e-6
4.769999999999943	2.7065122457089993e-6
4.7799999999999425	2.570835940465489e-6
4.789999999999942	2.441676423510746e-6
4.799999999999942	2.318735549553955e-6
4.809999999999942	2.2017280692011908e-6
4.819999999999942	2.0903810965151036e-6
4.8299999999999415	1.9844336140057558e-6
4.839999999999941	1.8836359860278455e-6
4.849999999999941	1.7877495017482496e-6
4.859999999999941	1.6965459159534408e-6
4.869999999999941	1.6098070377054815e-6
4.87999999999994	1.5273242851946809e-6
4.88999999999994	1.4488983236102535e-6
4.89999999999994	1.3743386647614949e-6
4.90999999999994	1.3034632832764919e-6
4.9199999999999395	1.2360982949574884e-6
4.929999999999939	1.1720775930034316e-6
4.939999999999939	1.1112425312927857e-6
4.949999999999939	1.053441600833427e-6
4.959999999999939	9.985301375851342e-7
4.9699999999999385	9.463700254021341e-7
4.979999999999938	8.9682941611072e-7
4.989999999999938	8.497824649834703e-7
4.999999999999938	8.051090706413047e-7
5.009999999999938	7.62694638759373e-7
5.019999999999937	7.224298364260207e-7
5.029999999999937	6.842103536301378e-7
5.039999999999937	6.47936700716008e-7
5.049999999999937	6.135139933457926e-7
5.0599999999999365	5.808517515069454e-7
5.069999999999936	5.498637063236862e-7
5.079999999999936	5.204676151465357e-7
5.089999999999936	4.92585094391116e-7
5.099999999999936	4.66141418209875e-7
5.1099999999999355	4.410653759961209e-7
5.119999999999935	4.17289136789047e-7
5.129999999999935	3.9474806862457387e-7
5.139999999999935	3.733806046186851e-7
5.149999999999935	3.531281058389759e-7
5.159999999999934	3.339347292465207e-7
5.169999999999934	3.157473015165956e-7
5.179999999999934	2.9851519824388726e-7
5.189999999999934	2.8219022813131943e-7
5.199999999999934	2.6672652142252564e-7
5.209999999999933	2.5208042432375687e-7
5.219999999999933	2.3821039815712533e-7
5.229999999999933	2.2507692400384515e-7
5.239999999999933	2.1264240173381384e-7
5.2499999999999325	2.0087105766875596e-7
5.259999999999932	1.8972889999412363e-7
5.269999999999932	1.7918353812381228e-7
5.279999999999932	1.6920429631940265e-7
5.289999999999932	1.5976190300014774e-7
5.299999999999931	1.5082852866025084e-7
5.309999999999931	1.4237782678316757e-7
5.319999999999931	1.3438468506632164e-7
5.329999999999931	1.2682522349337662e-7
5.339999999999931	1.1967680582581896e-7
5.34999999999993	1.129179016679681e-7
5.35999999999993	1.065280700972662e-7
5.36999999999993	1.0048793017643633e-7
5.37999999999993	9.477899537589708e-8