-6.499999999999906	9.55819755012492e-9
-6.489999999999906	1.0032429329198838e-8
-6.479999999999906	1.0529629619482302e-8
-6.4699999999999065	1.1050882001254245e-8
-6.459999999999907	1.1597324859105256e-8
-6.449999999999907	1.2170138904955631e-8
-6.439999999999907	1.2770564042432353e-8
-6.429999999999907	1.3399897669210066e-8
-6.419999999999908	1.4059494498864128e-8
-6.409999999999908	1.4750770083431543e-8
-6.399999999999908	1.5475204652439866e-8
-6.389999999999908	1.6234346210496882e-8
-6.379999999999908	1.702981822446359e-8
-6.369999999999909	1.786330986555187e-8
-6.359999999999909	1.8736587056602105e-8
-6.349999999999909	1.9651499901932543e-8
-6.339999999999909	2.060997911449985e-8
-6.3299999999999095	2.161404278248048e-8
-6.31999999999991	2.2665799805550043e-8
-6.30999999999991	2.376745353048523e-8
-6.29999999999991	2.492130611364806e-8
-6.28999999999991	2.6129762561051887e-8
-6.2799999999999105	2.7395335728224608e-8
-6.269999999999911	2.8720651401345946e-8
-6.259999999999911	3.0108446897158786e-8
-6.249999999999911	3.156159033243252e-8
-6.239999999999911	3.308307292697619e-8
-6.229999999999912	3.4676012376515306e-8
-6.219999999999912	3.634367373108692e-8
-6.209999999999912	3.808946305470601e-8
-6.199999999999912	3.991693596537569e-8
-6.1899999999999125	4.182980542799834e-8
-6.179999999999913	4.3831947305713545e-8
-6.169999999999913	4.592740919780919e-8
-6.159999999999913	4.8120413572236546e-8
-6.149999999999913	5.041537058280384e-8
-6.1399999999999135	5.2816881292801e-8
-6.129999999999914	5.532975241930015e-8
-6.119999999999914	5.795899440494436e-8
-6.109999999999914	6.070983767522038e-8
-6.099999999999914	6.35877412546696e-8
-6.089999999999915	6.65984008916592e-8
-6.079999999999915	6.974775911799061e-8
-6.069999999999915	7.304201507755815e-8
-6.059999999999915	7.648763582449994e-8
-6.0499999999999154	8.00913682488925e-8
-6.039999999999916	8.386024958155662e-8
-6.029999999999916	8.780161965644854e-8
-6.019999999999916	9.19231335753144e-8
-6.009999999999916	9.623277460895223e-8
-5.9999999999999165	1.0073886790438143e-7
-5.989999999999917	1.0545009457757139e-7
-5.979999999999917	1.1037550580023409e-7
-5.969999999999917	1.1552453838799317e-7
-5.959999999999917	1.209070319278918e-7
-5.949999999999918	1.2653324104948055e-7
-5.939999999999918	1.324138587651745e-7
-5.929999999999918	1.3856002713615487e-7
-5.919999999999918	1.4498336194913883e-7
-5.909999999999918	1.5169596820184313e-7
-5.899999999999919	1.587104609952526e-7
-5.889999999999919	1.6603998585134593e-7
-5.879999999999919	1.7369824050942022e-7
-5.869999999999919	1.8169949667603266e-7
-5.8599999999999195	1.9005862365138642e-7
-5.84999999999992	1.9879111209762693e-7
-5.83999999999992	2.0791309863209442e-7
-5.82999999999992	2.1744139311769784e-7
-5.81999999999992	2.2739350138593497e-7
-5.809999999999921	2.3778765882791217e-7
-5.799999999999921	2.4864285658532864e-7
-5.789999999999921	2.5997886832014494e-7
-5.779999999999921	2.7181628905821154e-7
-5.769999999999921	2.841765587733439e-7
-5.759999999999922	2.9708200001449915e-7
-5.749999999999922	3.105558557036456e-7
-5.739999999999922	3.2462232062591103e-7
-5.729999999999922	3.393065803659775e-7
-5.7199999999999225	3.5463485008934674e-7
-5.709999999999923	3.706344148728207e-7
-5.699999999999923	3.873336713502268e-7
-5.689999999999923	4.047621710643919e-7
-5.679999999999923	4.229506652666803e-7
-5.6699999999999235	4.419311515501887e-7
-5.659999999999924	4.61736922083291e-7
-5.649999999999924	4.824026134632445e-7
-5.639999999999924	5.039642588792909e-7
-5.629999999999924	5.26459341466908e-7
-5.619999999999925	5.499268502602065e-7
-5.609999999999925	5.744073378804141e-7
-5.599999999999925	5.999429801826646e-7
-5.589999999999925	6.265776384373258e-7
-5.5799999999999255	6.543569227689856e-7
-5.569999999999926	6.83328261102429e-7
-5.559999999999926	7.13540963981349e-7
-5.549999999999926	7.450463004902851e-7
-5.539999999999926	7.778975732425492e-7
-5.5299999999999265	8.121501771660985e-7
-5.519999999999927	8.478617082100348e-7
-5.509999999999927	8.850920304753777e-7
-5.499999999999927	9.239033461032666e-7
-5.489999999999927	9.643603134512902e-7
-5.479999999999928	1.0065301179022418e-6
-5.469999999999928	1.0504825713354747e-6
-5.459999999999928	1.0962902097339824e-6
-5.449999999999928	1.1440283941169632e-6
-5.4399999999999284	1.1937754150253851e-6
-5.429999999999929	1.2456126007130734e-6
-5.419999999999929	1.2996244290924994e-6
-5.409999999999929	1.3558986434695439e-6
-5.399999999999929	1.4145263722337202e-6
-5.3899999999999295	1.4756022528893819e-6
-5.37999999999993	1.5392245600741607e-6
-5.36999999999993	1.6054953381551478e-6
-5.35999999999993	1.67452053831505e-6
-5.34999999999993	1.7464101600622609e-6
-5.339999999999931	1.8212783982190876e-6
-5.329999999999931	1.8992437937819248e-6
-5.319999999999931	1.9804293909953825e-6
-5.309999999999931	2.0649628991988134e-6
-5.299999999999931	2.1529768600211948e-6
-5.289999999999932	2.244608820249853e-6
-5.279999999999932	2.3400015109887524e-6
-5.269999999999932	2.4393030316480905e-6
-5.259999999999932	2.542667041326538e-6
-5.2499999999999325	2.650252955667185e-6
-5.239999999999933	2.762226150657939e-6
-5.229999999999933	2.8787581727140744e-6
-5.219999999999933	3.0000269563505726e-6
-5.209999999999933	3.1262170481947513e-6
-5.199999999999934	3.257519839030287e-6
-5.189999999999934	3.394133802810936e-6
-5.179999999999934	3.5362647438254955e-6
-5.169999999999934	3.6841260517469846e-6
-5.159999999999934	3.837938962805034e-6
-5.149999999999935	3.997932839948436e-6
-5.139999999999935	4.1643454386467825e-6
-5.129999999999935	4.337423213146964e-6
-5.119999999999935	4.51742160072199e-6
-5.1099999999999355	4.704605337349878e-6
-5.099999999999936	4.899248775201476e-6
-5.089999999999936	5.101636208872611e-6
-5.079999999999936	5.31206221521421e-6
-5.069999999999936	5.530832001944639e-6
-5.0599999999999365	5.758261767505839e-6
-5.049999999999937	5.994679072104838e-6
-5.039999999999937	6.2404232241956536e-6
-5.029999999999937	6.4958456603719285e-6
-5.019999999999937	6.761310377889179e-6
-5.009999999999938	7.0371943299075105e-6
-4.999999999999938	7.323887865664422e-6
-4.989999999999938	7.621795184762214e-6
-4.979999999999938	7.931334797546084e-6
-4.9699999999999385	8.252939967925679e-6
-4.959999999999939	8.58705923799601e-6
-4.949999999999939	8.934156915225528e-6
-4.939999999999939	9.294713581196342e-6
-4.929999999999939	9.669226638215677e-6
-4.9199999999999395	0.000010058210859856071
-4.90999999999994	0.00001046219894131835
-4.89999999999994	0.000010881742085682947
-4.88999999999994	0.0000113174106271164
-4.87999999999994	0.000011769794605346887
-4.869999999999941	0.00001223950442364812
-4.859999999999941	0.00001272717152326932
-4.849999999999941	0.00001323344901698736
-4.839999999999941	0.000013759012403663655
-4.8299999999999415	0.000014304560286974425
-4.819999999999942	0.000014870815084837825
-4.809999999999942	0.000015458523796208142
-4.799999999999942	0.000016068458790476204
-4.789999999999942	0.000016701418589901302
-4.7799999999999425	0.00001735822867695247
-4.769999999999943	0.000018039742377523683
-4.759999999999943	0.0000187468416942734
-4.749999999999943	0.00001948043820736706
-4.739999999999943	0.000020241473999709808
-4.729999999999944	0.000021030922606567912
-4.719999999999944	0.00002184978994156049
-4.709999999999944	0.000022699115355087496
-4.699999999999944	0.00002357997261451385
-4.689999999999944	0.000024493470960186784
-4.679999999999945	0.000025440756205470418
-4.669999999999945	0.000026423011840855578
-4.659999999999945	0.000027441460143907258
-4.649999999999945	0.0000284973633907622
-4.6399999999999455	0.000029592025041766777
-4.629999999999946	0.00003072679096317003
-4.619999999999946	0.000031903050715398504
-4.609999999999946	0.00003312223885164798
-4.599999999999946	0.00003438583623719307
-4.589999999999947	0.000035695371426832395
-4.579999999999947	0.000037052422095510945
-4.569999999999947	0.000038458616437415426
-4.559999999999947	0.00003991563467340228
-4.549999999999947	0.00004142521058391933
-4.539999999999948	0.0000429891330394917
-4.529999999999948	0.000044609247598756194
-4.519999999999948	0.00004628745819059038
-4.509999999999948	0.00004802572873140896
-4.4999999999999485	0.000049826084889148743
-4.489999999999949	0.00005169061585466319
-4.479999999999949	0.00005362147612628605
-4.469999999999949	0.00005562088736410216
-4.459999999999949	0.00005769114033655412
-4.4499999999999496	0.00005983459681910002
-4.43999999999995	0.00006205369160878451
-4.42999999999995	0.00006435093457482388
-4.41999999999995	0.0000667289127586004
-4.40999999999995	0.0000691902924911696
-4.399999999999951	0.00007173782161742882
-4.389999999999951	0.000074374331746512
-4.379999999999951	0.00007710274052449704
-4.369999999999951	0.00007992605402970356
-4.3599999999999515	0.000082847369183951
-4.349999999999952	0.0000858698761711517
-4.339999999999952	0.00008899686102244597
-4.329999999999952	0.00009223170817996757
-4.319999999999952	0.0000955779031304315
-4.3099999999999525	0.00009903903512448818
-4.299999999999953	0.00010261879995112594
-4.289999999999953	0.00010632100273899553
-4.279999999999953	0.0001101495608745217
-4.269999999999953	0.00011410850695861819
-4.259999999999954	0.0001182019917961892
-4.249999999999954	0.00012243428752784784
-4.239999999999954	0.0001268097907679204
-4.229999999999954	0.00013133302582429802
-4.2199999999999545	0.00013600864799175787
-4.209999999999955	0.00014084144696096618
-4.199999999999955	0.00014583635018216865
-4.189999999999955	0.00015099842643519838
-4.179999999999955	0.00015633288939951115
-4.1699999999999555	0.00016184510129843953
-4.159999999999956	0.0001675405766314948
-4.149999999999956	0.00017342498602801058
-4.139999999999956	0.0001795041600903921
-4.129999999999956	0.00018578409338102701
-4.119999999999957	0.00019227094848111353
-4.109999999999957	0.0001989710601090678
-4.099999999999957	0.00020589093931310215
-4.089999999999957	0.0002130372778127524
-4.079999999999957	0.000220416952348595
-4.069999999999958	0.00022803702912428667
-4.059999999999958	0.00023590476840161553
-4.049999999999958	0.00024402762912729162
-4.039999999999958	0.00025241327360507116
-4.0299999999999585	0.00026106957236558245
-4.019999999999959	0.00027000460905468083
-4.009999999999959	0.00027922668539623183
-3.9999999999999587	0.000288744326301104
-3.989999999999959	0.00029856628504875706
-3.979999999999959	0.0003087015485161145
-3.9699999999999593	0.0003191593425637839
-3.9599999999999596	0.0003299491375053988
-3.9499999999999598	0.00034108065360019524
-3.93999999999996	0.00035256386675265036
-3.92999999999996	0.00036440901422934914
-3.9199999999999604	0.0003766266004914695
-3.9099999999999606	0.0003892274031164892
-3.899999999999961	0.0004022224788827647
-3.889999999999961	0.0004156231698211824
-3.8799999999999613	0.00042944110949691297
-3.8699999999999615	0.00044368822932696424
-3.8599999999999617	0.0004583767649884312
-3.849999999999962	0.0004735192629437679
-3.839999999999962	0.0004891285871061786
-3.8299999999999623	0.0005052179255143989
-3.8199999999999625	0.0005218007971814762
-3.8099999999999627	0.0005388910590306799
-3.799999999999963	0.0005565029129091653
-3.789999999999963	0.0005746509126932322
-3.7799999999999634	0.0005933499715697444
-3.7699999999999636	0.0006126153693308362
-3.759999999999964	0.0006324627597812252
-3.749999999999964	0.0006529081783163899
-3.7399999999999642	0.0006739680495266121
-3.7299999999999645	0.000695659194897705
-3.7199999999999647	0.0007179988406744142
-3.709999999999965	0.0007410046257817133
-3.699999999999965	0.0007646946098029138
-3.6899999999999653	0.0007890872811491964
-3.6799999999999655	0.0008142015652627518
-3.6699999999999657	0.0008400568328920219
-3.659999999999966	0.0008666729085266562
-3.649999999999966	0.000894070078907476
-3.6399999999999664	0.0009222691015570699
-3.6299999999999666	0.0009512912135169422
-3.619999999999967	0.000981158140097554
-3.609999999999967	0.0010118921037188247
-3.5999999999999672	0.0010435158328657003
-3.5899999999999674	0.001076052571140939
-3.5799999999999677	0.0011095260863313533
-3.569999999999968	0.001143960679620498
-3.559999999999968	0.0011793811948684607
-3.5499999999999683	0.0012158130279553948
-3.5399999999999685	0.001253282136179183
-3.5299999999999687	0.0012918150478135621
-3.519999999999969	0.0013314388716123436
-3.509999999999969	0.0013721813064654059
-3.4999999999999694	0.0014140706511143089
-3.4899999999999696	0.0014571358138948222
-3.47999999999997	0.0015014063225470989
-3.46999999999997	0.0015469123341215357
-3.45999999999997	0.0015936846448938165
-3.4499999999999704	0.00164175470031893
-3.4399999999999706	0.001691154605101222
-3.429999999999971	0.001741917133246741
-3.419999999999971	0.0017940757381218492
-3.4099999999999713	0.001847664562649974
-3.3999999999999715	0.00190271844947227
-3.3899999999999717	0.00195927295109009
-3.379999999999972	0.002017364340147021
-3.369999999999972	0.002077029619642667
-3.3599999999999723	0.002138306533149655
-3.3499999999999726	0.002201233575091207
-3.3399999999999728	0.0022658500010123454
-3.329999999999973	0.0023321958377736946
-3.319999999999973	0.0024003118938511984
-3.3099999999999734	0.0024702397695421144
-3.2999999999999736	0.0025420218671631384
-3.289999999999974	0.0026157014012416456
-3.279999999999974	0.0026913224086924444
-3.2699999999999743	0.002768929758870618
-3.2599999999999745	0.0028485691636752474
-3.2499999999999747	0.0029302871875796104
-3.239999999999975	0.003014131257540839
-3.229999999999975	0.0031001496729056673
-3.2199999999999753	0.0031883916152711826
-3.2099999999999755	0.003278907158161637
-3.1999999999999758	0.0033717472766927195
-3.189999999999976	0.0034669638571606974
-3.179999999999976	0.0035646097064490736
-3.1699999999999764	0.003664738561360605
-3.1599999999999766	0.003767405097882667
-3.149999999999977	0.00387266494023644
-3.139999999999977	0.003980574669812552
-3.1299999999999772	0.004091191834035546
-3.1199999999999775	0.004204574954947407
-3.1099999999999777	0.004320783537714424
-3.099999999999978	0.004439878078946448
-3.089999999999978	0.0045619200748137825
-3.0799999999999783	0.004686972028937373
-3.0699999999999785	0.004815097460173058
-3.0599999999999787	0.004946360910098876
-3.049999999999979	0.005080827950271551
-3.039999999999979	0.005218565189310818
-3.0299999999999794	0.00535964027970295
-3.0199999999999796	0.005504121924296668
-3.00999999999998	0.0056520798826291
-2.99999999999998	0.005803584976912781
-2.9899999999999802	0.00595870909770932
-2.9799999999999804	0.006117525209353333
-2.9699999999999807	0.006280107355061945
-2.959999999999981	0.0064465306616286995
-2.949999999999981	0.006616871343877254
-2.9399999999999813	0.006791206708757139
-2.9299999999999815	0.0069696151589827195
-2.9199999999999817	0.007152176196382902
-2.909999999999982	0.0073389704248747415
-2.899999999999982	0.007530079552939736
-2.8899999999999824	0.007725586395749557
-2.8799999999999826	0.007925574876895476
-2.869999999999983	0.008130130029592626
-2.859999999999983	0.008339337997449986
-2.849999999999983	0.008553286034857839
-2.8399999999999834	0.008772062506768595
-2.8299999999999836	0.008995756888030497
-2.819999999999984	0.009224459762283428
-2.809999999999984	0.009458262820190815
-2.7999999999999843	0.009697258857239594
-2.7899999999999845	0.009941541770954456
-2.7799999999999847	0.01019120655755061
-2.769999999999985	0.010446349307956238
-2.759999999999985	0.010707067203343534
-2.7499999999999853	0.01097345850997762
-2.7399999999999856	0.01124562257341947
-2.7299999999999858	0.01152365981215334
-2.719999999999986	0.011807671710559794
-2.709999999999986	0.012097760811128112
-2.6999999999999864	0.012394030706122581
-2.6899999999999866	0.012696586028485526
-2.679999999999987	0.013005532441977212
-2.669999999999987	0.01332097663070285
-2.6599999999999873	0.01364302628786467
-2.6499999999999875	0.013971790103673
-2.6399999999999877	0.01430737775262252
-2.629999999999988	0.014649899879939907
-2.619999999999988	0.01499946808717738
-2.6099999999999883	0.015356194917081536
-2.5999999999999885	0.015720193837645516
-2.5899999999999888	0.016091579225239277
-2.579999999999989	0.01647046634695573
-2.569999999999989	0.01685697134214761
-2.5599999999999894	0.0172512112029588
-2.5499999999999896	0.017653303754057117
-2.53999999999999	0.018063367631513807
-2.52999999999999	0.01848152226065351
-2.5199999999999902	0.01890788783304133
-2.5099999999999905	0.019342585282604182
-2.4999999999999907	0.019785736260670223
-2.489999999999991	0.02023746311015019
-2.479999999999991	0.020697888838733965
-2.4699999999999913	0.021167137091089777
-2.4599999999999915	0.021645332120051396
-2.4499999999999917	0.022132598756907658
-2.439999999999992	0.02262906238058492
-2.429999999999992	0.02313484888581305
-2.4199999999999924	0.02365008465035478
-2.4099999999999926	0.02417489650114745
-2.399999999999993	0.024709411679333895
-2.389999999999993	0.02525375780439821
-2.3799999999999932	0.025808062837126763
-2.3699999999999934	0.026372455041535556
-2.3599999999999937	0.026947062945757067
-2.349999999999994	0.027532015301863524
-2.339999999999994	0.028127441044523086
-2.3299999999999943	0.02873346924868773
-2.3199999999999945	0.029350229086164224
-2.3099999999999947	0.02997784978101473
-2.299999999999995	0.030616460563981103
-2.289999999999995	0.03126619062579949
-2.2799999999999954	0.031927169069320784
-2.2699999999999956	0.03259952486064284
-2.259999999999996	0.03328338677916267
-2.249999999999996	0.033978883366412596
-2.239999999999996	0.034686142873914576
-2.2299999999999964	0.035405293209944705
-2.2199999999999966	0.03613646188514883
-2.209999999999997	0.03687977595710051
-2.199999999999997	0.03763536197385977
-2.1899999999999973	0.03840334591633442
-2.1799999999999975	0.039183853139643114
-2.1699999999999977	0.03997700831345954
-2.159999999999998	0.04078293536123401
-2.149999999999998	0.04160175739837039
-2.1399999999999983	0.042433596669502485
-2.1299999999999986	0.04327857448458497
-2.1199999999999988	0.04413681115403651
-2.109999999999999	0.04500842592296114
-2.099999999999999	0.04589353690430065
-2.0899999999999994	0.04679226101098767
-2.0799999999999996	0.04770471388727821
-2.07	0.04863100983905197
-2.06	0.049571261763162636
-2.0500000000000003	0.05052558107600609
-2.0400000000000005	0.051494077641114355
-2.0300000000000007	0.052476859695892886
-2.020000000000001	0.053474033777549675
-2.010000000000001	0.05448570464823456
-2.0000000000000013	0.05551197521925921
-1.9900000000000015	0.05655294647468907
-1.9800000000000015	0.057608717394165045
-1.9700000000000015	0.05867938487489427
-1.9600000000000015	0.0597650436530714
-1.9500000000000015	0.06086578622463983
-1.9400000000000015	0.06198170276529994
-1.9300000000000015	0.06311288105003006
-1.9200000000000015	0.06425940637201467
-1.9100000000000015	0.06542136146100659
-1.9000000000000015	0.06659882640116874
-1.8900000000000015	0.06779187854856072
-1.8800000000000014	0.06900059244803365
-1.8700000000000014	0.07022503974980533
-1.8600000000000014	0.07146528912575408
-1.8500000000000014	0.07272140618524922
-1.8400000000000014	0.0739934533907517
-1.8300000000000014	0.07528148997329444
-1.8200000000000014	0.07658557184759399
-1.8100000000000014	0.0779057515270781
-1.8000000000000014	0.07924207803888243
-1.7900000000000014	0.08059459683867952
-1.7800000000000014	0.08196334972548622
-1.7700000000000014	0.08334837475661545
-1.7600000000000013	0.08474970616262276
-1.7500000000000013	0.08616737426232479
-1.7400000000000013	0.08760140537815528
-1.7300000000000013	0.08905182175164557
-1.7200000000000013	0.09051864145911344
-1.7100000000000013	0.09200187832786677
-1.7000000000000013	0.09350154185269124
-1.6900000000000013	0.09501763711270321
-1.6800000000000013	0.09655016468884743
-1.6700000000000013	0.09809912058189664
-1.6600000000000013	0.09966449613097281
-1.6500000000000012	0.10124627793283711
-1.6400000000000012	0.10284444776191033
-1.6300000000000012	0.10445898249094067
-1.6200000000000012	0.10608985401265711
-1.6100000000000012	0.10773702916229627
-1.6000000000000012	0.10940046964099631
-1.5900000000000012	0.11108013194029921
-1.5800000000000012	0.11277596726778334
-1.5700000000000012	0.11448792147369158
-1.5600000000000012	0.11621593497885001
-1.5500000000000012	0.11795994270393473
-1.5400000000000011	0.11971987399991645
-1.5300000000000011	0.12149565257995988
-1.5200000000000011	0.12328719645289167
-1.5100000000000011	0.12509441785802008
-1.500000000000001	0.12691722320160767
-1.490000000000001	0.12875551299508667
-1.480000000000001	0.13060918179485098
-1.470000000000001	0.13247811814384372
-1.460000000000001	0.134362204515114
-1.450000000000001	0.13626131725716936
-1.440000000000001	0.13817532654124384
-1.430000000000001	0.14010409631078588
-1.420000000000001	0.1420474842329164
-1.410000000000001	0.1440053416519878
-1.400000000000001	0.14597751354553484
-1.390000000000001	0.14796383848241976
-1.380000000000001	0.14996414858324855
-1.370000000000001	0.15197826948335552
-1.360000000000001	0.15400602029818444
-1.350000000000001	0.1560472135911301
-1.340000000000001	0.15810165534408863
-1.330000000000001	0.1601691449306433
-1.320000000000001	0.16224947509181892
-1.310000000000001	0.164342431914763
-1.300000000000001	0.16644779481424407
-1.290000000000001	0.16856533651686909
-1.280000000000001	0.17069482304837857
-1.270000000000001	0.17283601372396093
-1.260000000000001	0.17498866114142672
-1.2500000000000009	0.17715251117760897
-1.2400000000000009	0.17932730298793462
-1.2300000000000009	0.18151276900903787
-1.2200000000000009	0.18370863496469772
-1.2100000000000009	0.18591461987513833
-1.2000000000000008	0.18813043606949034
-1.1900000000000008	0.1903557892016812
-1.1800000000000008	0.19259037826986478
-1.1700000000000008	0.19483389563910963
-1.1600000000000008	0.19708602706761785
-1.1500000000000008	0.19934645173662127
-1.1400000000000008	0.2016148422836695
-1.1300000000000008	0.20389086483950158
-1.1200000000000008	0.2061741790687184
-1.1100000000000008	0.20846443821393448
-1.1000000000000008	0.2107612891436456
-1.0900000000000007	0.21306437240384288
-1.0800000000000007	0.21537332227336287
-1.0700000000000007	0.21768776682283691
-1.0600000000000007	0.22000732797762315
-1.0500000000000007	0.22233162158440628
-1.0400000000000007	0.22466025748149018
-1.0300000000000007	0.22699283957309466
-1.0200000000000007	0.22932896590739368
-1.0100000000000007	0.23166822875822352
-1.0000000000000007	0.23401021471082561
-0.9900000000000007	0.23635450475135578
-0.9800000000000006	0.23870067436009407
-0.9700000000000006	0.24104829360861055
-0.9600000000000006	0.24339692726077378
-0.9500000000000006	0.2457461348773763
-0.9400000000000006	0.24809547092470158
-0.9300000000000006	0.25044448488691995
-0.9200000000000006	0.2527927213820358
-0.9100000000000006	0.25513972028172094
-0.9000000000000006	0.2574850168349524
-0.8900000000000006	0.25982814179511526
-0.8800000000000006	0.2621686215508808
-0.8700000000000006	0.2645059782608465
-0.8600000000000005	0.2668397299915487
-0.8500000000000005	0.2691693908591061
-0.8400000000000005	0.27149447117452646
-0.8300000000000005	0.2738144775923195
-0.8200000000000005	0.27612891326254424
-0.8100000000000005	0.27843727798642987
-0.8000000000000005	0.28073906837513685
-0.7900000000000005	0.2830337780117824
-0.7800000000000005	0.28532089761690216
-0.7700000000000005	0.28759991521688183
-0.7600000000000005	0.2898703163154362
-0.7500000000000004	0.29213158406836476
-0.7400000000000004	0.29438319946111735
-0.7300000000000004	0.2966246414891351
-0.7200000000000004	0.2988553873412664
-0.7100000000000004	0.30107491258581226
-0.7000000000000004	0.30328269135854313
-0.6900000000000004	0.3054781965561236
-0.6800000000000004	0.3076609000269816
-0.6700000000000004	0.3098302727691914
-0.6600000000000004	0.31198578512862263
-0.6500000000000004	0.31412690699971263
-0.6400000000000003	0.3162531080281444
-0.6300000000000003	0.3183638578157937
-0.6200000000000003	0.32045862612762716
-0.6100000000000003	0.3225368831001514
-0.6000000000000003	0.3245980994518134
-0.5900000000000003	0.3266417466950875
-0.5800000000000003	0.3286672973498147
-0.5700000000000003	0.3306742251580495
-0.5600000000000003	0.33266200530037593
-0.5500000000000003	0.3346301146130659
-0.5400000000000003	0.33657803180644047
-0.5300000000000002	0.3385052376842905
-0.5200000000000002	0.3404112153638767
-0.5100000000000002	0.34229545049664845
-0.5000000000000002	0.3441574314898022
-0.49000000000000027	0.3459966497279301
-0.48000000000000026	0.3478125997950228
-0.47000000000000025	0.3496047796969559
-0.46000000000000024	0.3513726910837255
-0.45000000000000023	0.35311583947034714
-0.4400000000000002	0.35483373446388256
-0.4300000000000002	0.3565258899779014
-0.4200000000000002	0.3581918244583126
-0.4100000000000002	0.3598310611029695
-0.4000000000000002	0.36144312808149776
-0.3900000000000002	0.36302755875399956
-0.38000000000000017	0.3645838918892037
-0.37000000000000016	0.36611167188126587
-0.36000000000000015	0.36761044896498696
-0.35000000000000014	0.3690797794301956
-0.34000000000000014	0.37051922583396857
-0.3300000000000001	0.37192835721142725
-0.3200000000000001	0.3733067492847131
-0.3100000000000001	0.37465398466994637
-0.3000000000000001	0.3759696530818029
-0.2900000000000001	0.3772533515363129
-0.2800000000000001	0.3785046845509275
-0.2700000000000001	0.379723264342012
-0.26000000000000006	0.38090871102008206
-0.25000000000000006	0.3820606527818439
-0.24000000000000007	0.3831787260992693
-0.23000000000000007	0.3842625759060205
-0.22000000000000006	0.38531185578039967
-0.21000000000000005	0.3863262281248408
-0.20000000000000004	0.3873053643423668
-0.19000000000000003	0.38824894500926377
-0.18000000000000002	0.3891566600438572
-0.17	0.3900282088718264
-0.16	0.39086330058749585
-0.15	0.3916616541106905
-0.13999999999999999	0.3924229983403837
-0.12999999999999998	0.3931470723027252
-0.11999999999999998	0.39383362529575
-0.10999999999999999	0.39448241702915726
-0.09999999999999999	0.39509321775965633
-0.09	0.3956658084213141
-0.08	0.3961999807513438
-0.07	0.3966955374110388
-0.060000000000000005	0.3971522921014289
-0.05	0.3975700696740216
-0.04	0.3979487062364906
-0.03	0.3982880492528117
-0.02	0.39858795763817173
-0.01	0.39884830184860776
0	0.3990689639648995
0.01	0.39924983777095413
0.02	0.3993908288267346
0.03	0.39949185453524744
0.04	0.3995528442038005
0.05	0.3995737390996368
0.060000000000000005	0.3995544924994803
0.07	0.39949506973313553
0.08	0.39939544822135975
0.09	0.39925561750753724
0.09999999999999999	0.3990755792832447
0.10999999999999999	0.3988553474079656
0.11999999999999998	0.39859494792257183
0.12999999999999998	0.3982944190565711
0.13999999999999999	0.397953811229395
0.15	0.3975731870454699
0.16	0.39715262128295564
0.17	0.3966922008765228
0.18000000000000002	0.39619202489386657
0.19000000000000003	0.3956522045059279
0.20000000000000004	0.3950728629510719
0.21000000000000005	0.39445413549313346
0.22000000000000006	0.3937961693731026
0.23000000000000007	0.3930991237548576
0.24000000000000007	0.3923631696648352
0.25000000000000006	0.39158848992541373
0.26000000000000006	0.39077527908239695
0.2700000000000001	0.38992374332655766
0.2800000000000001	0.3890341004090113
0.2900000000000001	0.38810657955080236
0.3000000000000001	0.3871414213466731
0.3100000000000001	0.38613887766285704
0.3200000000000001	0.3850992115291877
0.3300000000000001	0.3840226970256331
0.34000000000000014	0.3829096191630183
0.35000000000000014	0.3817602737582309
0.36000000000000015	0.38057496730410173
0.37000000000000016	0.37935401683370584
0.38000000000000017	0.37809774977934724
0.3900000000000002	0.3768065038264749
0.4000000000000002	0.37548062676232663
0.4100000000000002	0.3741204763194821
0.4200000000000002	0.3727264200146403
0.4300000000000002	0.37129883498242827
0.4400000000000002	0.36983810780443294
0.45000000000000023	0.3683446343337065
0.46000000000000024	0.36681881951474193
0.47000000000000025	0.3652610771988856
0.48000000000000026	0.3636718299556726
0.49000000000000027	0.36205150887992277
0.5000000000000002	0.36040055339467125
0.5100000000000002	0.35871941105035243
0.5200000000000002	0.3570085373202514
0.5300000000000002	0.35526839539176536
0.5400000000000003	0.3534994559550844
0.5500000000000003	0.35170219698769106
0.5600000000000003	0.349877103535898
0.5700000000000003	0.34802466749330385
0.5800000000000003	0.34614538737633815
0.5900000000000003	0.3442397680968285
0.6000000000000003	0.34230832073202294
0.6100000000000003	0.34035156229214436
0.6200000000000003	0.33837001548542606
0.6300000000000003	0.3363642084810089
0.6400000000000003	0.3343346746698816
0.6500000000000004	0.33228195242374814
0.6600000000000004	0.3302065848521934
0.6700000000000004	0.32810911955836786
0.6800000000000004	0.32599010839309533
0.6900000000000004	0.32385010720771584
0.7000000000000004	0.32168967560590994
0.7100000000000004	0.3195093766944951
0.7200000000000004	0.31730977683333217
0.7300000000000004	0.3150914453847829
0.7400000000000004	0.31285495446254086
0.7500000000000004	0.3106008786800993
0.7600000000000005	0.3083297948992071
0.7700000000000005	0.30604228197821315
0.7800000000000005	0.30373892052048607
0.7900000000000005	0.30142029262331793
0.8000000000000005	0.29908698162715835
0.8100000000000005	0.29673957186545813
0.8200000000000005	0.29437864841535444
0.8300000000000005	0.2920047968492674
0.8400000000000005	0.289618602987459
0.8500000000000005	0.2872206526519463
0.8600000000000005	0.2848115314217641
0.8700000000000006	0.28239182438963584
0.8800000000000006	0.27996211592042486
0.8900000000000006	0.2775229894114032
0.9000000000000006	0.27507502705432924
0.9100000000000006	0.2726188095997136
0.9200000000000006	0.27015491612335496
0.9300000000000006	0.2676839237950826
0.9400000000000006	0.265206407650086
0.9500000000000006	0.2627229403628773
0.9600000000000006	0.26023409202394077
0.9700000000000006	0.2577404299192365
0.9800000000000006	0.255242518312806
0.9900000000000007	0.25274091823234496
1.0000000000000007	0.2502361872580471
1.0100000000000007	0.24772887931483073
1.0200000000000007	0.2452195444679794
1.0300000000000007	0.24270872872223193
1.0400000000000007	0.2401969738247194
1.0500000000000007	0.23768481707149533
1.0600000000000007	0.23517279111793019
1.0700000000000007	0.23266142379311916
1.0800000000000007	0.23015123791827144
1.0900000000000007	0.2276427511291374
1.1000000000000008	0.22513647570277864
1.1100000000000008	0.22263291838849417
1.1200000000000008	0.22013258024310658
1.1300000000000008	0.21763595647070214
1.1400000000000008	0.21514353626685523
1.1500000000000008	0.2126558026672903
1.1600000000000008	0.2101732324012782
1.1700000000000008	0.2076962957496595
1.1800000000000008	0.20522545640747203
1.1900000000000008	0.20276117135130733
1.2000000000000008	0.20030389071218144
1.2100000000000009	0.197854057651698
1.2200000000000009	0.19541210824460267
1.2300000000000009	0.19297847136555896
1.2400000000000009	0.19055356858087794
1.2500000000000009	0.18813781404527852
1.260000000000001	0.18573161440365948
1.270000000000001	0.18333536869777103
1.280000000000001	0.1809494682779031
1.290000000000001	0.1785742967196915
1.300000000000001	0.17621022974576264
1.310000000000001	0.17385763515251665
1.320000000000001	0.17151687274188754
1.330000000000001	0.16918829425811455
1.340000000000001	0.16687224332941558
1.350000000000001	0.16456905541482375
1.360000000000001	0.16227905775579357
1.370000000000001	0.16000256933283313
1.380000000000001	0.15773990082703754
1.390000000000001	0.15549135458664035
1.400000000000001	0.1532572245980019
1.410000000000001	0.15103779646192628
1.420000000000001	0.14883334737445825
1.430000000000001	0.14664414611245835
1.440000000000001	0.14447045302392514
1.450000000000001	0.14231252002295375
1.460000000000001	0.1401705905891894
1.470000000000001	0.1380448997719559
1.480000000000001	0.13593567419882088
1.490000000000001	0.13384313208850795
1.500000000000001	0.1317674832682715
1.5100000000000011	0.12970892919556312
1.5200000000000011	0.12766766298384502
1.5300000000000011	0.12564386943262357
1.5400000000000011	0.12363772506162403
1.5500000000000012	0.12164939814884922
1.5600000000000012	0.11967904877267307
1.5700000000000012	0.11772682885782397
1.5800000000000012	0.11579288222504056
1.5900000000000012	0.11387734464449009
1.6000000000000012	0.11198034389286783
1.6100000000000012	0.11010199981388122
1.6200000000000012	0.10824242438229331
1.6300000000000012	0.10640172177129052
1.6400000000000012	0.10457998842310616
1.6500000000000012	0.10277731312278834
1.6600000000000013	0.10099377707515127
1.6700000000000013	0.09922945398460803
1.6800000000000013	0.09748441013794351
1.6900000000000013	0.09575870448988688
1.7000000000000013	0.09405238875141168
1.7100000000000013	0.0923655074805502
1.7200000000000013	0.09069809817584691
1.7300000000000013	0.08905019137213548
1.7400000000000013	0.0874218107386313
1.7500000000000013	0.08581297317928253
1.7600000000000013	0.08422368893521738
1.7700000000000014	0.08265396168916975
1.7800000000000014	0.08110378867187487
1.7900000000000014	0.0795731607702551
1.8000000000000014	0.07806206263732636
1.8100000000000014	0.07657047280372768
1.8200000000000014	0.0750983637907697
1.8300000000000014	0.07364570222490137
1.8400000000000014	0.07221244895348555
1.8500000000000014	0.07079855916188048
1.8600000000000014	0.06940398249151462
1.8700000000000014	0.06802866315909024
1.8800000000000014	0.06667254007675272
1.8900000000000015	0.06533554697299432
1.9000000000000015	0.06401761251437738
1.9100000000000015	0.06271866042795633
1.9200000000000015	0.06143860962415121
1.9300000000000015	0.06017737432018426
1.9400000000000015	0.05893486416388434
1.9500000000000015	0.05771098435775997
1.9600000000000015	0.05650563578329848
1.9700000000000015	0.05531871512540318
1.9800000000000015	0.05415011499685818
1.9900000000000015	0.052999724062727196
2.0000000000000013	0.05186742716465727
2.010000000000001	0.05075310544499211
2.020000000000001	0.0496566364705112
2.0300000000000007	0.0485778943559385
2.0400000000000005	0.04751674988691612
2.0500000000000003	0.046473070642507844
2.06	0.045446721117113224
2.07	0.04443756284174412
2.0799999999999996	0.04344545450454493
2.0899999999999994	0.04247025207057105
2.099999999999999	0.04151180890071705
2.109999999999999	0.04056997586964724
2.1199999999999988	0.039644601482886586
2.1299999999999986	0.03873553199277779
2.1399999999999983	0.03784261151337873
2.149999999999998	0.0369656821342026
2.159999999999998	0.036104584032831344
2.1699999999999977	0.035259155586148574
2.1799999999999975	0.03442923348037715
2.1899999999999973	0.03361465281976258
2.199999999999997	0.03281524723380427
2.209999999999997	0.03203084898312178
2.2199999999999966	0.031261289063801226
2.2299999999999964	0.030506397310251676
2.239999999999996	0.029766002496481456
2.249999999999996	0.02903993243583661
2.259999999999996	0.028328014079059133
2.2699999999999956	0.02763007361072303
2.2799999999999954	0.026945936544003297
2.289999999999995	0.0262754278137192
2.299999999999995	0.025618371867625295
2.3099999999999947	0.024974592755974412
2.3199999999999945	0.024343914219307615
2.3299999999999943	0.023726159774372365
2.339999999999994	0.023121152798326435
2.349999999999994	0.022528716611041423
2.3599999999999937	0.021948674555550277
2.3699999999999934	0.021380850076677612
2.3799999999999932	0.020825066797773305
2.389999999999993	0.02028114859554081
2.399999999999993	0.0197489196730179
2.4099999999999926	0.01922820463066249
2.4199999999999924	0.018718828535456384
2.429999999999992	0.018220616988231693
2.439999999999992	0.017733396189006594
2.4499999999999917	0.01725699300042347
2.4599999999999915	0.016791235009338157
2.4699999999999913	0.016335950586444055
2.479999999999991	0.01589096894405953
2.489999999999991	0.015456120191974707
2.4999999999999907	0.015031235391472162
2.5099999999999905	0.014616146607433787
2.5199999999999902	0.014210686958612554
2.52999999999999	0.013814690666036536
2.53999999999999	0.013427993099593086
2.5499999999999896	0.013050430822767538
2.5599999999999894	0.012681841635596916
2.569999999999989	0.012322064615816452
2.579999999999989	0.01197094015821726
2.5899999999999888	0.011628310012292599
2.5999999999999885	0.011294017318082113
2.6099999999999883	0.010967906640339423
2.619999999999988	0.01064982400098816
2.629999999999988	0.010339616909898812
2.6399999999999877	0.010037134394008496
2.6499999999999875	0.00974222702481397
2.6599999999999873	0.009454746944268084
2.669999999999987	0.009174547889025926
2.679999999999987	0.008901485213243809
2.6899999999999866	0.008635415909759437
2.6999999999999864	0.008376198629763725
2.709999999999986	0.00812369370105714
2.719999999999986	0.007877763144788169
2.7299999999999858	0.007638270690779412
2.7399999999999856	0.007405081791493042
2.7499999999999853	0.007178063634583543
2.759999999999985	0.006957085154114524
2.769999999999985	0.006742017040503795
2.7799999999999847	0.006532731749126363
2.7899999999999845	0.00632910350771688
2.7999999999999843	0.006131008322505045
2.809999999999984	0.005938323983215407
2.819999999999984	0.005750930066826574
2.8299999999999836	0.00556870794025209
2.8399999999999834	0.0053915407619433775
2.849999999999983	0.005219313482335786
2.859999999999983	0.005051912843308231
2.869999999999983	0.004889227376648978
2.8799999999999826	0.004731147401488116
2.8899999999999824	0.004577565020804749
2.899999999999982	0.004428374117033563
2.909999999999982	0.004283470346740043
2.9199999999999817	0.004142751134439486
2.9299999999999815	0.00400611566564537
2.9399999999999813	0.0038734648790177714
2.949999999999981	0.0037447014578081464
2.959999999999981	0.0036197298205518772
2.9699999999999807	0.003498456111008074
2.9799999999999804	0.003380788187459519
2.9899999999999802	0.0032666356113234592
2.99999999999998	0.0031559096351446428
3.00999999999998	0.003048523189971971
3.0199999999999796	0.0029443908721878136
3.0299999999999794	0.002843428929749725
3.039999999999979	0.002745555247940698
3.049999999999979	0.002650689334601225
3.0599999999999787	0.002558752304917923
3.0699999999999785	0.0024696668657323787
3.0799999999999783	0.0023833572994561604
3.089999999999978	0.0022997494475771214
3.099999999999978	0.0022187706938060926
3.1099999999999777	0.0021403499468463463
3.1199999999999775	0.002064417622883612
3.1299999999999772	0.0019909056277347486
3.139999999999977	0.0019197473387119483
3.149999999999977	0.001850877586293053
3.1599999999999766	0.0017842326354610275
3.1699999999999764	0.0017197501668862812
3.179999999999976	0.0016573692579160031
3.189999999999976	0.0015970303633509135
3.1999999999999758	0.0015386752960834295
3.2099999999999755	0.0014822472076182424
3.2199999999999753	0.0014276905684296262
3.229999999999975	0.0013749511482541344
3.239999999999975	0.0013239759962598472
3.2499999999999747	0.0012747134212141012
3.2599999999999745	0.001227112971499023
3.2699999999999743	0.0011811254151954174
3.279999999999974	0.0011367027200629872
3.289999999999974	0.0010937980335688176
3.2999999999999736	0.001052365662882367
3.3099999999999734	0.0010123610549434088
3.319999999999973	0.0009737407764911068
3.329999999999973	0.0009364624942239102
3.3399999999999728	0.0009004849549547558
3.3499999999999726	0.000865767965873527
3.3599999999999723	0.0008322723748701103
3.369999999999972	0.0007999600509887908
3.379999999999972	0.0007687938649273447
3.3899999999999717	0.0007387376697137992
3.3999999999999715	0.0007097562814674435
3.4099999999999713	0.0006818154603083355
3.419999999999971	0.0006548818914019021
3.429999999999971	0.0006289231661737052
3.4399999999999706	0.0006039077636371243
3.4499999999999704	0.0005798050319475004
3.45999999999997	0.0005565851700833865
3.46999999999997	0.0005342192097223115
3.47999999999997	0.0005126789973054737
3.4899999999999696	0.0004919371762904611
3.4999999999999694	0.0004719671695972323
3.509999999999969	0.00045274316225758917
3.519999999999969	0.00043424008429559884
3.5299999999999687	0.0004164335937669674
3.5399999999999685	0.0003993000600660536
3.5499999999999683	0.00038281654742289793
3.559999999999968	0.00036696079863510976
3.569999999999968	0.0003517112190157625
3.5799999999999677	0.0003370468605883999
3.5899999999999674	0.00032294740648021344
3.5999999999999672	0.0003093931555858075
3.609999999999967	0.00029636500743798744
3.619999999999967	0.0002838444473454385
3.6299999999999666	0.0002718135317245777
3.6399999999999664	0.0002602548737151524
3.649999999999966	0.00024915162901162943
3.659999999999966	0.0002384874819420883
3.6699999999999657	0.0002282466317900226
3.6799999999999655	0.00021841377935937888
3.6899999999999653	0.0002089741137686021
3.699999999999965	0.00019991329950862292
3.709999999999965	0.00019121746373287072
3.7199999999999647	0.00018287318376567844
3.7299999999999645	0.00017486747488884861
3.7399999999999642	0.0001671877783583858
3.749999999999964	0.000159821949612515
3.759999999999964	0.00015275824679340653
3.7699999999999636	0.00014598531945049964
3.7799999999999634	0.0001394921974836664
3.789999999999963	0.00013326828034550676
3.799999999999963	0.00012730332643921263
3.8099999999999627	0.00012158744278394053
3.8199999999999625	0.00011611107485440402
3.8299999999999623	0.00011086499669844618
3.839999999999962	0.00010584030125144666
3.849999999999962	0.00010102839086930797
3.8599999999999617	0.00009642096807455646
3.8699999999999615	0.0000920100265485521
3.8799999999999613	0.00008778784228714776
3.889999999999961	0.0000837469650052082
3.899999999999961	0.00007988020973822837
3.9099999999999606	0.00007618064863881054
3.9199999999999604	0.00007264160298429913
3.92999999999996	0.00006925663537592596
3.93999999999996	0.00006601954214021665
3.9499999999999598	0.00006292434591778358
3.9599999999999596	0.00005996528846321022
3.9699999999999593	0.0000571368235693587
3.979999999999959	0.000054433610261755116
3.989999999999959	0.000051850506115847847
3.9999999999999587	0.000049382560754594054
4.009999999999959	0.000047025009546338686
4.019999999999959	0.00004477326746197441
4.0299999999999585	0.000042622923076726675
4.039999999999958	0.00004056973277733967
4.049999999999958	0.00003860961512042429
4.059999999999958	0.00003673864530304274
4.069999999999958	0.0000349530498519353
4.079999999999957	0.000033249201454868005
4.089999999999957	0.00003162361388824014
4.099999999999957	0.000030072937156728535
4.109999999999957	0.000028593952730985784
4.119999999999957	0.000027183568959786542
4.129999999999956	0.000025838816574032695
4.139999999999956	0.00002455684437721911
4.149999999999956	0.000023334915028717246
4.159999999999956	0.000022170400970028518
4.1699999999999555	0.000021060780469834395
4.179999999999955	0.000020003633807097275
4.189999999999955	0.000018996639530841034
4.199999999999955	0.000018037570912571796
4.209999999999955	0.000017124292418110638
4.2199999999999545	0.000016254756358531085
4.229999999999954	0.000015426999641291582
4.239999999999954	0.00001463914058743587
4.249999999999954	0.000013889375890651837
4.259999999999954	0.000013175977659520386
4.269999999999953	0.000012497290559336639
4.279999999999953	0.000011851729048794508
4.289999999999953	0.000011237774708923976
4.299999999999953	0.000010653973657943526
4.3099999999999525	0.000010098934069776093
4.319999999999952	9.571323744896246e-6
4.329999999999952	9.06986779627677e-6
4.339999999999952	8.593346393531079e-6
4.349999999999952	8.140592610731247e-6
4.3599999999999515	7.71049030830438e-6
4.369999999999951	7.301972129338372e-6
4.379999999999951	6.914017543328744e-6
4.389999999999951	6.545650971498976e-6
4.399999999999951	6.195939963567966e-6
4.40999999999995	5.86399346623121e-6
4.41999999999995	5.54896012250552e-6
4.42999999999995	5.250026656726728e-6
4.43999999999995	4.966416306882452e-6
4.4499999999999496	4.697387320623308e-6
4.459999999999949	4.442231502036007e-6
4.469999999999949	4.200272814866874e-6
4.479999999999949	3.9708660372002215e-6
4.489999999999949	3.7533954671457427e-6
4.4999999999999485	3.5472736865639642e-6
4.509999999999948	3.3519403445095833e-6
4.519999999999948	3.1668610100939113e-6
4.529999999999948	2.991526090376523e-6
4.539999999999948	2.825449722976208e-6
4.549999999999947	2.6681687801676007e-6
4.559999999999947	2.519241875579969e-6
4.569999999999947	2.3782484233554336e-6
4.579999999999947	2.24478772468406e-6
4.589999999999947	2.118478100312775e-6
4.599999999999946	1.9989560503455283e-6
4.609999999999946	1.885875452025678e-6
4.619999999999946	1.77890678674414e-6
4.629999999999946	1.6777364005803046e-6
4.6399999999999455	1.5820657946385636e-6
4.649999999999945	1.4916109453240183e-6
4.659999999999945	1.4061016415546407e-6
4.669999999999945	1.3252808763211622e-6
4.679999999999945	1.2489042260415862e-6
4.689999999999944	1.1767392930497077e-6
4.699999999999944	1.1085651441365085e-6
4.709999999999944	1.0441717852088234e-6
4.719999999999944	9.833596554224167e-7
4.729999999999944	9.259391435578042e-7
4.739999999999943	8.717301235693022e-7
4.749999999999943	8.205615114283307e-7
4.759999999999943	7.722708405162795e-7
4.769999999999943	7.267038551704838e-7
4.7799999999999425	6.837141225009176e-7
4.789999999999942	6.431626603622522e-7
4.799999999999942	6.04917582298054e-7
4.809999999999942	5.688537579044817e-7
4.819999999999942	5.348524877812043e-7
4.8299999999999415	5.028011944742657e-7
4.839999999999941	4.725931243073633e-7
4.849999999999941	4.4412706630829537e-7
4.859999999999941	4.173070759854682e-7
4.869999999999941	3.920422309215952e-7
4.87999999999994	3.6824637575174223e-7
4.88999999999994	3.458378785968921e-7
4.89999999999994	3.2473941888836867e-7
4.90999999999994	3.0487776960096106e-7
4.9199999999999395	2.861835934557701e-7
4.929999999999939	2.685912477009158e-7
4.939999999999939	2.520385986121778e-7
4.949999999999939	2.3646684479003188e-7
4.959999999999939	2.2182034840070106e-7
4.9699999999999385	2.080464745490802e-7
4.979999999999938	1.9509543830822233e-7
4.989999999999938	1.8292015907817677e-7
4.999999999999938	1.714761216179978e-7
5.009999999999938	1.6072124397174686e-7
5.019999999999937	1.5061575182609445e-7
5.029999999999937	1.4112205774987806e-7
5.039999999999937	1.322046502826779e-7
5.049999999999937	1.238299836475881e-7
5.0599999999999365	1.1596637281382857e-7
5.069999999999936	1.085838970731856e-7
5.079999999999936	1.0165431005888943e-7
5.089999999999936	9.515094861423297e-8
5.099999999999936	8.904864571239661e-8
5.1099999999999355	8.332365470926733e-8
5.119999999999935	7.795357210348316e-8
5.129999999999935	7.291726560132142e-8
5.139999999999935	6.8194805267286e-8
5.149999999999935	6.37673989435441e-8
5.159999999999934	5.961732914541851e-8
5.169999999999934	5.5727899935978076e-8
5.179999999999934	5.208337266561539e-8
5.189999999999934	4.866891825240684e-8
5.199999999999934	4.547056940559825e-8
5.209999999999933	4.247517084191745e-8
5.219999999999933	3.96703318944813e-8
5.229999999999933	3.7044386103185846e-8
5.239999999999933	3.45863530701373e-8
5.2499999999999325	3.228589759725499e-8
5.259999999999932	3.0133293444513004e-8
5.269999999999932	2.811939192858962e-8
5.279999999999932	2.6235586078677904e-8
5.289999999999932	2.44737762544691e-8
5.299999999999931	2.2826352914834975e-8
5.309999999999931	2.12861607913089e-8
5.319999999999931	1.984647306154011e-8
5.329999999999931	1.850096725410717e-8
5.339999999999931	1.7243703709370976e-8
5.34999999999993	1.6069103924646126e-8
5.35999999999993	1.4971921852455816e-8
5.36999999999993	1.3947244128305923e-8
5.37999999999993	1.2990438593876862e-8
5.3899999999999295	1.2097172445097405e-8
5.399999999999929	1.1263373576222845e-8
5.409999999999929	1.048522166893265e-8
5.419999999999929	9.759130494213997e-9