-5.6699999999999235	9.576866298460377e-8
-5.659999999999924	1.0088199874815028e-7
-5.649999999999924	1.0625946197194319e-7
-5.639999999999924	1.11914205618668e-7
-5.629999999999924	1.1786000763081611e-7
-5.619999999999925	1.2411131502601608e-7
-5.609999999999925	1.306832599435463e-7
-5.599999999999925	1.3759166954206e-7
-5.589999999999925	1.4485314755111588e-7
-5.5799999999999255	1.524850698668554e-7
-5.569999999999926	1.6050564162297718e-7
-5.559999999999926	1.6893391374639394e-7
-5.549999999999926	1.7778984466917323e-7
-5.539999999999926	1.8709433160464749e-7
-5.5299999999999265	1.968692131763759e-7
-5.519999999999927	2.0713741453122765e-7
-5.509999999999927	2.1792285849699235e-7
-5.499999999999927	2.2925064874091612e-7
-5.489999999999927	2.411469843753976e-7
-5.479999999999928	2.536393358363124e-7
-5.469999999999928	2.66756398521456e-7
-5.459999999999928	2.805282141394774e-7
-5.449999999999928	2.9498620471447797e-7
-5.4399999999999284	3.1016322869118934e-7
-5.429999999999929	3.2609364343453024e-7
-5.419999999999929	3.428133887799755e-7
-5.409999999999929	3.6036003786286464e-7
-5.399999999999929	3.787728993175557e-7
-5.3899999999999295	3.980929851788068e-7
-5.37999999999993	4.1836324599438366e-7
-5.36999999999993	4.3962854536856144e-7
-5.35999999999993	4.6193577948232704e-7
-5.34999999999993	4.853339334566044e-7
-5.339999999999931	5.098741915169866e-7
-5.329999999999931	5.356100494324689e-7
-5.319999999999931	5.625973828660529e-7
-5.309999999999931	5.908945576850634e-7
-5.299999999999931	6.205625354646018e-7
-5.289999999999932	6.516649823406289e-7
-5.279999999999932	6.842683828063273e-7
-5.269999999999932	7.184421573419512e-7
-5.259999999999932	7.542587779655615e-7
-5.2499999999999325	7.917939172298307e-7
-5.239999999999933	8.311265661583624e-7
-5.229999999999933	8.72339144159809e-7
-5.219999999999933	9.15517702119324e-7
-5.209999999999933	9.607520377038246e-7
-5.199999999999934	1.0081358233834154e-6
-5.189999999999934	1.0577668052747144e-6
-5.179999999999934	1.10974695557297e-6
-5.169999999999934	1.1641826454608656e-6
-5.159999999999934	1.2211848233256979e-6
-5.149999999999935	1.2808692005513807e-6
-5.139999999999935	1.343356444063321e-6
-5.129999999999935	1.4087723757659058e-6
-5.119999999999935	1.477248180128351e-6
-5.1099999999999355	1.548920618817938e-6
-5.099999999999936	1.6239322546755862e-6
-5.089999999999936	1.7024316802311747e-6
-5.079999999999936	1.7845737588767125e-6
-5.069999999999936	1.870519876545635e-6
-5.0599999999999365	1.9604381924652756e-6
-5.049999999999937	2.054503916431853e-6
-5.039999999999937	2.1528995754492028e-6
-5.029999999999937	2.255815278731686e-6
-5.019999999999937	2.363449117444616e-6
-5.009999999999938	2.4760072991312833e-6
-4.999999999999938	2.5937046556011565e-6
-4.989999999999938	2.716764816267902e-6
-4.979999999999938	2.845420645597133e-6
-4.9699999999999385	2.9799145368527227e-6
-4.959999999999939	3.120498852939351e-6
-4.949999999999939	3.2674362242415733e-6
-4.939999999999939	3.4210000182040047e-6
-4.929999999999939	3.5814746651040523e-6
-4.9199999999999395	3.7491561755502474e-6
-4.90999999999994	3.924352467511738e-6
-4.89999999999994	4.1073839190909625e-6
-4.88999999999994	4.298583774706984e-6
-4.87999999999994	4.498298636782193e-6
-4.869999999999941	4.706888990096497e-6
-4.859999999999941	4.9247296846098825e-6
-4.849999999999941	5.1522104839330555e-6
-4.839999999999941	5.38973661348113e-6
-4.8299999999999415	5.637729358202561e-6
-4.819999999999942	5.896626605527436e-6
-4.809999999999942	6.166883485190715e-6
-4.799999999999942	6.44897299584899e-6
-4.789999999999942	6.743386629423371e-6
-4.7799999999999425	7.050635121361409e-6
-4.769999999999943	7.371249038065672e-6
-4.759999999999943	7.70577954335883e-6
-4.749999999999943	8.054799194770854e-6
-4.739999999999943	8.418902606344533e-6
-4.729999999999944	8.798707298278688e-6
-4.719999999999944	9.19485450210698e-6
-4.709999999999944	9.608010001521175e-6
-4.699999999999944	0.000010038865000355412
-4.689999999999944	0.000010488137008717934
-4.679999999999945	0.000010956570788436237
-4.669999999999945	0.000011444939284740542
-4.659999999999945	0.000011954044618093787
-4.649999999999945	0.000012484719102100064
-4.6399999999999455	0.00001303782628753763
-4.629999999999946	0.000013614262032512342
-4.619999999999946	0.000014214955624571116
-4.609999999999946	0.000014840870946728403
-4.599999999999946	0.000015493007557790184
-4.589999999999947	0.000016172402061105665
-4.579999999999947	0.000016880129284773958
-4.569999999999947	0.000017617303491507174
-4.559999999999947	0.000018385079865011883
-4.549999999999947	0.000019184655782276123
-4.539999999999948	0.000020017272239129347
-4.529999999999948	0.000020884215313064577
-4.519999999999948	0.00002178681765822498
-4.509999999999948	0.00002272646003337879
-4.4999999999999485	0.000023704572911467716
-4.489999999999949	0.000024722638081990272
-4.479999999999949	0.000025782190339589174
-4.469999999999949	0.00002688481921151772
-4.459999999999949	0.0000280321707327667
-4.4499999999999496	0.000029225949277753862
-4.43999999999995	0.000030467919416826095
-4.42999999999995	0.00003175990787192162
-4.41999999999995	0.00003310380548113071
-4.40999999999995	0.00003450156924769088
-4.399999999999951	0.00003595522443598302
-4.389999999999951	0.00003746686672334632
-4.379999999999951	0.00003903866440640902
-4.369999999999951	0.000040672860688489344
-4.3599999999999515	0.000042371776001027506
-4.349999999999952	0.000044137810405167934
-4.339999999999952	0.00004597344605590119
-4.329999999999952	0.00004788124972683186
-4.319999999999952	0.000049863875400319243
-4.3099999999999525	0.00005192406693694011
-4.299999999999953	0.00005406466080388294
-4.289999999999953	0.00005628858887288756
-4.279999999999953	0.00005859888130531112
-4.269999999999953	0.00006099866949359955
-4.259999999999954	0.00006349118908631553
-4.249999999999954	0.0000660797830902346
-4.239999999999954	0.00006876790505219968
-4.229999999999954	0.0000715591223068141
-4.2199999999999545	0.00007445711932780623
-4.209999999999955	0.00007746570114487646
-4.199999999999955	0.0000805887968477707
-4.189999999999955	0.00008383046317630647
-4.179999999999955	0.00008719488820800726
-4.1699999999999555	0.00009068639510695887
-4.159999999999956	0.00009430944599164751
-4.149999999999956	0.00009806864588458602
-4.139999999999956	0.00010196874674048452
-4.129999999999956	0.0001060146515873105
-4.119999999999957	0.00011021141875920513
-4.109999999999957	0.00011456426621452354
-4.099999999999957	0.00011907857596692396
-4.089999999999957	0.00012375989861439303
-4.079999999999957	0.00012861395795346687
-4.069999999999958	0.0001336466557185911
-4.059999999999958	0.00013886407642101843
-4.049999999999958	0.0001442724922786021
-4.039999999999958	0.0001498783682638522
-4.0299999999999585	0.00015568836727078184
-4.019999999999959	0.00016170935537020408
-4.009999999999959	0.00016794840718609117
-3.9999999999999587	0.00017441281139365223
-3.989999999999959	0.00018111007631983978
-3.979999999999959	0.00018804793565547836
-3.9699999999999593	0.00019523435428649328
-3.9599999999999596	0.00020267753430717317
-3.9499999999999598	0.00021038592098907068
-3.93999999999996	0.000218368209029773
-3.92999999999996	0.00022663334891772312
-3.9199999999999604	0.0002351905532557985
-3.9099999999999606	0.00024404930340507242
-3.899999999999961	0.00025321935614074645
-3.889999999999961	0.0002627107504628786
-3.8799999999999613	0.00027253381453144814
-3.8699999999999615	0.0002826991727388689
-3.8599999999999617	0.0002932177528841412
-3.849999999999962	0.000304100793504176
-3.839999999999962	0.00031535985132332355
-3.8299999999999623	0.0003270068088245707
-3.8199999999999625	0.0003390538819649597
-3.8099999999999627	0.00035151362802272505
-3.799999999999963	0.0003643989535578711
-3.789999999999963	0.0003777231225246139
-3.7799999999999634	0.0003914997645137555
-3.7699999999999636	0.00040574288312112983
-3.759999999999964	0.0004204668644191161
-3.749999999999964	0.00043568648565585545
-3.7399999999999642	0.00045141692397661717
-3.7299999999999645	0.0004676737653352786
-3.7199999999999647	0.0004844730135404841
-3.709999999999965	0.000501831099411728
-3.699999999999965	0.0005197648900773135
-3.6899999999999653	0.000538291698412495
-3.6799999999999655	0.0005574292926058148
-3.6699999999999657	0.0005771959058103299
-3.659999999999966	0.0005976102460265643
-3.649999999999966	0.0006186915060106241
-3.6399999999999664	0.0006404593733545698
-3.6299999999999666	0.0006629340406978516
-3.619999999999967	0.0006861362160526626
-3.609999999999967	0.0007100871332421212
-3.5999999999999672	0.0007348085624922431
-3.5899999999999674	0.0007603228211100438
-3.5799999999999677	0.000786652784360797
-3.569999999999968	0.0008138218961390432
-3.559999999999968	0.0008418541804005456
-3.5499999999999683	0.0008707742520423401
-3.5399999999999685	0.000900607328241802
-3.5299999999999687	0.0009313792398203614
-3.519999999999969	0.0009631164427767149
-3.509999999999969	0.0009958460296034526
-3.4999999999999694	0.0010295957413510419
-3.4899999999999696	0.0010643939791198974
-3.47999999999997	0.0011002698159878134
-3.46999999999997	0.0011372530089596438
-3.45999999999997	0.001175374010978393
-3.4499999999999704	0.0012146639830341618
-3.4399999999999706	0.001255154806355267
-3.429999999999971	0.0012968790946436928
-3.419999999999971	0.001339870206394193
-3.4099999999999713	0.0013841622572808901
-3.3999999999999715	0.0014297901325722876
-3.3899999999999717	0.0014767894996402329
-3.379999999999972	0.0015251968204587191
-3.369999999999972	0.0015750493641923976
-3.3599999999999723	0.0016263852197824918
-3.3499999999999726	0.0016792433085928596
-3.3399999999999728	0.0017336633970484125
-3.329999999999973	0.0017896861092855235
-3.319999999999973	0.001847352939864092
-3.3099999999999734	0.0019067062663924465
-3.2999999999999736	0.0019677893622077986
-3.289999999999974	0.0020306464090373674
-3.279999999999974	0.0020953225096130242
-3.2699999999999743	0.0021618637002677127
-3.2599999999999745	0.0022303169634996273
-3.2499999999999747	0.002300730240483165
-3.239999999999975	0.0023731524435102644
-3.229999999999975	0.0024476334683930256
-3.2199999999999753	0.002524224206778521
-3.2099999999999755	0.002602976558365773
-3.1999999999999758	0.0026839434430545772
-3.189999999999976	0.002767178812982726
-3.179999999999976	0.0028527376644286078
-3.1699999999999764	0.0029406760496150848
-3.1599999999999766	0.0030310510883740497
-3.149999999999977	0.0031239209796432776
-3.139999999999977	0.003219345012826566
-3.1299999999999772	0.0033173835789856803
-3.1199999999999775	0.0034180981818328943
-3.1099999999999777	0.0035215514485365394
-3.099999999999978	0.003627807140342403
-3.089999999999978	0.00373693016293943
-3.0799999999999783	0.003848986576615569
-3.0699999999999785	0.003964043606179494
-3.0599999999999787	0.004082169650598448
-3.049999999999979	0.004203434292374852
-3.039999999999979	0.004327908306657938
-3.0299999999999794	0.0044556636700229585
-3.0199999999999796	0.00458677356895463
-3.00999999999998	0.004721312408007868
-2.99999999999998	0.004859355817613543
-2.9899999999999802	0.005000980661523245
-2.9799999999999804	0.0051462650439039245
-2.9699999999999807	0.005295288316022124
-2.959999999999981	0.005448131082524136
-2.949999999999981	0.0056048752073175005
-2.9399999999999813	0.005765603818999577
-2.9299999999999815	0.0059304013158245445
-2.9199999999999817	0.00609935337023156
-2.909999999999982	0.006272546932871347
-2.899999999999982	0.006450070236118577
-2.8899999999999824	0.006632012797092642
-2.8799999999999826	0.006818465420169963
-2.869999999999983	0.0070095201987469226
-2.859999999999983	0.007205270516815912
-2.849999999999983	0.007405811049593348
-2.8399999999999834	0.007611237763699789
-2.8299999999999836	0.007821647916707971
-2.819999999999984	0.008037140056051528
-2.809999999999984	0.008257814017250086
-2.7999999999999843	0.008483770921484746
-2.7899999999999845	0.00871511317248434
-2.7799999999999847	0.008951944452672316
-2.769999999999985	0.009194369718608826
-2.759999999999985	0.009442495195729577
-2.7499999999999853	0.009696428372100977
-2.7399999999999856	0.009956277991802112
-2.7299999999999858	0.010222154047124232
-2.719999999999986	0.01049416777012104
-2.709999999999986	0.010772431623303541
-2.6999999999999864	0.011057059289480921
-2.6899999999999866	0.011348165660725724
-2.679999999999987	0.011645866826440898
-2.669999999999987	0.011950280060551084
-2.6599999999999873	0.012261523807742215
-2.6499999999999875	0.012579717668761665
-2.6399999999999877	0.012904982384788712
-2.629999999999988	0.013237439820807658
-2.619999999999988	0.013577212947982925
-2.6099999999999883	0.013924425825057762
-2.5999999999999885	0.014279203578712747
-2.5899999999999888	0.014641672382872725
-2.579999999999989	0.015011959436989445
-2.569999999999989	0.01539019294324174
-2.5599999999999894	0.01577650208263751
-2.5499999999999896	0.016171016990038315
-2.53999999999999	0.016573868728074252
-2.52999999999999	0.016985189259900658
-2.5199999999999902	0.017405111420850605
-2.5099999999999905	0.017833768888930235
-2.4999999999999907	0.018271296154121236
-2.489999999999991	0.018717828486534572
-2.479999999999991	0.019173501903379336
-2.4699999999999913	0.019638453134701115
-2.4599999999999915	0.020112819587936065
-2.4499999999999917	0.02059673931124864
-2.439999999999992	0.021090350955618193
-2.429999999999992	0.021593793735700514
-2.4199999999999924	0.022107207389459625
-2.4099999999999926	0.022630732136512975
-2.399999999999993	0.02316450863523549
-2.389999999999993	0.023708677938610867
-2.3799999999999932	0.02426338144878329
-2.3699999999999934	0.024828760870340146
-2.3599999999999937	0.02540495816234182
-2.349999999999994	0.02599211548903661
-2.339999999999994	0.026590375169291157
-2.3299999999999943	0.027199879624765014
-2.3199999999999945	0.02782077132676929
-2.3099999999999947	0.02845319274183401
-2.299999999999995	0.02909728627602457
-2.289999999999995	0.029753194217923447
-2.2799999999999954	0.03042105868038046
-2.2699999999999956	0.031101021540958108
-2.259999999999996	0.03179322438111554
-2.249999999999996	0.03249780842410205
-2.239999999999996	0.03321491447162809
-2.2299999999999964	0.03394468283926905
-2.2199999999999966	0.03468725329060233
-2.209999999999997	0.03544276497014719
-2.199999999999997	0.036211356335076765
-2.1899999999999973	0.03699316508569101
-2.1799999999999975	0.037788328094724606
-2.1699999999999977	0.038596981335472985
-2.159999999999998	0.03941925980872007
-2.149999999999998	0.040255297468546315
-2.1399999999999983	0.041105227147020716
-2.1299999999999986	0.04196918047767282
-2.1199999999999988	0.04284728781805233
-2.109999999999999	0.04373967817107197
-2.099999999999999	0.044646479105342224
-2.0899999999999994	0.045567816674485256
-2.0799999999999996	0.046503815335469205
-2.07	0.047454597865930224
-2.06	0.04842028528055982
-2.0500000000000003	0.049400996746602636
-2.0400000000000005	0.05039684949842938
-2.0300000000000007	0.051407958751260384
-2.020000000000001	0.05243443761409333
-2.010000000000001	0.05347639700180764
-2.0000000000000013	0.05453394554651535
-1.9900000000000015	0.05560718950822174
-1.9800000000000015	0.05669623268478064
-1.9700000000000015	0.0578011763211933
-1.9600000000000015	0.05892211901834795
-1.9500000000000015	0.06005915664116867
-1.9400000000000015	0.06121238222622865
-1.9300000000000015	0.062381885888930094
-1.9200000000000015	0.06356775473023306
-1.9100000000000015	0.06477007274297815
-1.9000000000000015	0.06598892071791387
-1.8900000000000015	0.06722437614941071
-1.8800000000000014	0.06847651314093402
-1.8700000000000014	0.06974540231034218
-1.8600000000000014	0.07103111069505429
-1.8500000000000014	0.07233370165710096
-1.8400000000000014	0.07365323478818259
-1.8300000000000014	0.07498976581475424
-1.8200000000000014	0.0763433465031596
-1.8100000000000014	0.07771402456494927
-1.8000000000000014	0.07910184356233806
-1.7900000000000014	0.08050684281402282
-1.7800000000000014	0.08192905730120556
-1.7700000000000014	0.08336851757407844
-1.7600000000000013	0.08482524965869992
-1.7500000000000013	0.08629927496439896
-1.7400000000000013	0.08779061019176972
-1.7300000000000013	0.08929926724125795
-1.7200000000000013	0.0908252531224648
-1.7100000000000013	0.0923685698642412
-1.7000000000000013	0.09392921442558388
-1.6900000000000013	0.0955071786074186
-1.6800000000000013	0.09710244896541267
-1.6700000000000013	0.09871500672378615
-1.6600000000000013	0.10034482769014835
-1.6500000000000012	0.10199188217171332
-1.6400000000000012	0.10365613489258596
-1.6300000000000012	0.10533754491239893
-1.6200000000000012	0.10703606554638177
-1.6100000000000012	0.1087516442868742
-1.6000000000000012	0.11048422272634291
-1.5900000000000012	0.11223373648202314
-1.5800000000000012	0.11400011512223944
-1.5700000000000012	0.11578328209443549
-1.5600000000000012	0.11758315465509145
-1.5500000000000012	0.11939964380144137
-1.5400000000000011	0.12123265420522775
-1.5300000000000011	0.12308208414839855
-1.5200000000000011	0.12494782546105863
-1.5100000000000011	0.1268297634614376
-1.500000000000001	0.12872777689812057
-1.490000000000001	0.1306417378947736
-1.480000000000001	0.13257151189697639
-1.470000000000001	0.13451695762176716
-1.460000000000001	0.13647792700951838
-1.450000000000001	0.13845426517849982
-1.440000000000001	0.1404458103821098
-1.430000000000001	0.1424523939687627
-1.420000000000001	0.1444738403446531
-1.410000000000001	0.14650996693932444
-1.400000000000001	0.1485605841740121
-1.390000000000001	0.15062549543345702
-1.380000000000001	0.15270449703995012
-1.370000000000001	0.15479737823152065
-1.360000000000001	0.15690392114225737
-1.350000000000001	0.15902390078649933
-1.340000000000001	0.1611570850460595
-1.330000000000001	0.16330323466112695
-1.320000000000001	0.16546210322395732
-1.310000000000001	0.16763343717625
-1.300000000000001	0.1698169758102253
-1.290000000000001	0.17201245127372955
-1.280000000000001	0.17421958857718536
-1.270000000000001	0.17643810560594447
-1.260000000000001	0.1786677131353246
-1.2500000000000009	0.18090811485059197
-1.2400000000000009	0.18315900736860108
-1.2300000000000009	0.1854200802651391
-1.2200000000000009	0.18769101610526182
-1.2100000000000009	0.18997149047765227
-1.2000000000000008	0.19226117203280807
-1.1900000000000008	0.19455972252522313
-1.1800000000000008	0.19686679685952144
-1.1700000000000008	0.1991820431404836
-1.1600000000000008	0.20150510272714364
-1.1500000000000008	0.2038356102909171
-1.1400000000000008	0.20617319387766167
-1.1300000000000008	0.20851747497385592
-1.1200000000000008	0.2108680685768812
-1.1100000000000008	0.2132245832692415
-1.1000000000000008	0.21558662129688716
-1.0900000000000007	0.21795377865176824
-1.0800000000000007	0.22032564515828312
-1.0700000000000007	0.22270180456376798
-1.0600000000000007	0.22508183463335177
-1.0500000000000007	0.22746530724841016
-1.0400000000000007	0.22985178850950805
-1.0300000000000007	0.232240838843167
-1.0200000000000007	0.23463201311259402
-1.0100000000000007	0.23702486073253573
-1.0000000000000007	0.23941892578808868
-0.9900000000000007	0.24181374715737028
-0.9800000000000006	0.24420885863819897
-0.9700000000000006	0.24660378907867114
-0.9600000000000006	0.24899806251150441
-0.9500000000000006	0.2513911982922583
-0.9400000000000006	0.2537827112413596
-0.9300000000000006	0.25617211178977267
-0.9200000000000006	0.25855890612840815
-0.9100000000000006	0.2609425963611857
-0.9000000000000006	0.26332268066143033
-0.8900000000000006	0.26569865343260846
-0.8800000000000006	0.2680700054716455
-0.8700000000000006	0.2704362241349401
-0.8600000000000005	0.2727967935101809
-0.8500000000000005	0.2751511945896436
-0.8400000000000005	0.27749890544602257
-0.8300000000000005	0.27983940141350566
-0.8200000000000005	0.2821721552699468
-0.8100000000000005	0.2844966374236958
-0.8000000000000005	0.2868123161013299
-0.7900000000000005	0.28911865753992716
-0.7800000000000005	0.2914151261814311
-0.7700000000000005	0.29370118486936453
-0.7600000000000005	0.2959762950483177
-0.7500000000000004	0.29823991696605756
-0.7400000000000004	0.3004915098774533
-0.7300000000000004	0.3027305322511741
-0.7200000000000004	0.3049564419780849
-0.7100000000000004	0.30716869658205137
-0.7000000000000004	0.30936675343227094
-0.6900000000000004	0.3115500699575981
-0.6800000000000004	0.3137181038626009
-0.6700000000000004	0.3158703133450946
-0.6600000000000004	0.3180061573151323
-0.6500000000000004	0.3201250956153599
-0.6400000000000003	0.32222658924256253
-0.6300000000000003	0.3243101005703657
-0.6200000000000003	0.3263750935728157
-0.6100000000000003	0.32842103404877865
-0.6000000000000003	0.3304473898472219
-0.5900000000000003	0.33245363109289433
-0.5800000000000003	0.33443923041231477
-0.5700000000000003	0.3364036631611611
-0.5600000000000003	0.3383464076497266
-0.5500000000000003	0.3402669453705043
-0.5400000000000003	0.3421647612246927
-0.5300000000000002	0.3440393437486287
-0.5200000000000002	0.3458901853399268
-0.5100000000000002	0.347716782483095
-0.5000000000000002	0.3495186359745429
-0.49000000000000027	0.35129525114678345
-0.48000000000000026	0.35304613809178664
-0.47000000000000025	0.35477081188325404
-0.46000000000000024	0.3564687927976839
-0.45000000000000023	0.35813960653417776
-0.4400000000000002	0.35978278443274475
-0.4300000000000002	0.3613978636909878
-0.4200000000000002	0.362984387579095
-0.4100000000000002	0.3645419056529382
-0.4000000000000002	0.36606997396513086
-0.3900000000000002	0.3675681552739636
-0.38000000000000017	0.369036019250052
-0.37000000000000016	0.37047314268052867
-0.36000000000000015	0.3718791096707125
-0.35000000000000014	0.3732535118430844
-0.34000000000000014	0.37459594853340683
-0.3300000000000001	0.3759060269839189
-0.3200000000000001	0.37718336253346557
-0.3100000000000001	0.37842757880435435
-0.3000000000000001	0.3796383078859249
-0.2900000000000001	0.3808151905146621
-0.2800000000000001	0.381957876250685
-0.2700000000000001	0.3830660236505494
-0.26000000000000006	0.3841393004362581
-0.25000000000000006	0.3851773836602803
-0.24000000000000007	0.3861799598665436
-0.23000000000000007	0.3871467252472736
-0.22000000000000006	0.3880773857955325
-0.21000000000000005	0.3889716574533821
-0.20000000000000004	0.38982926625558784
-0.19000000000000003	0.39064994846870726
-0.18000000000000002	0.391433450725494
-0.17	0.39217953015455537
-0.16	0.3928879545051053
-0.15	0.3935585022667524
-0.13999999999999999	0.394190962784276
-0.12999999999999998	0.3947851363672461
-0.11999999999999998	0.39534083439426077
-0.10999999999999999	0.39585787941274325
-0.09999999999999999	0.3963361052317396
-0.09	0.3967753570109051
-0.08	0.39717549134319635
-0.07	0.3975363763321888
-0.060000000000000005	0.3978578916637389
-0.05	0.3981399286720249
-0.04	0.39838239039986256
-0.03	0.3985851916532279
-0.02	0.3987482590500155
-0.01	0.39887153106294615
0	0.39895495805656783
0.01	0.39899850231838385
0.02	0.39900213808404317
0.03	0.3989658515565505
0.04	0.3988896409195276
0.05	0.39877351634449026
0.060000000000000005	0.39861749999210677
0.07	0.39842162600746583
0.08	0.3981859405093593
0.09	0.3979105015735314
0.09999999999999999	0.3975953792099544
0.10999999999999999	0.3972406553341307
0.11999999999999998	0.3968464237324171
0.12999999999999998	0.3964127900213932
0.13999999999999999	0.3959398716013433
0.15	0.39542779760396735
0.16	0.39487670883346093
0.17	0.3942867577033373
0.18000000000000002	0.39365810816590435
0.19000000000000003	0.39299093563676407
0.20000000000000004	0.3922854269134989
0.21000000000000005	0.3915417800886932
0.22000000000000006	0.3907602044573736
0.23000000000000007	0.38994092041894735
0.24000000000000007	0.3890841593736721
0.25000000000000006	0.3881901636137196
0.26000000000000006	0.38725918620895405
0.2700000000000001	0.386291490887457
0.2800000000000001	0.3852873519108688
0.2900000000000001	0.3842470539446767
0.3000000000000001	0.38317089192350773
0.3100000000000001	0.3820591709114876
0.3200000000000001	0.38091220595781855
0.3300000000000001	0.37973032194763434
0.34000000000000014	0.3785138534482174
0.35000000000000014	0.3772631445507238
0.36000000000000015	0.3759785487074998
0.37000000000000016	0.37466042856507203
0.38000000000000017	0.3733091557929623
0.3900000000000002	0.3719251109084386
0.4000000000000002	0.3705086830972735
0.4100000000000002	0.369060270030674
0.4200000000000002	0.3675802776785025
0.4300000000000002	0.3660691201188782
0.4400000000000002	0.3645272193443074
0.45000000000000023	0.3629550050644894
0.46000000000000024	0.3613529145058809
0.47000000000000025	0.3597213922081798
0.48000000000000026	0.3580608898178743
0.49000000000000027	0.3563718658789602
0.5000000000000002	0.3546547856209681
0.5100000000000002	0.352910120744483
0.5200000000000002	0.3511383492042251
0.5300000000000002	0.3493399549898754
0.5400000000000003	0.3475154279047962
0.5500000000000003	0.34566526334276026
0.5600000000000003	0.3437899620628249
0.5700000000000003	0.34189002996255197
0.5800000000000003	0.3399659778496523
0.5900000000000003	0.33801832121222647
0.6000000000000003	0.33604757998775997
0.6100000000000003	0.33405427833115997
0.6200000000000003	0.3320389443810405
0.6300000000000003	0.3300021100267342
0.6400000000000003	0.327944310673099
0.6500000000000004	0.3258660850055391
0.6600000000000004	0.32376797475450825
0.6700000000000004	0.32165052445977393
0.6800000000000004	0.3195142812345594
0.6900000000000004	0.3173597945297501
0.7000000000000004	0.3151876158982987
0.7100000000000004	0.31299829875993024
0.7200000000000004	0.31079239816633697
0.7300000000000004	0.30857047056698594
0.7400000000000004	0.3063330735756644
0.7500000000000004	0.3040807657379034
0.7600000000000005	0.3018141062994487
0.7700000000000005	0.29953365497585427
0.7800000000000005	0.29723997172336886
0.7900000000000005	0.2949336165112593
0.8000000000000005	0.2926151490956544
0.8100000000000005	0.29028512879505675
0.8200000000000005	0.287944114267684
0.8300000000000005	0.28559266329068994
0.8400000000000005	0.28323133254144217
0.8500000000000005	0.28086067738095877
0.8600000000000005	0.2784812516396152
0.8700000000000006	0.2760936074052213
0.8800000000000006	0.27369829481362046
0.8900000000000006	0.2712958618418769
0.9000000000000006	0.2688868541041722
0.9100000000000006	0.26647181465052366
0.9200000000000006	0.2640512837684138
0.9300000000000006	0.26162579878741815
0.9400000000000006	0.25919589388695147
0.9500000000000006	0.25676209990721055
0.9600000000000006	0.2543249441633832
0.9700000000000006	0.25188495026324736
0.9800000000000006	0.24944263792821553
0.9900000000000007	0.24699852281790294
1.0000000000000007	0.24455311635830887
1.0100000000000007	0.242106925573687
1.0200000000000007	0.23966045292214214
1.0300000000000007	0.23721419613505884
1.0400000000000007	0.23476864806041195
1.0500000000000007	0.23232429651000513
1.0600000000000007	0.22988162411069757
1.0700000000000007	0.22744110815970772
1.0800000000000007	0.22500322048397808
1.0900000000000007	0.22256842730370283
1.1000000000000008	0.2201371891000453
1.1100000000000008	0.21770996048707042
1.1200000000000008	0.2152871900879346
1.1300000000000008	0.2128693204153946
1.1400000000000008	0.21045678775661492
1.1500000000000008	0.20805002206233222
1.1600000000000008	0.20564944684040404
1.1700000000000008	0.2032554790537386
1.1800000000000008	0.20086852902262484
1.1900000000000008	0.19848900033150513
1.2000000000000008	0.19611728974016585
1.2100000000000009	0.19375378709935265
1.2200000000000009	0.19139887527085098
1.2300000000000009	0.18905293005199142
1.2400000000000009	0.18671632010458436
1.2500000000000009	0.18438940688829566
1.260000000000001	0.18207254459844638
1.270000000000001	0.17976608010819906
1.280000000000001	0.17747035291515656
1.290000000000001	0.17518569509233142
1.300000000000001	0.17291243124345632
1.310000000000001	0.1706508784626256
1.320000000000001	0.16840134629825865
1.330000000000001	0.16616413672129432
1.340000000000001	0.1639395440976612
1.350000000000001	0.16172785516493413
1.360000000000001	0.15952934901315993
1.370000000000001	0.1573442970697987
1.380000000000001	0.15517296308877793
1.390000000000001	0.15301560314354837
1.400000000000001	0.15087246562415224
1.410000000000001	0.14874379123823342
1.420000000000001	0.14662981301593245
1.430000000000001	0.1445307563186091
1.440000000000001	0.1424468388513657
1.450000000000001	0.14037827067927966
1.460000000000001	0.13832525424729225
1.470000000000001	0.13628798440372217
1.480000000000001	0.13426664842729708
1.490000000000001	0.13226142605765726
1.500000000000001	0.1302724895292855
1.5100000000000011	0.1283000036087582
1.5200000000000011	0.12634412563527248
1.5300000000000011	0.1244050055643709
1.5400000000000011	0.12248278601479988
1.5500000000000012	0.12057760231840572
1.5600000000000012	0.11868958257302412
1.5700000000000012	0.11681884769827136
1.5800000000000012	0.11496551149414917
1.5900000000000012	0.11312968070241773
1.6000000000000012	0.11131145507063311
1.6100000000000012	0.10951092741876765
1.6200000000000012	0.10772818370835119
1.6300000000000012	0.10596330311405869
1.6400000000000012	0.10421635809761637
1.6500000000000012	0.10248741448400857
1.6600000000000013	0.10077653153986108
1.6700000000000013	0.09908376205393381
1.6800000000000013	0.09740915241962862
1.6900000000000013	0.09575274271946276
1.7000000000000013	0.0941145668113766
1.7100000000000013	0.09249465241683277
1.7200000000000013	0.0908930212106111
1.7300000000000013	0.0893096889122105
1.7400000000000013	0.08774466537876492
1.7500000000000013	0.08619795469949741
1.7600000000000013	0.08466955529137304
1.7700000000000014	0.08315945999619444
1.7800000000000014	0.08166765617883666
1.7900000000000014	0.08019412582661099
1.8000000000000014	0.07873884564966815
1.8100000000000014	0.0773017871823861
1.8200000000000014	0.07588291688562886
1.8300000000000014	0.07448219624981806
1.8400000000000014	0.07309958189874305
1.8500000000000014	0.07173502569401814
1.8600000000000014	0.07038847484012312
1.8700000000000014	0.0690598719899364
1.8800000000000014	0.06774915535077373
1.8900000000000015	0.06645625879063227
1.9000000000000015	0.06518111194487942
1.9100000000000015	0.06392364032308534
1.9200000000000015	0.06268376541600294
1.9300000000000015	0.061461404802640805
1.9400000000000015	0.06025647225735532
1.9500000000000015	0.059068877856863586
1.9600000000000015	0.05789852808716441
1.9700000000000015	0.05674532595026607
1.9800000000000015	0.05560917107066486
1.9900000000000015	0.0544899598015332
2.0000000000000013	0.05338758533053305
2.010000000000001	0.05230193778521139
2.020000000000001	0.05123290433791684
2.0300000000000007	0.0501803693101842
2.0400000000000005	0.04914421427653048
2.0500000000000003	0.04812431816760585
2.06	0.04712055737266782
2.07	0.04613280584130354
2.0799999999999996	0.04516093518436803
2.0899999999999994	0.04420481477409002
2.099999999999999	0.04326431184330157
2.109999999999999	0.0423392915837353
2.1199999999999988	0.04142961724337179
2.1299999999999986	0.04053515022277787
2.1399999999999983	0.03965575017038947
2.149999999999998	0.03879127507672639
2.159999999999998	0.03794158136754621
2.1699999999999977	0.03710652399569701
2.1799999999999975	0.03628595653195321
2.1899999999999973	0.03547973125455773
2.199999999999997	0.03468769923752403
2.209999999999997	0.03390971043768661
2.2199999999999966	0.03314561378044475
2.2299999999999964	0.03239525724418056
2.239999999999996	0.0316584879433405
2.249999999999996	0.03093515221014217
2.259999999999996	0.030225095674896868
2.2699999999999956	0.029528163344920273
2.2799999999999954	0.0288441996820237
2.289999999999995	0.02817304867855935
2.299999999999995	0.027514553932002146
2.3099999999999947	0.02686855871810114
2.3199999999999945	0.026234906062470965
2.3299999999999943	0.02561343881076666
2.339999999999994	0.025003999697317692
2.349999999999994	0.02440643141226319
2.3599999999999937	0.02382057666715454
2.3699999999999934	0.02324627825905512
2.3799999999999932	0.02268337913309609
2.389999999999993	0.022131722443505523
2.399999999999993	0.02159115161310502
2.4099999999999926	0.021061510391272603
2.4199999999999924	0.02054264291036345
2.429999999999992	0.020034393740608798
2.439999999999992	0.019536607943478102
2.4499999999999917	0.01904913112350426
2.4599999999999915	0.018571809478608245
2.4699999999999913	0.018104489848884877
2.479999999999991	0.017647019763882416
2.489999999999991	0.017199247488387744
2.4999999999999907	0.01676102206670141
2.5099999999999905	0.016332193365435906
2.5199999999999902	0.01591261211482994
2.52999999999999	0.015502129948603569
2.53999999999999	0.01510059944234854
2.5499999999999896	0.014707874150490349
2.5599999999999894	0.014323808641804627
2.569999999999989	0.013948258533530423
2.579999999999989	0.0135810805240738
2.5899999999999888	0.013222132424332388
2.5999999999999885	0.012871273187644484
2.6099999999999883	0.01252836293838201
2.619999999999988	0.012193262999213377
2.629999999999988	0.011865835917040235
2.6399999999999877	0.011545945487630747
2.6499999999999875	0.011233456778978083
2.6599999999999873	0.010928236153342057
2.669999999999987	0.010630151288258574
2.679999999999987	0.010339071195904251
2.6899999999999866	0.010054866241673555
2.6999999999999864	0.009777408161361231
2.709999999999986	0.009506570077220377
2.719999999999986	0.009242226512838245
2.7299999999999858	0.008984253407090059
2.7399999999999856	0.008732528126585214
2.7499999999999853	0.008486929477442335
2.759999999999985	0.008247337715800275
2.769999999999985	0.008013634557341436
2.7799999999999847	0.007785703185791931
2.7899999999999845	0.007563428260436002
2.7999999999999843	0.007346695922666666
2.809999999999984	0.007135393801580186
2.819999999999984	0.006929411018656352
2.8299999999999836	0.006728638191532368
2.8399999999999834	0.006532967436906626
2.849999999999983	0.0063422923725725555
2.859999999999983	0.006156508118641636
2.869999999999983	0.005975511297937799
2.8799999999999826	0.005799200035612048
2.8899999999999824	0.005627473957994598
2.899999999999982	0.005460234190702883
2.909999999999982	0.005297383356028608
2.9199999999999817	0.005138825569626733
2.9299999999999815	0.004984466436536797
2.9399999999999813	0.0048342130465393925
2.949999999999981	0.004687973968886203
2.959999999999981	0.004545659246427411
2.9699999999999807	0.004407180389136871
2.9799999999999804	0.004272450367078419
2.9899999999999802	0.004141383602830087
2.99999999999998	0.004013895963369257
3.00999999999998	0.0038899047514676624
3.0199999999999796	0.0037693286965932416
3.0299999999999794	0.003652087945350933
3.039999999999979	0.003538104051476588
3.049999999999979	0.0034272999654119856
3.0599999999999787	0.003319600023463991
3.0699999999999785	0.003214929936587685
3.0799999999999783	0.0031132167787940204
3.089999999999978	0.0030143889752140226
3.099999999999978	0.0029183762898253914
3.1099999999999777	0.002825109812869857
3.1199999999999775	0.002734521947972816
3.1299999999999772	0.002646546398986689
3.139999999999977	0.002561118156565081
3.149999999999977	0.002478173484499896
3.1599999999999766	0.0023976499058245395
3.1699999999999764	0.0023194861886989718
3.179999999999976	0.0022436223321115572
3.189999999999976	0.002169999551377902
3.1999999999999758	0.0020985602634871502
3.2099999999999755	0.0020292480722864954
3.2199999999999753	0.001962007753529751
3.229999999999975	0.0018967852397948916
3.239999999999975	0.0018335276053002172
3.2499999999999747	0.0017721830506053917
3.2599999999999745	0.0017127008872390498
3.2699999999999743	0.0016550315222450592
3.279999999999974	0.001599126442677855
3.289999999999974	0.0015449382000062213
3.2999999999999736	0.0014924203945552953
3.3099999999999734	0.0014415276598419928
3.319999999999973	0.0013922156469368164
3.329999999999973	0.0013444410088028398
3.3399999999999728	0.0012981613846452054
3.3499999999999726	0.0012533353842718157
3.3599999999999723	0.0012099225724514447
3.369999999999972	0.0011678834533570004
3.379999999999972	0.0011271794549955873
3.3899999999999717	0.0010877729137077992
3.3999999999999715	0.001049627058725199
3.4099999999999713	0.0010127059967824942
3.419999999999971	0.000976974696807964
3.429999999999971	0.0009423989746915172
3.4399999999999706	0.0009089454781279274
3.4499999999999704	0.0008765816715019978
3.45999999999997	0.000845275821182347
3.46999999999997	0.0008149969802775549
3.47999999999997	0.0007857149741485672
3.4899999999999696	0.0007574003857106596
3.4999999999999694	0.0007300245409183663
3.509999999999969	0.0007035594943157299
3.519999999999969	0.0006779780150322662
3.5299999999999687	0.0006532535722725801
3.5399999999999685	0.000629360321584957
3.5499999999999683	0.0006062730909521081
3.559999999999968	0.0005839673670874056
3.569999999999968	0.0005624192818843068
3.5799999999999677	0.0005416055990164468
3.5899999999999674	0.0005215037006864325
3.5999999999999672	0.0005020915745354694
3.609999999999967	0.0004833478007386185
3.619999999999967	0.00046525153919617406
3.6299999999999666	0.00044778251695971546
3.6399999999999664	0.0004309210157874104
3.649999999999966	0.0004146478598757918
3.659999999999966	0.00039894440375076094
3.6699999999999657	0.0003837925203712716
3.6799999999999655	0.00036917458932409294
3.6899999999999653	0.00035507348527098227
3.699999999999965	0.00034147256653131324
3.709999999999965	0.0003283556638454701
3.7199999999999647	0.0003157070693107379
3.7299999999999645	0.00030351152549796596
3.7399999999999642	0.00029175421474214315
3.749999999999964	0.0002804207486016354
3.759999999999964	0.0002694971575040745
3.7699999999999636	0.0002589698805626354
3.7799999999999634	0.0002488257555612415
3.789999999999963	0.00023905200912634477
3.799999999999963	0.00022963624706574178
3.8099999999999627	0.00022056644487884698
3.8199999999999625	0.00021183093844752247
3.8299999999999623	0.0002034184148931497
3.839999999999962	0.00019531790360648898
3.849999999999962	0.0001875187674465221
3.8599999999999617	0.0001800106941115157
3.8699999999999615	0.0001727836876750077
3.8799999999999613	0.00016582806030617084
3.889999999999961	0.00015913442407289557
3.899999999999961	0.00015269368309084625
3.9099999999999606	0.00014649702558500193
3.9199999999999604	0.0001405359163633999
3.92999999999996	0.00013480208926735157
3.93999999999996	0.00012928753985592029
3.9499999999999598	0.0001239845182517617
3.9599999999999596	0.00011888552210040285
3.9699999999999593	0.00011398328973305655
3.979999999999959	0.00010927079343210743
3.989999999999959	0.00010474123288039196
3.9999999999999587	0.00010038802874098904
4.009999999999959	0.00009620481638606083
4.019999999999959	0.00009218543976917655
4.0299999999999585	0.00008832394543704738
4.039999999999958	0.00008461457668272249
4.049999999999958	0.00008105176783490634
4.059999999999958	0.00007763013868203977
4.069999999999958	0.00007434448902996854
4.079999999999957	0.00007118979339350374
4.089999999999957	0.00006816119580826415
4.099999999999957	0.00006525400477823374
4.109999999999957	0.00006246368835063577
4.119999999999957	0.00005978586929704036
4.129999999999956	0.00005721632043576834
4.139999999999956	0.000054750960057229695
4.149999999999956	0.00005238584747537437
4.159999999999956	0.00005011717868531488
4.1699999999999555	0.000047941282142879346
4.179999999999955	0.00004585461464269238
4.189999999999955	0.000043853757316339564
4.199999999999955	0.000041935411725921895
4.209999999999955	0.00004009639607076065
4.2199999999999545	0.00003833364148602517
4.229999999999954	0.000036644188451121173
4.239999999999954	0.00003502518329028721
4.249999999999954	0.00003347387476455788
4.259999999999954	0.00003198761077805943
4.269999999999953	0.00003056383514195619
4.279999999999953	0.00002920008446050146
4.289999999999953	0.00002789398508731349
4.299999999999953	0.000026643250173079286
4.3099999999999525	0.000025445676794152057
4.319999999999952	0.000024299143171352868
4.329999999999952	0.000023201605960315
4.339999999999952	0.000022151097618654085
4.349999999999952	0.000021145723866896493
4.3599999999999515	0.000020183661201574232
4.369999999999951	0.00001926315449626455
4.379999999999951	0.000018382514670800384
4.389999999999951	0.000017540116428001922
4.399999999999951	0.00001673439606069615
4.40999999999995	0.000015963849323976084
4.41999999999995	0.00001522702937309499
4.42999999999995	0.000014522544762295965
4.43999999999995	0.000013849057509902652
4.4499999999999496	0.000013205281217099884
4.459999999999949	0.00001258997922540658
4.469999999999949	0.000012001962952905473
4.479999999999949	0.000011440090037692678
4.489999999999949	0.00001090326278286249
4.4999999999999485	0.000010390426509869635
4.509999999999948	9.900568104258182e-6
4.519999999999948	9.432714369954213e-6
4.529999999999948	8.985930673664817e-6
4.539999999999948	8.559319520021765e-6
4.549999999999947	8.152019192660664e-6
4.559999999999947	7.763202434574864e-6
4.569999999999947	7.392075187077293e-6
4.579999999999947	7.03787535361245e-6
4.589999999999947	6.699871614667782e-6
4.599999999999946	6.377362282335294e-6
4.609999999999946	6.069674187428707e-6
4.619999999999946	5.776161608924343e-6
4.629999999999946	5.4962052630433614e-6
4.6399999999999455	5.229211209688154e-6
4.649999999999945	4.974610024482398e-6
4.659999999999945	4.731855796797484e-6
4.669999999999945	4.5004251642711305e-6
4.679999999999945	4.2798165753206805e-6
4.689999999999944	4.069549364041223e-6
4.699999999999944	3.8691629600983884e-6
4.709999999999944	3.6782161181892738e-6
4.719999999999944	3.4962861316116523e-6
4.729999999999944	3.3229681554960458e-6
4.739999999999943	3.157874479521098e-6
4.749999999999943	3.000633831208655e-6
4.759999999999943	2.850890771597391e-6
4.769999999999943	2.7083050356211688e-6
4.7799999999999425	2.5725509213652363e-6
4.789999999999942	2.443316764451955e-6
4.799999999999942	2.32030427724081e-6
4.809999999999942	2.203228120204489e-6
4.819999999999942	2.0918153103501332e-6
4.8299999999999415	1.9858046731479182e-6
4.839999999999941	1.8849465223552176e-6
4.849999999999941	1.7890019949228619e-6
4.859999999999941	1.6977427792918369e-6
4.869999999999941	1.6109505743312375e-6
4.87999999999994	1.5284167380437929e-6
4.88999999999994	1.449941826828287e-6
4.89999999999994	1.3753352808939862e-6
4.90999999999994	1.304414997455602e-6
4.9199999999999395	1.2370070079116968e-6
4.929999999999939	1.1729451342489731e-6
4.939999999999939	1.1120706537552163e-6
4.949999999999939	1.0542319926291763e-6
4.959999999999939	9.992844150376568e-7
4.9699999999999385	9.470897409944475e-7
4.979999999999938	8.975160632994508e-7
4.989999999999938	8.504375022100351e-7
4.999999999999938	8.057338529495601e-7
5.009999999999938	7.632904849550671e-7
5.019999999999937	7.229980065259631e-7
5.029999999999937	6.847520612264456e-7
5.039999999999937	6.484531182392621e-7
5.049999999999937	6.140062369687207e-7
5.0599999999999365	5.813208828944544e-7
5.069999999999936	5.503107514994218e-7
5.079999999999936	5.208935575327635e-7
5.089999999999936	4.929908659894048e-7
5.099999999999936	4.665279221016507e-7
5.1099999999999355	4.414334798179604e-7
5.119999999999935	4.1763966924955956e-7
5.129999999999935	3.950818314787415e-7
5.139999999999935	3.7369835803717267e-7
5.149999999999935	3.5343057755784985e-7
5.159999999999934	3.342226103358189e-7
5.169999999999934	3.160212652526036e-7
5.179999999999934	2.9877588245608206e-7
5.189999999999934	2.8243821645822775e-7
5.199999999999934	2.66962425331107e-7
5.209999999999933	2.523048064784121e-7
5.219999999999933	2.384237909524417e-7
5.229999999999933	2.2527983163993123e-7
5.239999999999933	2.128353394734332e-7
5.2499999999999325	2.0105448458673843e-7
5.259999999999932	1.8990325072444805e-7
5.269999999999932	1.7934928043289197e-7
5.279999999999932	1.693618028477331e-7
5.289999999999932	1.5991155873061258e-7
5.299999999999931	1.5097074438564503e-7
5.309999999999931	1.4251292690605706e-7
5.319999999999931	1.345129797757545e-7
5.329999999999931	1.269470523821734e-7
5.339999999999931	1.1979250192714782e-7
5.34999999999993	1.1302774810054673e-7
5.35999999999993	1.0663235167652228e-7
5.36999999999993	1.0058687587842514e-7
5.37999999999993	9.487287696279586e-8