-5.6699999999999235	9.536298615180299e-8
-5.659999999999924	1.0045699666565591e-7
-5.649999999999924	1.0581426870193249e-7
-5.639999999999924	1.1144789834665915e-7
-5.629999999999924	1.1737163080808335e-7
-5.619999999999925	1.2359988421395922e-7
-5.609999999999925	1.301477144635194e-7
-5.599999999999925	1.370309164121839e-7
-5.589999999999925	1.442660763207566e-7
-5.5799999999999255	1.518705176257945e-7
-5.569999999999926	1.5986240073454962e-7
-5.559999999999926	1.6826068632780077e-7
-5.549999999999926	1.7708532015905343e-7
-5.539999999999926	1.8635709530746373e-7
-5.5299999999999265	1.9609784682509324e-7
-5.519999999999927	2.0633039996012787e-7
-5.509999999999927	2.1707864502940135e-7
-5.499999999999927	2.2836758598314463e-7
-5.489999999999927	2.4022337591869477e-7
-5.479999999999928	2.5267345588575494e-7
-5.469999999999928	2.657463552466765e-7
-5.459999999999928	2.794720815895476e-7
-5.449999999999928	2.938820045286155e-7
-5.4399999999999284	3.0900888344234047e-7
-5.429999999999929	3.2488699968790776e-7
-5.419999999999929	3.415521997305532e-7
-5.409999999999929	3.590419656193587e-7
-5.399999999999929	3.773954855982255e-7
-5.3899999999999295	3.966537268210164e-7
-5.37999999999993	4.1685951261757375e-7
-5.36999999999993	4.380576015143782e-7
-5.35999999999993	4.602947713314123e-7
-5.34999999999993	4.836199046325914e-7
-5.339999999999931	5.080840782811651e-7
-5.329999999999931	5.337406572591192e-7
-5.319999999999931	5.606453917248384e-7
-5.309999999999931	5.888565123733528e-7
-5.299999999999931	6.184348323577218e-7
-5.289999999999932	6.494439160638038e-7
-5.279999999999932	6.819500844430099e-7
-5.269999999999932	7.160226139931675e-7
-5.259999999999932	7.517338236970815e-7
-5.2499999999999325	7.891592185676768e-7
-5.239999999999933	8.283776161759588e-7
-5.229999999999933	8.694712841701076e-7
-5.219999999999933	9.125260828626576e-7
-5.209999999999933	9.576316129648553e-7
-5.199999999999934	1.0048813694562045e-6
-5.189999999999934	1.0543729014086528e-6
-5.179999999999934	1.10620797756143e-6
-5.169999999999934	1.1604927582393926e-6
-5.159999999999934	1.2173379740209728e-6
-5.149999999999935	1.2768591110105731e-6
-5.139999999999935	1.339176603336983e-6
-5.129999999999935	1.4044160321887153e-6
-5.119999999999935	1.472708333299789e-6
-5.1099999999999355	1.544190005647816e-6
-5.099999999999936	1.6190033513745284e-6
-5.089999999999936	1.697296695201258e-6
-5.079999999999936	1.7792246122316783e-6
-5.069999999999936	1.8649481929561336e-6
-5.0599999999999365	1.954635301066202e-6
-5.049999999999937	2.0484608273654387e-6
-5.039999999999937	2.1466069938226894e-6
-5.029999999999937	2.2492635731584656e-6
-5.019999999999937	2.356628295244738e-6
-5.009999999999938	2.4689070249421177e-6
-4.999999999999938	2.5863142041351123e-6
-4.989999999999938	2.7090731023476868e-6
-4.979999999999938	2.8374161901878717e-6
-4.9699999999999385	2.971585479497041e-6
-4.959999999999939	3.1118329017762843e-6
-4.949999999999939	3.258420672599566e-6
-4.939999999999939	3.4116217081769313e-6
-4.929999999999939	3.5717200049515024e-6
-4.9199999999999395	3.7390110824486465e-6
-4.90999999999994	3.913802408079915e-6
-4.89999999999994	4.096413847539402e-6
-4.88999999999994	4.287178134911818e-6
-4.87999999999994	4.486441357532035e-6
-4.869999999999941	4.694563442656885e-6
-4.859999999999941	4.911918685602899e-6
-4.849999999999941	5.1388962818796e-6
-4.839999999999941	5.3759008769776554e-6
-4.8299999999999415	5.623353126156983e-6
-4.819999999999942	5.881690301756005e-6
-4.809999999999942	6.1513668948432565e-6
-4.799999999999942	6.43285522434883e-6
-4.789999999999942	6.726646144967495e-6
-4.7799999999999425	7.033249648329917e-6
-4.769999999999943	7.353195597074679e-6
-4.759999999999943	7.687034419196498e-6
-4.749999999999943	8.035337907145128e-6
-4.739999999999943	8.398699892639668e-6
-4.729999999999944	8.777737095764857e-6
-4.719999999999944	9.173089927263907e-6
-4.709999999999944	9.585423320801736e-6
-4.699999999999944	0.000010015427608925893
-4.689999999999944	0.000010463819414831769
-4.679999999999945	0.000010931342577523616
-4.669999999999945	0.000011418769100996575
-4.659999999999945	0.000011926900146444694
-4.649999999999945	0.00001245656703558558
-4.6399999999999455	0.000013008632294922908
-4.629999999999946	0.000013583990746482113
-4.619999999999946	0.000014183570608063672
-4.609999999999946	0.000014808334628679561
-4.599999999999946	0.000015459281315308656
-4.589999999999947	0.000016137446085383975
-4.579999999999947	0.000016843902547579955
-4.569999999999947	0.00001757976382529206
-4.559999999999947	0.000018346183831767544
-4.549999999999947	0.000019144358666019964
-4.539999999999948	0.000019975528030769053
-4.529999999999948	0.000020840976673273964
-4.519999999999948	0.000021742035878967016
-4.509999999999948	0.000022680085033006667
-4.4999999999999485	0.00002365655314797852
-4.489999999999949	0.00002467292056371519
-4.479999999999949	0.000025730720584875544
-4.469999999999949	0.000026831541214386767
-4.459999999999949	0.000027977026935681424
-4.4499999999999496	0.00002916888049318302
-4.43999999999995	0.00003040886484845218
-4.42999999999995	0.000031698805047456196
-4.41999999999995	0.00003304059022599147
-4.40999999999995	0.000034436175651825286
-4.399999999999951	0.00003588758480499477
-4.389999999999951	0.00003739691154521149
-4.379999999999951	0.000038966322325231073
-4.369999999999951	0.00004059805844963117
-4.3599999999999515	0.0000422944384191526
-4.349999999999952	0.000044057860331102165
-4.339999999999952	0.000045890804329316776
-4.329999999999952	0.00004779583513717163
-4.319999999999952	0.00004977560465258559
-4.3099999999999525	0.00005183285460742971
-4.299999999999953	0.000053970419295542134
-4.289999999999953	0.00005619122838629422
-4.279999999999953	0.00005849830978803812
-4.269999999999953	0.000060894792598782854
-4.259999999999954	0.00006338391013703327
-4.249999999999954	0.00006596900303628682
-4.239999999999954	0.00006865352241920918
-4.229999999999954	0.00007144103316897162
-4.2199999999999545	0.00007433521725872456
-4.209999999999955	0.00007733987717269311
-4.199999999999955	0.00008045893941751354
-4.189999999999955	0.00008369645811163652
-4.179999999999955	0.00008705661865436336
-4.1699999999999555	0.00009054374150577123
-4.159999999999956	0.00009416228603398569
-4.149999999999956	0.00009791685446068115
-4.139999999999956	0.00010181219590849585
-4.129999999999956	0.00010585321053556071
-4.119999999999957	0.00011004495374476686
-4.109999999999957	0.00011439264054084734
-4.099999999999957	0.0001189016499427451
-4.089999999999957	0.00012357752950579876
-4.079999999999957	0.00012842599994009767
-4.069999999999958	0.00013345295987211812
-4.059999999999958	0.0001386644906503626
-4.049999999999958	0.00014406686129562617
-4.039999999999958	0.00014966653355534643
-4.0299999999999585	0.0001554701670482187
-4.019999999999959	0.00016148462453642338
-4.009999999999959	0.00016771697730816467
-3.9999999999999587	0.00017417451066179497
-3.989999999999959	0.00018086472950911326
-3.979999999999959	0.00018779536410744478
-3.9699999999999593	0.00019497437591672068
-3.9599999999999596	0.00020240996342202008
-3.9499999999999598	0.00021011056841743173
-3.93999999999996	0.0002180848820886694
-3.92999999999996	0.00022634185122903628
-3.9199999999999604	0.0002348906848864586
-3.9099999999999606	0.0002437408607808157
-3.899999999999961	0.00025290213202353544
-3.889999999999961	0.00026238453393666024
-3.8799999999999613	0.0002721983909842777
-3.8699999999999615	0.0002823543238312047
-3.8599999999999617	0.00029286325654794145
-3.849999999999962	0.00030373642392710634
-3.839999999999962	0.0003149853789263827
-3.8299999999999623	0.00032662200026326797
-3.8199999999999625	0.00033865850012413946
-3.8099999999999627	0.0003511074319977866
-3.799999999999963	0.0003639816986613501
-3.789999999999963	0.0003772945602896637
-3.7799999999999634	0.0003910596426830438
-3.7699999999999636	0.00040529094564009313
-3.759999999999964	0.00042000285150755657
-3.749999999999964	0.0004352101337489129
-3.7399999999999642	0.00045092796575836797
-3.7299999999999645	0.00046717192976788974
-3.7199999999999647	0.00048395802586707903
-3.709999999999965	0.0005013026811820883
-3.699999999999965	0.000519222759184609
-3.6899999999999653	0.0005377355691118797
-3.6799999999999655	0.0005568588755230212
-3.6699999999999657	0.0005766109080565259
-3.659999999999966	0.0005970103711609601
-3.649999999999966	0.0006180764541062419
-3.6399999999999664	0.0006398288410556612
-3.6299999999999666	0.0006622877212647966
-3.619999999999967	0.0006854737994106408
-3.609999999999967	0.0007094083060584348
-3.5999999999999672	0.0007341130082286634
-3.5899999999999674	0.0007596102200900446
-3.5799999999999677	0.0007859228137813049
-3.569999999999968	0.0008130742303606195
-3.559999999999968	0.0008410884908041722
-3.5499999999999683	0.0008699902072026721
-3.5399999999999685	0.0008998045940173626
-3.5299999999999687	0.0009305574794430919
-3.519999999999969	0.0009622753168927928
-3.509999999999969	0.0009949851965964083
-3.4999999999999694	0.0010287148572314913
-3.4899999999999696	0.0010634926977245473
-3.47999999999997	0.0010993477891089276
-3.46999999999997	0.0011363098864598346
-3.45999999999997	0.0011744094409378107
-3.4499999999999704	0.001213677611900051
-3.4399999999999706	0.001254146279073509
-3.429999999999971	0.0012958480548214118
-3.419999999999971	0.0013388162964695618
-3.4099999999999713	0.0013830851186735977
-3.3999999999999715	0.0014286894058742304
-3.3899999999999717	0.0014756648247694092
-3.379999999999972	0.0015240478368692353
-3.369999999999972	0.001573875711053797
-3.3599999999999723	0.0016251865361956003
-3.3499999999999726	0.0016780192337796202
-3.3399999999999728	0.0017324135705668647
-3.329999999999973	0.0017884101712726975
-3.319999999999973	0.0018460505312181308
-3.3099999999999734	0.00190537702903525
-3.2999999999999736	0.0019664329393324002
-3.289999999999974	0.0020292624453429643
-3.279999999999974	0.0020939106515572023
-3.2699999999999743	0.0021604235963412796
-3.2599999999999745	0.002228848264490291
-3.2499999999999747	0.0022992325997419436
-3.239999999999975	0.0023716255172502314
-3.229999999999975	0.0024460769159773675
-3.2199999999999753	0.0025226376910061016
-3.2099999999999755	0.002601359745793342
-3.1999999999999758	0.0026822960043104698
-3.189999999999976	0.0027655004230646915
-3.179999999999976	0.002851028003052604
-3.1699999999999764	0.002938934801550335
-3.1599999999999766	0.00302927794376692
-3.149999999999977	0.003122115634382547
-3.139999999999977	0.0032175071689004788
-3.1299999999999772	0.0033155129448326492
-3.1199999999999775	0.0034161944727211005
-3.1099999999999777	0.0035196143869424463
-3.099999999999978	0.003625836456325947
-3.089999999999978	0.0037349255945397734
-3.0799999999999783	0.0038469478702581874
-3.0699999999999785	0.00396197051706487
-3.0599999999999787	0.004080061943116455
-3.049999999999979	0.004201291740537014
-3.039999999999979	0.004325730694502517
-3.0299999999999794	0.004453450792048373
-3.0199999999999796	0.004584525230566286
-3.00999999999998	0.004719028425948194
-2.99999999999998	0.004857036020404607
-2.9899999999999802	0.0049986248899369316
-2.9799999999999804	0.005143873151408122
-2.9699999999999807	0.005292860169238141
-2.959999999999981	0.005445666561710749
-2.949999999999981	0.005602374206834711
-2.9399999999999813	0.0057630662477768406
-2.9299999999999815	0.005927827097856949
-2.9199999999999817	0.006096742445062465
-2.909999999999982	0.006269899256066468
-2.899999999999982	0.006447385779777315
-2.8899999999999824	0.006629291550340711
-2.8799999999999826	0.006815707389648137
-2.869999999999983	0.007006725409111069
-2.859999999999983	0.007202439011258095
-2.849999999999983	0.0074029428903230445
-2.8399999999999834	0.0076083330324688185
-2.8299999999999836	0.007818706715317907
-2.819999999999984	0.008034162506848167
-2.809999999999984	0.008254800263644536
-2.7999999999999843	0.00848072112846994
-2.7899999999999845	0.008712027527125243
-2.7799999999999847	0.008948823164624637
-2.769999999999985	0.009191213020635419
-2.759999999999985	0.009439303344195342
-2.7499999999999853	0.009693201647467084
-2.7399999999999856	0.00995301669915735
-2.7299999999999858	0.010218858516660427
-2.719999999999986	0.010490838357632752
-2.709999999999986	0.010769068710691082
-2.6999999999999864	0.011053663285227494
-2.6899999999999866	0.011344737000375546
-2.679999999999987	0.011642405973095822
-2.669999999999987	0.011946787505328273
-2.6599999999999873	0.012258000070235203
-2.6499999999999875	0.01257616329751881
-2.6399999999999877	0.01290139795775133
-2.629999999999988	0.013233825945745794
-2.619999999999988	0.013573570262949307
-2.6099999999999883	0.01392075499880591
-2.5999999999999885	0.014275505311100573
-2.5899999999999888	0.01463794740528945
-2.579999999999989	0.01500820851274636
-2.569999999999989	0.015386416867941123
-2.5599999999999894	0.015772701684560696
-2.5499999999999896	0.016167193130507438
-2.53999999999999	0.016570022301777718
-2.52999999999999	0.016981321195247027
-2.5199999999999902	0.01740122268028373
-2.5099999999999905	0.01782986046921767
-2.4999999999999907	0.01826736908665535
-2.489999999999991	0.01871388383761051
-2.479999999999991	0.019169540774426983
-2.4699999999999913	0.01963447666253503
-2.4599999999999915	0.020108828944982608
-2.4499999999999917	0.02059273570572701
-2.439999999999992	0.02108633563172748
-2.429999999999992	0.02158976797379513
-2.4199999999999924	0.0221031725061679
-2.4099999999999926	0.02262668948486079
-2.399999999999993	0.023160459604757305
-2.389999999999993	0.023704623955404843
-2.3799999999999932	0.024259323975562824
-2.3699999999999934	0.024824701406479324
-2.3599999999999937	0.02540089824386196
-2.349999999999994	0.02598805668857869
-2.339999999999994	0.026586319096090848
-2.3299999999999943	0.02719582792456245
-2.3199999999999945	0.027816725681699312
-2.3099999999999947	0.028449154870320795
-2.299999999999995	0.029093257932613432
-2.289999999999995	0.02974917719308868
-2.2799999999999954	0.0304170548003313
-2.2699999999999956	0.03109703266738779
-2.259999999999996	0.031789252410916624
-2.249999999999996	0.032493855289083995
-2.239999999999996	0.033210982138178975
-2.2299999999999964	0.03394077330797198
-2.2199999999999966	0.03468336859586042
-2.209999999999997	0.03543890717975578
-2.199999999999997	0.03620752754974007
-2.1899999999999973	0.03698936743854734
-2.1799999999999975	0.03778456375082411
-2.1699999999999977	0.0385932524911928
-2.159999999999998	0.03941556869118412
-2.149999999999998	0.04025164633500485
-2.1399999999999983	0.0411016182841558
-2.1299999999999986	0.04196561620093635
-2.1199999999999988	0.0428437704709201
-2.109999999999999	0.04373621012426217
-2.099999999999999	0.04464306275601521
-2.0899999999999994	0.045564454445424146
-2.0799999999999996	0.04650050967417829
-2.07	0.04745135124372914
-2.06	0.04841710019165521
-2.0500000000000003	0.04939787570708799
-2.0400000000000005	0.05039379504526212
-2.0300000000000007	0.05140497344123273
-2.020000000000001	0.05243152402272216
-2.010000000000001	0.05347355772220486
-2.0000000000000013	0.054531183188246936
-1.9900000000000015	0.05560450669609971
-1.9800000000000015	0.056693632057619986
-1.9700000000000015	0.057798660530573295
-1.9600000000000015	0.05891969072729746
-1.9500000000000015	0.060056818522817156
-1.9400000000000015	0.061210136962464176
-1.9300000000000015	0.062379736168987496
-1.9200000000000015	0.06356570324923866
-1.9100000000000015	0.06476812220050875
-1.9000000000000015	0.06598707381649044
-1.8900000000000015	0.06722263559295112
-1.8800000000000014	0.06847488163320577
-1.8700000000000014	0.06974388255337606
-1.8600000000000014	0.07102970538749408
-1.8500000000000014	0.07233241349257247
-1.8400000000000014	0.0736520664536184
-1.8300000000000014	0.07498871998865946
-1.8200000000000014	0.07634242585389642
-1.8100000000000014	0.07771323174894576
-1.8000000000000014	0.07910118122239719
-1.7900000000000014	0.08050631357740295
-1.7800000000000014	0.08192866377784665
-1.7700000000000014	0.083368262354716
-1.7600000000000013	0.08482513531299667
-1.7500000000000013	0.08629930403907152
-1.7400000000000013	0.08779078520864785
-1.7300000000000013	0.0892995906953516
-1.7200000000000013	0.09082572748004065
-1.7100000000000013	0.09236919756083567
-1.7000000000000013	0.09392999786401313
-1.6900000000000013	0.09550812015582856
-1.6800000000000013	0.09710355095524045
-1.6700000000000013	0.09871627144770258
-1.6600000000000013	0.10034625740018766
-1.6500000000000012	0.10199347907711794
-1.6400000000000012	0.10365790115777448
-1.6300000000000012	0.10533948265497788
-1.6200000000000012	0.1070381768350769
-1.6100000000000012	0.10875393113948077
-1.6000000000000012	0.11048668710770215
-1.5900000000000012	0.11223638030198431
-1.5800000000000012	0.11400294023359833
-1.5700000000000012	0.11578629029093554
-1.5600000000000012	0.11758634766937892
-1.5500000000000012	0.11940302330305246
-1.5400000000000011	0.12123622179856934
-1.5300000000000011	0.1230858413708142
-1.5200000000000011	0.12495177378076727
-1.5100000000000011	0.12683390427562335
-1.500000000000001	0.12873211153101738
-1.490000000000001	0.1306462675956568
-1.480000000000001	0.13257623783831368
-1.470000000000001	0.13452188089731096
-1.460000000000001	0.13648304863247146
-1.450000000000001	0.1384595860797206
-1.440000000000001	0.1404513314082139
-1.430000000000001	0.14245811588040352
-1.420000000000001	0.14447976381483052
-1.410000000000001	0.1465160925515908
-1.400000000000001	0.1485669124209644
-1.390000000000001	0.15063202671479328
-1.380000000000001	0.15271123166129025
-1.370000000000001	0.15480431640259024
-1.360000000000001	0.15691106297535198
-1.350000000000001	0.15903124629517384
-1.340000000000001	0.16116463414369508
-1.330000000000001	0.16331098715948514
-1.320000000000001	0.16547005883195076
-1.310000000000001	0.16764159549850838
-1.300000000000001	0.16982533634621885
-1.290000000000001	0.1720210134165072
-1.280000000000001	0.17422835161193587
-1.270000000000001	0.17644706870931015
-1.260000000000001	0.17867687537458785
-1.2500000000000009	0.18091747518217405
-1.2400000000000009	0.1831685646377086
-1.2300000000000009	0.18542983320486256
-1.2200000000000009	0.1877009633358665
-1.2100000000000009	0.18998163050588288
-1.2000000000000008	0.1922715032513584
-1.1900000000000008	0.1945702432122499
-1.1800000000000008	0.19687750517815625
-1.1700000000000008	0.19919293713851646
-1.1600000000000008	0.2015161803367671
-1.1500000000000008	0.20384686932845608
-1.1400000000000008	0.20618463204348275
-1.1300000000000008	0.2085290898523649
-1.1200000000000008	0.21087985763647502
-1.1100000000000008	0.21323654386243296
-1.1000000000000008	0.2155987506605749
-1.0900000000000007	0.21796607390746484
-1.0800000000000007	0.22033810331241177
-1.0700000000000007	0.22271442250826992
-1.0600000000000007	0.22509460914599
-1.0500000000000007	0.2274782349935663
-1.0400000000000007	0.2298648660388499
-1.0300000000000007	0.2322540625963549
-1.0200000000000007	0.23464537941821767
-1.0100000000000007	0.23703836580908005
-1.0000000000000007	0.23943256574491478
-0.9900000000000007	0.2418275179958994
-0.9800000000000006	0.24422275625315004
-0.9700000000000006	0.24661780925930676
-0.9600000000000006	0.24901220094305776
-0.9500000000000006	0.2514054505574437
-0.9400000000000006	0.25379707282188074
-0.9300000000000006	0.2561865780679983
-0.9200000000000006	0.2585734723891426
-0.9100000000000006	0.26095725779334766
-0.9000000000000006	0.263337432360578
-0.8900000000000006	0.2657134904020542
-0.8800000000000006	0.26808492262428185
-0.8700000000000006	0.2704512162969763
-0.8600000000000005	0.2728118554222095
-0.8500000000000005	0.27516632090899296
-0.8400000000000005	0.27751409074966765
-0.8300000000000005	0.27985464019997763
-0.8200000000000005	0.2821874419623777
-0.8100000000000005	0.28451196637201986
-0.8000000000000005	0.2868276815853272
-0.7900000000000005	0.2891340537719546
-0.7800000000000005	0.2914305473091443
-0.7700000000000005	0.29371662497871404
-0.7600000000000005	0.29599174816661267
-0.7500000000000004	0.29825537706479593
-0.7400000000000004	0.30050697087574824
-0.7300000000000004	0.30274598801874386
-0.7200000000000004	0.30497188633856837
-0.7100000000000004	0.30718412331632455
-0.7000000000000004	0.3093821562817714
-0.6900000000000004	0.3115654426277611
-0.6800000000000004	0.3137334400263475
-0.6700000000000004	0.31588560664634807
-0.6600000000000004	0.31802140137236823
-0.6500000000000004	0.32014028402522954
-0.6400000000000003	0.32224171558356335
-0.6300000000000003	0.3243251584065305
-0.6200000000000003	0.3263900764574085
-0.6100000000000003	0.32843593552813055
-0.6000000000000003	0.3304622034644892
-0.5900000000000003	0.3324683503918706
-0.5800000000000003	0.3344538489414054
-0.5700000000000003	0.33641817447704886
-0.5600000000000003	0.3383608053214252
-0.5500000000000003	0.34028122298326763
-0.5400000000000003	0.34217891238389864
-0.5300000000000002	0.34405336208374854
-0.5200000000000002	0.34590406450847266
-0.5100000000000002	0.34773051617458417
-0.5000000000000002	0.34953221791442135
-0.49000000000000027	0.35130867510043434
-0.48000000000000026	0.35305939786845575
-0.47000000000000025	0.35478390133998516
-0.46000000000000024	0.3564817058432821
-0.45000000000000023	0.3581523371331216
-0.4400000000000002	0.35979532660907315
-0.4300000000000002	0.3614102115322128
-0.4200000000000002	0.36299653524005787
-0.4100000000000002	0.3645538473596266
-0.4000000000000002	0.36608170401850393
-0.3900000000000002	0.36757966805373077
-0.38000000000000017	0.36904730921837786
-0.37000000000000016	0.37048420438575946
-0.36000000000000015	0.3718899377510336
-0.35000000000000014	0.37326410103010577
-0.34000000000000014	0.3746062936557407
-0.3300000000000001	0.3759161229707043
-0.3200000000000001	0.37719320441778625
-0.3100000000000001	0.3784371617266616
-0.3000000000000001	0.37964762709738115
-0.2900000000000001	0.38082424138038934
-0.2800000000000001	0.38196665425297976
-0.2700000000000001	0.3830745243920423
-0.26000000000000006	0.3841475196429488
-0.25000000000000006	0.3851853171845379
-0.24000000000000007	0.3861876036900352
-0.23000000000000007	0.3871540754837758
-0.22000000000000006	0.38808443869368286
-0.21000000000000005	0.3889784093993638
-0.20000000000000004	0.38983571377569093
-0.19000000000000003	0.3906560882318099
-0.18000000000000002	0.3914392795454827
-0.17	0.39218504499260703
-0.16	0.392893152471887
-0.15	0.3935633806245472
-0.13999999999999999	0.3941955189489771
-0.12999999999999998	0.3947893679102471
-0.11999999999999998	0.39534473904432954
-0.10999999999999999	0.3958614550575559
-0.09999999999999999	0.39633934991960207
-0.09	0.39677826895219526
-0.08	0.3971780689117351
-0.07	0.3975386180664691
-0.060000000000000005	0.39785979626808987
-0.05	0.3981414950176386
-0.04	0.39838361752568513
-0.03	0.39858607876677676
-0.02	0.39874880552805936
-0.01	0.3988717364520461
0	0.39895482207353544
0.01	0.3989980248506127
0.02	0.3990013191896919
0.03	0.398964691464641
0.04	0.39888814002992257
0.05	0.39877167522771984
0.060000000000000005	0.39861531938910033
0.07	0.3984191068291748
0.08	0.39818308383622303
0.09	0.39790730865485385
0.09999999999999999	0.39759185146316167
0.10999999999999999	0.39723679434389714
0.11999999999999998	0.3968422312496714
0.12999999999999998	0.3964082679622397
0.13999999999999999	0.3959350220458277
0.15	0.3954226227946895
0.16	0.3948712111742988
0.17	0.39428093975772766
0.18000000000000002	0.393651972655214
0.19000000000000003	0.3929844854385344
0.20000000000000004	0.39227866505954423
0.21000000000000005	0.39153470976310306
0.22000000000000006	0.39075282899442904
0.23000000000000007	0.3899332433009136
0.24000000000000007	0.3890761842284825
0.25000000000000006	0.3881818942125917
0.26000000000000006	0.38725062646388814
0.2700000000000001	0.3862826448486244
0.2800000000000001	0.38527822376394183
0.2900000000000001	0.38423764800805343
0.3000000000000001	0.38316121264542485
0.3100000000000001	0.3820492228670843
0.3200000000000001	0.3809019938461038
0.3300000000000001	0.37971985058835395
0.34000000000000014	0.3785031277786703
0.35000000000000014	0.37725216962250013
0.36000000000000015	0.37596732968312246
0.37000000000000016	0.3746489707145914
0.38000000000000017	0.3732974644904901
0.3900000000000002	0.37191319162858527
0.4000000000000002	0.37049654141155175
0.4100000000000002	0.3690479116038469
0.4200000000000002	0.3675677082648595
0.4300000000000002	0.3660563455584633
0.4400000000000002	0.36451424555912315
0.45000000000000023	0.3629418380546184
0.46000000000000024	0.3613395603455842
0.47000000000000025	0.3597078570419702
0.48000000000000026	0.3580471798565305
0.49000000000000027	0.35635798739551094
0.5000000000000002	0.35464074494667724
0.5100000000000002	0.35289592426477245
0.5200000000000002	0.351124003354588
0.5300000000000002	0.34932546625179034
0.5400000000000003	0.3475008028016021
0.5500000000000003	0.3456505084355157
0.5600000000000003	0.34377508394619094
0.5700000000000003	0.3418750352606428
0.5800000000000003	0.33995087321188056
0.5900000000000003	0.33800311330917654
0.6000000000000003	0.3360322755070493
0.6100000000000003	0.3340388839732519
0.6200000000000003	0.3320234668552793
0.6300000000000003	0.3299865560471043
0.6400000000000003	0.32792868695417343
0.6500000000000004	0.3258503982584282
0.6600000000000004	0.32375223168282674
0.6700000000000004	0.3216347317556179
0.6800000000000004	0.3194984455745292
0.6900000000000004	0.3173439225710202
0.7000000000000004	0.31517171427468527
0.7100000000000004	0.31298237407803303
0.7200000000000004	0.3107764570017169
0.7300000000000004	0.3085545194603778
0.7400000000000004	0.3063171190292375
0.7500000000000004	0.30406481421159837
0.7600000000000005	0.30179816420733035
0.7700000000000005	0.2995177286825415
0.7800000000000005	0.2972240675405341
0.7900000000000005	0.29491774069416143
0.8000000000000005	0.29259930783974974
0.8100000000000005	0.2902693282326879
0.8200000000000005	0.28792836046481457
0.8300000000000005	0.2855769622437159
0.8400000000000005	0.2832156901740922
0.8500000000000005	0.28084509954124975
0.8600000000000005	0.27846574409687785
0.8700000000000006	0.27607817584723315
0.8800000000000006	0.27368294484379624
0.8900000000000006	0.2712805989765366
0.9000000000000006	0.26887168376991216
0.9100000000000006	0.26645674218165866
0.9200000000000006	0.264036314404501
0.9300000000000006	0.26161093767088034
0.9400000000000006	0.25918114606078707
0.9500000000000006	0.2567474703127755
0.9600000000000006	0.2543104376382882
0.9700000000000006	0.25187057153933823
0.9800000000000006	0.24942839162963276
0.9900000000000007	0.24698441345925018
1.0000000000000007	0.24453914834292007
1.0100000000000007	0.24209310319195965
1.0200000000000007	0.2396467803499951
1.0300000000000007	0.2372006774324762
1.0400000000000007	0.23475528717007685
1.0500000000000007	0.23231109725602767
1.0600000000000007	0.22986859019746217
1.0700000000000007	0.22742824317078075
1.0800000000000007	0.22499052788113677
1.0900000000000007	0.22255591042605874
1.1000000000000008	0.22012485116324879
1.1100000000000008	0.21769780458261953
1.1200000000000008	0.21527521918258857
1.1300000000000008	0.2128575373506653
1.1400000000000008	0.21044519524835423
1.1500000000000008	0.2080386227004316
1.1600000000000008	0.20563824308856543
1.1700000000000008	0.20324447324933706
1.1800000000000008	0.20085772337668334
1.1900000000000008	0.19847839692874172
1.2000000000000008	0.19610689053912309
1.2100000000000009	0.19374359393264395
1.2200000000000009	0.1913888898454675
1.2300000000000009	0.18904315394969787
1.2400000000000009	0.18670675478241003
1.2500000000000009	0.18438005367910792
1.260000000000001	0.18206340471158491
1.270000000000001	0.17975715463021774
1.280000000000001	0.17746164281063478
1.290000000000001	0.17517720120475008
1.300000000000001	0.1729041542961595
1.310000000000001	0.1706428190598695
1.320000000000001	0.16839350492629704
1.330000000000001	0.16615651374957022
1.340000000000001	0.163932139780052
1.350000000000001	0.16172066964105658
1.360000000000001	0.15952238230974605
1.370000000000001	0.1573375491021497
1.380000000000001	0.15516643366224786
1.390000000000001	0.15300929195510954
1.400000000000001	0.15086637226401745
1.410000000000001	0.14873791519151797
1.420000000000001	0.14662415366437695
1.430000000000001	0.14452531294236157
1.440000000000001	0.14244161063079994
1.450000000000001	0.14037325669685802
1.460000000000001	0.13832045348949232
1.470000000000001	0.13628339576298307
1.480000000000001	0.13426227070401006
1.490000000000001	0.13225725796220852
1.500000000000001	0.13026852968412145
1.5100000000000011	0.1282962505504807
1.5200000000000011	0.126340577816781
1.5300000000000011	0.12440166135702362
1.5400000000000011	0.12247964371059199
1.5500000000000012	0.12057466013219403
1.5600000000000012	0.11868683864476431
1.5700000000000012	0.11681630009525995
1.5800000000000012	0.11496315821331331
1.5900000000000012	0.11312751967260237
1.6000000000000012	0.11130948415490005
1.6100000000000012	0.10950914441671522
1.6200000000000012	0.10772658635844784
1.6300000000000012	0.10596188909596531
1.6400000000000012	0.10421512503453381
1.6500000000000012	0.10248635994502205
1.6600000000000013	0.10077565304228359
1.6700000000000013	0.09908305706564756
1.6800000000000013	0.0974086183614424
1.6900000000000013	0.09575237696743706
1.7000000000000013	0.09411436669916369
1.7100000000000013	0.09249461523800638
1.7200000000000013	0.09089314422097815
1.7300000000000013	0.08930996933211661
1.7400000000000013	0.08774510039543806
1.7500000000000013	0.08619854146919037
1.7600000000000013	0.08467029094175488
1.7700000000000014	0.08316034162856138
1.7800000000000014	0.08166868087033237
1.7900000000000014	0.08019529063242568
1.8000000000000014	0.07874014760523382
1.8100000000000014	0.07730322330553037
1.8200000000000014	0.0758844841787044
1.8300000000000014	0.0744838917018225
1.8400000000000014	0.07310140248739343
1.8500000000000014	0.0717369683878008
1.8600000000000014	0.07039053660032148
1.8700000000000014	0.06906204977266625
1.8800000000000014	0.06775144610880729
1.8900000000000015	0.06645865947546087
1.9000000000000015	0.06518361950856216
1.9100000000000015	0.06392625172009778
1.9200000000000015	0.06268647760506749
1.9300000000000015	0.061464214748513095
1.9400000000000015	0.06025937693256214
1.9500000000000015	0.059071874243419725
1.9600000000000015	0.05790161317824109
1.9700000000000015	0.05674849675181757
1.9800000000000015	0.055612424603025304
1.9900000000000015	0.05449329310096258
2.0000000000000013	0.053390995450726154
2.010000000000001	0.052305421798764316
2.020000000000001	0.05123645933775401
2.0300000000000007	0.05018399241094002
2.0400000000000005	0.04914790261588467
2.0500000000000003	0.04812806890758852
2.06	0.04712436770090931
2.07	0.04613667297223952
2.0799999999999996	0.04516485636041534
2.0899999999999994	0.04420878726676756
2.099999999999999	0.043268332954302775
2.109999999999999	0.04234335864597351
2.1199999999999988	0.04143372762197153
2.1299999999999986	0.040539301316012806
2.1399999999999983	0.03965993941060539
2.149999999999998	0.03879549993119999
2.159999999999998	0.037945839339279065
2.1699999999999977	0.03711081262422436
2.1799999999999975	0.036290273394065604
2.1899999999999973	0.03548407396498868
2.199999999999997	0.034692065449606804
2.209999999999997	0.03391409784396004
2.2199999999999966	0.03315002011321494
2.2299999999999964	0.032399680276052334
2.239999999999996	0.03166292548770482
2.249999999999996	0.030939602121616137
2.259999999999996	0.030229555849732633
2.2699999999999956	0.029532631721374
2.2799999999999954	0.028848674240684206
2.289999999999995	0.0281775274426362
2.299999999999995	0.02751903496758919
2.3099999999999947	0.02687304013438162
2.3199999999999945	0.026239386011907978
2.3299999999999943	0.025617915489250305
2.339999999999994	0.025008471344276032
2.349999999999994	0.0244108963107354
2.3599999999999937	0.023825033143847128
2.3699999999999934	0.023250724684346802
2.3799999999999932	0.0226878139210174
2.389999999999993	0.02213614405169683
2.399999999999993	0.021595558542731878
2.4099999999999926	0.02106590118691372
2.4199999999999924	0.02054701615988088
2.429999999999992	0.020038748074974445
2.439999999999992	0.01954094203658215
2.4499999999999917	0.019053443691941153
2.4599999999999915	0.018576099281427283
2.4699999999999913	0.018108755687320937
2.479999999999991	0.017651260481067143
2.489999999999991	0.017203461969029058
2.4999999999999907	0.016765209236747777
2.5099999999999905	0.01633635219171523
2.5199999999999902	0.015916741604671412
2.52999999999999	0.015506229149436342
2.53999999999999	0.015104667441283436
2.5499999999999896	0.014711910073882983
2.5599999999999894	0.01432781165480127
2.569999999999989	0.013952227839597084
2.579999999999989	0.013585015364510964
2.5899999999999888	0.0132260320777733
2.5999999999999885	0.012875136969536318
2.6099999999999883	0.012532190200464425
2.619999999999988	0.012197053128971583
2.629999999999988	0.011869588337152405
2.6399999999999877	0.011549659655410292
2.6499999999999875	0.011237132185791514
2.6599999999999873	0.01093187232402105
2.669999999999987	0.010633747780528852
2.679999999999987	0.010342627599763236
2.6899999999999866	0.010058382178790497
2.6999999999999864	0.00978088328446242
2.709999999999986	0.009510004069468019
2.719999999999986	0.009245619087197112
2.7299999999999858	0.008987604305718662
2.7399999999999856	0.008735837120177715
2.7499999999999853	0.008490196364600057
2.759999999999985	0.008250562322391498
2.769999999999985	0.008016816735855649
2.7799999999999847	0.00778884281469651
2.7899999999999845	0.00756652524353138
2.7999999999999843	0.007349750188440784
2.809999999999984	0.0071384053025594935
2.819999999999984	0.006932379730761849
2.8299999999999836	0.006731564113438709
2.8399999999999834	0.006535850589393017
2.849999999999983	0.00634513279788982
2.859999999999983	0.006159305879870133
2.869999999999983	0.005978266478351551
2.8799999999999826	0.005801912738050841
2.8899999999999824	0.005630144304235546
2.899999999999982	0.005462862320836313
2.909999999999982	0.0052999694278400705
2.9199999999999817	0.005141369757987176
2.9299999999999815	0.00498696893278875
2.9399999999999813	0.004836674057897888
2.949999999999981	0.0046903937178480355
2.959999999999981	0.004548037970172268
2.9699999999999807	0.004409518338950135
2.9799999999999804	0.004274747807777797
2.9899999999999802	0.004143640812190517
2.99999999999998	0.004016113231567671
3.00999999999998	0.00389208238052783
3.0199999999999796	0.00377146699984153
3.0299999999999794	0.003654187246877269
3.039999999999979	0.0035401646856119706
3.049999999999979	0.003429322276200795
3.0599999999999787	0.0033215843641566374
3.0699999999999785	0.0032168766691401214
3.0799999999999783	0.0031151262733740107
3.089999999999978	0.0030162616097150325
3.099999999999978	0.0029202124493934185
3.1099999999999777	0.0028269098894413485
3.1199999999999775	0.0027362863398100582
3.1299999999999772	0.002648275510245874
3.139999999999977	0.002562812396850481
3.149999999999977	0.002479833268437717
3.1599999999999766	0.0023992756526468964
3.1699999999999764	0.0023210783218423335
3.179999999999976	0.002245181278810037
3.189999999999976	0.0021715257422807196
3.1999999999999758	0.002100054132288247
3.2099999999999755	0.002030710055346804
3.2199999999999753	0.0019634382895234257
3.229999999999975	0.0018981847693636785
3.239999999999975	0.0018348965707112312
3.2499999999999747	0.0017735218954266726
3.2599999999999745	0.0017140100560194133
3.2699999999999743	0.0016563114602071486
3.279999999999974	0.0016003775954041275
3.289999999999974	0.001546161013188305
3.2999999999999736	0.001493615313674684
3.3099999999999734	0.0014426951299158456
3.319999999999973	0.001393356112253168
3.329999999999973	0.0013455549126709355
3.3399999999999728	0.001299249169150113
3.3499999999999726	0.0012543974900309973
3.3599999999999723	0.0012109594384227232
3.369999999999972	0.0011688955165885492
3.379999999999972	0.0011281671504309535
3.3899999999999717	0.001088736673986404
3.3999999999999715	0.0010505673139903553
3.4099999999999713	0.0010136231745014137
3.419999999999971	0.000977869221597675
3.429999999999971	0.0009432712681490498
3.4399999999999706	0.0009097959586781854
3.4499999999999704	0.00087741075431642
3.45999999999997	0.0008460839178205128
3.46999999999997	0.0008157844987683009
3.47999999999997	0.0007864823187916005
3.4899999999999696	0.0007581479569516012
3.4999999999999694	0.0007307527352405776
3.509999999999969	0.0007042687042017701
3.519999999999969	0.0006786686286508199
3.5299999999999687	0.0006539259735992609
3.5399999999999685	0.0006300148902447373
3.5499999999999683	0.0006069102021350791
3.559999999999968	0.0005845873914795466
3.569999999999968	0.0005630225855959365
3.5799999999999677	0.0005421925435186827
3.5899999999999674	0.000522074642772167
3.5999999999999672	0.0005026468662252689
3.609999999999967	0.0004838877892626745
3.619999999999967	0.00046577656695514277
3.6299999999999666	0.0004482929214861193
3.6399999999999664	0.0004314171297118711
3.649999999999966	0.0004151300108988316
3.659999999999966	0.0003994129146462638
3.6699999999999657	0.00038424770890063806
3.6799999999999655	0.00036961676828911334
3.6899999999999653	0.00035550296248493686
3.699999999999965	0.00034188964481222695
3.709999999999965	0.00032876064101107185
3.7199999999999647	0.00031610023818803135
3.7299999999999645	0.0003038931739251575
3.7399999999999642	0.0002921246255755619
3.749999999999964	0.00028078019973395686
3.759999999999964	0.00026984592187665667
3.7699999999999636	0.00025930822618309274
3.7799999999999634	0.00024915394552865315
3.789999999999963	0.0002393703016537686
3.799999999999963	0.00022994489550499654
3.8099999999999627	0.00022086569775492612
3.8199999999999625	0.00021212103948705776
3.8299999999999623	0.0002036996030592232
3.839999999999962	0.00019559041313466563
3.849999999999962	0.0001877828278852766
3.8599999999999617	0.00018026653035844157
3.8699999999999615	0.00017303152002376385
3.8799999999999613	0.0001660681044396312
3.889999999999961	0.00015936689125235827
3.899999999999961	0.00015291878001079086
3.9099999999999606	0.00014671495461512893
3.9199999999999604	0.0001407468754545945
3.92999999999996	0.0001350062720460666
3.93999999999996	0.00012948513568175976
3.9499999999999598	0.000124175712269389
3.9599999999999596	0.00011907049528887682
3.9699999999999593	0.00011416221896796063
3.979999999999959	0.00010944385153643846
3.989999999999959	0.00010490858868063202
3.9999999999999587	0.00010054984712678905
4.009999999999959	0.00009636125836595353
4.019999999999959	0.00009233666252879024
4.0299999999999585	0.00008847010239882572
4.039999999999958	0.0000847558175636521
4.049999999999958	0.00008118823870494949
4.059999999999958	0.00007776198202628848
4.069999999999958	0.00007447184380568332
4.079999999999957	0.00007131279508905183
4.089999999999957	0.00006827997650460741
4.099999999999957	0.00006536869321106794
4.109999999999957	0.00006257440996345488
4.119999999999957	0.00005989274630764334
4.129999999999956	0.00005731947189086321
4.139999999999956	0.000054850501894555184
4.149999999999956	0.00005248189257980929
4.159999999999956	0.000050209836952858716
4.1699999999999555	0.00004803066053227711
4.179999999999955	0.000045940817239623045
4.189999999999955	0.00004393688538746064
4.199999999999955	0.00004201556377905055
4.209999999999955	0.00004017366790774255
4.2199999999999545	0.00003840812626352744
4.229999999999954	0.00003671597673513691
4.239999999999954	0.0000350943631085886
4.249999999999954	0.00003354053165709612
4.259999999999954	0.000032051827878800834
4.269999999999953	0.00003062569318856985
4.279999999999953	0.000029259661897840173
4.289999999999953	0.00002795135808015279
4.299999999999953	0.000026698492669192793
4.3099999999999525	0.000025498860582607572
4.319999999999952	0.000024350337925583473
4.329999999999952	0.00002325087928884534
4.339999999999952	0.00002219851512157879
4.349999999999952	0.000021191349175040228
4.3599999999999515	0.000020227556028453174
4.369999999999951	0.000019305378686952637
4.379999999999951	0.000018423126244450704
4.389999999999951	0.000017579171626001783
4.399999999999951	0.000016771949390201186
4.40999999999995	0.000015999953603910128
4.41999999999995	0.000015261735773935446
4.42999999999995	0.000014555902853621994
4.43999999999995	0.00001388111529823081
4.4499999999999496	0.000013236085188510704
4.459999999999949	0.000012619574419784054
4.469999999999949	0.000012030392901617767
4.479999999999949	0.000011467396903515553
4.489999999999949	0.000010929487365754822
4.4999999999999485	0.000010415608317824693
4.509999999999948	9.924745286262396e-6
4.519999999999948	9.45592385399895e-6
4.529999999999948	9.008208172579603e-6
4.539999999999948	8.580699558862951e-6
4.549999999999947	8.17253514573935e-6
4.559999999999947	7.782886561270853e-6
4.569999999999947	7.410958657450979e-6
4.579999999999947	7.055988284137188e-6
4.589999999999947	6.7172431007258e-6
4.599999999999946	6.394020423812738e-6
4.609999999999946	6.085646120323917e-6
4.619999999999946	5.791473535526683e-6
4.629999999999946	5.5108824709342724e-6
4.6399999999999455	5.2432781184850906e-6
4.649999999999945	4.988090195040901e-6
4.659999999999945	4.744771941571181e-6
4.669999999999945	4.512799253266164e-6
4.679999999999945	4.291669748230682e-6
4.689999999999944	4.080902023190186e-6
4.699999999999944	3.880034779516292e-6
4.709999999999944	3.6886260541012924e-6
4.719999999999944	3.506252479575489e-6
4.729999999999944	3.33250853679402e-6
4.739999999999943	3.167005866889508e-6
4.749999999999943	3.0093725921242424e-6
4.759999999999943	2.8592526691199687e-6
4.769999999999943	2.716305250009243e-6
4.7799999999999425	2.580204086581708e-6
4.789999999999942	2.450636945328178e-6
4.799999999999942	2.327305035659736e-6
4.809999999999942	2.2099224909096823e-6
4.819999999999942	2.0982158180699603e-6
4.8299999999999415	1.9919234222209316e-6
4.839999999999941	1.8907951127596456e-6
4.849999999999941	1.794591630224414e-6
4.859999999999941	1.7030842117603618e-6
4.869999999999941	1.6160541530543424e-6
4.87999999999994	1.5332923776861767e-6
4.88999999999994	1.4545991122134584e-6
4.89999999999994	1.3797833720867937e-6
4.90999999999994	1.3086627422511643e-6
4.9199999999999395	1.2410628907971502e-6
4.929999999999939	1.1768173048821264e-6
4.939999999999939	1.1157669407907899e-6
4.949999999999939	1.0577599158381556e-6
4.959999999999939	1.0026511956554771e-6
4.9699999999999385	9.503023132322794e-7
4.979999999999938	9.005810864487528e-7
4.989999999999938	8.533613403397607e-7
4.999999999999938	8.085226571377391e-7
5.009999999999938	7.659501383074409e-7
5.019999999999937	7.255341531717554e-7
5.029999999999937	6.871701155061767e-7
5.039999999999937	6.507582645648015e-7
5.049999999999937	6.162034552238778e-7
5.0599999999999365	5.834149562038981e-7
5.069999999999936	5.523062570255623e-7
5.079999999999936	5.227948827884388e-7
5.089999999999936	4.948022300944294e-7
5.099999999999936	4.6825333971838745e-7
5.1099999999999355	4.4307681916132147e-7
5.119999999999935	4.192046559239549e-7
5.129999999999935	3.9657197189875846e-7
5.139999999999935	3.751170439895122e-7
5.149999999999935	3.547810568373094e-7
5.159999999999934	3.355079979376503e-7
5.169999999999934	3.172445312684558e-7
5.179999999999934	2.9993987574793146e-7
5.189999999999934	2.835456892535325e-7
5.199999999999934	2.680159585129422e-7
5.209999999999933	2.5330689170167943e-7
5.219999999999933	2.3937683911802916e-7
5.229999999999933	2.2618610684687865e-7
5.239999999999933	2.1369699758715352e-7
5.2499999999999325	2.0187363001095227e-7
5.259999999999932	1.9068185603792648e-7
5.269999999999932	1.8008927803215614e-7
5.279999999999932	1.7006500875261512e-7
5.289999999999932	1.6057969656983433e-7
5.299999999999931	1.5160550614140934e-7
5.309999999999931	1.4311592828150608e-7
5.319999999999931	1.3508573281714423e-7
5.329999999999931	1.2749099954200697e-7
5.339999999999931	1.2030898408565837e-7
5.34999999999993	1.1351810786484019e-7
5.35999999999993	1.0709784208530219e-7
5.36999999999993	1.0102871075397634e-7
5.37999999999993	9.529220023095234e-8