-5.659999999999924	9.857944257214298e-8
-5.649999999999924	1.038473721743268e-7
-5.639999999999924	1.0938761510427237e-7
-5.629999999999924	1.1521375513222903e-7
-5.619999999999925	1.2133999962989083e-7
-5.609999999999925	1.2778120745822895e-7
-5.599999999999925	1.345530209432553e-7
-5.589999999999925	1.4167175626891778e-7
-5.5799999999999255	1.4915457437882744e-7
-5.569999999999926	1.5701935761529954e-7
-5.559999999999926	1.6528493536844016e-7
-5.549999999999926	1.7397095706180293e-7
-5.539999999999926	1.8309796045192774e-7
-5.5299999999999265	1.926875664199989e-7
-5.519999999999927	2.0276230184918458e-7
-5.509999999999927	2.133457885417853e-7
-5.499999999999927	2.2446273047416887e-7
-5.489999999999927	2.361389991735426e-7
-5.479999999999928	2.4840166737896194e-7
-5.469999999999928	2.612790530694417e-7
-5.459999999999928	2.748007619450001e-7
-5.449999999999928	2.8899778568343427e-7
-5.4399999999999284	3.0390258618885147e-7
-5.429999999999929	3.195490517241727e-7
-5.419999999999929	3.359726383074949e-7
-5.409999999999929	3.532104220637316e-7
-5.399999999999929	3.7130117363601503e-7
-5.3899999999999295	3.902854268393939e-7
-5.37999999999993	4.1020555572565253e-7
-5.36999999999993	4.311058532499047e-7
-5.35999999999993	4.530326142674907e-7
-5.34999999999993	4.760342201691639e-7
-5.339999999999931	5.001612286538135e-7
-5.329999999999931	5.254664671519805e-7
-5.319999999999931	5.520051282233061e-7
-5.309999999999931	5.798348702452204e-7
-5.299999999999931	6.090159188869798e-7
-5.289999999999932	6.396111835043847e-7
-5.279999999999932	6.716863648789737e-7
-5.269999999999932	7.053100660911912e-7
-5.259999999999932	7.40553923125189e-7
-5.2499999999999325	7.774927279932322e-7
-5.239999999999933	8.162045604773082e-7
-5.229999999999933	8.567709241595666e-7
-5.219999999999933	8.992768887597221e-7
-5.209999999999933	9.438112369514052e-7
-5.199999999999934	9.904666174205046e-7
-5.189999999999934	1.0393397034733166e-6
-5.179999999999934	1.0905313580790627e-6
-5.169999999999934	1.1441468048308749e-6
-5.159999999999934	1.20029580563772e-6
-5.149999999999935	1.2590928449644284e-6
-5.139999999999935	1.3206573395587568e-6
-5.129999999999935	1.3851137820351911e-6
-5.119999999999935	1.4525919837805801e-6
-5.1099999999999355	1.5232273245183938e-6
-5.099999999999936	1.597160919362321e-6
-5.089999999999936	1.6745398653851678e-6
-5.079999999999936	1.755517485113054e-6
-5.069999999999936	1.8402535699844403e-6
-5.0599999999999365	1.928914632229204e-6
-5.049999999999937	2.0216741789635434e-6
-5.039999999999937	2.118712984715536e-6
-5.029999999999937	2.220219395377109e-6
-5.019999999999937	2.3263895325462533e-6
-5.009999999999938	2.4374277485487147e-6
-4.999999999999938	2.5535468635660125e-6
-4.989999999999938	2.674968422107419e-6
-4.979999999999938	2.8019231821229475e-6
-4.9699999999999385	2.9346513840241636e-6
-4.959999999999939	3.0734031045186865e-6
-4.949999999999939	3.218438683027594e-6
-4.939999999999939	3.3700290535376548e-6
-4.929999999999939	3.52845622610086e-6
-4.9199999999999395	3.6940136193901303e-6
-4.90999999999994	3.867006580322436e-6
-4.89999999999994	4.0477527594272e-6
-4.88999999999994	4.2365826227135e-6
-4.87999999999994	4.433839910896889e-6
-4.869999999999941	4.639882140653709e-6
-4.859999999999941	4.855081143463925e-6
-4.849999999999941	5.079823549642408e-6
-4.839999999999941	5.314511373721124e-6
-4.8299999999999415	5.559562566337219e-6
-4.819999999999942	5.815411626408625e-6
-4.809999999999942	6.082510169080071e-6
-4.799999999999942	6.361327585788685e-6
-4.789999999999942	6.652351676991169e-6
-4.7799999999999425	6.956089325233219e-6
-4.769999999999943	7.273067194164773e-6
-4.759999999999943	7.603832431290189e-6
-4.749999999999943	7.948953412922618e-6
-4.739999999999943	8.309020509253192e-6
-4.729999999999944	8.684646865654266e-6
-4.719999999999944	9.076469213718255e-6
-4.709999999999944	9.485148721453431e-6
-4.699999999999944	9.911371844957654e-6
-4.689999999999944	0.000010355851228050544
-4.679999999999945	0.000010819326627719052
-4.669999999999945	0.000011302565857719576
-4.659999999999945	0.000011806365768534403
-4.649999999999945	0.000012331553267883694
-4.6399999999999455	0.000012878986359285775
-4.629999999999946	0.000013449555212741774
-4.619999999999946	0.000014044183279690588
-4.609999999999946	0.000014663828436004333
-4.599999999999946	0.000015309484156021615
-4.589999999999947	0.000015982180729801046
-4.579999999999947	0.00001668298651375508
-4.569999999999947	0.000017413009219516796
-4.559999999999947	0.000018173397239398527
-4.549999999999947	0.000018965341020910514
-4.539999999999948	0.000019790074463576593
-4.529999999999948	0.00002064887637837368
-4.519999999999948	0.000021543071981424067
-4.509999999999948	0.00002247403442032482
-4.4999999999999485	0.00002344318637188288
-4.489999999999949	0.000024452001645454747
-4.479999999999949	0.000025502006887434458
-4.469999999999949	0.000026594783284083905
-4.459999999999949	0.00002773196834636957
-4.4499999999999496	0.000028915257725494087
-4.43999999999995	0.000030146407074267834
-4.42999999999995	0.000031427234008554656
-4.41999999999995	0.000032759620063437643
-4.40999999999995	0.000034145512732327976
-4.399999999999951	0.00003558692757464643
-4.389999999999951	0.00003708595035174557
-4.379999999999951	0.00003864473924192151
-4.369999999999951	0.0000402655271170734
-4.3599999999999515	0.00004195062387058597
-4.349999999999952	0.000043702418805666995
-4.339999999999952	0.000045523383111383584
-4.329999999999952	0.00004741607237424974
-4.319999999999952	0.000049383129174367015
-4.3099999999999525	0.00005142728574657628
-4.299999999999953	0.000053551366714584
-4.289999999999953	0.00005575829188078596
-4.279999999999953	0.00005805107911198958
-4.269999999999953	0.00006043284728376071
-4.259999999999954	0.00006290681929647403
-4.249999999999954	0.00006547632518580537
-4.239999999999954	0.00006814480529493262
-4.229999999999954	0.00007091581353154288
-4.2199999999999545	0.00007379302070708945
-4.209999999999955	0.00007678021796387001
-4.199999999999955	0.00007988132026797969
-4.189999999999955	0.00008310037000988504
-4.179999999999955	0.00008644154068583251
-4.1699999999999555	0.000089909140650255
-4.159999999999956	0.00009350761698206643
-4.149999999999956	0.00009724155943583614
-4.139999999999956	0.00010111570447066705
-4.129999999999956	0.00010513493941005863
-4.119999999999957	0.00010930430660365162
-4.109999999999957	0.00011362900785818468
-4.099999999999957	0.00011811440879137555
-4.089999999999957	0.0001227660434049097
-4.079999999999957	0.00012758961863463896
-4.069999999999958	0.00013259101918504192
-4.059999999999958	0.00013777631230995778
-4.049999999999958	0.0001431517527607047
-4.039999999999958	0.0001487237878360849
-4.0299999999999585	0.00015449906255599923
-4.019999999999959	0.00016048442491736292
-4.009999999999959	0.00016668693127997844
-3.9999999999999587	0.00017311385186240193
-3.989999999999959	0.00017977267635269008
-3.979999999999959	0.0001866711196229086
-3.9699999999999593	0.00019381712757361348
-3.9599999999999596	0.00020121888312434204
-3.9499999999999598	0.00020888481223222058
-3.93999999999996	0.00021682359012854628
-3.92999999999996	0.00022504414766247527
-3.9199999999999604	0.0002335556776856073
-3.9099999999999606	0.00024236764166070355
-3.899999999999961	0.00025148977634840974
-3.889999999999961	0.0002609321006123168
-3.8799999999999613	0.0002707049223745167
-3.8699999999999615	0.00028081884568961833
-3.8599999999999617	0.00029128477793576897
-3.849999999999962	0.0003021139371505775
-3.839999999999962	0.0003133178594967198
-3.8299999999999623	0.0003249084068391687
-3.8199999999999625	0.00033689777447723935
-3.8099999999999627	0.0003492984989966234
-3.799999999999963	0.00036212346625402123
-3.789999999999963	0.00037538591949159636
-3.7799999999999634	0.00038909946760185633
-3.7699999999999636	0.0004032780934933566
-3.759999999999964	0.00041793616262938646
-3.749999999999964	0.00043308843166398563
-3.7399999999999642	0.0004487500572321173
-3.7299999999999645	0.00046493660486356786
-3.7199999999999647	0.00048166405804736436
-3.709999999999965	0.0004989488274039917
-3.699999999999965	0.0005168077600024445
-3.6899999999999653	0.0005352581488196427
-3.6799999999999655	0.0005543177423051568
-3.6699999999999657	0.0005740047541156523
-3.659999999999966	0.0005943378729263954
-3.649999999999966	0.0006153362724238667
-3.6399999999999664	0.0006370196213863863
-3.6299999999999666	0.0006594080939252244
-3.619999999999967	0.0006825223798250446
-3.609999999999967	0.0007063836950154655
-3.5999999999999672	0.0007310137921724228
-3.5899999999999674	0.0007564349714356405
-3.5799999999999677	0.0007826700911901552
-3.569999999999968	0.0008097425792031073
-3.559999999999968	0.0008376764434283148
-3.5499999999999683	0.0008664962833541221
-3.5399999999999685	0.0008962273012477643
-3.5299999999999687	0.000926895313563788
-3.519999999999969	0.0009585267624254242
-3.509999999999969	0.0009911487271942322
-3.4999999999999694	0.0010247889363434813
-3.4899999999999696	0.001059475778988456
-3.47999999999997	0.00109523831694238
-3.46999999999997	0.0011321062966607202
-3.45999999999997	0.0011701101612818907
-3.4499999999999704	0.0012092810627708065
-3.4399999999999706	0.0012496508741380965
-3.429999999999971	0.0012912522017121063
-3.419999999999971	0.0013341183974904412
-3.4099999999999713	0.0013782835715617449
-3.3999999999999715	0.0014237826045560976
-3.3899999999999717	0.0014706511601861713
-3.379999999999972	0.0015189256977883167
-3.369999999999972	0.0015686434849391249
-3.3599999999999723	0.0016198426100826283
-3.3499999999999726	0.001672561995210517
-3.3399999999999728	0.0017268414085398044
-3.329999999999973	0.001782721477200893
-3.319999999999973	0.0018402436999844307
-3.3099999999999734	0.0018994504600073942
-3.2999999999999736	0.0019603850374371743
-3.289999999999974	0.002023091622177476
-3.279999999999974	0.002087615326537254
-3.2699999999999743	0.0021540021978536487
-3.2599999999999745	0.002222299231103505
-3.2499999999999747	0.0022925543814496688
-3.239999999999975	0.0023648165767266435
-3.229999999999975	0.00243913572987803
-3.2199999999999753	0.002515562751315148
-3.2099999999999755	0.002594149561171444
-3.1999999999999758	0.0026749491014918395
-3.189999999999976	0.0027580153483056477
-3.179999999999976	0.0028434033235768593
-3.1699999999999764	0.002931169107041428
-3.1599999999999766	0.0030213698479143337
-3.149999999999977	0.003114063776424422
-3.139999999999977	0.003209310215216346
-3.1299999999999772	0.0033071695905766865
-3.1199999999999775	0.003407703443465551
-3.1099999999999777	0.003510974440363325
-3.099999999999978	0.0036170463839272794
-3.089999999999978	0.003725984223396211
-3.0799999999999783	0.003837854064781823
-3.0699999999999785	0.003952723180827412
-3.0599999999999787	0.0040706600206818
-3.049999999999979	0.0041917342193105505
-3.039999999999979	0.004316016606637827
-3.0299999999999794	0.004443579216366725
-3.0199999999999796	0.004574495294487112
-3.00999999999998	0.0047088393074758515
-2.99999999999998	0.004846686950129442
-2.9899999999999802	0.0049881151530426415
-2.9799999999999804	0.005133202089725004
-2.9699999999999807	0.005282027183321629
-2.959999999999981	0.0054346711129122805
-2.949999999999981	0.005591215819422527
-2.9399999999999813	0.0057517445110773415
-2.9299999999999815	0.0059163416683910034
-2.9199999999999817	0.006085093048715567
-2.909999999999982	0.006258085690290353
-2.899999999999982	0.006435407915770025
-2.8899999999999824	0.0066171493352661405
-2.8799999999999826	0.006803400848824842
-2.869999999999983	0.006994254648391135
-2.859999999999983	0.007189804219121175
-2.849999999999983	0.007390144340204733
-2.8399999999999834	0.007595371085008443
-2.8299999999999836	0.007805581820629549
-2.819999999999984	0.008020875206811091
-2.809999999999984	0.008241351194168857
-2.7999999999999843	0.00846711102176611
-2.7899999999999845	0.008698257213999715
-2.7799999999999847	0.008934893576747038
-2.769999999999985	0.009177125192796426
-2.759999999999985	0.009425058416527826
-2.7499999999999853	0.009678800867877617
-2.7399999999999856	0.009938461425374764
-2.7299999999999858	0.010204150218540273
-2.719999999999986	0.010475978619378762
-2.709999999999986	0.010754059233033306
-2.6999999999999864	0.011038505887622676
-2.6899999999999866	0.01132943362316868
-2.679999999999987	0.011626958679638245
-2.669999999999987	0.011931198484101183
-2.6599999999999873	0.012242271636940565
-2.6499999999999875	0.012560297897107237
-2.6399999999999877	0.012885398166456785
-2.629999999999988	0.013217694473073813
-2.619999999999988	0.013557309953606864
-2.6099999999999883	0.013904368834616218
-2.5999999999999885	0.014258996412877091
-2.5899999999999888	0.014621319034632697
-2.579999999999989	0.014991464073817252
-2.569999999999989	0.015369559909195094
-2.5599999999999894	0.01575573590039261
-2.5499999999999896	0.016150122362861025
-2.53999999999999	0.016552850541715576
-2.52999999999999	0.016964052584418413
-2.5199999999999902	0.01738386151235026
-2.5099999999999905	0.01781241119122471
-2.4999999999999907	0.018249836300305314
-2.489999999999991	0.018696272300468615
-2.479999999999991	0.019151855401080033
-2.4699999999999913	0.019616722525640774
-2.4599999999999915	0.020091011276237875
-2.4499999999999917	0.020574859896784047
-2.439999999999992	0.02106840723499404
-2.429999999999992	0.0215717927031368
-2.4199999999999924	0.02208515623755515
-2.4099999999999926	0.022608638256895113
-2.399999999999993	0.023142379619085985
-2.389999999999993	0.023686521577073853
-2.3799999999999932	0.024241205733243842
-2.3699999999999934	0.024806573992576963
-2.3599999999999937	0.025382768514540244
-2.349999999999994	0.025969931663668712
-2.339999999999994	0.02656820595885546
-2.3299999999999943	0.027177734021383987
-2.3199999999999945	0.02779865852163651
-2.3099999999999947	0.02843112212451975
-2.299999999999995	0.029075267433676433
-2.289999999999995	0.02973123693410978
-2.2799999999999954	0.030399172934079413
-2.2699999999999956	0.031079217505181795
-2.259999999999996	0.03177151242142389
-2.249999999999996	0.032476199096948724
-2.239999999999996	0.033193418522537925
-2.2299999999999964	0.033923311200844505
-2.2199999999999966	0.03466601708036107
-2.209999999999997	0.035421675488177595
-2.199999999999997	0.03619042506151791
-2.1899999999999973	0.03697240367803148
-2.1799999999999975	0.037767748384920426
-2.1699999999999977	0.03857659532687767
-2.159999999999998	0.03939907967283686
-2.149999999999998	0.04023533554158444
-2.1399999999999983	0.04108549592630608
-2.1299999999999986	0.04194969261772455
-2.1199999999999988	0.04282805612667643
-2.109999999999999	0.04372071560512317
-2.099999999999999	0.04462779876632934
-2.0899999999999994	0.045549431803979634
-2.0799999999999996	0.046485739310319546
-2.07	0.047436844193283485
-2.06	0.048402867592688054
-2.0500000000000003	0.04938392879552965
-2.0400000000000005	0.050380145150364715
-2.0300000000000007	0.05139163198083427
-2.020000000000001	0.05241850249840014
-2.010000000000001	0.053460867714253395
-2.0000000000000013	0.05451883635046932
-1.9900000000000015	0.05559251475048072
-1.9800000000000015	0.05668200678883789
-1.9700000000000015	0.05778741378031789
-1.9600000000000015	0.05890883438847207
-1.9500000000000015	0.06004636453359023
-1.9400000000000015	0.06120009730012815
-1.9300000000000015	0.06237012284370329
-1.9200000000000015	0.06355652829764365
-1.9100000000000015	0.06475939767913341
-1.9000000000000015	0.0659788117950619
-1.8900000000000015	0.06721484814757162
-1.8800000000000014	0.06846758083934695
-1.8700000000000014	0.06973708047875798
-1.8600000000000014	0.07102341408486268
-1.8500000000000014	0.07232664499229773
-1.8400000000000014	0.07364683275618068
-1.8300000000000014	0.07498403305704676
-1.8200000000000014	0.07633829760584092
-1.8100000000000014	0.07770967404908287
-1.8000000000000014	0.07909820587419572
-1.7900000000000014	0.08050393231518756
-1.7800000000000014	0.08192688825855172
-1.7700000000000014	0.08336710414962815
-1.7600000000000013	0.08482460589936791
-1.7500000000000013	0.08629941479162317
-1.7400000000000013	0.0877915473910454
-1.7300000000000013	0.08930101545157056
-1.7200000000000013	0.09082782582562629
-1.7100000000000013	0.09237198037415204
-1.7000000000000013	0.09393347587741711
-1.6900000000000013	0.09551230394672748
-1.6800000000000013	0.09710845093718785
-1.6700000000000013	0.09872189786144492
-1.6600000000000013	0.10035262030448489
-1.6500000000000012	0.10200058833982027
-1.6400000000000012	0.10366576644670515
-1.6300000000000012	0.1053481134288046
-1.6200000000000012	0.10704758233419723
-1.6100000000000012	0.10876412037692253
-1.6000000000000012	0.11049766885996366
-1.5900000000000012	0.11224816309995686
-1.5800000000000012	0.11401553235346301
-1.5700000000000012	0.11579969974507505
-1.5600000000000012	0.1176005821973513
-1.5500000000000012	0.11941809036259746
-1.5400000000000011	0.12125212855664065
-1.5300000000000011	0.12310259469467344
-1.5200000000000011	0.12496938022919075
-1.5100000000000011	0.12685237009010414
-1.500000000000001	0.12875144262704086
-1.490000000000001	0.13066646955421266
-1.480000000000001	0.1325973158972851
-1.470000000000001	0.13454383994313152
-1.460000000000001	0.1365058931917882
-1.450000000000001	0.13848332031125
-1.440000000000001	0.14047595909474958
-1.430000000000001	0.14248364042085324
-1.420000000000001	0.14450618821644062
-1.410000000000001	0.1465434194223836
-1.400000000000001	0.1485951439622186
-1.390000000000001	0.1506611647140201
-1.380000000000001	0.15274127748463912
-1.370000000000001	0.15483527098848723
-1.360000000000001	0.15694292682750244
-1.350000000000001	0.15906401947599247
-1.340000000000001	0.16119831626809022
-1.330000000000001	0.16334557738882147
-1.320000000000001	0.16550555586821214
-1.310000000000001	0.16767799757856947
-1.300000000000001	0.16986264123653316
-1.290000000000001	0.172059218407566
-1.280000000000001	0.1742674535141406
-1.270000000000001	0.17648706384795848
-1.260000000000001	0.17871775958558112
-1.2500000000000009	0.18095924380790518
-1.2400000000000009	0.1832112125233683
-1.2300000000000009	0.1854733546949196
-1.2200000000000009	0.1877453522708894
-1.2100000000000009	0.19002688021972436
-1.2000000000000008	0.19231760656855165
-1.1900000000000008	0.194617192445753
-1.1800000000000008	0.19692529212750284
-1.1700000000000008	0.19924155308818967
-1.1600000000000008	0.20156561605492893
-1.1500000000000008	0.203897115066125
-1.1400000000000008	0.20623567753394023
-1.1300000000000008	0.20858092431085923
-1.1200000000000008	0.21093246976054844
-1.1100000000000008	0.21328992183223405
-1.1000000000000008	0.21565288213990103
-1.0900000000000007	0.21802094604492556
-1.0800000000000007	0.22039370274303505
-1.0700000000000007	0.22277073535546477
-1.0600000000000007	0.22515162102403796
-1.0500000000000007	0.22753593101026476
-1.0400000000000007	0.22992323079862323
-1.0300000000000007	0.2323130802038358
-1.0200000000000007	0.2347050334820935
-1.0100000000000007	0.23709863944637244
-1.0000000000000007	0.23949344158571903
-0.9900000000000007	0.24188897818840274
-0.9800000000000006	0.24428478246906304
-0.9700000000000006	0.24668038269975867
-0.9600000000000006	0.2490753023447944
-0.9500000000000006	0.2514690601994156
-0.9400000000000006	0.25386117053230006
-0.9300000000000006	0.25625114323197096
-0.9200000000000006	0.25863848395564465
-0.9100000000000006	0.2610226942840892
-0.9000000000000006	0.26340327187845536
-0.8900000000000006	0.26577971064001016
-0.8800000000000006	0.2681515008745549
-0.8700000000000006	0.27051812946074355
-0.8600000000000005	0.2728790800195374
-0.8500000000000005	0.27523383308931215
-0.8400000000000005	0.2775818663024173
-0.8300000000000005	0.2799226545658967
-0.8200000000000005	0.28225567024472076
-0.8100000000000005	0.2845803833484055
-0.8000000000000005	0.28689626171975907
-0.7900000000000005	0.28920277122749877
-0.7800000000000005	0.2914993759604067
-0.7700000000000005	0.29378553842499694
-0.7600000000000005	0.2960607197452979
-0.7500000000000004	0.29832437986517496
-0.7400000000000004	0.3005759777526511
-0.7300000000000004	0.30281497160701504
-0.7200000000000004	0.3050408190675388
-0.7100000000000004	0.3072529774245055
-0.7000000000000004	0.30945090383193746
-0.6900000000000004	0.31163405552224416
-0.6800000000000004	0.31380189002250874
-0.6700000000000004	0.3159538653722569
-0.6600000000000004	0.3180894403428325
-0.6500000000000004	0.3202080746578376
-0.6400000000000003	0.3223092292150919
-0.6300000000000003	0.3243923663093795
-0.6200000000000003	0.3264569498563172
-0.6100000000000003	0.32850244561698505
-0.6000000000000003	0.3305283214232921
-0.5900000000000003	0.3325340474038532
-0.5800000000000003	0.33451909621035575
-0.5700000000000003	0.3364829432441824
-0.5600000000000003	0.3384250668832997
-0.5500000000000003	0.3403449487090423
-0.5400000000000003	0.342242073732928
-0.5300000000000002	0.3441159306231832
-0.5200000000000002	0.3459660119308727
-0.5100000000000002	0.3477918143156009
-0.5000000000000002	0.34959283877047764
-0.49000000000000027	0.3513685908463541
-0.48000000000000026	0.353118580875133
-0.47000000000000025	0.3548423241920106
-0.46000000000000024	0.3565393413564819
-0.45000000000000023	0.35820915837207457
-0.4400000000000002	0.35985130690455924
-0.4300000000000002	0.3614653244985254
-0.4200000000000002	0.36305075479224747
-0.4100000000000002	0.36460714773063235
-0.4000000000000002	0.3661340597761172
-0.3900000000000002	0.3676310541174294
-0.38000000000000017	0.3690977008760289
-0.37000000000000016	0.37053357731009606
-0.36000000000000015	0.3719382680159605
-0.35000000000000014	0.3733113651268326
-0.34000000000000014	0.3746524685086522
-0.3300000000000001	0.3759611859530069
-0.3200000000000001	0.3772371333669519
-0.3100000000000001	0.37847993495956433
-0.3000000000000001	0.37968922342517514
-0.2900000000000001	0.38086464012313254
-0.2800000000000001	0.38200583525392584
-0.2700000000000001	0.3831124680316237
-0.26000000000000006	0.3841842068524665
-0.25000000000000006	0.38522072945949476
-0.24000000000000007	0.3862217231031071
-0.23000000000000007	0.3871868846974702
-0.22000000000000006	0.3881159209726013
-0.21000000000000005	0.38900854862206435
-0.20000000000000004	0.389864494446201
-0.19000000000000003	0.3906834954907228
-0.18000000000000002	0.39146529918061007
-0.17	0.3922096634492559
-0.16	0.3929163568626918
-0.15	0.39358515873883737
-0.13999999999999999	0.39421585926172537
-0.12999999999999998	0.394808259590565
-0.11999999999999998	0.3953621719636221
-0.10999999999999999	0.3958774197965817
-0.09999999999999999	0.39635383777604266
-0.09	0.3967912719470447
-0.08	0.39718957979538766
-0.07	0.3975486303243227
-0.060000000000000005	0.39786830412560675
-0.05	0.3981484934449154
-0.04	0.39838910224153057
-0.03	0.3985900462422308
-0.02	0.3987512529894076
-0.01	0.3988726618833272
0	0.3989542242184967
0.01	0.3989959032141328
0.02	0.398997674038708
0.03	0.3989595238285064
0.04	0.3988814517002293
0.05	0.39876346875762053
0.060000000000000005	0.3986055980920692
0.07	0.3984078747772241
0.08	0.39817034585762623
0.09	0.39789307033131077
0.09999999999999999	0.39757611912642926
0.10999999999999999	0.39721957507191485
0.11999999999999998	0.3968235328621595
0.12999999999999998	0.39638809901575034
0.13999999999999999	0.3959133918283146
0.15	0.39539954131939653
0.16	0.39484668917376803
0.17	0.3942549886763607
0.18000000000000002	0.39362460464198185
0.19000000000000003	0.3929557133390151
0.20000000000000004	0.39224850240749876
0.21000000000000005	0.39150317077158125
0.22000000000000006	0.39071992854637566
0.23000000000000007	0.3898989969393409
0.24000000000000007	0.38904060814619973
0.25000000000000006	0.3881450052414605
0.26000000000000006	0.3872124420636615
0.2700000000000001	0.38624318309537725
0.2800000000000001	0.38523750333805484
0.2900000000000001	0.3841956881818064
0.3000000000000001	0.38311803327021277
0.3100000000000001	0.38200484436022863
0.3200000000000001	0.3808564371772925
0.3300000000000001	0.37967313726575036
0.34000000000000014	0.3784552798346443
0.35000000000000014	0.3772032095990234
0.36000000000000015	0.3759172806168693
0.37000000000000016	0.3745978561217032
0.38000000000000017	0.3732453083510366
0.3900000000000002	0.37186001837077554
0.4000000000000002	0.3704423758956478
0.4100000000000002	0.36899277910581724
0.4200000000000002	0.36751163445981017
0.4300000000000002	0.36599935650383114
0.4400000000000002	0.36445636767763245
0.45000000000000023	0.36288309811707276
0.46000000000000024	0.36127998545345746
0.47000000000000025	0.3596474746098057
0.48000000000000026	0.35798601759421605
0.49000000000000027	0.3562960732904055
0.5000000000000002	0.35457810724558225
0.5100000000000002	0.3528325914558235
0.5200000000000002	0.3510600041490465
0.5300000000000002	0.3492608295657237
0.5400000000000003	0.3474355577375304
0.5500000000000003	0.34558468426399785
0.5600000000000003	0.3437087100873606
0.5700000000000003	0.3418081412657325
0.5800000000000003	0.33988348874475444
0.5900000000000003	0.3379352681278372
0.6000000000000003	0.3359639994451913
0.6100000000000003	0.33397020692169116
0.6200000000000003	0.33195441874407067
0.6300000000000003	0.3299171668267554
0.6400000000000003	0.32785898657761164
0.6500000000000004	0.3257804166628724
0.6600000000000004	0.3236819987717716
0.6700000000000004	0.32156427738096266
0.6800000000000004	0.31942779951882905
0.6900000000000004	0.31727311452987284
0.7000000000000004	0.31510077383932183
0.7100000000000004	0.3129113307180543
0.7200000000000004	0.31070534004802236
0.7300000000000004	0.3084833580883151
0.7400000000000004	0.30624594224195856
0.7500000000000004	0.3039936508236229
0.7600000000000005	0.3017270428283842
0.7700000000000005	0.2994466777016261
0.7800000000000005	0.29715311511024556
0.7900000000000005	0.29484691471531216
0.8000000000000005	0.29252863594625594
0.8100000000000005	0.29019883777674743
0.8200000000000005	0.28785807850239625
0.8300000000000005	0.28550691552037116
0.8400000000000005	0.2831459051110593
0.8500000000000005	0.2807756022219173
0.8600000000000005	0.27839656025358983
0.8700000000000006	0.27600933084841717
0.8800000000000006	0.2736144636814664
0.8900000000000006	0.2712125062541692
0.9000000000000006	0.2688040036906628
0.9100000000000006	0.26638949853697613
0.9200000000000006	0.26396953056312583
0.9300000000000006	0.2615446365682249
0.9400000000000006	0.25911535018870446
0.9500000000000006	0.25668220170975287
0.9600000000000006	0.25424571788001793
0.9700000000000006	0.25180642172970147
0.9800000000000006	0.2493648323921168
0.9900000000000007	0.24692146492875663
1.0000000000000007	0.2444768301579918
1.0100000000000007	0.24203143448745637
1.0200000000000007	0.2395857797501653
1.0300000000000007	0.23714036304445854
1.0400000000000007	0.23469567657784238
1.0500000000000007	0.232252207514741
1.0600000000000007	0.229810437828257
1.0700000000000007	0.22737084415598988
1.0800000000000007	0.22493389765993596
1.0900000000000007	0.2225000638905286
1.1000000000000008	0.22006980265488718
1.1100000000000008	0.21764356788926378
1.1200000000000008	0.21522180753575992
1.1300000000000008	0.21280496342333946
1.1400000000000008	0.21039347115316054
1.1500000000000008	0.2079877599882399
1.1600000000000008	0.20558825274751383
1.1700000000000008	0.20319536570426647
1.1800000000000008	0.2008095084889578
1.1900000000000008	0.1984310839964868
1.2000000000000008	0.1960604882978707
1.2100000000000009	0.19369811055633612
1.2200000000000009	0.19134433294787698
1.2300000000000009	0.1889995305862249
1.2400000000000009	0.18666407145224312
1.2500000000000009	0.18433831632775854
1.260000000000001	0.18202261873380426
1.270000000000001	0.17971732487324493
1.280000000000001	0.17742277357780392
1.290000000000001	0.17513929625945218
1.300000000000001	0.17286721686612658
1.310000000000001	0.17060685184178487
1.320000000000001	0.16835851009074604
1.330000000000001	0.16612249294628584
1.340000000000001	0.16389909414346282
1.350000000000001	0.16168859979615596
1.360000000000001	0.15949128837822463
1.370000000000001	0.15730743070881223
1.380000000000001	0.1551372899417126
1.390000000000001	0.15298112155876117
1.400000000000001	0.15083917336720395
1.410000000000001	0.1487116855010143
1.420000000000001	0.146598890426067
1.430000000000001	0.14450101294914564
1.440000000000001	0.14241827023072295
1.450000000000001	0.14035087180145142
1.460000000000001	0.13829901958228838
1.470000000000001	0.13626290790824278
1.480000000000001	0.1342427235556208
1.490000000000001	0.13223864577274305
1.500000000000001	0.13025084631405542
1.5100000000000011	0.1282794894775788
1.5200000000000011	0.12632473214558942
1.5300000000000011	0.12438672382851404
1.5400000000000011	0.12246560671193044
1.5500000000000012	0.12056151570659128
1.5600000000000012	0.11867457850145227
1.5700000000000012	0.11680491561955907
1.5800000000000012	0.11495264047676064
1.5900000000000012	0.11311785944316778
1.6000000000000012	0.1113006719072643
1.6100000000000012	0.10950117034259431
1.6200000000000012	0.10771944037696154
1.6300000000000012	0.10595556086404698
1.6400000000000012	0.10420960395736249
1.6500000000000012	0.10248163518646523
1.6600000000000013	0.10077171353536177
1.6700000000000013	0.09907989152298961
1.6800000000000013	0.09740621528572363
1.6900000000000013	0.09575072466181705
1.7000000000000013	0.09411345327769084
1.7100000000000013	0.09249442863597677
1.7200000000000013	0.0908936722052767
1.7300000000000013	0.08931119951149194
1.7400000000000013	0.08774702023067728
1.7500000000000013	0.08620113828340989
1.7600000000000013	0.08467355193036125
1.7700000000000014	0.08316425386929004
1.7800000000000014	0.08167323133317542
1.7900000000000014	0.0802004661894662
1.8000000000000014	0.07874593504036943
1.8100000000000014	0.07730960932409998
1.8200000000000014	0.07589145541701255
1.8300000000000014	0.07449143473652604
1.8400000000000014	0.07310950384478115
1.8500000000000014	0.07174561455294934
1.8600000000000014	0.07039971402609925
1.8700000000000014	0.06907174488857094
1.8800000000000014	0.06776164532983138
1.8900000000000015	0.06646934921054615
1.9000000000000015	0.06519478616907787
1.9100000000000015	0.06393788172812552
1.9200000000000015	0.06269855740151188
1.9300000000000015	0.06147673080105872
1.9400000000000015	0.060272315743464276
1.9500000000000015	0.059085222357121034
1.9600000000000015	0.05791535718881263
1.9700000000000015	0.05676262331023308
1.9800000000000015	0.05562692042424738
1.9900000000000015	0.05450814497084703
2.0000000000000013	0.05340619023275073
2.010000000000001	0.05232094644056945
2.020000000000001	0.05125230087748461
2.0300000000000007	0.05020013798341743
2.0400000000000005	0.04916433945857728
2.0500000000000003	0.04814478436638999
2.06	0.04714134923572745
2.07	0.04615390816239746
2.0799999999999996	0.04518233290984497
2.0899999999999994	0.04422649300902014
2.099999999999999	0.04328625585736767
2.109999999999999	0.04236148681688827
2.1199999999999988	0.041452049311250114
2.1299999999999986	0.040557804921883406
2.1399999999999983	0.03967861348303699
2.149999999999998	0.038814333175710765
2.159999999999998	0.03796482062071749
2.1699999999999977	0.03712993097010116
2.1799999999999975	0.036309517997868544
2.1899999999999973	0.035503434189271835
2.199999999999997	0.034711530828881544
2.209999999999997	0.033933658087409835
2.2199999999999966	0.033169665107225466
2.2299999999999964	0.032419400086556215
2.239999999999996	0.031682710362343276
2.249999999999996	0.03095944249173754
2.259999999999996	0.03024944233220057
2.2699999999999956	0.029552555120205982
2.2799999999999954	0.028868625548526743
2.289999999999995	0.0281974978420672
2.299999999999995	0.02753901583219565
2.3099999999999947	0.02689302302989312
2.3199999999999945	0.026259362696858378
2.3299999999999943	0.02563787791567921
2.339999999999994	0.025028411658238946
2.349999999999994	0.024430806852655276
2.3599999999999937	0.02384490644871174
2.3699999999999934	0.02327055348177756
2.3799999999999932	0.02270759113518804
2.389999999999993	0.02215586280110708
2.399999999999993	0.021615212139860743
2.4099999999999926	0.02108548313773564
2.4199999999999924	0.02056652016324566
2.429999999999992	0.020058168021880925
2.439999999999992	0.019560272009317398
2.4499999999999917	0.01907267796310688
2.4599999999999915	0.01859523231285303
2.4699999999999913	0.018127782128867363
2.479999999999991	0.01767017516932373
2.489999999999991	0.017222259925906192
2.4999999999999907	0.016783885667976166
2.5099999999999905	0.016354902485244346
2.5199999999999902	0.015935161328976953
2.52999999999999	0.015524514051743179
2.53999999999999	0.015122813445703386
2.5499999999999896	0.01472991327946587
2.5599999999999894	0.014345668333518016
2.569999999999989	0.013969934434244225
2.579999999999989	0.013602568486541806
2.5899999999999888	0.013243428505073453
2.5999999999999885	0.01289237364412732
2.6099999999999883	0.012549264226146184
2.619999999999988	0.012213961768918901
2.629999999999988	0.01188632901145102
2.6399999999999877	0.01156622993854312
2.6499999999999875	0.011253529804086174
2.6599999999999873	0.010948095153120221
2.669999999999987	0.010649793842535699
2.679999999999987	0.010358495060787164
2.6899999999999866	0.010074069346161665
2.6999999999999864	0.009796388603995947
2.709999999999986	0.009525326122702418
2.719999999999986	0.009260756588670559
2.7299999999999858	0.009002556099960365
2.7399999999999856	0.008750602179082623
2.7499999999999853	0.00850477378452058
2.759999999999985	0.008264951321281718
2.769999999999985	0.008031016650408541
2.7799999999999847	0.007802853097471651
2.7899999999999845	0.007580345460081839
2.7999999999999843	0.007363380014428897
2.809999999999984	0.00715184452088992
2.819999999999984	0.0069456282286976465
2.8299999999999836	0.0067446218797357314
2.8399999999999834	0.006548717711441084
2.849999999999983	0.0063578094588536815
2.859999999999983	0.00617179235584958
2.869999999999983	0.005990563135558748
2.8799999999999826	0.005814020029991994
2.8899999999999824	0.0056420627689189986
2.899999999999982	0.005474592577996779
2.909999999999982	0.005311512176183776
2.9199999999999817	0.005152725772456654
2.9299999999999815	0.004998139061861965
2.9399999999999813	0.004847659220899342
2.949999999999981	0.004701194902294425
2.959999999999981	0.00455865622915057
2.9699999999999807	0.0044199547885178546
2.9799999999999804	0.004285003624396726
2.9899999999999802	0.004153717230196872
2.99999999999998	0.004026011540671125
3.00999999999998	0.0039018039233466536
3.0199999999999796	0.003781013169474229
3.0299999999999794	0.0036635594845106823
3.039999999999979	0.00354936447816297
3.049999999999979	0.0034383511540023
3.0599999999999787	0.0033304438986829278
3.0699999999999785	0.0032255684707621153
3.0799999999999783	0.0031236519891653
3.089999999999978	0.003024622921295253
3.099999999999978	0.0029284110708135166
3.1099999999999777	0.0028349475651049997
3.1199999999999775	0.0027441648424559387
3.1299999999999772	0.002655996638941288
3.139999999999977	0.002570377975057736
3.149999999999977	0.00248724514211411
3.1599999999999766	0.0024065356883804516
3.1699999999999764	0.002328188405038483
3.179999999999976	0.0022521433119266137
3.189999999999976	0.0021783416430960737
3.1999999999999758	0.002106725832214783
3.2099999999999755	0.0020372394978011715
3.2199999999999753	0.0019698274283267312
3.229999999999975	0.0019044355671900247
3.239999999999975	0.001841010997585649
3.2499999999999747	0.0017795019272552795
3.2599999999999745	0.0017198576731707234
3.2699999999999743	0.0016620286461371523
3.279999999999974	0.0016059663353303357
3.289999999999974	0.001551623292768221
3.2999999999999736	0.001498953117786298
3.3099999999999734	0.0014479104414412088
3.319999999999973	0.0013984509109095202
3.329999999999973	0.0013505311738874488
3.3399999999999728	0.001304108862984983
3.3499999999999726	0.0012591425801356522
3.3599999999999723	0.0012155918810056773
3.369999999999972	0.001173417259486629
3.379999999999972	0.0011325801321643812
3.3899999999999717	0.0010930428228776773
3.3999999999999715	0.001054768547310534
3.4099999999999713	0.001017721397657329
3.419999999999971	0.0009818663273545663
3.429999999999971	0.000947169135891669
3.4399999999999706	0.0009135964537003403
3.4499999999999704	0.0008811157271894538
3.45999999999997	0.0008496952036482138
3.46999999999997	0.0008193039166904101
3.47999999999997	0.0007899116713741428
3.4899999999999696	0.0007614890296525043
3.4999999999999694	0.0007340072958978934
3.509999999999969	0.0007074385025943701
3.519999999999969	0.0006817553959440507
3.5299999999999687	0.0006569314220330511
3.5399999999999685	0.0006329407127096122
3.5499999999999683	0.0006097580718126599
3.559999999999968	0.0005873589615067471
3.569999999999968	0.0005657194887571329
3.5799999999999677	0.0005448163919654803
3.5899999999999674	0.0005246270277613563
3.5999999999999672	0.0005051293579030797
3.609999999999967	0.0004863019364389884
3.619999999999967	0.0004681238969303742
3.6299999999999666	0.0004505749398785597
3.6399999999999664	0.000433635320323674
3.649999999999966	0.0004172858356048455
3.659999999999966	0.00040150781325077255
3.6699999999999657	0.00038628309912841773
3.6799999999999655	0.00037159404567583225
3.6899999999999653	0.00035742350034399957
3.699999999999965	0.0003437547942139634
3.709999999999965	0.0003305717307767565
3.7199999999999647	0.00031785857489387406
3.7299999999999645	0.00030560004193119815
3.7399999999999642	0.00029378128706617824
3.749999999999964	0.0002823878947685739
3.759999999999964	0.00027140586846409383
3.7699999999999636	0.0002608216203605306
3.7799999999999634	0.00025062196145785433
3.789999999999963	0.00024079409172798226
3.799999999999963	0.0002313255904701273
3.8099999999999627	0.00022220440683809508
3.8199999999999625	0.00021341885053635456
3.8299999999999623	0.0002049575826993652
3.839999999999962	0.0001968096069247442
3.849999999999962	0.00018896426048853148
3.8599999999999617	0.00018141120572415194
3.8699999999999615	0.00017414042156977636
3.8799999999999613	0.0001671421952887004
3.889999999999961	0.00016040711431371157
3.899999999999961	0.00015392605834964185
3.9099999999999606	0.00014769019150443283
3.9199999999999604	0.0001416909547167636
3.92999999999996	0.00013592005824228606
3.93999999999996	0.00013036947432827308
3.9499999999999598	0.00012503143010306658
3.9599999999999596	0.00011989840047352357
3.9699999999999593	0.00011496310136821249
3.979999999999959	0.00011021848294410416
3.989999999999959	0.00010565772307304612
3.9999999999999587	0.00010127422091647353
4.009999999999959	0.00009706159066163607
4.019999999999959	0.00009301365539101752
4.0299999999999585	0.0000891244410994694
4.039999999999958	0.00008538817084947663
4.049999999999958	0.00008179925906147217
4.059999999999958	0.0000783523059363112
4.069999999999958	0.00007504209202127606
4.079999999999957	0.00007186357289458054
4.089999999999957	0.00006881187398114169
4.099999999999957	0.00006588228550243748
4.109999999999957	0.00006307025754340182
4.119999999999957	0.00006037139524428418
4.129999999999956	0.00005778145410966696
4.139999999999956	0.000055296335445891246
4.149999999999956	0.000052912081900378614
4.159999999999956	0.00005062487312420796
4.1699999999999555	0.00004843102154725233
4.179999999999955	0.00004632696825724842
4.189999999999955	0.00004430927899012023
4.199999999999955	0.000042374640230961675
4.209999999999955	0.00004051985540605615
4.2199999999999545	0.00003874184119103724
4.229999999999954	0.000037037623909111235
4.239999999999954	0.00003540433602968378
4.249999999999954	0.000033839212765766735
4.259999999999954	0.0000323395887551557
4.269999999999953	0.00003090289485091561
4.279999999999953	0.000029526654981263143
4.289999999999953	0.00002820848311315186
4.299999999999953	0.000026946080294782646
4.3099999999999525	0.00002573723177890242
4.319999999999952	0.000024579804238255588
4.329999999999952	0.00002347174305226139
4.339999999999952	0.000022411069674295124
4.349999999999952	0.00002139587908016852
4.3599999999999515	0.00002042433728603947
4.369999999999951	0.000019494678941766418
4.379999999999951	0.000018605204995379696
4.389999999999951	0.0000177542804273043
4.399999999999951	0.000016940332052868377
4.40999999999995	0.0000161618463908082
4.41999999999995	0.00001541736759587967
4.42999999999995	0.00001470549545605567
4.43999999999995	0.000014024883450118733
4.4499999999999496	0.000013374236865299213
4.459999999999949	0.000012752310977091872
4.469999999999949	0.000012157909268821617
4.479999999999949	0.000011589881741201993
4.489999999999949	0.000011047123241994475
4.4999999999999485	0.000010528571862597005
4.509999999999948	0.000010033207382372856
4.519999999999948	9.560049772307874e-6
4.529999999999948	9.10815773434958e-6
4.539999999999948	8.676627294782017e-6
4.549999999999947	8.264590439190481e-6
4.559999999999947	7.871213798212986e-6
4.569999999999947	7.49569737340039e-6
4.579999999999947	7.137273300355284e-6
4.589999999999947	6.795204661098791e-6
4.599999999999946	6.46878433189696e-6
4.609999999999946	6.1573338709669615e-6
4.619999999999946	5.860202438756488e-6
4.629999999999946	5.576765766625845e-6
4.6399999999999455	5.306425144879388e-6
4.649999999999945	5.048606457329955e-6
4.659999999999945	4.802759247050825e-6
4.669999999999945	4.568355807516893e-6
4.679999999999945	4.344890314531912e-6
4.689999999999944	4.131877982084975e-6
4.699999999999944	3.928854251421725e-6
4.709999999999944	3.735374009506963e-6
4.719999999999944	3.551010810630285e-6
4.729999999999944	3.3753561863781075e-6
4.739999999999943	3.2080189159216626e-6
4.749999999999943	3.0486243359813023e-6
4.759999999999943	2.8968137220330186e-6
4.769999999999943	2.75224363089221e-6
4.7799999999999425	2.6145853137290615e-6
4.789999999999942	2.4835240815556164e-6
4.799999999999942	2.35875882496975e-6
4.809999999999942	2.2400013749122713e-6
4.819999999999942	2.126976069306406e-6
4.8299999999999415	2.0194191782095373e-6
4.839999999999941	1.9170784687171875e-6
4.849999999999941	1.8197126956203793e-6
4.859999999999941	1.7270911615128356e-6
4.869999999999941	1.6389933678173172e-6
4.87999999999994	1.5552084497816183e-6
4.88999999999994	1.4755348475009857e-6
4.89999999999994	1.3997800059189248e-6
4.90999999999994	1.3277598420961861e-6
4.9199999999999395	1.2592985003310766e-6
4.929999999999939	1.1942279727969682e-6
4.939999999999939	1.1323877817680441e-6
4.949999999999939	1.0736246535746398e-6
4.959999999999939	1.0177922177979752e-6
4.9699999999999385	9.647507175247288e-7
4.979999999999938	9.143667063332564e-7
4.989999999999938	8.66512850928509e-7
4.999999999999938	8.210675509028537e-7
5.009999999999938	7.779148259861069e-7
5.019999999999937	7.369439584929526e-7
5.029999999999937	6.980493318651583e-7
5.039999999999937	6.611301930439692e-7
5.049999999999937	6.260904419207821e-7
5.0599999999999365	5.928384282920887e-7
5.069999999999936	5.612867572207412e-7
5.079999999999936	5.313521027136069e-7
5.089999999999936	5.029550285213089e-7
5.099999999999936	4.760198253972288e-7
5.1099999999999355	4.504743123524565e-7
5.119999999999935	4.2624972990295853e-7
5.129999999999935	4.0328055510345597e-7
5.139999999999935	3.815043650995178e-7
5.149999999999935	3.6086170879804524e-7
5.159999999999934	3.412959417673583e-7
5.169999999999934	3.227531207494319e-7
5.179999999999934	3.0518190288438334e-7
5.189999999999934	2.885333958717388e-7
5.199999999999934	2.7276108079318803e-7
5.209999999999933	2.578206259295109e-7
5.219999999999933	2.4366987071408934e-7
5.229999999999933	2.302687114795214e-7
5.239999999999933	2.1757898495490483e-7
5.2499999999999325	2.055643591950366e-7
5.259999999999932	1.9419032327208218e-7
5.269999999999932	1.8342401093007306e-7
5.279999999999932	1.7323422607883333e-7
5.289999999999932	1.6359117506547475e-7
5.299999999999931	1.5446672638936018e-7
5.309999999999931	1.458340460837775e-7
5.319999999999931	1.3766755827471478e-7
5.329999999999931	1.2994303548183242e-7
5.339999999999931	1.2263746606277296e-7
5.34999999999993	1.1572893377629504e-7
5.35999999999993	1.0919672076087602e-7
5.36999999999993	1.0302100921290137e-7
5.37999999999993	9.718310587253326e-8