-5.659999999999924	9.840914643347793e-8
-5.649999999999924	1.0366896340908887e-7
-5.639999999999924	1.0920072274593318e-7
-5.629999999999924	1.1501800517432148e-7
-5.619999999999925	1.2113493914508724e-7
-5.609999999999925	1.2756645262025493e-7
-5.599999999999925	1.343281424550862e-7
-5.589999999999925	1.4143630874121985e-7
-5.5799999999999255	1.4890808941895526e-7
-5.569999999999926	1.567613574883236e-7
-5.559999999999926	1.650148701159485e-7
-5.549999999999926	1.7368828401242056e-7
-5.539999999999926	1.8280214186165454e-7
-5.5299999999999265	1.9237800376007264e-7
-5.519999999999927	2.024383991626191e-7
-5.509999999999927	2.130069113547887e-7
-5.499999999999927	2.2410823067984037e-7
-5.489999999999927	2.3576819431754443e-7
-5.479999999999928	2.4801384772162113e-7
-5.469999999999928	2.6087347048700887e-7
-5.459999999999928	2.7437668194441773e-7
-5.449999999999928	2.885544041002417e-7
-5.4399999999999284	3.0343903652510015e-7
-5.429999999999929	3.1906444737097956e-7
-5.419999999999929	3.3546607261834445e-7
-5.409999999999929	3.5268094806362684e-7
-5.399999999999929	3.707478093842873e-7
-5.3899999999999295	3.8970715095169424e-7
-5.37999999999993	4.096013060288649e-7
-5.36999999999993	4.304745250176343e-7
-5.35999999999993	4.523730587238246e-7
-5.34999999999993	4.7534524285088973e-7
-5.339999999999931	4.994415881481209e-7
-5.329999999999931	5.247148727989532e-7
-5.319999999999931	5.512202385308404e-7
-5.309999999999931	5.790152910007334e-7
-5.299999999999931	6.081602041272564e-7
-5.289999999999932	6.387178280603075e-7
-5.279999999999932	6.707538022314724e-7
-5.269999999999932	7.043366719981662e-7
-5.259999999999932	7.395380069746583e-7
-5.2499999999999325	7.764325376084764e-7
-5.239999999999933	8.150982460026873e-7
-5.229999999999933	8.556166302266181e-7
-5.219999999999933	8.980726207403062e-7
-5.209999999999933	9.425549925976687e-7
-5.199999999999934	9.891562835239463e-7
-5.189999999999934	1.0379730872547845e-6
-5.179999999999934	1.0891061838616504e-6
-5.169999999999934	1.1426607116705763e-6
-5.159999999999934	1.1987463441102441e-6
-5.149999999999935	1.2574774743371427e-6
-5.139999999999935	1.3189734065153326e-6
-5.129999999999935	1.3833585538424285e-6
-5.119999999999935	1.4507626448415206e-6
-5.1099999999999355	1.5213209366891063e-6
-5.099999999999936	1.5951744328511682e-6
-5.089999999999936	1.6724701288179525e-6
-5.079999999999936	1.7533612224392306e-6
-5.069999999999936	1.8380073908539351e-6
-5.0599999999999365	1.9265750256014987e-6
-5.049999999999937	2.019237503127683e-6
-5.039999999999937	2.116175467211286e-6
-5.029999999999937	2.217577121012335e-6
-5.019999999999937	2.323638467034719e-6
-5.009999999999938	2.4345637138143975e-6
-4.999999999999938	2.5505654831502103e-6
-4.989999999999938	2.6718652347123417e-6
-4.979999999999938	2.7986935407262895e-6
-4.9699999999999385	2.931290471788505e-6
-4.959999999999939	3.069905952644563e-6
-4.949999999999939	3.2148001268287133e-6
-4.939999999999939	3.3662437891607867e-6
-4.929999999999939	3.5245187131257678e-6
-4.9199999999999395	3.689918175742623e-6
-4.90999999999994	3.86274728037514e-6
-4.89999999999994	4.0433235043549725e-6
-4.88999999999994	4.231977099611156e-6
-4.87999999999994	4.4290515987813935e-6
-4.869999999999941	4.63490429981815e-6
-4.859999999999941	4.8499067995554195e-6
-4.849999999999941	5.074445501304816e-6
-4.839999999999941	5.308922173162744e-6
-4.8299999999999415	5.553754534883481e-6
-4.819999999999942	5.809376812610981e-6
-4.809999999999942	6.076240371531507e-6
-4.799999999999942	6.354814327272877e-6
-4.789999999999942	6.645586202730969e-6
-4.7799999999999425	6.94906260370126e-6
-4.769999999999943	7.265769893695342e-6
-4.759999999999943	7.596254919628649e-6
-4.749999999999943	7.941085755469483e-6
-4.739999999999943	8.300852447944352e-6
-4.729999999999944	8.676167814550184e-6
-4.719999999999944	9.067668256994855e-6
-4.709999999999944	9.476014593589484e-6
-4.699999999999944	9.90189292558059e-6
-4.689999999999944	0.000010346015537852257
-4.679999999999945	0.000010809121811458989
-4.669999999999945	0.000011291979174994458
-4.659999999999945	0.000011795384090005255
-4.649999999999945	0.000012320163060320957
-4.6399999999999455	0.00001286717367047686
-4.629999999999946	0.000013437305670480115
-4.619999999999946	0.000014031482075905525
-4.609999999999946	0.000014650660317033911
-4.599999999999946	0.000015295833403478463
-4.589999999999947	0.000015968031162063246
-4.579999999999947	0.00001666832146942509
-4.569999999999947	0.000017397811535612558
-4.559999999999947	0.000018157649255163506
-4.549999999999947	0.000018949024551309066
-4.539999999999948	0.000019773170798117842
-4.529999999999948	0.000020631366266959144
-4.519999999999948	0.000021524935611455385
-4.509999999999948	0.000022455251403535394
-4.4999999999999485	0.000023423735756888895
-4.489999999999949	0.00002443186188075142
-4.479999999999949	0.000025481155807700874
-4.469999999999949	0.000026573198104778283
-4.459999999999949	0.00002770962564060067
-4.4499999999999496	0.000028892133399782452
-4.43999999999995	0.00003012247640585008
-4.42999999999995	0.0000314024715740144
-4.41999999999995	0.000032733999742156336
-4.40999999999995	0.00003411900770177206
-4.399999999999951	0.000035559510278850434
-4.389999999999951	0.00003705759249278938
-4.379999999999951	0.000038615411772806406
-4.369999999999951	0.00004023520021441912
-4.3599999999999515	0.000041919266920991145
-4.349999999999952	0.000043670000397830905
-4.339999999999952	0.00004548987101217728
-4.329999999999952	0.000047381433510724855
-4.319999999999952	0.000049347329625334976
-4.3099999999999525	0.0000513902907226012
-4.299999999999953	0.00005351314053386559
-4.289999999999953	0.0000557187979666421
-4.279999999999953	0.00005801027996837599
-4.269999999999953	0.00006039070447368455
-4.259999999999954	0.00006286329343492306
-4.249999999999954	0.00006543137591728499
-4.239999999999954	0.00006809839127300445
-4.229999999999954	0.00007086789240796011
-4.2199999999999545	0.00007374354911405695
-4.209999999999955	0.00007672915148995693
-4.199999999999955	0.00007982861344942496
-4.189999999999955	0.00008304597631389028
-4.179999999999955	0.00008638541247989366
-4.1699999999999555	0.00008985122920006801
-4.159999999999956	0.000093447872429223
-4.149999999999956	0.00009717993077620157
-4.139999999999956	0.00010105213954014294
-4.129999999999956	0.00010506938486221068
-4.119999999999957	0.00010923670791994046
-4.109999999999957	0.00011355930929581139
-4.099999999999957	0.00011804255338851855
-4.089999999999957	0.00012269197293800704
-4.079999999999957	0.00012751327364369654
-4.069999999999958	0.00013251233893042463
-4.059999999999958	0.00013769523475408123
-4.049999999999958	0.00014306821455833255
-4.039999999999958	0.00014863772432766986
-4.0299999999999585	0.0001544104077387048
-4.019999999999959	0.00016039311143318591
-4.009999999999959	0.00016659289040899425
-3.9999999999999587	0.0001730170135029453
-3.989999999999959	0.0001796729690011762
-3.979999999999959	0.0001865684703753941
-3.9699999999999593	0.00019371146213414332
-3.9599999999999596	0.00020111012569644618
-3.9499999999999598	0.00020877288560923284
-3.93999999999996	0.00021670841567466244
-3.92999999999996	0.00022492564520841754
-3.9199999999999604	0.0002334337656159969
-3.9099999999999606	0.00024224223687332975
-3.899999999999961	0.0002513607942350668
-3.889999999999961	0.0002607994550619627
-3.8799999999999613	0.00027056852576461056
-3.8699999999999615	0.00028067860886567394
-3.8599999999999617	0.00029114061021909895
-3.849999999999962	0.00030196574632912254
-3.839999999999962	0.00031316555181308623
-3.8299999999999623	0.00032475188699184116
-3.8199999999999625	0.0003367369456233305
-3.8099999999999627	0.0003491332627377824
-3.799999999999963	0.00036195372264082027
-3.789999999999963	0.00037521156702977906
-3.7799999999999634	0.0003889204032386327
-3.7699999999999636	0.0004030942126372638
-3.759999999999964	0.000417747359128058
-3.749999999999964	0.00043289459782726693
-3.7399999999999642	0.0004485510838315794
-3.7299999999999645	0.00046473238114848016
-3.7199999999999647	0.0004814544717383907
-3.709999999999965	0.0004987337647039214
-3.699999999999965	0.0005165871056183913
-3.6899999999999653	0.0005350317859628567
-3.6799999999999655	0.0005540855527155393
-3.6699999999999657	0.0005737666180514058
-3.659999999999966	0.0005940936692094818
-3.649999999999966	0.000615085878439645
-3.6399999999999664	0.000636762913115735
-3.6299999999999666	0.0006591449459587486
-3.619999999999967	0.0006822526653795533
-3.609999999999967	0.000706107285969814
-3.5999999999999672	0.000730730559090051
-3.5899999999999674	0.0007561447835845573
-3.5799999999999677	0.0007823728166163562
-3.569999999999968	0.0008094380846653555
-3.559999999999968	0.0008373645945156714
-3.5499999999999683	0.000866176944501222
-3.5399999999999685	0.0008959003357742546
-3.5299999999999687	0.000926560583699799
-3.519999999999969	0.0009581841293669069
-3.509999999999969	0.00099079805118044
-3.4999999999999694	0.0010244300765967073
-3.4899999999999696	0.0010591085938634571
-3.47999999999997	0.0010948626639540793
-3.46999999999997	0.0011317220325202256
-3.45999999999997	0.0011697171419618741
-3.4499999999999704	0.0012088791435703955
-3.4399999999999706	0.0012492399097288067
-3.429999999999971	0.001290832046207814
-3.419999999999971	0.00133368890452126
-3.4099999999999713	0.0013778445943286963
-3.3999999999999715	0.0014233339958621216
-3.3899999999999717	0.001470192772645442
-3.379999999999972	0.0015184573837652192
-3.369999999999972	0.0015681650966679604
-3.3599999999999723	0.0016193539997642838
-3.3499999999999726	0.001672063015083508
-3.3399999999999728	0.0017263319109646728
-3.329999999999973	0.0017822013147207425
-3.319999999999973	0.0018397127255367896
-3.3099999999999734	0.0018989085268861176
-3.2999999999999736	0.0019598319994454947
-3.289999999999974	0.00202252733372649
-3.279999999999974	0.00208703964273864
-3.2699999999999743	0.0021534149746436104
-3.2599999999999745	0.002221700325347316
-3.2499999999999747	0.0022919436510436706
-3.239999999999975	0.0023641938807298147
-3.229999999999975	0.00243850092862585
-3.2199999999999753	0.0025149157065309092
-3.2099999999999755	0.002593490136105488
-3.1999999999999758	0.002674277161050073
-3.189999999999976	0.00275733075916563
-3.179999999999976	0.0028427059543339106
-3.1699999999999764	0.002930458828350128
-3.1599999999999766	0.0030206465326108323
-3.149999999999977	0.0031133272996800034
-3.139999999999977	0.0032085604546893557
-3.1299999999999772	0.003306406426547151
-3.1199999999999775	0.003406926758992692
-3.1099999999999777	0.003510184121450782
-3.099999999999978	0.0036162423196629623
-3.089999999999978	0.0037251663061168903
-3.0799999999999783	0.0038370221902478893
-3.0699999999999785	0.003951877248372945
-3.0599999999999787	0.004069799933383923
-3.049999999999979	0.00419085988417514
-3.039999999999979	0.004315127934759777
-3.0299999999999794	0.004442676123102002
-3.0199999999999796	0.004573577699648187
-3.00999999999998	0.00470790713549934
-2.99999999999998	0.0048457401302540405
-2.9899999999999802	0.004987153619509367
-2.9799999999999804	0.00513222578195755
-2.9699999999999807	0.005281036046107726
-2.959999999999981	0.005433665096612133
-2.949999999999981	0.005590194880154893
-2.9399999999999813	0.005750708610903305
-2.9299999999999815	0.005915290775528559
-2.9199999999999817	0.006084027137733286
-2.909999999999982	0.006257004742294083
-2.899999999999982	0.006434311918622789
-2.8899999999999824	0.006616038283788399
-2.8799999999999826	0.0068022747449772184
-2.869999999999983	0.006993113501515426
-2.859999999999983	0.007188648046127197
-2.849999999999983	0.007388973165766906
-2.8399999999999834	0.007594184941785967
-2.8299999999999836	0.007804380749479657
-2.819999999999984	0.008019659256982701
-2.809999999999984	0.008240120423518444
-2.7999999999999843	0.00846586549697797
-2.7899999999999845	0.008696997010775654
-2.7799999999999847	0.008933618780019834
-2.769999999999985	0.009175835896952086
-2.759999999999985	0.00942375472559032
-2.7499999999999853	0.009677482895730057
-2.7399999999999856	0.009937129295968275
-2.7299999999999858	0.010202804066090325
-2.719999999999986	0.010474618588562868
-2.709999999999986	0.010752685479211354
-2.6999999999999864	0.01103711857702189
-2.6899999999999866	0.011328032933077
-2.679999999999987	0.011625544798619467
-2.669999999999987	0.011929771612175153
-2.6599999999999873	0.012240831985766941
-2.6499999999999875	0.012558845690195207
-2.6399999999999877	0.012883933639337026
-2.629999999999988	0.013216217873472312
-2.619999999999988	0.0135558215416408
-2.6099999999999883	0.013902868882962464
-2.5999999999999885	0.01425748520692878
-2.5899999999999888	0.014619796872685147
-2.579999999999989	0.01498993126722884
-2.569999999999989	0.015368016782526875
-2.5599999999999894	0.01575418279157947
-2.5499999999999896	0.016148559623359548
-2.53999999999999	0.016551278536626496
-2.52999999999999	0.016962471692639466
-2.5199999999999902	0.01738227212671088
-2.5099999999999905	0.017810813718593173
-2.4999999999999907	0.01824823116171589
-2.489999999999991	0.018694659931245222
-2.479999999999991	0.019150236250919328
-2.4699999999999913	0.019615097058716353
-2.4599999999999915	0.020089379971304146
-2.4499999999999917	0.020573223247237364
-2.439999999999992	0.021066765748952318
-2.429999999999992	0.021570146903522026
-2.4199999999999924	0.02208350666213088
-2.4099999999999926	0.02260698545831854
-2.399999999999993	0.023140724164964238
-2.389999999999993	0.023684864049975832
-2.3799999999999932	0.024239546730720762
-2.3699999999999934	0.02480491412719152
-2.3599999999999937	0.025381108413854037
-2.349999999999994	0.0259682719702268
-2.339999999999994	0.026566547330189778
-2.3299999999999943	0.02717607712996891
-2.3199999999999945	0.027797004054840185
-2.3099999999999947	0.028429470784573366
-2.299999999999995	0.029073619937537046
-2.289999999999995	0.029729594013550974
-2.2799999999999954	0.030397535335452752
-2.2699999999999956	0.031077585989369744
-2.259999999999996	0.03176988776371169
-2.249999999999996	0.03247458208692186
-2.239999999999996	0.033191809963944004
-2.2299999999999964	0.03392171191142435
-2.2199999999999966	0.034664427891703806
-2.209999999999997	0.03542009724555116
-2.199999999999997	0.03618885862365739
-2.1899999999999973	0.036970849916954186
-2.1799999999999975	0.03776620818571789
-2.1699999999999977	0.0385750695874644
-2.159999999999998	0.039397569303719106
-2.149999999999998	0.040233841465611014
-2.1399999999999983	0.04108401907832093
-2.1299999999999986	0.041948233944456174
-2.1199999999999988	0.042826616586287614
-2.109999999999999	0.04371929616692867
-2.099999999999999	0.04462640041047265
-2.0899999999999994	0.04554805552110809
-2.0799999999999996	0.046484386101203444
-2.07	0.04743551506844368
-2.06	0.048401563572030015
-2.0500000000000003	0.049382650907922786
-2.0400000000000005	0.05037889443322098
-2.0300000000000007	0.051390409479702075
-2.020000000000001	0.05241730926650107
-2.010000000000001	0.05345970481201258
-2.0000000000000013	0.05451770484506459
-1.9900000000000015	0.055591415715340035
-1.9800000000000015	0.0566809413031217
-1.9700000000000015	0.05778638292842802
-1.9600000000000015	0.05890783925950978
-1.9500000000000015	0.06004540622079402
-1.9400000000000015	0.06119917690033631
-1.9300000000000015	0.06236924145677802
-1.9200000000000015	0.06355568702586072
-1.9100000000000015	0.06475859762660381
-1.9000000000000015	0.06597805406711865
-1.8900000000000015	0.06721413385012069
-1.8800000000000014	0.06846691107825002
-1.8700000000000014	0.0697364563591834
-1.8600000000000014	0.0710228367105962
-1.8500000000000014	0.07232611546508604
-1.8400000000000014	0.07364635217504986
-1.8300000000000014	0.07498360251758016
-1.8200000000000014	0.07633791819947794
-1.8100000000000014	0.07770934686241175
-1.8000000000000014	0.07909793198821634
-1.7900000000000014	0.08050371280455763
-1.7800000000000014	0.08192672419086387
-1.7700000000000014	0.08336699658462285
-1.7600000000000013	0.08482455588817028
-1.7500000000000013	0.08629942337598934
-1.7400000000000013	0.08779161560255795
-1.7300000000000013	0.08930114431083956
-1.7200000000000013	0.09082801634152539
-1.7100000000000013	0.0923722335429909
-1.7000000000000013	0.09393379268211884
-1.6900000000000013	0.09551268535605409
-1.6800000000000013	0.09710889790488585
-1.6700000000000013	0.09872241132541651
-1.6600000000000013	0.10035320118600351
-1.6500000000000012	0.10200123754267457
-1.6400000000000012	0.1036664848563427
-1.6300000000000012	0.1053489019115425
-1.6200000000000012	0.10704844173636886
-1.6100000000000012	0.10876505152401297
-1.6000000000000012	0.1104986725558324
-1.5900000000000012	0.11224924012595487
-1.5800000000000012	0.11401668346761272
-1.5700000000000012	0.11580092568124496
-1.5600000000000012	0.11760188366444253
-1.5500000000000012	0.11941946804367097
-1.5400000000000011	0.12125358310817606
-1.5300000000000011	0.12310412674567199
-1.5200000000000011	0.12497099038040457
-1.5100000000000011	0.12685405891326146
-1.500000000000001	0.12875321066398795
-1.490000000000001	0.1306683173161415
-1.480000000000001	0.13259924386402358
-1.470000000000001	0.13454584856226134
-1.460000000000001	0.13650798287803761
-1.450000000000001	0.13848549144555197
-1.440000000000001	0.14047821202371455
-1.430000000000001	0.14248597545583078
-1.420000000000001	0.14450860563297527
-1.410000000000001	0.1465459194594219
-1.400000000000001	0.1485977268216151
-1.390000000000001	0.15066383055948104
-1.380000000000001	0.15274402644144755
-1.370000000000001	0.15483810314279634
-1.360000000000001	0.15694584222551483
-1.350000000000001	0.15906701812360008
-1.340000000000001	0.16120139813017412
-1.330000000000001	0.16334874238881755
-1.320000000000001	0.16550880388720635
-1.310000000000001	0.16768132845536227
-1.300000000000001	0.16986605476677943
-1.290000000000001	0.17206271434333914
-1.280000000000001	0.17427103156353219
-1.270000000000001	0.17649072367461321
-1.260000000000001	0.17872150080834995
-1.2500000000000009	0.18096306600046944
-1.2400000000000009	0.18321511521385236
-1.2300000000000009	0.18547733736561298
-1.2200000000000009	0.1877494143579658
-1.2100000000000009	0.19003102111292167
-1.2000000000000008	0.19232182561097974
-1.1900000000000008	0.1946214889337129
-1.1800000000000008	0.19692966531024697
-1.1700000000000008	0.19924600216781724
-1.1600000000000008	0.20157014018631111
-1.1500000000000008	0.20390171335674195
-1.1400000000000008	0.20624034904385075
-1.1300000000000008	0.2085856680527536
-1.1200000000000008	0.2109372846996182
-1.1100000000000008	0.2132948068864328
-1.1000000000000008	0.21565783617985204
-1.0900000000000007	0.21802596789403153
-1.0800000000000007	0.2203987911777268
-1.0700000000000007	0.2227758891053574
-1.0600000000000007	0.22515683877207915
-1.0500000000000007	0.22754121139305608
-1.0400000000000007	0.22992857240671008
-1.0300000000000007	0.23231848158196994
-1.0200000000000007	0.23471049312964018
-1.0100000000000007	0.2371041558177159
-1.0000000000000007	0.23949901309063054
-0.9900000000000007	0.2418946031925416
-0.9800000000000006	0.2442904592945006
-0.9700000000000006	0.24668610962546023
-0.9600000000000006	0.2490810776072144
-0.9500000000000006	0.25147488199313506
-0.9400000000000006	0.25386703701049934
-0.9300000000000006	0.2562570525073859
-0.9200000000000006	0.2586444341012922
-0.9100000000000006	0.2610286833336421
-0.9000000000000006	0.2634092978272972
-0.8900000000000006	0.26578577144587245
-0.8800000000000006	0.26815759445901
-0.8700000000000006	0.27052425370884947
-0.8600000000000005	0.27288523278200094
-0.8500000000000005	0.27524001218259525
-0.8400000000000005	0.27758806951028614
-0.8300000000000005	0.2799288796399711
-0.8200000000000005	0.28226191490593955
-0.8100000000000005	0.2845866452877814
-0.8000000000000005	0.28690253859975834
-0.7900000000000005	0.2892090606828738
-0.7800000000000005	0.2915056755995974
-0.7700000000000005	0.2937918458313059
-0.7600000000000005	0.2960670324780121
-0.7500000000000004	0.2983306954608694
-0.7400000000000004	0.30058229372647755
-0.7300000000000004	0.302821285454025
-0.7200000000000004	0.3050471282639482
-0.7100000000000004	0.3072592794290983
-0.7000000000000004	0.30945719608743993
-0.6900000000000004	0.31164033545670017
-0.6800000000000004	0.31380815505069404
-0.6700000000000004	0.31596011289717824
-0.6600000000000004	0.3180956677570809
-0.6500000000000004	0.3202142793451796
-0.6400000000000003	0.32231540855188645
-0.6300000000000003	0.32439851766612565
-0.6200000000000003	0.32646307059916674
-0.6100000000000003	0.3285085331093009
-0.6000000000000003	0.33053437302716226
-0.5900000000000003	0.3325400604816884
-0.5800000000000003	0.33452506812640775
-0.5700000000000003	0.3364888713662971
-0.5600000000000003	0.33843094858431044
-0.5500000000000003	0.34035078136848107
-0.5400000000000003	0.3422478547385948
-0.5300000000000002	0.34412165737275424
-0.5200000000000002	0.34597168183354354
-0.5100000000000002	0.3477974247936786
-0.5000000000000002	0.34959838726099474
-0.49000000000000027	0.35137407480271204
-0.48000000000000026	0.3531239977687028
-0.47000000000000025	0.354847671513729
-0.46000000000000024	0.35654461661848674
-0.45000000000000023	0.3582143591092965
-0.4400000000000002	0.3598564306762984
-0.4300000000000002	0.3614703688900651
-0.4200000000000002	0.3630557174164276
-0.4100000000000002	0.3646120262293929
-0.4000000000000002	0.3661388518220783
-0.3900000000000002	0.36763575741543053
-0.38000000000000017	0.3691023131646312
-0.37000000000000016	0.3705380963631116
-0.36000000000000015	0.37194269164394994
-0.35000000000000014	0.37331569117855584
-0.34000000000000014	0.37465669487253794
-0.3300000000000001	0.3759653105585977
-0.3200000000000001	0.377241154186285
-0.3100000000000001	0.3784838500085737
-0.3000000000000001	0.3796930307650659
-0.2900000000000001	0.3808683378616903
-0.2800000000000001	0.38200942154683654
-0.2700000000000001	0.38311594108376634
-0.26000000000000006	0.38418756491914663
-0.25000000000000006	0.38522397084766347
-0.24000000000000007	0.38622484617257175
-0.23000000000000007	0.38718988786202807
-0.22000000000000006	0.3881188027011567
-0.21000000000000005	0.38901130743974227
-0.20000000000000004	0.38986712893537606
-0.19000000000000003	0.39068600429202854
-0.18000000000000002	0.3914676809939414
-0.17	0.3922119170346907
-0.16	0.39291848104137833
-0.15	0.3935871523938767
-0.13999999999999999	0.39421772133897764
-0.12999999999999998	0.3948099890994088
-0.11999999999999998	0.3953637679776651
-0.10999999999999999	0.3958788814544827
-0.09999999999999999	0.39635516428200274
-0.09	0.3967924625714733
-0.08	0.3971906338754567
-0.07	0.39754954726445774
-0.060000000000000005	0.3978690833979689
-0.05	0.3981491345898202
-0.04	0.398389604867799
-0.03	0.3985904100275279
-0.02	0.3987514776805223
-0.01	0.39887274729638217
0	0.39895417023913504
0.01	0.3989957097976589
0.02	0.3989973412101492
0.03	0.3989590516826523
0.04	0.39888084040163047
0.05	0.3987627185405021
0.060000000000000005	0.39860470926022495
0.07	0.3984068477038667
0.08	0.39816918098515824
0.09	0.3978917681710634
0.09999999999999999	0.39757468025837284
0.10999999999999999	0.39721800014428693
0.11999999999999998	0.39682182259105475
0.12999999999999998	0.39638625418469015
0.13999999999999999	0.39591141328773516
0.15	0.39539742998614036
0.16	0.3948444460303724
0.17	0.3942526147705472
0.18000000000000002	0.39362210108591994
0.19000000000000003	0.3929530813086075
0.20000000000000004	0.3922457431416049
0.21000000000000005	0.391500285571193
0.22000000000000006	0.3907169187737717
0.23000000000000007	0.3898958640171854
0.24000000000000007	0.38903735355658225
0.25000000000000006	0.38814163052493517
0.26000000000000006	0.3872089488182179
0.2700000000000001	0.3862395729753693
0.2800000000000001	0.38523377805311293
0.2900000000000001	0.38419184949570717
0.3000000000000001	0.38311408299969324
0.3100000000000001	0.382000784373784
0.3200000000000001	0.3808522693939481
0.3300000000000001	0.37966886365376673
0.34000000000000014	0.37845090241022245
0.35000000000000014	0.37719873042497987
0.36000000000000015	0.37591270180125086
0.37000000000000016	0.3745931798164019
0.38000000000000017	0.37324053675038005
0.3900000000000002	0.3718551537100628
0.4000000000000002	0.3704374204496791
0.4100000000000002	0.368987735187415
0.4200000000000002	0.3675065044182854
0.4300000000000002	0.3659941427234441
0.4400000000000002	0.36445107257605214
0.45000000000000023	0.3628777241437885
0.46000000000000024	0.36127453508817914
0.47000000000000025	0.359641950360873
0.48000000000000026	0.35798042199696367
0.49000000000000027	0.35629040890551966
0.5000000000000002	0.35457237665747143
0.5100000000000002	0.3528267972709516
0.5200000000000002	0.35105414899425824
0.5300000000000002	0.3492549160865862
0.5400000000000003	0.34742958859664547
0.5500000000000003	0.34557866213931043
0.5600000000000003	0.34370263767048004
0.5700000000000003	0.3418020212602445
0.5800000000000003	0.33987732386451436
0.5900000000000003	0.3379290610952953
0.6000000000000003	0.33595775298970565
0.6100000000000003	0.3339639237778869
0.6200000000000003	0.3319481016500008
0.6300000000000003	0.32991081852240245
0.6400000000000003	0.3278526098031473
0.6500000000000004	0.3257740141570101
0.6600000000000004	0.3236755732701294
0.6700000000000004	0.3215578316144099
0.6800000000000004	0.31942133621186997
0.6900000000000004	0.31726663639904923
0.7000000000000004	0.31509428359160196
0.7100000000000004	0.31290483104925676
0.7200000000000004	0.31069883364127016
0.7300000000000004	0.3084768476124781
0.7400000000000004	0.30623943035013185
0.7500000000000004	0.3039871401516409
0.7600000000000005	0.30172053599332643
0.7700000000000005	0.29944017730036115
0.7800000000000005	0.29714662371800904
0.7900000000000005	0.29484043488429196
0.8000000000000005	0.2925221702042043
0.8100000000000005	0.29019238862563945
0.8200000000000005	0.28785164841709826
0.8300000000000005	0.2855005069473318
0.8400000000000005	0.2831395204670588
0.8500000000000005	0.28076924389282193
0.8600000000000005	0.278390230593135
0.8700000000000006	0.2760030321770462
0.8800000000000006	0.27360819828518396
0.8900000000000006	0.2712062763834207
0.9000000000000006	0.2687978115592723
0.9100000000000006	0.26638334632110516
0.9200000000000006	0.26396342040025733
0.9300000000000006	0.26153857055619767
0.9400000000000006	0.25910933038478756
0.9500000000000006	0.25667623012973056
0.9600000000000006	0.25423979649733786
0.9700000000000006	0.251800552474659
0.9800000000000006	0.2493590171510533
0.9900000000000007	0.24691570554332062
1.0000000000000007	0.2444711284244366
1.0100000000000007	0.24202579215595443
1.0200000000000007	0.23958019852418214
1.0300000000000007	0.23713484458016634
1.0400000000000007	0.2346902224835548
1.0500000000000007	0.23224681935039876
1.0600000000000007	0.22980511710496443
1.0700000000000007	0.2273655923355662
1.0800000000000007	0.22492871615451723
1.0900000000000007	0.22249495406221856
1.1000000000000008	0.220064765815432
1.1100000000000008	0.21763860529976461
1.1200000000000008	0.21521692040644333
1.1300000000000008	0.21280015291334853
1.1400000000000008	0.21038873837038297
1.1500000000000008	0.2079831059891947
1.1600000000000008	0.20558367853725623
1.1700000000000008	0.2031908722363264
1.1800000000000008	0.2008050966653403
1.1900000000000008	0.19842675466768794
1.2000000000000008	0.19605624226292595
1.2100000000000009	0.19369394856293026
1.2200000000000009	0.19134025569246946
1.2300000000000009	0.18899553871420335
1.2400000000000009	0.18666016555813342
1.2500000000000009	0.18433449695546006
1.260000000000001	0.1820188863768409
1.270000000000001	0.1797136799750734
1.280000000000001	0.17741921653214698
1.290000000000001	0.17513582741065084
1.300000000000001	0.17286383650953893
1.310000000000001	0.1706035602242127
1.320000000000001	0.16835530741087737
1.330000000000001	0.16611937935517693
1.340000000000001	0.1638960697450563
1.350000000000001	0.16168566464780426
1.360000000000001	0.15948844249125393
1.370000000000001	0.15730467404911921
1.380000000000001	0.15513462243036497
1.390000000000001	0.15297854307263736
1.400000000000001	0.15083668373965806
1.410000000000001	0.14870928452255283
1.420000000000001	0.14659657784504546
1.430000000000001	0.1444987884725044
1.440000000000001	0.14241613352472388
1.450000000000001	0.14034882249243408
1.460000000000001	0.1382970572574647
1.470000000000001	0.13626103211648538
1.480000000000001	0.13424093380827182
1.490000000000001	0.1322369415444515
1.500000000000001	0.13024922704362088
1.5100000000000011	0.12827795456879565
1.5200000000000011	0.12632328096813106
1.5300000000000011	0.12438535571881144
1.5400000000000011	0.12246432097405399
1.5500000000000012	0.12056031161316659
1.5600000000000012	0.1186734552945634
1.5700000000000012	0.11680387251166884
1.5800000000000012	0.11495167665164023
1.5900000000000012	0.1131169740568314
1.6000000000000012	0.1112998640889031
1.6100000000000012	0.10950043919552373
1.6200000000000012	0.1077187849795753
1.6300000000000012	0.10595498027075792
1.6400000000000012	0.10420909719956067
1.6500000000000012	0.10248120127347976
1.6600000000000013	0.10077135145540693
1.6700000000000013	0.09907960024411998
1.6800000000000013	0.09740599375680148
1.6900000000000013	0.09575057181345481
1.7000000000000013	0.09411336802320239
1.7100000000000013	0.09249440987233629
1.7200000000000013	0.0908937188140492
1.7300000000000013	0.08931131035977974
1.7400000000000013	0.08774719417206346
1.7500000000000013	0.08620137415885909
1.7600000000000013	0.08467384856916463
1.7700000000000014	0.08316461008998033
1.7800000000000014	0.08167364594442834
1.7900000000000014	0.08020093799099583
1.8000000000000014	0.07874646282382317
1.8100000000000014	0.07731019187393856
1.8200000000000014	0.0758920915113733
1.8300000000000014	0.07449212314808945
1.8400000000000014	0.07311024334161721
1.8500000000000014	0.07174640389934822
1.8600000000000014	0.07040055198340411
1.8700000000000014	0.069072630215993
1.8800000000000014	0.0677625767852202
1.8900000000000015	0.06647032555120698
1.9000000000000015	0.0651958061525302
1.9100000000000015	0.06393894411285758
1.9200000000000015	0.06269966094772456
1.9300000000000015	0.06147787427139926
1.9400000000000015	0.06027349790372839
1.9500000000000015	0.05908644197695204
1.9600000000000015	0.05791661304238923
1.9700000000000015	0.05676391417692446
1.9800000000000015	0.055628245089260474
1.9900000000000015	0.05450950222586986
2.0000000000000013	0.053407578876556165
2.010000000000001	0.05232236527961306
2.020000000000001	0.05125374872649689
2.0300000000000007	0.05020161366595265
2.0400000000000005	0.04916584180756702
2.0500000000000003	0.048146312224670924
2.06	0.04714290145655177
2.07	0.04615548360992531
2.0799999999999996	0.045183930459622074
2.0899999999999994	0.04422811154843584
2.099999999999999	0.04328789428608957
2.109999999999999	0.042363144047292856
2.1199999999999988	0.04145372426882134
2.1299999999999986	0.04055949654560065
2.1399999999999983	0.03968032072574516
2.149999999999998	0.03881605500452581
2.159999999999998	0.037966556017199254
2.1699999999999977	0.037131678930728926
2.1799999999999975	0.03631127753429435
2.1899999999999973	0.03550520432858857
2.199999999999997	0.034713310613900886
2.209999999999997	0.0339354465769044
2.2199999999999966	0.03317146137616074
2.2299999999999964	0.032421203226304166
2.239999999999996	0.03168451948088648
2.249999999999996	0.030961256713842422
2.259999999999996	0.03025126079958787
2.2699999999999956	0.029554376991704916
2.2799999999999954	0.028870450000200953
2.289999999999995	0.028199324067338407
2.299999999999995	0.027540843042001405
2.3099999999999947	0.02689485045261808
2.3199999999999945	0.02626118957856266
2.3299999999999943	0.025639703520114698
2.339999999999994	0.025030235266885324
2.349999999999994	0.024432627764756874
2.3599999999999937	0.023846723981299545
2.3699999999999934	0.023272366969669556
2.3799999999999932	0.022709399930985
2.389999999999993	0.022157666275172246
2.399999999999993	0.02161700968028975
2.4099999999999926	0.021087274150306687
2.4199999999999924	0.02056830407137154
2.429999999999992	0.02005994426653671
2.439999999999992	0.019562040048962573
2.4499999999999917	0.019074437273598328
2.4599999999999915	0.018596982387346354
2.4699999999999913	0.018129522477705527
2.479999999999991	0.017671905319918087
2.489999999999991	0.017223979422615096
2.4999999999999907	0.01678559407195548
2.5099999999999905	0.016356599374310655
2.5199999999999902	0.015936846297453094
2.52999999999999	0.015526186710289021
2.53999999999999	0.015124473421152619
2.5499999999999896	0.014731560214646087
2.5599999999999894	0.01434730188706597
2.569999999999989	0.013971554280412933
2.579999999999989	0.013604174315009416
2.5899999999999888	0.013245020020728766
2.5999999999999885	0.012893950566869594
2.6099999999999883	0.01255082629066734
2.619999999999988	0.012215508724482021
2.629999999999988	0.011887860621667145
2.6399999999999877	0.011567745981141256
2.6499999999999875	0.0112550300706811
2.6599999999999873	0.010949579448968927
2.669999999999987	0.010651261986310322
2.679999999999987	0.010359946884315059
2.6899999999999866	0.01007550469418718
2.6999999999999864	0.009797807333928307
2.709999999999986	0.00952672810436224
2.719999999999986	0.009262141704036381
2.7299999999999858	0.009003924242910837
2.7399999999999856	0.008751953255142542
2.7499999999999853	0.008506107710591947
2.759999999999985	0.008266268025393075
2.769999999999985	0.008032316071449172
2.7799999999999847	0.007804135184927136
2.7899999999999845	0.007581610173774531
2.7999999999999843	0.007364627324255388
2.809999999999984	0.007153074406552372
2.819999999999984	0.006946840679451375
2.8299999999999836	0.006745816894119114
2.8399999999999834	0.006549895297012006
2.849999999999983	0.006358969631937607
2.859999999999983	0.0061729351412748955
2.869999999999983	0.0059916885663963805
2.8799999999999826	0.00581512814730192
2.8899999999999824	0.0056431536214954945
2.899999999999982	0.005475666222111398
2.909999999999982	0.005312568675332126
2.9199999999999817	0.005153765197118073
2.9299999999999815	0.004999161489241268
2.9399999999999813	0.004848664734687931
2.949999999999981	0.004702183592425824
2.959999999999981	0.004559628191560807
2.9699999999999807	0.004420910124905877
2.9799999999999804	0.004285942441994031
2.9899999999999802	0.0041546396415338025
2.99999999999998	0.004026917663346106
3.00999999999998	0.00390269387980595
3.0199999999999796	0.003781887086786088
3.0299999999999794	0.0036644174941469375
3.039999999999979	0.0035502067157864455
3.049999999999979	0.0034391777592528553
3.0599999999999787	0.003331255014967929
3.0699999999999785	0.0032263642450549032
3.0799999999999783	0.0031244325718026754
3.089999999999978	0.0030253884657794176
3.099999999999978	0.0029291617336204044
3.1099999999999777	0.0028356835054956873
3.1199999999999775	0.0027448862222865383
3.1299999999999772	0.00265670362248468
3.139999999999977	0.0025710707288263855
3.149999999999977	0.0024879238346820257
3.1599999999999766	0.002407200490218367
3.1699999999999764	0.0023288394883451986
3.179999999999976	0.0022527808504658586
3.189999999999976	0.0021789658120416914
3.1999999999999758	0.0021073368079948525
3.2099999999999755	0.002037837457948803
3.2199999999999753	0.0019704125513315854
3.229999999999975	0.0019050080323632325
3.239999999999975	0.0018415709849128941
3.2499999999999747	0.0017800496172694282
3.2599999999999745	0.0017203932468216811
3.2699999999999743	0.0016625522846623756
3.279999999999974	0.0016064782201765456
3.289999999999974	0.001552123605347037
3.2999999999999736	0.0014994420394863791
3.3099999999999734	0.0014483881534743752
3.319999999999973	0.0013989175942060337
3.329999999999973	0.0013509870089937928
3.3399999999999728	0.001304554029959435
3.3499999999999726	0.0012595772585010606
3.3599999999999723	0.0012160162495277683
3.369999999999972	0.0011738314962114757
3.379999999999972	0.0011329844142945556
3.3899999999999717	0.0010934373266879482
3.3999999999999715	0.0010551534480709155
3.4099999999999713	0.0010180968695601483
3.419999999999971	0.00098223254344094
3.429999999999971	0.0009475262679835895
3.4399999999999706	0.0009139446723392645
3.4499999999999704	0.0008814552015394285
3.45999999999997	0.000850026101534635
3.46999999999997	0.0008196264044484952
3.47999999999997	0.000790225913829269
3.4899999999999696	0.0007617951900702474
3.4999999999999694	0.0007343055359368142
3.509999999999969	0.0007077289822331886
3.519999999999969	0.0006820382735317351
3.5299999999999687	0.0006572068541585834
3.5399999999999685	0.0006332088541972436
3.5499999999999683	0.000610019075688144
3.559999999999968	0.0005876129789659317
3.569999999999968	0.0005659666691400208
3.5799999999999677	0.0005450568827293103
3.5899999999999674	0.0005248609744410371
3.5999999999999672	0.0005053569041362806
3.609999999999967	0.000486523223901456
3.619999999999967	0.0004683390653316603
3.6299999999999666	0.0004507841269528885
3.6399999999999664	0.00043383866181074046
3.649999999999966	0.0004174834652280232
3.659999999999966	0.00040169986274931675
3.6699999999999657	0.0003864696982078596
3.6799999999999655	0.00037177532201555053
3.6899999999999653	0.00035759957959520614
3.699999999999965	0.00034392579999542285
3.709999999999965	0.0003307377846743068
3.7199999999999647	0.00031801979646345916
3.7299999999999645	0.0003057565486978452
3.7399999999999642	0.0002939331945277173
3.749999999999964	0.00028253531640459566
3.759999999999964	0.0002715489157376746
3.7699999999999636	0.00026096040272725033
3.7799999999999634	0.0002507565863738971
3.789999999999963	0.00024092466466266177
3.799999999999963	0.00023145221491209029
3.8099999999999627	0.00022232718430908384
3.8199999999999625	0.00021353788060877085
3.8299999999999623	0.00020507296300108604
3.839999999999962	0.000196921433159742
3.849999999999962	0.00018907262645192273
3.8599999999999617	0.0001815162033158708
3.8699999999999615	0.00017424214081383278
3.8799999999999613	0.00016724072432393596
3.889999999999961	0.0001605025394915152
3.899999999999961	0.0001540184641452963
3.9099999999999606	0.00014777966064614883
3.9199999999999604	0.00014177756812371636
3.92999999999996	0.00013600389507198354
3.93999999999996	0.0001304506120087039
3.9499999999999598	0.00012510994432308098
3.9599999999999596	0.00011997436524423804
3.9699999999999593	0.00011503658900765919
3.979999999999959	0.00011028956412645658
3.989999999999959	0.00010572646684348664
3.9999999999999587	0.00010134069471524443
4.009999999999959	0.00009712586034507288
4.019999999999959	0.00009307578525622487
4.0299999999999585	0.00008918449390790152
4.039999999999958	0.00008544620785290489
4.049999999999958	0.00008185534002069923
4.059999999999958	0.00007840648915206741
4.069999999999958	0.00007509443435361095
4.079999999999957	0.00007191412978671647
4.089999999999957	0.0000688606994872156
4.099999999999957	0.00006592943231118412
4.109999999999957	0.00006311577699894084
4.119999999999957	0.00006041533737226199
4.129999999999956	0.000057823867646191634
4.139999999999956	0.000055337267853537075
4.149999999999956	0.000052951579395174405
4.159999999999956	0.000050662980703104016
4.1699999999999555	0.00004846778300707548
4.179999999999955	0.000046362426221245615
4.189999999999955	0.000044343474931396835
4.199999999999955	0.00004240761449343548
4.209999999999955	0.00004055164723061965
4.2199999999999545	0.000038772488736959887
4.229999999999954	0.00003706716427570245
4.239999999999954	0.00003543280528193804
4.249999999999954	0.00003386664596057828
4.259999999999954	0.00003236601994633127
4.269999999999953	0.00003092835713406428
4.279999999999953	0.000029551180492360426
4.289999999999953	0.000028232103067732907
4.299999999999953	0.000026968825000141946
4.3099999999999525	0.00002575913066183324
4.319999999999952	0.000024600885859811384
4.329999999999952	0.00002349203512950755
4.339999999999952	0.000022430599102187846
4.349999999999952	0.0000214146719495121
4.3599999999999515	0.00002044241890262292
4.369999999999951	0.000019512073847028216
4.379999999999951	0.000018621936984330768
4.389999999999951	0.00001777037256751824
4.399999999999951	0.000016955806702559844
4.40999999999995	0.00001617672521701892
4.41999999999995	0.00001543167159158143
4.42999999999995	0.000014719244958642213
4.43999999999995	0.000014038098157770998
4.4499999999999496	0.000013386935853070047
4.459999999999949	0.000012764512706158936
4.469999999999949	0.000012169631628779847
4.479999999999949	0.000011601142037442784
4.489999999999949	0.000011057938221383941
4.4999999999999485	0.000010538957723247353
4.509999999999948	0.000010043179807680943
4.519999999999948	9.569623925552681e-6
4.529999999999948	9.11734827957786e-6
4.539999999999948	8.685448408527888e-6
4.549999999999947	8.273055829740562e-6
4.559999999999947	7.879336715646398e-6
4.569999999999947	7.503490621061542e-6
4.579999999999947	7.14474924962646e-6
4.589999999999947	6.8023752657362595e-6
4.599999999999946	6.47566113853536e-6
4.609999999999946	6.163928028158069e-6
4.619999999999946	5.866524715778387e-6
4.629999999999946	5.582826558955585e-6
4.6399999999999455	5.312234485107081e-6
4.649999999999945	5.054174031700152e-6
4.659999999999945	4.808094401621248e-6
4.669999999999945	4.573467558362719e-6
4.679999999999945	4.349787360763952e-6
4.689999999999944	4.136568714116916e-6
4.699999999999944	3.933346759288157e-6
4.709999999999944	3.7396760932896416e-6
4.719999999999944	3.555129992699948e-6
4.729999999999944	3.3792997135733783e-6
4.739999999999943	3.2117937750189154e-6
4.749999999999943	3.052237259048594e-6
4.759999999999943	2.900271194314112e-6
4.769999999999943	2.7555518988827495e-6
4.7799999999999425	2.6177503676901517e-6
4.789999999999942	2.486551742273389e-6
4.799999999999942	2.361654643475126e-6
4.809999999999942	2.2427707484386815e-6
4.819999999999942	2.1296241608935443e-6
4.8299999999999415	2.021950966131718e-6
4.839999999999941	1.91949873433705e-6
4.849999999999941	1.8220260474252692e-6
4.859999999999941	1.7293020550904534e-6
4.869999999999941	1.641106021959202e-6
4.87999999999994	1.5572269742680062e-6
4.88999999999994	1.4774631916354598e-6
4.89999999999994	1.4016219439773768e-6
4.90999999999994	1.3295190143440755e-6
4.9199999999999395	1.2609783992125085e-6
4.929999999999939	1.1958319608591554e-6
4.939999999999939	1.1339190838385526e-6
4.949999999999939	1.0750863702490952e-6
4.959999999999939	1.019187328583981e-6
4.9699999999999385	9.660820807877368e-7
4.979999999999938	9.156370827252938e-7
4.989999999999938	8.677248897490577e-7
4.999999999999938	8.222237982399119e-7
5.009999999999938	7.790176606191571e-7
5.019999999999937	7.379957088982437e-7
5.029999999999937	6.990522319164935e-7
5.039999999999937	6.620863895317464e-7
5.049999999999937	6.270019899672727e-7
5.0599999999999365	5.937072945828253e-7
5.069999999999936	5.621148311943695e-7
5.079999999999936	5.321411956464764e-7
5.089999999999936	5.037068765579707e-7
5.099999999999936	4.7673608383122186e-7
5.1099999999999355	4.511565838312261e-7
5.119999999999935	4.268995418017539e-7
5.129999999999935	4.038993704500289e-7
5.139999999999935	3.8209358499144776e-7
5.149999999999935	3.614226643170466e-7
5.159999999999934	3.4182992425938306e-7
5.169999999999934	3.232613646375878e-7
5.179999999999934	3.0566558501683783e-7
5.189999999999934	2.8899364268664416e-7
5.199999999999934	2.7319894369683655e-7
5.209999999999933	2.582371124972873e-7
5.219999999999933	2.4406600344241886e-7
5.229999999999933	2.3064544034500744e-7
5.239999999999933	2.1793721108599377e-7
5.2499999999999325	2.059049511360548e-7
5.259999999999932	1.9451409370648306e-7
5.269999999999932	1.837317772885019e-7
5.279999999999932	1.7352671052179514e-7
5.289999999999932	1.638691594020235e-7
5.299999999999931	1.5473086837753035e-7
5.309999999999931	1.4608494277801173e-7
5.319999999999931	1.3790587321595574e-7
5.329999999999931	1.301693847703026e-7
5.339999999999931	1.2285242403313894e-7
5.34999999999993	1.1593307883064759e-7
5.35999999999993	1.0939051193152711e-7
5.36999999999993	1.0320499462758906e-7
5.37999999999993	9.735773820853416e-8