-5.659999999999924	9.75377748095949e-8
-5.649999999999924	1.0275605363860208e-7
-5.639999999999924	1.0824438730262821e-7
-5.629999999999924	1.1401627167277644e-7
-5.619999999999925	1.200857737179395e-7
-5.609999999999925	1.2646770158836057e-7
-5.599999999999925	1.3317755149736776e-7
-5.589999999999925	1.4023152528974544e-7
-5.5799999999999255	1.4764670163005145e-7
-5.569999999999926	1.5544086638647624e-7
-5.559999999999926	1.636326524998934e-7
-5.549999999999926	1.722415878230122e-7
-5.539999999999926	1.8128811335421162e-7
-5.5299999999999265	1.9079364466517777e-7
-5.519999999999927	2.0078056268723447e-7
-5.509999999999927	2.11272389078625e-7
-5.499999999999927	2.222936482011388e-7
-5.489999999999927	2.33870033732033e-7
-5.479999999999928	2.460284481534348e-7
-5.469999999999928	2.5879703943722403e-7
-5.459999999999928	2.722052276143965e-7
-5.449999999999928	2.862838120479716e-7
-5.4399999999999284	3.0106504238724276e-7
-5.429999999999929	3.165825424351841e-7
-5.419999999999929	3.328716241963369e-7
-5.409999999999929	3.4996912121022213e-7
-5.399999999999929	3.67913571710567e-7
-5.3899999999999295	3.867452628769807e-7
-5.37999999999993	4.06506322018728e-7
-5.36999999999993	4.2724078519571887e-7
-5.35999999999993	4.4899467286874e-7
-5.34999999999993	4.718160873708477e-7
-5.339999999999931	4.957552969585438e-7
-5.329999999999931	5.208648278514776e-7
-5.319999999999931	5.471995610575407e-7
-5.309999999999931	5.74816832053256e-7
-5.299999999999931	6.037765347462206e-7
-5.289999999999932	6.341412293759045e-7
-5.279999999999932	6.659762501721097e-7
-5.269999999999932	6.993498360794387e-7
-5.259999999999932	7.343332427303982e-7
-5.2499999999999325	7.710008588511633e-7
-5.239999999999933	8.094303515176414e-7
-5.229999999999933	8.497027626397175e-7
-5.219999999999933	8.919027545167956e-7
-5.209999999999933	9.361186867714346e-7
-5.199999999999934	9.82442699991254e-7
-5.189999999999934	1.030970977873356e-6
-5.179999999999934	1.0818038765937422e-6
-5.169999999999934	1.1350460958328764e-6
-5.159999999999934	1.1908068554385971e-6
-5.149999999999935	1.2492000795612493e-6
-5.139999999999935	1.3103445875488418e-6
-5.129999999999935	1.3743642912420431e-6
-5.119999999999935	1.4413884011854185e-6
-5.1099999999999355	1.5115516390946482e-6
-5.099999999999936	1.5849944601920976e-6
-5.089999999999936	1.6618632795427588e-6
-5.079999999999936	1.742310711059367e-6
-5.069999999999936	1.8264958154126064e-6
-5.0599999999999365	1.914584356847864e-6
-5.049999999999937	2.006749065171994e-6
-5.039999999999937	2.1031699087407114e-6
-5.029999999999937	2.2040343841724146e-6
-5.019999999999937	2.3095377935068326e-6
-5.009999999999938	2.419883607168159e-6
-4.999999999999938	2.5352836837634667e-6
-4.989999999999938	2.65595871045701e-6
-4.979999999999938	2.782138440330158e-6
-4.9699999999999385	2.9140621027138134e-6
-4.959999999999939	3.0519787599903245e-6
-4.949999999999939	3.196147667590308e-6
-4.939999999999939	3.346838714738014e-6
-4.929999999999939	3.5043327071419e-6
-4.9199999999999395	3.6689219698279066e-6
-4.90999999999994	3.840910581628062e-6
-4.89999999999994	4.020614994370425e-6
-4.88999999999994	4.20836439741593e-6
-4.87999999999994	4.404501225458237e-6
-4.869999999999941	4.609381658693567e-6
-4.859999999999941	4.8233761067117234e-6
-4.849999999999941	5.046869785836345e-6
-4.839999999999941	5.2802632374377005e-6
-4.8299999999999415	5.523972907242014e-6
-4.819999999999942	5.778431708419405e-6
-4.809999999999942	6.044089668362935e-6
-4.799999999999942	6.321414520769289e-6
-4.789999999999942	6.610892364502833e-6
-4.7799999999999425	6.913028348603153e-6
-4.769999999999943	7.228347328804556e-6
-4.759999999999943	7.557394607898519e-6
-4.749999999999943	7.900736665264583e-6
-4.739999999999943	8.258961922915786e-6
-4.729999999999944	8.632681517301941e-6
-4.719999999999944	9.022530127144803e-6
-4.709999999999944	9.429166798237747e-6
-4.699999999999944	9.853275813803466e-6
-4.689999999999944	0.000010295567593681562
-4.679999999999945	0.000010756779594258913
-4.669999999999945	0.000011237677277939204
-4.659999999999945	0.000011739055089476547
-4.649999999999945	0.00001226173745888775
-4.6399999999999455	0.000012806579838638022
-4.629999999999946	0.000013374469799510652
-4.619999999999946	0.000013966328118944
-4.609999999999946	0.000014583109920561359
-4.599999999999946	0.00001522580588225606
-4.589999999999947	0.000015895443405871386
-4.579999999999947	0.000016593087888086164
-4.569999999999947	0.000017319844024636556
-4.559999999999947	0.000018076857104148032
-4.549999999999947	0.000018865314390004647
-4.539999999999948	0.0000196864465336716
-4.529999999999948	0.000020541529015669824
-4.519999999999948	0.000021431883634650932
-4.509999999999948	0.00002235888005204025
-4.4999999999999485	0.00002332393736771009
-4.489999999999949	0.00002432852574258943
-4.479999999999949	0.000025374168078699147
-4.469999999999949	0.00002646244174090223
-4.459999999999949	0.000027594980320388838
-4.4499999999999496	0.00002877347546525805
-4.43999999999995	0.000029999678757087396
-4.42999999999995	0.000031275403622925767
-4.41999999999995	0.00003260252732777014
-4.40999999999995	0.00003398299301054972
-4.399999999999951	0.000035418811770522085
-4.389999999999951	0.0000369120648186444
-4.379999999999951	0.00003846490569598778
-4.369999999999951	0.00004007956252880612
-4.3599999999999515	0.000041758340372373504
-4.349999999999952	0.00004350362360308986
-4.339999999999952	0.00004531787837037783
-4.329999999999952	0.000047203655125772284
-4.319999999999952	0.00004916359121800106
-4.3099999999999525	0.00005120041354651082
-4.299999999999953	0.00005331694129075798
-4.289999999999953	0.000055516088719974
-4.279999999999953	0.00005780086805644894
-4.269999999999953	0.00006017439242357036
-4.259999999999954	0.00006263987887592696
-4.249999999999954	0.00006520065149156168
-4.239999999999954	0.00006786014454622977
-4.229999999999954	0.00007062190578440581
-4.2199999999999545	0.00007348959974458327
-4.209999999999955	0.00007646701118664267
-4.199999999999955	0.00007955804859363029
-4.189999999999955	0.00008276674776963621
-4.179999999999955	0.00008609727550447448
-4.1699999999999555	0.00008955393335457126
-4.159999999999956	0.00009314116149320602
-4.149999999999956	0.00009686354265242694
-4.139999999999956	0.00010072580617480829
-4.129999999999956	0.00010473283215819694
-4.119999999999957	0.00010888965563277235
-4.109999999999957	0.00011320147096779122
-4.099999999999957	0.00011767363625531067
-4.089999999999957	0.00012231167784857342
-4.079999999999957	0.00012712129495951382
-4.069999999999958	0.00013210836445948324
-4.059999999999958	0.00013727894566434052
-4.049999999999958	0.00014263928529451684
-4.039999999999958	0.00014819582253456455
-4.0299999999999585	0.0001539551941811136
-4.019999999999959	0.00015992423992197346
-4.009999999999959	0.0001661100077209899
-3.9999999999999587	0.00017251975931143046
-3.989999999999959	0.00017916097580387568
-3.979999999999959	0.00018604136342510912
-3.9699999999999593	0.00019316885932788038
-3.9599999999999596	0.00020055163763881389
-3.9499999999999598	0.00020819811542439168
-3.93999999999996	0.00021611695894586768
-3.92999999999996	0.0002243170900424354
-3.9199999999999604	0.00023280769246904103
-3.9099999999999606	0.00024159821853687012
-3.899999999999961	0.00025069839578926344
-3.889999999999961	0.0002601182338326142
-3.8799999999999613	0.00026986803127954204
-3.8699999999999615	0.00027995838281951466
-3.8599999999999617	0.0002904001864354246
-3.849999999999962	0.00030120465073532696
-3.839999999999962	0.0003123833024079395
-3.8299999999999623	0.00032394799383311654
-3.8199999999999625	0.0003359109108016752
-3.8099999999999627	0.0003482845803722737
-3.799999999999963	0.00036108187886737625
-3.789999999999963	0.00037431604000196043
-3.7799999999999634	0.00038800066312720115
-3.7699999999999636	0.0004021497216457865
-3.759999999999964	0.00041677757149598
-3.749999999999964	0.00043189895985935314
-3.7399999999999642	0.0004475290339211838
-3.7299999999999645	0.00046368334981161056
-3.7199999999999647	0.00048037788165139744
-3.709999999999965	0.0004976290307524491
-3.699999999999965	0.0005154536349455708
-3.6899999999999653	0.0005338689780326819
-3.6799999999999655	0.0005528927993837732
-3.6699999999999657	0.0005725433036279429
-3.659999999999966	0.000592839170553034
-3.649999999999966	0.0006137995650442172
-3.6399999999999664	0.0006354441472140465
-3.6299999999999666	0.0006577930826244346
-3.619999999999967	0.0006808670526459938
-3.609999999999967	0.0007046872649553599
-3.5999999999999672	0.0007292754641310325
-3.5899999999999674	0.0007546539423791514
-3.5799999999999677	0.0007808455504461914
-3.569999999999968	0.0008078737083600494
-3.559999999999968	0.0008357624168238329
-3.5499999999999683	0.0008645362682071245
-3.5399999999999685	0.0008942204578938473
-3.5299999999999687	0.0009248407956824064
-3.519999999999969	0.0009564237173144708
-3.509999999999969	0.000988996296133425
-3.4999999999999694	0.0010225862545879406
-3.4899999999999696	0.0010572219763543412
-3.47999999999997	0.001092932518034786
-3.46999999999997	0.0011297476211822078
-3.45999999999997	0.0011676977243854322
-3.4499999999999704	0.0012068139754198854
-3.4399999999999706	0.001247128243466084
-3.429999999999971	0.001288673131415714
-3.419999999999971	0.0013314819882419195
-3.4099999999999713	0.0013755889214106603
-3.3999999999999715	0.0014210288094062896
-3.3899999999999717	0.001467837314142178
-3.379999999999972	0.0015160508937241198
-3.369999999999972	0.0015657068149414748
-3.3599999999999723	0.0016168431659680162
-3.3499999999999726	0.0016694988690274294
-3.3399999999999728	0.0017237136931024372
-3.329999999999973	0.0017795282666922276
-3.319999999999973	0.0018369840904015053
-3.3099999999999734	0.0018961235498564778
-3.2999999999999736	0.0019569899283117947
-3.289999999999974	0.002019627419376206
-3.279999999999974	0.0020840811396937854
-3.2699999999999743	0.002150397141613636
-3.2599999999999745	0.0022186224257922885
-3.2499999999999747	0.0022888049537573944
-3.239999999999975	0.002360993660435272
-3.229999999999975	0.002435238466589954
-3.2199999999999753	0.0025115902911875382
-3.2099999999999755	0.0025901010637015554
-3.1999999999999758	0.002670823736300365
-3.189999999999976	0.002753812295930214
-3.179999999999976	0.002839121776304981
-3.1699999999999764	0.002926808269755689
-3.1599999999999766	0.003016928938934017
-3.149999999999977	0.003109542028395851
-3.139999999999977	0.0032047068760091544
-3.1299999999999772	0.003302483924185679
-3.1199999999999775	0.003402934730948947
-3.1099999999999777	0.0035061219807996998
-3.099999999999978	0.003612109495364239
-3.089999999999978	0.0037209622438388506
-3.0799999999999783	0.0038327463532047594
-3.0699999999999785	0.0039475291181732906
-3.0599999999999787	0.004065379010897393
-3.049999999999979	0.0041863656904095325
-3.039999999999979	0.004310560011752226
-3.0299999999999794	0.004438034034826044
-3.0199999999999796	0.004568861032929625
-3.00999999999998	0.004703115500943553
-2.99999999999998	0.0048408731631896735
-2.9899999999999802	0.004982210980941
-2.9799999999999804	0.005127207159528926
-2.9699999999999807	0.00527594115507515
-2.959999999999981	0.00542849368083363
-2.949999999999981	0.005584946713083411
-2.9399999999999813	0.005745383496592516
-2.9299999999999815	0.005909888549645904
-2.9199999999999817	0.00607854766858205
-2.909999999999982	0.0062514479318427985
-2.899999999999982	0.006428677703544249
-2.8899999999999824	0.006610326636498925
-2.8799999999999826	0.006796485674700852
-2.869999999999983	0.006987247055316014
-2.859999999999983	0.007182704309988774
-2.849999999999983	0.007382952265650635
-2.8399999999999834	0.007588087044700349
-2.8299999999999836	0.007798206064551574
-2.819999999999984	0.0080134080365247
-2.809999999999984	0.00823379296410874
-2.7999999999999843	0.008459462140532926
-2.7899999999999845	0.008690518145621448
-2.7799999999999847	0.008927064841969421
-2.769999999999985	0.009169207370371357
-2.759999999999985	0.00941705214447033
-2.7499999999999853	0.009670706844737467
-2.7399999999999856	0.009930280411516607
-2.7299999999999858	0.010195883037387325
-2.719999999999986	0.010467626158656118
-2.709999999999986	0.010745622446029423
-2.6999999999999864	0.011029985794398029
-2.6899999999999866	0.011320831311769992
-2.679999999999987	0.011618275307321449
-2.669999999999987	0.011922435278506144
-2.6599999999999873	0.012233429897257116
-2.6499999999999875	0.012551378995253808
-2.6399999999999877	0.01287640354820396
-2.629999999999988	0.013208625659173757
-2.619999999999988	0.013548168540837721
-2.6099999999999883	0.01389515649694909
-2.5999999999999885	0.014249714902445865
-2.5899999999999888	0.014611970182795442
-2.579999999999989	0.014982049792148568
-2.569999999999989	0.015360082190437876
-2.5599999999999894	0.015746196819417364
-2.5499999999999896	0.016140524077571203
-2.53999999999999	0.01654319529389984
-2.52999999999999	0.016954342700609682
-2.5199999999999902	0.017374099404628474
-2.5099999999999905	0.017802599357963442
-2.4999999999999907	0.018239977326912103
-2.489999999999991	0.018686368860076942
-2.479999999999991	0.01914191025517169
-2.4699999999999913	0.019606738524653056
-2.4599999999999915	0.020080991360127268
-2.4499999999999917	0.020564807095508227
-2.439999999999992	0.02105832466897743
-2.429999999999992	0.021561683583691142
-2.4199999999999924	0.02207502386721142
-2.4099999999999926	0.022598486029708768
-2.399999999999993	0.023132211020900413
-2.389999999999993	0.023676340185686078
-2.3799999999999932	0.02423101521853954
-2.3699999999999934	0.024796378116610184
-2.3599999999999937	0.025372571131533576
-2.349999999999994	0.02595973671995246
-2.339999999999994	0.026558017492772465
-2.3299999999999943	0.027167556163088205
-2.3199999999999945	0.027788495492840622
-2.3099999999999947	0.028420978238184742
-2.299999999999995	0.029065147093573464
-2.289999999999995	0.029721144634498396
-2.2799999999999954	0.030389113259034702
-2.2699999999999956	0.031069195128034157
-2.259999999999996	0.031761532104062976
-2.249999999999996	0.032466265689085914
-2.239999999999996	0.033183536960866775
-2.2299999999999964	0.033913486508105994
-2.2199999999999966	0.03465625436436691
-2.209999999999997	0.035411979940735694
-2.199999999999997	0.03618080195725371
-2.1899999999999973	0.03696285837316654
-2.1799999999999975	0.03775828631595251
-2.1699999999999977	0.03856722200915102
-2.159999999999998	0.03938980069905919
-2.149999999999998	0.04022615658025856
-2.1399999999999983	0.04107642271998898
-2.1299999999999986	0.041940730981423695
-2.1199999999999988	0.04281921194588147
-2.109999999999999	0.043711994833899065
-2.099999999999999	0.04461920742530089
-2.0899999999999994	0.04554097597824133
-2.0799999999999996	0.04647742514721176
-2.07	0.047428677900106714
-2.06	0.04839485543433861
-2.0500000000000003	0.04937607709201496
-2.0400000000000005	0.0503724602742396
-2.0300000000000007	0.0513841203545775
-2.020000000000001	0.05241117059165436
-2.010000000000001	0.0534537220409902
-2.0000000000000013	0.054511883466098296
-1.9900000000000015	0.0555857612488243
-1.9800000000000015	0.056675459299024615
-1.9700000000000015	0.05778107896362707
-1.9600000000000015	0.058902718935053736
-1.9500000000000015	0.06004047515909341
-1.9400000000000015	0.061194440742288414
-1.9300000000000015	0.06236470585880754
-1.9200000000000015	0.06355135765690345
-1.9100000000000015	0.06475448016501915
-1.9000000000000015	0.06597415419752674
-1.8900000000000015	0.06721045726017791
-1.8800000000000014	0.06846346345536491
-1.8700000000000014	0.06973324338716198
-1.8600000000000014	0.07101986406622403
-1.8500000000000014	0.0723233888146527
-1.8400000000000014	0.07364387717081367
-1.8300000000000014	0.07498138479417044
-1.8200000000000014	0.07633596337024577
-1.8100000000000014	0.07770766051568948
-1.8000000000000014	0.07909651968365554
-1.7900000000000014	0.08050258006922763
-1.7800000000000014	0.08192587651542575
-1.7700000000000014	0.08336643941942184
-1.7600000000000013	0.08482429463928734
-1.7500000000000013	0.08629946340126109
-1.7400000000000013	0.08779196220752386
-1.7300000000000013	0.08930180274469417
-1.7200000000000013	0.09082899179300355
-1.7100000000000013	0.09237353113624551
-1.7000000000000013	0.09393541747255103
-1.6900000000000013	0.09551464232611062
-1.6800000000000013	0.09711119195986238
-1.6700000000000013	0.09872504728918677
-1.6600000000000013	0.10035618379685002
-1.6500000000000012	0.10200457144891993
-1.6400000000000012	0.10367017461213608
-1.6300000000000012	0.10535295197252094
-1.6200000000000012	0.10705285645539549
-1.6100000000000012	0.10876983514688104
-1.6000000000000012	0.11050382921693176
-1.5900000000000012	0.11225477384403411
-1.5800000000000012	0.11402259814144344
-1.5700000000000012	0.11580722508538382
-1.5600000000000012	0.11760857144495442
-1.5500000000000012	0.11942654771390207
-1.5400000000000011	0.12126105804453882
-1.5300000000000011	0.12311200018343262
-1.5200000000000011	0.12497926540956791
-1.5100000000000011	0.12686273847434967
-1.500000000000001	0.12876229754407695
-1.490000000000001	0.13067781414469756
-1.480000000000001	0.13260915310896404
-1.470000000000001	0.1345561725260294
-1.460000000000001	0.1365187236935473
-1.450000000000001	0.13849665107251635
-1.440000000000001	0.14048979224473288
-1.430000000000001	0.1424979778728493
-1.420000000000001	0.14452103166328809
-1.410000000000001	0.1465587703326348
-1.400000000000001	0.14861100357538815
-1.390000000000001	0.15067753403688697
-1.380000000000001	0.15275815728702877
-1.370000000000001	0.15485266179968368
-1.360000000000001	0.15696082893218702
-1.350000000000001	0.1590824329105685
-1.340000000000001	0.1612172408174003
-1.330000000000001	0.16336501258223649
-1.320000000000001	0.1655255009770691
-1.310000000000001	0.16769845161224256
-1.300000000000001	0.16988360294029284
-1.290000000000001	0.17208068625886105
-1.280000000000001	0.17428942572022194
-1.270000000000001	0.17650953834321395
-1.260000000000001	0.17874073402915178
-1.2500000000000009	0.1809827155813972
-1.2400000000000009	0.18323517872869677
-1.2300000000000009	0.1854978121524015
-1.2200000000000009	0.1877702975174592
-1.2100000000000009	0.19005230950726426
-1.2000000000000008	0.19234351586250728
-1.1900000000000008	0.19464357742389457
-1.1800000000000008	0.19695214817878604
-1.1700000000000008	0.19926887531192433
-1.1600000000000008	0.2015933992601225
-1.1500000000000008	0.2039253537708663
-1.1400000000000008	0.20626436596510417
-1.1300000000000008	0.20861005640418906
-1.1200000000000008	0.2109620391603715
-1.1100000000000008	0.2133199218921887
-1.1000000000000008	0.21568330592311946
-1.0900000000000007	0.21805178632478942
-1.0800000000000007	0.22042495200420578
-1.0700000000000007	0.22280238579494036
-1.0600000000000007	0.2251836645524234
-1.0500000000000007	0.2275683592533996
-1.0400000000000007	0.2299560350993438
-1.0300000000000007	0.23234625162389871
-1.0200000000000007	0.23473856280442856
-1.0100000000000007	0.23713251717750572
-1.0000000000000007	0.23952765795834563
-0.9900000000000007	0.24192352316427543
-0.9800000000000006	0.24431964574208342
-0.9700000000000006	0.24671555369921408
-0.9600000000000006	0.24911077023889752
-0.9500000000000006	0.25150481389863716
-0.9400000000000006	0.25389719869454813
-0.9300000000000006	0.2562874342653771
-0.9200000000000006	0.2586750260236629
-0.9100000000000006	0.26105947530989704
-0.9000000000000006	0.2634402795495629
-0.8900000000000006	0.2658169324134193
-0.8800000000000006	0.2681889239825816
-0.8700000000000006	0.27055574091523804
-0.8600000000000005	0.2729168666185081
-0.8500000000000005	0.2752717814223203
-0.8400000000000005	0.27761996275693257
-0.8300000000000005	0.27996088533311864
-0.8200000000000005	0.2822940213265098
-0.8100000000000005	0.2846188405633647
-0.8000000000000005	0.2869348107105197
-0.7900000000000005	0.28924139746742245
-0.7800000000000005	0.291538064760865
-0.7700000000000005	0.2938242749427853
-0.7600000000000005	0.29609948899002214
-0.7500000000000004	0.29836316670696045
-0.7400000000000004	0.30061476693011385
-0.7300000000000004	0.3028537477351634
-0.7200000000000004	0.3050795666459614
-0.7100000000000004	0.3072916808456869
-0.7000000000000004	0.30948954738972845
-0.6900000000000004	0.31167262342041624
-0.6800000000000004	0.3138403663834683
-0.6700000000000004	0.31599223424595557
-0.6600000000000004	0.31812768571562927
-0.6500000000000004	0.32024618046166314
-0.6400000000000003	0.32234717933658086
-0.6300000000000003	0.3244301445991694
-0.6200000000000003	0.32649454013841794
-0.6100000000000003	0.3285398316982507
-0.6000000000000003	0.33056548710294065
-0.5900000000000003	0.3325709764830806
-0.5800000000000003	0.33455577250163826
-0.5700000000000003	0.3365193505822195
-0.5600000000000003	0.3384611891335505
-0.5500000000000003	0.34038076977802095
-0.5400000000000003	0.3422775775780274
-0.5300000000000002	0.3441511012625706
-0.5200000000000002	0.3460008334534315
-0.5100000000000002	0.34782627089083723
-0.5000000000000002	0.3496269146584492
-0.49000000000000027	0.3514022704076293
-0.48000000000000026	0.35315184858069376
-0.47000000000000025	0.35487516463313845
-0.46000000000000024	0.35657173925465996
-0.45000000000000023	0.35824109858881553
-0.4400000000000002	0.35988277445118294
-0.4300000000000002	0.36149630454592996
-0.4200000000000002	0.36308123268059156
-0.4100000000000002	0.36463710897893437
-0.4000000000000002	0.36616349009182375
-0.3900000000000002	0.36765993940587455
-0.38000000000000017	0.36912602724978216
-0.37000000000000016	0.3705613310982524
-0.36000000000000015	0.37196543577331054
-0.35000000000000014	0.37333793364288365
-0.34000000000000014	0.37467842481657815
-0.3300000000000001	0.3759865173384545
-0.3200000000000001	0.3772618273766715
-0.3100000000000001	0.37850397940994046
-0.3000000000000001	0.3797126064105978
-0.2900000000000001	0.3808873500241728
-0.2800000000000001	0.38202786074538364
-0.2700000000000001	0.3831337980903957
-0.26000000000000006	0.3842048307652081
-0.25000000000000006	0.3852406368301128
-0.24000000000000007	0.38624090386007615
-0.23000000000000007	0.3872053291009023
-0.22000000000000006	0.3881336196211311
-0.21000000000000005	0.3890254924595455
-0.20000000000000004	0.3898806747681355
-0.19000000000000003	0.3906989039504831
-0.18000000000000002	0.39147992779546165
-0.17	0.3922235046060916
-0.16	0.39292940332354653
-0.15	0.393597403646172
-0.13999999999999999	0.3942272961434313
-0.12999999999999998	0.3948188823647084
-0.11999999999999998	0.39537197494252513
-0.10999999999999999	0.3958863976923611
-0.09999999999999999	0.39636198570323855
-0.09	0.3967985854267701
-0.08	0.39719605475873215
-0.07	0.397554263115463
-0.060000000000000005	0.39787309150467215
-0.05	0.39815243259054817
-0.04	0.3983921907531337
-0.03	0.3985922821419671
-0.02	0.39875263472388717
-0.01	0.39887318832498364
0	0.39895389466668957
0.01	0.3989947173959541
0.02	0.39899563210945566
0.03	0.3989566263718946
0.04	0.39887769972829773
0.05	0.3987588637103113
0.060000000000000005	0.39860014183653136
0.07	0.398401569606828
0.08	0.3981631944906402
0.09	0.397885075909306
0.09999999999999999	0.3975672852123966
0.10999999999999999	0.39720990564805664
0.11999999999999998	0.3968130323274027
0.12999999999999998	0.3963767721829859
0.13999999999999999	0.3959012439213165
0.15	0.3953865779699028
0.16	0.3948329164165369
0.17	0.39424041294655787
0.18000000000000002	0.3936092327705355
0.19000000000000003	0.3929395525481552
0.20000000000000004	0.39223156030601064
0.21000000000000005	0.39148545534977663
0.22000000000000006	0.3907014481708415
0.23000000000000007	0.3898797603474003
0.24000000000000007	0.3890206244401106
0.25000000000000006	0.38812428388239656
0.26000000000000006	0.38719099286543424
0.2700000000000001	0.38622101621790234
0.2800000000000001	0.38521462928061884
0.2900000000000001	0.38417211777609367
0.3000000000000001	0.3830937776730946
0.3100000000000001	0.3819799150463607
0.3200000000000001	0.3808308459315046
0.3300000000000001	0.37964689617520286
0.34000000000000014	0.3784284012808246
0.35000000000000014	0.3771757062495504
0.36000000000000015	0.3758891654170895
0.37000000000000016	0.3745691422861372
0.38000000000000017	0.37321600935466803
0.3900000000000002	0.3718301479401446
0.4000000000000002	0.37041194799981986
0.4100000000000002	0.3689618079472096
0.4200000000000002	0.36748013446486394
0.4300000000000002	0.36596734231356237
0.4400000000000002	0.3644238541380828
0.45000000000000023	0.3628501002696169
0.46000000000000024	0.36124651852501455
0.47000000000000025	0.35961355400298073
0.48000000000000026	0.35795165887731883
0.49000000000000027	0.3562612921873958
0.5000000000000002	0.354542919625974
0.5100000000000002	0.352797013324494
0.5200000000000002	0.35102405163599265
0.5300000000000002	0.34922451891580386
0.5400000000000003	0.34739890530013584
0.5500000000000003	0.34554770648270255
0.5600000000000003	0.34367142348956425
0.5700000000000003	0.341770562452284
0.5800000000000003	0.33984563437955456
0.5900000000000003	0.3378971549274789
0.6000000000000003	0.3359256441689608
0.6100000000000003	0.3339316263601751
0.6200000000000003	0.33191562970978183
0.6300000000000003	0.329878186143667
0.6400000000000003	0.3278198310708541
0.6500000000000004	0.32574110314857396
0.6600000000000004	0.3236425440469468
0.6700000000000004	0.3215246982134589
0.6800000000000004	0.3193881126373682
0.6900000000000004	0.3172333366141824
0.7000000000000004	0.31506092151032955
0.7100000000000004	0.3128714205282052
0.7200000000000004	0.31066538847171177
0.7300000000000004	0.3084433815124048
0.7400000000000004	0.3062059569564342
0.7500000000000004	0.3039536730123935
0.7600000000000005	0.3016870885601825
0.7700000000000005	0.299406762921068
0.7800000000000005	0.29711325562905117
0.7900000000000005	0.2948071262036517
0.8000000000000005	0.29248893392426567
0.8100000000000005	0.2901592376062259
0.8200000000000005	0.2878185953786529
0.8300000000000005	0.2854675644642485
0.8400000000000005	0.283106700961163
0.8500000000000005	0.28073655962700655
0.8600000000000005	0.27835769366515806
0.8700000000000006	0.27597065451349173
0.8800000000000006	0.27357599163559015
0.8900000000000006	0.2711742523145767
0.9000000000000006	0.2687659814496947
0.9100000000000006	0.266351721355685
0.9200000000000006	0.26393201156509444
0.9300000000000006	0.261507388633614
0.9400000000000006	0.259078385948525
0.9500000000000006	0.25664553354033875
0.9600000000000006	0.2542093578977542
0.9700000000000006	0.25177038178597205
0.9800000000000006	0.2493291240684702
0.9900000000000007	0.24688609953232507
1.0000000000000007	0.24444181871714518
1.0100000000000007	0.2419967877476679
1.0200000000000007	0.23955150817013957
1.0300000000000007	0.23710647679249708
1.0400000000000007	0.23466218552843185
1.0500000000000007	0.23221912124539146
1.0600000000000007	0.22977776561659397
1.0700000000000007	0.22733859497706213
1.0800000000000007	0.2249020801837748
1.0900000000000007	0.2224686864799617
1.1000000000000008	0.2200388733635641
1.1100000000000008	0.21761309445993668
1.1200000000000008	0.21519179739880404
1.1300000000000008	0.2127754236955046
1.1400000000000008	0.210364408636549
1.1500000000000008	0.20795918116954704
1.1600000000000008	0.2055601637974665
1.1700000000000008	0.20316777247730575
1.1800000000000008	0.20078241652315876
1.1900000000000008	0.19840449851369155
1.2000000000000008	0.19603441420403328
1.2100000000000009	0.19367255244211998
1.2200000000000009	0.19131929508944293
1.2300000000000009	0.1889750169462365
1.2400000000000009	0.186640085681094
1.2500000000000009	0.18431486176500378
1.260000000000001	0.18199969840977964
1.270000000000001	0.1796949415109086
1.280000000000001	0.1774009295947691
1.290000000000001	0.17511799377019582
1.300000000000001	0.17284645768441032
1.310000000000001	0.1705866374832527
1.320000000000001	0.16833884177568717
1.330000000000001	0.16610337160259142
1.340000000000001	0.16388052040975154
1.350000000000001	0.16167057402505103
1.360000000000001	0.15947381063981086
1.370000000000001	0.15729050079424164
1.380000000000001	0.15512090736695883
1.390000000000001	0.15296528556852465
1.400000000000001	0.15082388293896892
1.410000000000001	0.1486969393492197
1.420000000000001	0.1465846870064254
1.430000000000001	0.14448735046308908
1.440000000000001	0.1424051466299645
1.450000000000001	0.14033828479265412
1.460000000000001	0.13828696663187295
1.470000000000001	0.13625138624726724
1.480000000000001	0.13423173018477708
1.490000000000001	0.13222817746744786
1.500000000000001	0.13024089962962945
1.5100000000000011	0.12827006075449304
1.5200000000000011	0.1263158175148186
1.5300000000000011	0.12437831921694119
1.5400000000000011	0.12245770784781912
1.5500000000000012	0.12055411812513323
1.5600000000000012	0.11866767755035965
1.5700000000000012	0.11679850646470284
1.5800000000000012	0.11494671810787094
1.5900000000000012	0.11311241867956352
1.6000000000000012	0.11129570740361466
1.6100000000000012	0.1094966765947165
1.6200000000000012	0.10771541172764915
1.6300000000000012	0.10595199150889832
1.6400000000000012	0.10420648795064001
1.6500000000000012	0.10247896644696605
1.6600000000000013	0.10076948585227104
1.6700000000000013	0.09907809856175795
1.6800000000000013	0.09740485059392945
1.6900000000000013	0.09574978167501708
1.7000000000000013	0.09411292532525477
1.7100000000000013	0.09249430894691825
1.7200000000000013	0.09089395391403654
1.7300000000000013	0.08931187566370914
1.7400000000000013	0.08774808378897102
1.7500000000000013	0.08620258213295215
1.7600000000000013	0.08467536888465423
1.7700000000000014	0.08316643667575307
1.7800000000000014	0.08167577267870534
1.7900000000000014	0.08020335870595002
1.8000000000000014	0.07874917131014843
1.8100000000000014	0.07731318188537485
1.8200000000000014	0.07589535676917111
1.8300000000000014	0.07449565734542857
1.8400000000000014	0.07311404014796093
1.8500000000000014	0.07175045696474114
1.8600000000000014	0.07040485494270482
1.8700000000000014	0.06907717669307933
1.8800000000000014	0.06776736039699499
1.8900000000000015	0.06647533991172311
1.9000000000000015	0.06520104487692395
1.9100000000000015	0.06394440082123568
1.9200000000000015	0.06270532926898026
1.9300000000000015	0.06148374784694406
1.9400000000000015	0.06027957039115415
1.9500000000000015	0.05909270705360904
1.9600000000000015	0.05792306440888243
1.9700000000000015	0.056770545560523585
1.9800000000000015	0.05563505024723823
1.9900000000000015	0.054516474948738194
2.0000000000000013	0.053414712991229
2.010000000000001	0.05232965465247834
2.020000000000001	0.05126118726639837
2.0300000000000007	0.0502091953270867
2.0400000000000005	0.04917356059228649
2.0500000000000003	0.04815416218620168
2.06	0.04715087670161905
2.07	0.046163578301284876
2.0799999999999996	0.04519213881850889
2.0899999999999994	0.04423642785691378
2.099999999999999	0.04329631288931355
2.109999999999999	0.042371659355678756
2.1199999999999988	0.04146233076012851
2.1299999999999986	0.04056818876691108
2.1399999999999983	0.03968909329537149
2.149999999999998	0.03882490261380176
2.159999999999998	0.03797547343222583
2.1699999999999977	0.03714066099397659
2.1799999999999975	0.03632031916614328
2.1899999999999973	0.0355143005287883
2.199999999999997	0.03472245646292412
2.209999999999997	0.03394463723722572
2.2199999999999966	0.03318069209344261
2.2299999999999964	0.032430469330504204
2.239999999999996	0.03169381638727216
2.249999999999996	0.03097057992393015
2.259999999999996	0.030260605901995523
2.2699999999999956	0.029563739662921456
2.2799999999999954	0.028879826005280867
2.289999999999995	0.028208709260513776
2.299999999999995	0.027550233367224557
2.3099999999999947	0.026904241943998392
2.3199999999999945	0.026270578360773962
2.3299999999999943	0.02564908580869273
2.339999999999994	0.02503960736847384
2.349999999999994	0.024441986077268118
2.3599999999999937	0.023856064994015748
2.3699999999999934	0.023281687263272833
2.3799999999999932	0.022718696177516262
2.389999999999993	0.022166935237938182
2.399999999999993	0.021626248213692183
2.4099999999999926	0.021096479199619624
2.4199999999999924	0.020577472672455563
2.429999999999992	0.02006907354549474
2.439999999999992	0.0195711272217374
2.4499999999999917	0.01908347964552176
2.4599999999999915	0.018605977352626216
2.4699999999999913	0.018138467518865914
2.479999999999991	0.017680798007193715
2.489999999999991	0.017232817413285206
2.4999999999999907	0.01679437510964746
2.5099999999999905	0.016365321288245246
2.5199999999999902	0.01594550700165406
2.52999999999999	0.015534784202747311
2.53999999999999	0.015133005782955778
2.5499999999999896	0.014740025609065103
2.5599999999999894	0.014355698558607827
2.569999999999989	0.01397988055383955
2.579999999999989	0.013612428594321197
2.5899999999999888	0.013253200788122069
2.5999999999999885	0.01290205638165452
2.6099999999999883	0.012558855788170483
2.619999999999988	0.01222346061491345
2.629999999999988	0.01189573368896666
2.6399999999999877	0.011575539081800507
2.6499999999999875	0.011262742132543899
2.6599999999999873	0.010957209470010875
2.669999999999987	0.01065880903340761
2.679999999999987	0.010367410091982785
2.6899999999999866	0.010082883263310971
2.6999999999999864	0.009805100530480856
2.709999999999986	0.00953393525810641
2.719999999999986	0.009269262207212942
2.7299999999999858	0.009010957548932962
2.7399999999999856	0.00875889887725566
2.7499999999999853	0.008512965220550237
2.759999999999985	0.008273037052112481
2.769999999999985	0.008038996299667114
2.7799999999999847	0.007810726353854878
2.7899999999999845	0.007588112075748908
2.7999999999999843	0.007371039803386429
2.809999999999984	0.007159397357374216
2.819999999999984	0.006953074045572003
2.8299999999999836	0.00675196066687374
2.8399999999999834	0.0065559495141225875
2.849999999999983	0.006364934376167657
2.859999999999983	0.00617881053910192
2.869999999999983	0.005997474786681221
2.8799999999999826	0.0058208253999708585
2.8899999999999824	0.005648762156224222
2.899999999999982	0.005481186327026106
2.909999999999982	0.005318000675716145
2.9199999999999817	0.00515910945412575
2.9299999999999815	0.005004418398628432
2.9399999999999813	0.004853834725553918
2.949999999999981	0.00470726712596476
2.959999999999981	0.004564625759828691
2.9699999999999807	0.004425822249604013
2.9799999999999804	0.004290769673259991
2.9899999999999802	0.004159382556754636
2.99999999999998	0.004031576865986224
3.00999999999998	0.003907269998245693
3.0199999999999796	0.0037863807731829385
3.0299999999999794	0.003668829423312544
3.039999999999979	0.0035545375840797663
3.049999999999979	0.0034434282834910333
3.0599999999999787	0.0033354259313575327
3.0699999999999785	0.0032304563081402902
3.0799999999999783	0.0031284465534330043
3.089999999999978	0.0030293251540970505
3.099999999999978	0.0029330219320641664
3.1099999999999777	0.0028394680318311744
3.1199999999999775	0.0027485959076466253
3.1299999999999772	0.002660339310440706
3.139999999999977	0.002574633274469687
3.149999999999977	0.0024914141037324514
3.1599999999999766	0.0024106193581503502
3.1699999999999764	0.0023321878395363795
3.179999999999976	0.002256059577362343
3.189999999999976	0.0021821758143485597
3.1999999999999758	0.002110478991885014
3.2099999999999755	0.0020409127352912933
3.2199999999999753	0.0019734218389438805
3.229999999999975	0.0019079522512804523
3.239999999999975	0.0018444510596788532
3.2499999999999747	0.0017828664752493047
3.2599999999999745	0.0017231478175354854
3.2699999999999743	0.0016652454991333376
3.279999999999974	0.0016091110102277296
3.289999999999974	0.001554696903231732
3.2999999999999736	0.001501956777060141
3.3099999999999734	0.0014508452617069836
3.319999999999973	0.001401318002634508
3.329999999999973	0.001353331645189614
3.3399999999999728	0.0013068438190230135
3.3499999999999726	0.0012618131224868875
3.3599999999999723	0.0012181991072119775
3.369999999999972	0.0011759622623985894
3.379999999999972	0.0011350639994619249
3.3899999999999717	0.0010954666365657433
3.3999999999999715	0.00105713338324354
3.4099999999999713	0.0010200283250800142
3.419999999999971	0.000984116408467987
3.429999999999971	0.0009493634254304764
3.4399999999999706	0.0009157359985418106
3.4499999999999704	0.0008832015658790823
3.45999999999997	0.0008517283663195782
3.46999999999997	0.0008212854244473693
3.47999999999997	0.0007918425360642497
3.4899999999999696	0.0007633702535582878
3.4999999999999694	0.0007358398714554113
3.509999999999969	0.0007092234120279789
3.519999999999969	0.0006834936112966304
3.5299999999999687	0.0006586239046494561
3.5399999999999685	0.0006345884131106423
3.5499999999999683	0.0006113619294907976
3.559999999999968	0.0005889199047365349
3.569999999999968	0.0005672384344243683
3.5799999999999677	0.0005462942454063337
3.5899999999999674	0.0005260646825936326
3.5999999999999672	0.0005065276959672826
3.609999999999967	0.00048766182760853186
3.619999999999967	0.00046944619902796554
3.6299999999999666	0.0004518604985894039
3.6399999999999664	0.00043488496911026113
3.649999999999966	0.0004185003956194172
3.659999999999966	0.00040268809334232243
3.6699999999999657	0.00038742989573503606
3.6799999999999655	0.0003727081428056484
3.6899999999999653	0.0003585056695560852
3.699999999999965	0.000344805794599386
3.709999999999965	0.00033159230895609705
3.7199999999999647	0.00031884946502016225
3.7299999999999645	0.00030656196570443244
3.7399999999999642	0.00029471495375200056
3.749999999999964	0.00028329400123248196
3.759999999999964	0.0002722850992046301
3.7699999999999636	0.0002616746475579171
3.7799999999999634	0.00025144944502360846
3.789999999999963	0.00024159667936896496
3.799999999999963	0.0002321039177489951
3.8099999999999627	0.00022295909724953184
3.8199999999999625	0.00021415051558662933
3.8299999999999623	0.0002056668219854627
3.839999999999962	0.00019749700822771382
3.849999999999962	0.00018963039986791283
3.8599999999999617	0.0001820566476145678
3.8699999999999615	0.00017476571888890442
3.8799999999999613	0.00016774788955532907
3.889999999999961	0.00016099373572576062
3.899999999999961	0.00015449412594610137
3.9099999999999606	0.00014824021323986777
3.9199999999999604	0.000142223427618475
3.92999999999996	0.0001364354685247978
3.93999999999996	0.00013086829752808916
3.9499999999999598	0.00012551413119569232
3.9599999999999596	0.00012036543402463472
3.9699999999999593	0.00011541491165647762
3.979999999999959	0.00011065550410757524
3.989999999999959	0.00010608037924654991
3.9999999999999587	0.00010168292637625173
4.009999999999959	0.00009745674996465613
4.019999999999959	0.00009339566352148451
4.0299999999999585	0.00008949368361403007
4.039999999999958	0.00008574502402509707
4.049999999999958	0.00008214409003831638
4.059999999999958	0.00007868547287226428
4.069999999999958	0.00007536394423505998
4.079999999999957	0.00007217445101467651
4.089999999999957	0.00006911211009787404
4.099999999999957	0.00006617220331518063
4.109999999999957	0.00006335017250748
4.119999999999957	0.000060641614721999775
4.129999999999956	0.00005804227752001938
4.139999999999956	0.00005554805440764688
4.149999999999956	0.000053154980383034804
4.159999999999956	0.00005085922759597257
4.1699999999999555	0.00004865710111437279
4.179999999999955	0.000046545034816240286
4.189999999999955	0.00004451958737160605
4.199999999999955	0.00004257743833777615
4.209999999999955	0.000040715384359485997
4.2199999999999545	0.000038930335470975944
4.229999999999954	0.00003721931149440278
4.239999999999954	0.000035579438534615894
4.249999999999954	0.00003400794557950168
4.259999999999954	0.000032502161179912355
4.269999999999953	0.000031059510230000355
4.279999999999953	0.000029677510838075278
4.289999999999953	0.000028353771279802833
4.299999999999953	0.000027085987040173694
4.3099999999999525	0.000025871937941240646
4.319999999999952	0.000024709485347757654
4.329999999999952	0.000023596569458088302
4.339999999999952	0.0000225312066667939
4.349999999999952	0.00002151148701301859
4.3599999999999515	0.000020535571694180042
4.369999999999951	0.000019601690662345875
4.379999999999951	0.000018708140280286266
4.389999999999951	0.000017853281059511636
4.399999999999951	0.000017035535457481396
4.40999999999995	0.000016253385746484053
4.41999999999995	0.00001550537194303295
4.42999999999995	0.000014790089803718895
4.43999999999995	0.000014106188880232811
4.4499999999999496	0.00001345237063645669
4.459999999999949	0.000012827386627126689
4.469999999999949	0.000012230036708423319
4.479999999999949	0.000011659167357201322
4.489999999999949	0.0000111136699878134
4.4999999999999485	0.000010592479361334025
4.509999999999948	0.000010094572003361601
4.519999999999948	9.618964733769516e-6
4.529999999999948	9.164713186206518e-6
4.539999999999948	8.730910407420478e-6
4.549999999999947	8.31668548205225e-6
4.559999999999947	7.921202230179474e-6
4.569999999999947	7.543657917206303e-6
4.579999999999947	7.183282026065481e-6
4.589999999999947	6.8393350597847795e-6
4.599999999999946	6.511107394905875e-6
4.609999999999946	6.197918158862571e-6
4.619999999999946	5.899114159793723e-6
4.629999999999946	5.61406884348419e-6
4.6399999999999455	5.3421812775329515e-6
4.649999999999945	5.082875200481274e-6
4.659999999999945	4.835598073318575e-6
4.669999999999945	4.5998201625390014e-6
4.679999999999945	4.375033690833936e-6
4.689999999999944	4.160751973184873e-6
4.699999999999944	3.956508612350951e-6
4.709999999999944	3.761856702524318e-6
4.719999999999944	3.5763681005060303e-6
4.729999999999944	3.399632652963784e-6
4.739999999999943	3.231257511555789e-6
4.749999999999943	3.0708664764830574e-6
4.759999999999943	2.9180992935934422e-6
4.769999999999943	2.7726110563225063e-6
4.7799999999999425	2.634071561795749e-6
4.789999999999942	2.502164826493075e-6
4.799999999999942	2.376588339666593e-6
4.809999999999942	2.257052729291817e-6
4.819999999999942	2.1432810654798087e-6
4.8299999999999415	2.0350084020178866e-6
4.839999999999941	1.931981354932882e-6
4.849999999999941	1.8339575879878263e-6
4.859999999999941	1.7407053147661152e-6
4.869999999999941	1.652002958012015e-6
4.87999999999994	1.5676386733790439e-6
4.88999999999994	1.4874099545983422e-6
4.89999999999994	1.4111232611594086e-6
4.90999999999994	1.338593630012964e-6
4.9199999999999395	1.2696443297839195e-6
4.929999999999939	1.2041065134444611e-6
4.939999999999939	1.1418188899169642e-6
4.949999999999939	1.0826274012129602e-6
4.959999999999939	1.026384925208886e-6
4.9699999999999385	9.72950970296657e-7
4.979999999999938	9.221914115151012e-7
4.989999999999938	8.739782423081113e-7
4.999999999999938	8.281892070953253e-7
5.009999999999938	7.847076307444933e-7
5.019999999999937	7.434222414443252e-7
5.029999999999937	7.042268402609043e-7
5.039999999999937	6.670201140841912e-7
5.049999999999937	6.317054230778622e-7
5.0599999999999365	5.981905976213201e-7
5.069999999999936	5.663877508580153e-7
5.079999999999936	5.362130605577797e-7
5.089999999999936	5.075866356094775e-7
5.099999999999936	4.804323132584582e-7
5.1099999999999355	4.54677501552268e-7
5.119999999999935	4.302530211290596e-7
5.129999999999935	4.07092953538231e-7
5.139999999999935	3.851344954417293e-7
5.149999999999935	3.643178235565561e-7
5.159999999999934	3.445859526496353e-7
5.169999999999934	3.258846034693198e-7
5.179999999999934	3.0816210330458694e-7
5.189999999999934	2.913692498313716e-7
5.199999999999934	2.7545921466114814e-7
5.209999999999933	2.6038737669130904e-7
5.219999999999933	2.461113319838103e-7
5.229999999999933	2.325906799595681e-7
5.239999999999933	2.1978702654874198e-7
5.2499999999999325	2.076638041822795e-7
5.259999999999932	1.9618623881902744e-7
5.269999999999932	1.8532127602378777e-7
5.279999999999932	1.7503739547609878e-7
5.289999999999932	1.6530480012085183e-7
5.299999999999931	1.5609498876914277e-7
5.309999999999931	1.4738097194943146e-7
5.319999999999931	1.3913702930133884e-7
5.329999999999931	1.3133880995642003e-7
5.339999999999931	1.23963029278619e-7
5.34999999999993	1.1698768148035221e-7
5.35999999999993	1.1039179579419847e-7
5.36999999999993	1.0415553059870622e-7
5.37999999999993	9.825998809605947e-8