-5.659999999999924	9.693762659016921e-8
-5.649999999999924	1.0212727216876544e-7
-5.639999999999924	1.0758566806503983e-7
-5.629999999999924	1.1332626954510039e-7
-5.619999999999925	1.1936302356333958e-7
-5.609999999999925	1.2571076749174366e-7
-5.599999999999925	1.323848900339039e-7
-5.589999999999925	1.394015177949359e-7
-5.5799999999999255	1.4677767287199357e-7
-5.569999999999926	1.5453106408650431e-7
-5.559999999999926	1.6268026428518377e-7
-5.549999999999926	1.712447074074098e-7
-5.539999999999926	1.8024477342011292e-7
-5.5299999999999265	1.8970179602648022e-7
-5.519999999999927	1.9963810057902296e-7
-5.509999999999927	2.100770300288443e-7
-5.499999999999927	2.2104305544107956e-7
-5.489999999999927	2.3256185050822435e-7
-5.479999999999928	2.446600961647543e-7
-5.469999999999928	2.573658773377844e-7
-5.459999999999928	2.707085374097738e-7
-5.449999999999928	2.8471875079867323e-7
-5.4399999999999284	2.994286094026816e-7
-5.429999999999929	3.1487170064911167e-7
-5.419999999999929	3.3108314155697094e-7
-5.409999999999929	3.480996598779657e-7
-5.399999999999929	3.6595965138985425e-7
-5.3899999999999295	3.847032715670632e-7
-5.37999999999993	4.0437249828761625e-7
-5.36999999999993	4.2501121375148744e-7
-5.35999999999993	4.4666528607002047e-7
-5.34999999999993	4.6938265613419065e-7
-5.339999999999931	4.932134248623884e-7
-5.329999999999931	5.182099424449164e-7
-5.319999999999931	5.444269120465513e-7
-5.309999999999931	5.719214800854873e-7
-5.299999999999931	6.007533481056828e-7
-5.289999999999932	6.309848757473943e-7
-5.279999999999932	6.626811942449565e-7
-5.269999999999932	6.959103227845484e-7
-5.259999999999932	7.307432895533842e-7
-5.2499999999999325	7.672542669623552e-7
-5.239999999999933	8.055206734754995e-7
-5.229999999999933	8.456233287935993e-7
-5.219999999999933	8.876466144067807e-7
-5.209999999999933	9.316785905625281e-7
-5.199999999999934	9.778111584358355e-7
-5.189999999999934	1.0261402182431666e-6
-5.179999999999934	1.076765832897252e-6
-5.169999999999934	1.129792398674679e-6
-5.159999999999934	1.1853288218055668e-6
-5.149999999999935	1.243488702088052e-6
-5.139999999999935	1.3043905232705773e-6
-5.129999999999935	1.368157850650601e-6
-5.119999999999935	1.4349195362458585e-6
-5.1099999999999355	1.5048099315000411e-6
-5.099999999999936	1.5779691045653599e-6
-5.089999999999936	1.654543079218301e-6
-5.079999999999936	1.7346840639163897e-6
-5.069999999999936	1.8185506976922606e-6
-5.0599999999999365	1.906308303959415e-6
-5.049999999999937	1.998129162963093e-6
-5.039999999999937	2.094192752158465e-6
-5.029999999999937	2.1946861449557887e-6
-5.019999999999937	2.299804132571207e-6
-5.009999999999938	2.409749621509942e-6
-4.999999999999938	2.5247340260180296e-6
-4.989999999999938	2.6449774303734362e-6
-4.979999999999938	2.770709042318301e-6
-4.9699999999999385	2.9021675141502882e-6
-4.959999999999939	3.0396013039739653e-6
-4.949999999999939	3.183269064454037e-6
-4.939999999999939	3.3334400270705233e-6
-4.929999999999939	3.4903943735998195e-6
-4.9199999999999395	3.6544237299951994e-6
-4.90999999999994	3.825831506785683e-6
-4.89999999999994	4.004933423052538e-6
-4.88999999999994	4.1920579348820266e-6
-4.87999999999994	4.387546715328773e-6
-4.869999999999941	4.591755158971561e-6
-4.859999999999941	4.80505287731178e-6
-4.849999999999941	5.027824255051337e-6
-4.839999999999941	5.2604689819145295e-6
-4.8299999999999415	5.503402611001596e-6
-4.819999999999942	5.757057170030037e-6
-4.809999999999942	6.021881743810134e-6
-4.799999999999942	6.298343114818599e-6
-4.789999999999942	6.586926402956109e-6
-4.7799999999999425	6.888135729552146e-6
-4.769999999999943	7.2024949187038095e-6
-4.759999999999943	7.5305482075356435e-6
-4.749999999999943	7.872860966977379e-6
-4.739999999999943	8.230020486400146e-6
-4.729999999999944	8.602636746496787e-6
-4.719999999999944	8.991343227584628e-6
-4.709999999999944	9.396797750063456e-6
-4.699999999999944	9.819683343416646e-6
-4.689999999999944	0.000010260709126129245
-4.679999999999945	0.000010720611229003611
-4.669999999999945	0.000011200153755797927
-4.659999999999945	0.000011700129744951006
-4.649999999999945	0.000012221362189272223
-4.6399999999999455	0.000012764705076610737
-4.629999999999946	0.000013331044459090667
-4.619999999999946	0.000013921299563539404
-4.609999999999946	0.000014536423912137829
-4.599999999999946	0.000015177406582536196
-4.589999999999947	0.000015845273286256538
-4.579999999999947	0.00001654108769341137
-4.569999999999947	0.000017265952778341142
-4.559999999999947	0.000018021012009141703
-4.549999999999947	0.000018807450814461013
-4.539999999999948	0.000019626497956292812
-4.529999999999948	0.00002047942697942054
-4.519999999999948	0.000021367557708353146
-4.509999999999948	0.00002229225777921161
-4.4999999999999485	0.000023254944219544713
-4.489999999999949	0.000024257085062990622
-4.479999999999949	0.00002530020104892225
-4.469999999999949	0.00002638586731871104
-4.459999999999949	0.000027515715197269412
-4.4499999999999496	0.00002869143402368029
-4.43999999999995	0.000029914772984229178
-4.42999999999995	0.00003118754309510563
-4.41999999999995	0.0000325116191454375
-4.40999999999995	0.000033888941740732886
-4.399999999999951	0.000035321519394264295
-4.389999999999951	0.000036811430685468216
-4.379999999999951	0.00003836082645316778
-4.369999999999951	0.00003997193207734256
-4.3599999999999515	0.000041647049808037485
-4.349999999999952	0.00004338856115234725
-4.339999999999952	0.000045198929339262246
-4.329999999999952	0.00004708070184686147
-4.319999999999952	0.00004903651298176945
-4.3099999999999525	0.00005106908654622182
-4.299999999999953	0.00005318123857088414
-4.289999999999953	0.000055375880103968956
-4.279999999999953	0.000057656020089432415
-4.269999999999953	0.00006002476832139626
-4.259999999999954	0.00006248533845465231
-4.249999999999954	0.00006504105110599882
-4.239999999999954	0.0000676953370412275
-4.229999999999954	0.00007045174042101311
-4.2199999999999545	0.00007331392214113305
-4.209999999999955	0.00007628566325920389
-4.199999999999955	0.00007937086849631506
-4.189999999999955	0.00008257356982254125
-4.179999999999955	0.00008589793014736756
-4.1699999999999555	0.000089348247077019
-4.159999999999956	0.00009292895676780677
-4.149999999999956	0.00009664463788596778
-4.139999999999956	0.00010050001564206969
-4.129999999999956	0.00010449996591575758
-4.119999999999957	0.00010864951952038954
-4.109999999999957	0.00011295386649531895
-4.099999999999957	0.00011741836055203821
-4.089999999999957	0.00012204852360093279
-4.079999999999957	0.00012685005039540618
-4.069999999999958	0.00013182881323601297
-4.059999999999958	0.00013699086683480964
-4.049999999999958	0.00014234245325285468
-4.039999999999958	0.00014789000695074813
-4.0299999999999585	0.00015364015995370176
-4.019999999999959	0.0001595997471296094
-4.009999999999959	0.0001657758115605259
-3.9999999999999587	0.00017217561004938335
-3.989999999999959	0.00017880661873677508
-3.979999999999959	0.00018567653881622142
-3.9699999999999593	0.00019279330238103115
-3.9599999999999596	0.00020016507841424006
-3.9499999999999598	0.0002078002788318239
-3.93999999999996	0.00021570756470403452
-3.92999999999996	0.00022389585260358596
-3.9199999999999604	0.0002323743210156936
-3.9099999999999606	0.00024115241693120943
-3.899999999999961	0.00025023986254792705
-3.889999999999961	0.00025964666208926675
-3.8799999999999613	0.00026938310874948955
-3.8699999999999615	0.0002794597917884808
-3.8599999999999617	0.00028988760372857783
-3.849999999999962	0.0003006777476884921
-3.839999999999962	0.0003118417448646911
-3.8299999999999623	0.00032339144212207324
-3.8199999999999625	0.0003353390197178162
-3.8099999999999627	0.0003476969991802671
-3.799999999999963	0.0003604782512922785
-3.789999999999963	0.0003736960042193166
-3.7799999999999634	0.0003873638517784486
-3.7699999999999636	0.00040149576183525317
-3.759999999999964	0.00041610608480720246
-3.749999999999964	0.00043120956236251457
-3.7399999999999642	0.0004468213361992386
-3.7299999999999645	0.0004629569569682003
-3.7199999999999647	0.00047963239334889617
-3.709999999999965	0.0004968640412480505
-3.699999999999965	0.0005146687331162731
-3.6899999999999653	0.0005330637474207448
-3.6799999999999655	0.0005520668182462101
-3.6699999999999657	0.0005716961449921988
-3.659999999999966	0.000591970402260208
-3.649999999999966	0.0006129087498276053
-3.6399999999999664	0.0006345308427559145
-3.6299999999999666	0.0006568568416306467
-3.619999999999967	0.0006799074229407665
-3.609999999999967	0.000703703789553133
-3.5999999999999672	0.0007282676813308442
-3.5899999999999674	0.0007536213858735098
-3.5799999999999677	0.0007797877493982122
-3.569999999999968	0.000806790187575285
-3.559999999999968	0.0008346526968225068
-3.5499999999999683	0.0008633998653600465
-3.5399999999999685	0.0008930568845551399
-3.5299999999999687	0.0009236495603441685
-3.519999999999969	0.0009552043247476452
-3.509999999999969	0.0009877482475166017
-3.4999999999999694	0.0010213090477503334
-3.4899999999999696	0.0010559151058803407
-3.47999999999997	0.0010915954754561828
-3.46999999999997	0.0011283798951831276
-3.45999999999997	0.0011662988009979566
-3.4499999999999704	0.0012053833382189767
-3.4399999999999706	0.001245665373796561
-3.429999999999971	0.001287177508618381
-3.419999999999971	0.001329953089871894
-3.4099999999999713	0.001374026223493177
-3.3999999999999715	0.0014194317866520786
-3.3899999999999717	0.00146620544031457
-3.379999999999972	0.0015143836417972967
-3.369999999999972	0.0015640036574308767
-3.3599999999999723	0.0016151035752012624
-3.3499999999999726	0.0016677223174569587
-3.3399999999999728	0.0017218996536161413
-3.329999999999973	0.0017776762128877352
-3.319999999999973	0.0018350934970317759
-3.3099999999999734	0.0018941938930700111
-3.2999999999999736	0.0019550206860256734
-3.289999999999974	0.00201761807163781
-3.279999999999974	0.0020820311690669716
-3.2699999999999743	0.002148306033545749
-3.2599999999999745	0.0022164896690053375
-3.2499999999999747	0.002286630040667818
-3.239999999999975	0.002358776087553917
-3.229999999999975	0.0024329777349465093
-3.2199999999999753	0.002509285906776942
-3.2099999999999755	0.0025877525379215914
-3.1999999999999758	0.002668430586401611
-3.189999999999976	0.0027513740454953514
-3.179999999999976	0.0028366379557239183
-3.1699999999999764	0.002924278416701321
-3.1599999999999766	0.0030143525988789383
-3.149999999999977	0.003106918755117253
-3.139999999999977	0.0032020362320973705
-3.1299999999999772	0.0032997654815864396
-3.1199999999999775	0.003400168071504938
-3.1099999999999777	0.0035033066967852873
-3.099999999999978	0.0036092451900608417
-3.089999999999978	0.003718048532108553
-3.0799999999999783	0.0038297828620567614
-3.0699999999999785	0.003944515487363273
-3.0599999999999787	0.004062314893535287
-3.049999999999979	0.004183250753550201
-3.039999999999979	0.004307393937022967
-3.0299999999999794	0.004434816519063386
-3.0199999999999796	0.004565591788797869
-3.00999999999998	0.00469979425758697
-2.99999999999998	0.004837499666898306
-2.9899999999999802	0.004978784995793653
-2.9799999999999804	0.005123728468066787
-2.9699999999999807	0.005272409558990064
-2.959999999999981	0.005424909001636655
-2.949999999999981	0.005581308792795166
-2.9399999999999813	0.0057416921984567845
-2.9299999999999815	0.005906143758819293
-2.9199999999999817	0.006074749292840678
-2.909999999999982	0.0062475959023138485
-2.899999999999982	0.006424771975413202
-2.8899999999999824	0.006606367189728627
-2.8799999999999826	0.0067924725147378824
-2.869999999999983	0.006983180213925642
-2.859999999999983	0.007178583845872403
-2.849999999999983	0.0073787782652398265
-2.8399999999999834	0.007583859622892136
-2.8299999999999836	0.007793925365438204
-2.819999999999984	0.00800907423415375
-2.809999999999984	0.008229406263228106
-2.7999999999999843	0.008455022777318005
-2.7899999999999845	0.008686026388439586
-2.7799999999999847	0.008922520992122996
-2.769999999999985	0.009164611762825183
-2.759999999999985	0.009412405148568597
-2.7499999999999853	0.00966600886506096
-2.7399999999999856	0.009925531888481833
-2.7299999999999858	0.010191084448029995
-2.719999999999986	0.010462778017360496
-2.709999999999986	0.010740725305232048
-2.6999999999999864	0.011025040245310827
-2.6899999999999866	0.011315837985099489
-2.679999999999987	0.011613234873948641
-2.669999999999987	0.011917348450185229
-2.6599999999999873	0.012228297427305027
-2.6499999999999875	0.012546201679209097
-2.6399999999999877	0.012871182224547724
-2.629999999999988	0.013203361209742163
-2.619999999999988	0.013542861891865765
-2.6099999999999883	0.013889808619355293
-2.5999999999999885	0.014244326812588883
-2.5899999999999888	0.014606542943036255
-2.579999999999989	0.014976584511423564
-2.569999999999989	0.015354580024842133
-2.5599999999999894	0.015740658972737666
-2.5499999999999896	0.016134951801804076
-2.53999999999999	0.016537589889781844
-2.52999999999999	0.016948705518093493
-2.5199999999999902	0.017368431843341775
-2.5099999999999905	0.017796902867668964
-2.4999999999999907	0.01823425340792557
-2.489999999999991	0.01868061906364865
-2.479999999999991	0.019136136183879594
-2.4699999999999913	0.019600941832750265
-2.4599999999999915	0.020075173753844773
-2.4499999999999917	0.020558970333367295
-2.439999999999992	0.0210524705620572
-2.429999999999992	0.02155581399584345
-2.4199999999999924	0.022069140715284267
-2.4099999999999926	0.02259259128372171
-2.399999999999993	0.02312630670417215
-2.389999999999993	0.02367042837495517
-2.3799999999999932	0.024225098044048418
-2.3699999999999934	0.024790457762131377
-2.3599999999999937	0.025366649834377853
-2.349999999999994	0.02595381677095438
-2.339999999999994	0.026552101236199173
-2.3299999999999943	0.027161645996538707
-2.3199999999999945	0.027782593867116106
-2.3099999999999947	0.028415087657087133
-2.299999999999995	0.029059270113678797
-2.289999999999995	0.029715283864909337
-2.2799999999999954	0.030383271361052396
-2.2699999999999956	0.03106337481480351
-2.259999999999996	0.03175573614019313
-2.249999999999996	0.03246049689019935
-2.239999999999996	0.03317779819310322
-2.2299999999999964	0.03390778068761641
-2.2199999999999966	0.03465058445672245
-2.209999999999997	0.0354063489602923
-2.199999999999997	0.03617521296650162
-2.1899999999999973	0.03695731448200149
-2.1799999999999975	0.037752790680889305
-2.1699999999999977	0.03856177783252946
-2.159999999999998	0.039384411228171
-2.149999999999998	0.04022082510641325
-2.1399999999999983	0.041071152577572566
-2.1299999999999986	0.04193552554685932
-2.1199999999999988	0.04281407463655782
-2.109999999999999	0.04370692910705849
-2.099999999999999	0.044614216776872266
-2.0899999999999994	0.04553606394159042
-2.0799999999999996	0.046472595291880844
-2.07	0.047423933830495105
-2.06	0.04839020078829787
-2.0500000000000003	0.04937151553942367
-2.0400000000000005	0.05036799551553259
-2.0300000000000007	0.05137975611918059
-2.020000000000001	0.0524069106364012
-2.010000000000001	0.05344957014849813
-2.0000000000000013	0.05450784344305131
-1.9900000000000015	0.05558183692422808
-1.9800000000000015	0.056671654522433106
-1.9700000000000015	0.057777397603270435
-1.9600000000000015	0.05889916487593716
-1.9500000000000015	0.06003705230107102
-1.9400000000000015	0.06119115299804513
-1.9300000000000015	0.062361557151806066
-1.9200000000000015	0.0635483519193152
-1.9100000000000015	0.06475162133556436
-1.9000000000000015	0.06597144621927337
-1.8900000000000015	0.06720790407833101
-1.8800000000000014	0.06846106901497062
-1.8700000000000014	0.06973101163076535
-1.8600000000000014	0.0710177989315267
-1.8500000000000014	0.07232149423209237
-1.8400000000000014	0.07364215706109199
-1.8300000000000014	0.07497984306578513
-1.8200000000000014	0.07633460391697956
-1.8100000000000014	0.07770648721396507
-1.8000000000000014	0.07909553638995169
-1.7900000000000014	0.08050179061749013
-1.7800000000000014	0.0819252847143356
-1.7700000000000014	0.08336604904971245
-1.7600000000000013	0.08482410945101297
-1.7500000000000013	0.08629948711099467
-1.7400000000000013	0.08779219849558934
-1.7300000000000013	0.08930225525235234
-1.7200000000000013	0.09082966411957179
-1.7100000000000013	0.09237442683624301
-1.7000000000000013	0.09393654005282549
-1.6900000000000013	0.0955159952429216
-1.6800000000000013	0.097112778615943
-1.6700000000000013	0.09872687103087502
-1.6600000000000013	0.10035824791099392
-1.6500000000000012	0.1020068791600276
-1.6400000000000012	0.10367272907940489
-1.6300000000000012	0.10535575628683228
-1.6200000000000012	0.1070559136363188
-1.6100000000000012	0.10877314813973901
-1.6000000000000012	0.11050740088979777
-1.5900000000000012	0.11225860698473025
-1.5800000000000012	0.11402669545461039
-1.5700000000000012	0.11581158918950263
-1.5600000000000012	0.11761320486935867
-1.5500000000000012	0.11943145289590264
-1.5400000000000011	0.12126623732643022
-1.5300000000000011	0.12311745580964188
-1.5200000000000011	0.1249849995237044
-1.5100000000000011	0.12686875311645832
-1.500000000000001	0.1287685946476317
-1.490000000000001	0.13068439553399064
-1.480000000000001	0.13261602049612242
-1.470000000000001	0.13456332750840336
-1.460000000000001	0.13652616775100612
-1.450000000000001	0.1385043855647179
-1.440000000000001	0.14049781840850517
-1.430000000000001	0.14250629681966578
-1.420000000000001	0.14452964437666815
-1.410000000000001	0.14656767766562376
-1.400000000000001	0.14862020624833744
-1.390000000000001	0.1506870326348407
-1.380000000000001	0.1527679522575047
-1.370000000000001	0.15486275345039735
-1.360000000000001	0.15697121742888592
-1.350000000000001	0.15909311827497152
-1.340000000000001	0.16122822292481542
-1.330000000000001	0.16337629116003835
-1.320000000000001	0.16553707560287864
-1.310000000000001	0.16771032171130745
-1.300000000000001	0.1698957677840885
-1.290000000000001	0.1720931449637471
-1.280000000000001	0.17430217724561914
-1.270000000000001	0.17652258149015138
-1.260000000000001	0.17875406743881483
-1.2500000000000009	0.18099633773378337
-1.2400000000000009	0.1832490879414432
-1.2300000000000009	0.18551200657962275
-1.2200000000000009	0.18778477514867997
-1.2100000000000009	0.19006706816655008
-1.2000000000000008	0.19235855320761108
-1.1900000000000008	0.1946588909454814
-1.1800000000000008	0.1969677351998816
-1.1700000000000008	0.19928473298739097
-1.1600000000000008	0.20160952457616452
-1.1500000000000008	0.2039417435448062
-1.1400000000000008	0.20628101684533523
-1.1300000000000008	0.2086269648697722
-1.1200000000000008	0.21097920152152222
-1.1100000000000008	0.2133373342900856
-1.1000000000000008	0.21570096433032054
-1.0900000000000007	0.2180696865457153
-1.0800000000000007	0.2204430896755909
-1.0700000000000007	0.22282075638646828
-1.0600000000000007	0.2252022633675762
-1.0500000000000007	0.22758718143031773
-1.0400000000000007	0.22997507561182126
-1.0300000000000007	0.23236550528259656
-1.0200000000000007	0.23475802425812498
-1.0100000000000007	0.23715218091446588
-1.0000000000000007	0.2395475183079079
-0.9900000000000007	0.24194357429849708
-0.9800000000000006	0.24433988167748366
-0.9700000000000006	0.24673596829873287
-0.9600000000000006	0.2491313572140877
-0.9500000000000006	0.2515255668117376
-0.9400000000000006	0.25391811095992456
-0.9300000000000006	0.25630849915327447
-0.9200000000000006	0.25869623666212216
-0.9100000000000006	0.26108082468749083
-0.9000000000000006	0.2634617605182402
-0.8900000000000006	0.2658385376913456
-0.8800000000000006	0.26821064615707285
-0.8700000000000006	0.2705775724461765
-0.8600000000000005	0.27293879984150815
-0.8500000000000005	0.2752938085519086
-0.8400000000000005	0.27764207589027495
-0.8300000000000005	0.2799830764537794
-0.8200000000000005	0.28231628230782924
-0.8100000000000005	0.28464116317256044
-0.8000000000000005	0.2869571866125718
-0.7900000000000005	0.2892638182291076
-0.7800000000000005	0.29156052185501957
-0.7700000000000005	0.2938467597524049
-0.7600000000000005	0.2961219928127886
-0.7500000000000004	0.29838568075968847
-0.7400000000000004	0.30063728235321774
-0.7300000000000004	0.30287625559736936
-0.7200000000000004	0.3051020579490607
-0.7100000000000004	0.3073141465293464
-0.7000000000000004	0.3095119783363549
-0.6900000000000004	0.31169501046022186
-0.6800000000000004	0.3138627002994954
-0.6700000000000004	0.31601450577919454
-0.6600000000000004	0.31814988557023427
-0.6500000000000004	0.320268299310255
-0.6400000000000003	0.32236920782553
-0.6300000000000003	0.32445207335399845
-0.6200000000000003	0.32651635976926296
-0.6100000000000003	0.3285615328053356
-0.6000000000000003	0.33058706028212975
-0.5900000000000003	0.3325924123314622
-0.5800000000000003	0.3345770616232951
-0.5700000000000003	0.3365404835933641
-0.5600000000000003	0.33848215666876535
-0.5500000000000003	0.34040156249574166
-0.5400000000000003	0.342298186166294
-0.5300000000000002	0.3441715164447884
-0.5200000000000002	0.3460210459941043
-0.5100000000000002	0.3478462716013286
-0.5000000000000002	0.34964669440277424
-0.49000000000000027	0.35142182010819073
-0.48000000000000026	0.35317115922404424
-0.47000000000000025	0.3548942272757471
-0.46000000000000024	0.3565905450286276
-0.45000000000000023	0.3582596387075772
-0.4400000000000002	0.3599010402152231
-0.4300000000000002	0.3615142873484188
-0.4200000000000002	0.3630989240129942
-0.4100000000000002	0.3646545004366249
-0.4000000000000002	0.36618057337960574
-0.3900000000000002	0.36767670634345967
-0.38000000000000017	0.36914246977725595
-0.37000000000000016	0.37057744128144543
-0.36000000000000015	0.3719812058090977
-0.35000000000000014	0.3733533558644647
-0.34000000000000014	0.3746934916986463
-0.3300000000000001	0.376001221502282
-0.3200000000000001	0.3772761615951621
-0.3100000000000001	0.37851793661256233
-0.3000000000000001	0.3797261796882188
-0.2900000000000001	0.3809005326338398
-0.2800000000000001	0.3820406461149831
-0.2700000000000001	0.38314617982319277
-0.26000000000000006	0.38421680264431973
-0.25000000000000006	0.3852521928228561
-0.24000000000000007	0.3862520381221792
-0.23000000000000007	0.38721603598063253
-0.22000000000000006	0.3881438936633042
-0.21000000000000005	0.3890353284093691
-0.20000000000000004	0.38989006757496475
-0.19000000000000003	0.39070784877144304
-0.18000000000000002	0.39148841999890016
-0.17	0.3922315397749284
-0.16	0.3929369772584822
-0.15	0.3936045123687275
-0.13999999999999999	0.3942339358988554
-0.12999999999999998	0.39482504962475706
-0.11999999999999998	0.39537766640823213
-0.10999999999999999	0.3958916102959372
-0.09999999999999999	0.3963667166109362
-0.09	0.39680283204082284
-0.08	0.397199814719322
-0.07	0.39755753430255825
-0.060000000000000005	0.39787587203966196
-0.05	0.3981547208377163
-0.04	0.398393985320992
-0.03	0.39859358188439276
-0.02	0.398753438741084
-0.01	0.3988734959643047
0	0.39895370552326814
0.01	0.3989940313131433
0.02	0.3989944491791361
0.03	0.3989549469345847
0.04	0.39887552437307117
0.05	0.3987561932745782
0.060000000000000005	0.39859697740562916
0.07	0.39839791251341766
0.08	0.39815904631396254
0.09	0.3978804384742559
0.09999999999999999	0.3975621605884033
0.10999999999999999	0.3972042961478162
0.11999999999999998	0.3968069405054422
0.12999999999999998	0.39637020083402885
0.13999999999999999	0.3958941960785059
0.15	0.39537905690267816
0.16	0.39482492562905724
0.17	0.394231956174872
0.18000000000000002	0.393600313980344
0.19000000000000003	0.3929301759321931
0.20000000000000004	0.3922217302812907
0.21000000000000005	0.39147517655469244
0.22000000000000006	0.39069072546209305
0.23000000000000007	0.38986859879677416
0.24000000000000007	0.3890090293311383
0.25000000000000006	0.3881122607068406
0.26000000000000006	0.3871785473196325
0.2700000000000001	0.38620815419900384
0.2800000000000001	0.38520135688265633
0.2900000000000001	0.3841584412859193
0.3000000000000001	0.3830797035662248
0.3100000000000001	0.38196544998266335
0.3200000000000001	0.3808159967507655
0.3300000000000001	0.3796316698926026
0.34000000000000014	0.37841280508228353
0.35000000000000014	0.3771597474869504
0.36000000000000015	0.375872851603419
0.37000000000000016	0.3745524810905278
0.38000000000000017	0.3731990085973085
0.3900000000000002	0.3718128155871402
0.4000000000000002	0.37039429215794756
0.4100000000000002	0.3689438368585811
0.4200000000000002	0.3674618565015188
0.4300000000000002	0.36594876597199805
0.4400000000000002	0.3644049880336839
0.45000000000000023	0.36283095313104385
0.46000000000000024	0.3612270991885392
0.47000000000000025	0.3595938714067356
0.48000000000000026	0.357931722055517
0.49000000000000027	0.35624111026451893
0.5000000000000002	0.3545225018108776
0.5100000000000002	0.3527763689045103
0.5200000000000002	0.3510031899709985
0.5300000000000002	0.3492034494322479
0.5400000000000003	0.34737763748504624
0.5500000000000003	0.3455262498777022
0.5600000000000003	0.3436497876848462
0.5700000000000003	0.3417487570805813
0.5800000000000003	0.3398236691101365
0.5900000000000003	0.3378750394601205
0.6000000000000003	0.3359033882277389
0.6100000000000003	0.3339092396880317
0.6200000000000003	0.3318931220619879
0.6300000000000003	0.32985556728203574
0.6400000000000003	0.3277971107578232
0.6500000000000004	0.3257182911412967
0.6600000000000004	0.32361965009141974
0.6700000000000004	0.3215017320387043
0.6800000000000004	0.31936508394965535
0.6900000000000004	0.317210255091281
0.7000000000000004	0.3150377967958465
0.7100000000000004	0.31284826222596723
0.7200000000000004	0.3106422061401955
0.7300000000000004	0.3084201846592542
0.7400000000000004	0.3061827550330477
0.7500000000000004	0.30393047540855966
0.7600000000000005	0.3016639045988218
0.7700000000000005	0.29938360185305213
0.7800000000000005	0.29709012662809225
0.7900000000000005	0.29478403836129147
0.8000000000000005	0.2924658962449715
0.8100000000000005	0.29013625900254886
0.8200000000000005	0.2877956846665111
0.8300000000000005	0.2854447303583119
0.8400000000000005	0.2830839520703288
0.8500000000000005	0.2807139044499859
0.8600000000000005	0.27833514058619674
0.8700000000000006	0.2759482117981713
0.8800000000000006	0.27355366742675963
0.8900000000000006	0.2711520546284175
0.9000000000000006	0.26874391817188087
0.9100000000000006	0.26632980023767566
0.9200000000000006	0.2639102402205604
0.9300000000000006	0.26148577453498273
0.9400000000000006	0.25905693642364486
0.9500000000000006	0.256624255769301
0.9600000000000006	0.2541882589098232
0.9700000000000006	0.25174946845664675
0.9800000000000006	0.24930840311669944
0.9900000000000007	0.24686557751784666
1.0000000000000007	0.244421502037948
1.0100000000000007	0.24197668263762012
1.0200000000000007	0.2395316206967371
1.0300000000000007	0.23708681285474864
1.0400000000000007	0.23464275085488784
1.0500000000000007	0.23219992139232265
1.0600000000000007	0.2297588059662819
1.0700000000000007	0.22731988073625495
1.0800000000000007	0.22488361638227808
1.0900000000000007	0.2224504779693527
1.1000000000000008	0.22002092481606125
1.1100000000000008	0.21759541036741073
1.1200000000000008	0.21517438207190642
1.1300000000000008	0.21275828126294802
1.1400000000000008	0.21034754304453238
1.1500000000000008	0.20794259618129
1.1600000000000008	0.20554386299289923
1.1700000000000008	0.20315175925289228
1.1800000000000008	0.20076669409183934
1.1900000000000008	0.19838906990496188
1.2000000000000008	0.19601928226416446
1.2100000000000009	0.19365771983448485
1.2200000000000009	0.19130476429497936
1.2300000000000009	0.18896079026403864
1.2400000000000009	0.18662616522912162
1.2500000000000009	0.18430124948090226
1.260000000000001	0.18198639605184264
1.270000000000001	0.17968195065913453
1.280000000000001	0.17738825165203453
1.290000000000001	0.17510562996355433
1.300000000000001	0.17283440906648992
1.310000000000001	0.17057490493374797
1.320000000000001	0.1683274260029883
1.330000000000001	0.16609227314548586
1.340000000000001	0.16386973963923698
1.350000000000001	0.16166011114624138
1.360000000000001	0.15946366569394438
1.370000000000001	0.15728067366076331
1.380000000000001	0.15511139776570487
1.390000000000001	0.15295609306199343
1.400000000000001	0.15081500693465913
1.410000000000001	0.14868837910206054
1.420000000000001	0.14657644162128788
1.430000000000001	0.14447941889735155
1.440000000000001	0.14239752769616287
1.450000000000001	0.14033097716120432
1.460000000000001	0.13827996883383487
1.470000000000001	0.13624469667718891
1.480000000000001	0.1342253471035967
1.490000000000001	0.1322220990054386
1.500000000000001	0.13023512378939914
1.5100000000000011	0.12826458541404817
1.5200000000000011	0.1263106404306487
1.5300000000000011	0.1243734380271579
1.5400000000000011	0.1224531200753336
1.5500000000000012	0.12054982118087429
1.5600000000000012	0.11866366873650515
1.5700000000000012	0.11679478297797005
1.5800000000000012	0.11494327704281072
1.5900000000000012	0.11310925703187867
1.6000000000000012	0.11129282207350924
1.6100000000000012	0.10949406439026368
1.6200000000000012	0.10771306936814941
1.6300000000000012	0.10594991562828157
1.6400000000000012	0.10420467510085792
1.6500000000000012	0.10247741310138259
1.6600000000000013	0.10076818840907832
1.6700000000000013	0.09907705334737518
1.6800000000000013	0.0974040538663967
1.6900000000000013	0.09574922962739499
1.7000000000000013	0.0941126140890109
1.7100000000000013	0.09249423459529664
1.7200000000000013	0.09089411246541901
1.7300000000000013	0.08931226308496887
1.7400000000000013	0.08774869599874056
1.7500000000000013	0.08620341500507557
1.7600000000000013	0.08467641825132927
1.7700000000000014	0.08316769833083085
1.7800000000000014	0.08167724238091507
1.7900000000000014	0.08020503218210823
1.8000000000000014	0.07875104425831804
1.8100000000000014	0.07731524997799441
1.8200000000000014	0.07589761565616206
1.8300000000000014	0.07449810265724284
1.8400000000000014	0.07311666749860081
1.8500000000000014	0.07175326195473938
1.8600000000000014	0.07040783316205834
1.8700000000000014	0.06908032372407945
1.8800000000000014	0.06777067181722864
1.8900000000000015	0.06647881129671483
1.9000000000000015	0.06520467180292505
1.9100000000000015	0.0639481788679242
1.9200000000000015	0.06270925402210276
1.9300000000000015	0.061487814900894895
1.9400000000000015	0.06028377535152016
1.9500000000000015	0.05909704553964649
1.9600000000000015	0.05792753205593094
1.9700000000000015	0.05677513802238348
1.9800000000000015	0.05563976319846922
1.9900000000000015	0.05452130408690832
2.0000000000000013	0.05341965403910556
2.010000000000001	0.05233470336015434
2.020000000000001	0.05126633941335568
2.0300000000000007	0.05021444672420561
2.0400000000000005	0.04917890708379135
2.0500000000000003	0.04815959965153865
2.06	0.04715640105727429
2.07	0.04616918550254594
2.0799999999999996	0.045197824861151724
2.0899999999999994	0.04424218877883367
2.099999999999999	0.043302144772096686
2.109999999999999	0.0423775583261015
2.1199999999999988	0.041468292991594546
2.1299999999999986	0.04057421048084049
2.1399999999999983	0.03969517076250345
2.149999999999998	0.038831032155444055
2.159999999999998	0.03798165142146787
2.1699999999999977	0.03714688385679232
2.1799999999999975	0.03632658338246173
2.1899999999999973	0.035520602633504914
2.199999999999997	0.03472879304684206
2.209999999999997	0.03395100494793413
2.2199999999999966	0.033187087636148256
2.2299999999999964	0.03243688946879494
2.239999999999996	0.03170025794381472
2.249999999999996	0.030977039781129357
2.259999999999996	0.030267081002580805
2.2699999999999956	0.0295702270104806
2.2799999999999954	0.02888632266474451
2.289999999999995	0.028215212358576654
2.299999999999995	0.027556740092717552
2.3099999999999947	0.026910749548209385
2.3199999999999945	0.026277084157711312
2.3299999999999943	0.025655587175301368
2.339999999999994	0.025046101744797867
2.349999999999994	0.02444847096657677
2.3599999999999937	0.023862537962861093
2.3699999999999934	0.023288145941514685
2.3799999999999932	0.022725138258302177
2.389999999999993	0.022173358477627778
2.399999999999993	0.021632650431743217
2.4099999999999926	0.021102858278440564
2.4199999999999924	0.0205838265572011
2.429999999999992	0.02007540024382792
2.439999999999992	0.01957742480355941
2.4499999999999917	0.01908974624265033
2.4599999999999915	0.01861221115844438
2.4699999999999913	0.018144666787941858
2.479999999999991	0.017686961054849938
2.489999999999991	0.017238942615144238
2.4999999999999907	0.016800460901150824
2.5099999999999905	0.01637136616412951
2.5199999999999902	0.015951509515400877
2.52999999999999	0.015540742966014815
2.53999999999999	0.015138919464964666
2.5499999999999896	0.014745892935973472
2.5599999999999894	0.014361518312853051
2.569999999999989	0.013985651573461134
2.579999999999989	0.013618149772253903
2.5899999999999888	0.013258871071476377
2.5999999999999885	0.012907674770971824
2.6099999999999883	0.012564421336655267
2.619999999999988	0.01222897242765454
2.629999999999988	0.011901190922137019
2.6399999999999877	0.01158094094184306
2.6499999999999875	0.011268087875337125
2.6599999999999873	0.010962498400073692
2.669999999999987	0.010664040502911096
2.679999999999987	0.010372583500009669
2.6899999999999866	0.010087998054933848
2.6999999999999864	0.009810156195874362
2.709999999999986	0.009538931331645224
2.719999999999986	0.009274198266613716
2.7299999999999858	0.009015833214214588
2.7399999999999856	0.008763713809942671
2.7499999999999853	0.00851771912271309
2.759999999999985	0.008277729665437281
2.769999999999985	0.00804362740452374
2.7799999999999847	0.007815295768370529
2.7899999999999845	0.007592619654864417
2.7999999999999843	0.007375485437927458
2.809999999999984	0.007163780973114316
2.819999999999984	0.006957395602298543
2.8299999999999836	0.006756220157454794
2.8399999999999834	0.00656014696357846
2.849999999999983	0.006369069840742015
2.859999999999983	0.006182884105337599
2.869999999999983	0.006001486570501969
2.8799999999999826	0.00582477554576755
2.8899999999999824	0.005652650835945279
2.899999999999982	0.005485013739274427
2.909999999999982	0.005321767044858354
2.9199999999999817	0.00516281502939569
2.9299999999999815	0.005008063453252584
2.9399999999999813	0.004857419555877235
2.949999999999981	0.004710792050587352
2.959999999999981	0.004568091118751654
2.9699999999999807	0.004429228403385595
2.9799999999999804	0.004294117002180287
2.9899999999999802	0.004162671459991651
2.99999999999998	0.004034807760804044
3.00999999999998	0.003910443319191284
3.0199999999999796	0.0037894969712967885
3.0299999999999794	0.003671888965351623
3.039999999999979	0.003557540951746005
3.049999999999979	0.0034463759726836626
3.0599999999999787	0.0033383184514302663
3.0699999999999785	0.003233294181169966
3.0799999999999783	0.003131230313506898
3.089999999999978	0.00303205534661183
3.099999999999978	0.002935699113035363
3.1099999999999777	0.0028420927672170265
3.1199999999999775	0.0027511687726919465
3.1299999999999772	0.0026628608890243233
3.139999999999977	0.002577104158474544
3.149999999999977	0.0024938348924250413
3.1599999999999766	0.0024129906575760317
3.1699999999999764	0.0023345102619273766
3.179999999999976	0.0022583337405626142
3.189999999999976	0.002184402341251173
3.1999999999999758	0.002112658509882752
3.2099999999999755	0.0020430458757428665
3.2199999999999753	0.00197550923665873
3.229999999999975	0.0019099945440054068
3.239999999999975	0.0018464488876129789
3.2499999999999747	0.0017848204805672163
3.2599999999999745	0.001725058643918573
3.2699999999999743	0.0016671137913271288
3.279999999999974	0.0016109374136435844
3.289999999999974	0.0015564820634067459
3.2999999999999736	0.0015037013393703735
3.3099999999999734	0.0014525498709321142
3.319999999999973	0.0014029833025780952
3.329999999999973	0.0013549582783116438
3.3399999999999728	0.0013084324260873262
3.3499999999999726	0.0012633643422570462
3.3599999999999723	0.0012197135760105317
3.369999999999972	0.0011774406139052147
3.379999999999972	0.0011365068643744748
3.3899999999999717	0.0010968746423084142
3.3999999999999715	0.0010585071536898985
3.4099999999999713	0.0010213684802883485
3.419999999999971	0.000985423564423973
3.429999999999971	0.0009506381938094231
3.4399999999999706	0.0009169789864759759
3.4499999999999704	0.0008844133757591704
3.45999999999997	0.0008529095955210226
3.46999999999997	0.000822436665199815
3.47999999999997	0.0007929643752402097
3.4899999999999696	0.0007644632725006867
3.4999999999999694	0.0007369046458073851
3.509999999999969	0.0007102605116003352
3.519999999999969	0.0006845035998541717
3.5299999999999687	0.0006596073398429606
3.5399999999999685	0.000635545846322492
3.5499999999999683	0.0006122939057197538
3.559999999999968	0.0005898269624891401
3.569999999999968	0.000568121105609661
3.5799999999999677	0.0005471530552457412
3.5899999999999674	0.0005269001495468115
3.5999999999999672	0.0005073403316250895
3.609999999999967	0.0004884521366546591
3.619999999999967	0.0004702146791671061
3.6299999999999666	0.00045260764049366
3.6399999999999664	0.0004356112563722819
3.649999999999966	0.00041920630472089683
3.659999999999966	0.0004033740935953619
3.6699999999999657	0.00038809644928007494
3.6799999999999655	0.00037335570458378825
3.6899999999999653	0.0003591346872935402
3.699999999999965	0.00034541670879752634
3.709999999999965	0.00033218555289125636
3.7199999999999647	0.0003194254647420033
3.7299999999999645	0.0003071211400442213
3.7399999999999642	0.0002952577143368235
3.749999999999964	0.0002838207525012349
3.759999999999964	0.0002727962384275877
3.7699999999999636	0.00026217056486540634
3.7799999999999634	0.0002519305234368335
3.789999999999963	0.0002420632948290342
3.799999999999963	0.0002325564391619882
3.8099999999999627	0.00022339788652403085
3.8199999999999625	0.0002145759276771153
3.8299999999999623	0.0002060792049464886
3.839999999999962	0.00019789670326145287
3.849999999999962	0.0001900177413785535
3.8599999999999617	0.00018243196326998758
3.8699999999999615	0.00017512932967527143
3.8799999999999613	0.00016810010982717984
3.889999999999961	0.0001613348733180884
3.899999999999961	0.00015482448217772797
3.9099999999999606	0.00014856008304602744
3.9199999999999604	0.00014253309957553008
3.92999999999996	0.00013673522493774817
3.93999999999996	0.0001311584145152467
3.9499999999999598	0.00012579487873696135
3.9599999999999596	0.00012063707607702566
3.9699999999999593	0.00011567770619367636
3.979999999999959	0.00011090970322925578
3.989999999999959	0.00010632622925072635
3.9999999999999587	0.00010192066784085258
4.009999999999959	0.00009768661782938382
4.019999999999959	0.00009361788717306627
4.0299999999999585	0.00008970848697119602
4.039999999999958	0.00008595262561785538
4.049999999999958	0.00008234470310223798
4.059999999999958	0.00007887930542785667
4.069999999999958	0.00007555119917358993
4.079999999999957	0.00007235532618763492
4.089999999999957	0.00006928679840135665
4.099999999999957	0.00006634089277446107
4.109999999999957	0.0000635130463674678
4.119999999999957	0.00006079885152952374
4.129999999999956	0.000058194051211043014
4.139999999999956	0.00005569453439303434
4.149999999999956	0.00005329633163406012
4.159999999999956	0.00005099561072736379
4.1699999999999555	0.00004878867247519624
4.179999999999955	0.000046671946566300386
4.189999999999955	0.000044641987568150265
4.199999999999955	0.00004269547101840532
4.209999999999955	0.00004082918962693462
4.2199999999999545	0.00003904004957178035
4.229999999999954	0.0000373250669001821
4.239999999999954	0.000035681364025617334
4.249999999999954	0.000034106166309908006
4.259999999999954	0.000032596798787571404
4.269999999999953	0.0000311506828790892
4.279999999999953	0.000029765333328904545
4.289999999999953	0.0000284383550992608
4.299999999999953	0.000027167440447300877
4.3099999999999525	0.000025950366039392912
4.319999999999952	0.000024784990158983988
4.329999999999952	0.000023669249997154075
4.339999999999952	0.000022601159010774836
4.349999999999952	0.00002157880436994566
4.3599999999999515	0.000020600344477588404
4.369999999999951	0.000019664006553652942
4.379999999999951	0.00001876808430051935
4.389999999999951	0.000017910935633291414
4.399999999999951	0.000017090980479538597
4.40999999999995	0.000016306698643392026
4.41999999999995	0.000015556627739442477
4.42999999999995	0.000014839361181577754
4.43999999999995	0.000014153546241291167
4.4499999999999496	0.000013497882160425654
4.459999999999949	0.000012871118326666273
4.469999999999949	0.000012272052526003245
4.479999999999949	0.000011699529132785731
4.489999999999949	0.00001115243759358824
4.4999999999999485	0.000010629710748392665
4.509999999999948	0.000010130323199226659
4.519999999999948	9.653289952621152e-6
4.529999999999948	9.19766485951516e-6
4.539999999999948	8.762539232077835e-6
4.549999999999947	8.34704047684617e-6
4.559999999999947	7.950330774785151e-6
4.569999999999947	7.57160580325971e-6
4.579999999999947	7.210093502736135e-6
4.589999999999947	6.865052879726341e-6
4.599999999999946	6.5357728546173025e-6
4.609999999999946	6.2215711460961925e-6
4.619999999999946	5.921793190588403e-6
4.629999999999946	5.635811096521402e-6
4.6399999999999455	5.363022664345029e-6
4.649999999999945	5.102850370962995e-6
4.659999999999945	4.854740462615912e-6
4.669999999999945	4.618162034691188e-6
4.679999999999945	4.392606175974911e-6
4.689999999999944	4.1775850952516605e-6
4.699999999999944	3.972631325810227e-6
4.709999999999944	3.7772969294181437e-6
4.719999999999944	3.5911527550547673e-6
4.729999999999944	3.4137876819790175e-6
4.739999999999943	3.244807928784798e-6
4.749999999999943	3.083836366377989e-6
4.759999999999943	2.9305118781184243e-6
4.769999999999943	2.784488701665944e-6
4.7799999999999425	2.6454358345104236e-6
4.789999999999942	2.5130364355460004e-6
4.799999999999942	2.386987296268512e-6
4.809999999999942	2.266998225430935e-6
4.819999999999942	2.152791605177101e-6
4.8299999999999415	2.044101814819056e-6
4.839999999999941	1.9406747817598603e-6
4.849999999999941	1.842267503674328e-6
4.859999999999941	1.748647600493668e-6
4.869999999999941	1.6595928718047915e-6
4.87999999999994	1.5748909163471963e-6
4.88999999999994	1.4943386071480031e-6
4.89999999999994	1.4177419124633528e-6
4.90999999999994	1.3449152862692762e-6
4.9199999999999395	1.2756815202024568e-6
4.929999999999939	1.2098712762925728e-6
4.939999999999939	1.1473227890729842e-6
4.949999999999939	1.0878815479097018e-6
4.959999999999939	1.031399990184264e-6
4.9699999999999385	9.77737204826864e-7
4.979999999999938	9.267586551019623e-7
4.989999999999938	8.783359027566627e-7
4.999999999999938	8.323463494016484e-7
5.009999999999938	7.886729796913773e-7
5.019999999999937	7.47204146012666e-7
5.029999999999937	7.078333202557645e-7
5.039999999999937	6.704588533806774e-7
5.049999999999937	6.349837916693762e-7
5.0599999999999365	6.0131566319365e-7
5.069999999999936	5.6936628230071e-7
5.079999999999936	5.39051562201659e-7
5.089999999999936	5.102913348103814e-7
5.099999999999936	4.830091782842425e-7
5.1099999999999355	4.571322516194007e-7
5.119999999999935	4.3259113578810886e-7
5.129999999999935	4.0931968144810475e-7
5.139999999999935	3.872548644698949e-7
5.149999999999935	3.6633664545404697e-7
5.159999999999934	3.4650783486045855e-7
5.169999999999934	3.277139664623642e-7
5.179999999999934	3.0990317319300875e-7
5.189999999999934	2.930260702602903e-7
5.199999999999934	2.7703564200263837e-7
5.209999999999933	2.618871364400748e-7
5.219999999999933	2.4753793513801314e-7
5.229999999999933	2.3394755457405307e-7
5.239999999999933	2.2107739495679168e-7
5.2499999999999325	2.0889076357308285e-7
5.259999999999932	1.9735273780055324e-7
5.269999999999932	1.864301236884353e-7
5.279999999999932	1.7609138427688628e-7
5.289999999999932	1.663064075169929e-7
5.299999999999931	1.5704676478353659e-7
5.309999999999931	1.4828527567278713e-7
5.319999999999931	1.3999612599235003e-7
5.329999999999931	1.3215482261861807e-7
5.339999999999931	1.2473802092130988e-7
5.34999999999993	1.1772363780209505e-7
5.35999999999993	1.1109061182389668e-7
5.36999999999993	1.0481895216907024e-7
5.37999999999993	9.888973749211227e-8