-5.659999999999924	9.68589796212734e-8
-5.649999999999924	1.0204487028230869e-7
-5.639999999999924	1.0749934087583305e-7
-5.629999999999924	1.1323580822041146e-7
-5.619999999999925	1.1926829467229073e-7
-5.609999999999925	1.2561154295001517e-7
-5.599999999999925	1.322809546476974e-7
-5.589999999999925	1.3929274075512255e-7
-5.5799999999999255	1.4666379335568717e-7
-5.569999999999926	1.5441179760123325e-7
-5.559999999999926	1.6255538549044347e-7
-5.549999999999926	1.7111399573145698e-7
-5.539999999999926	1.801079669780906e-7
-5.5299999999999265	1.895585605327043e-7
-5.519999999999927	1.9948820224395026e-7
-5.509999999999927	2.0992021353344774e-7
-5.499999999999927	2.208790166514436e-7
-5.489999999999927	2.323901995511559e-7
-5.479999999999928	2.4448055208911683e-7
-5.469999999999928	2.571780938510237e-7
-5.459999999999928	2.705121514861532e-7
-5.449999999999928	2.8451340164498737e-7
-5.4399999999999284	2.9921392518944886e-7
-5.429999999999929	3.1464725837070406e-7
-5.419999999999929	3.308485194508549e-7
-5.409999999999929	3.478544096674585e-7
-5.399999999999929	3.6570332021929754e-7
-5.3899999999999295	3.844353701704747e-7
-5.37999999999993	4.040925480353445e-7
-5.36999999999993	4.2471870123450526e-7
-5.35999999999993	4.463596815487151e-7
-5.34999999999993	4.690634039921293e-7
-5.339999999999931	4.928799424349383e-7
-5.329999999999931	5.178616309559164e-7
-5.319999999999931	5.44063146701532e-7
-5.309999999999931	5.715416137577876e-7
-5.299999999999931	6.003567070707976e-7
-5.289999999999932	6.305707601194797e-7
-5.279999999999932	6.622488768379738e-7
-5.269999999999932	6.954590480905862e-7
-5.259999999999932	7.302722591178992e-7
-5.2499999999999325	7.667626556151798e-7
-5.239999999999933	8.050076484800306e-7
-5.229999999999933	8.450880210035572e-7
-5.219999999999933	8.870881111261295e-7
-5.209999999999933	9.310959445867773e-7
-5.199999999999934	9.772033865400643e-7
-5.189999999999934	1.0255062998065514e-6
-5.179999999999934	1.0761047089057652e-6
-5.169999999999934	1.1291029703196195e-6
-5.159999999999934	1.1846099490104228e-6
-5.149999999999935	1.2427392020634778e-6
-5.139999999999935	1.3036091694114086e-6
-5.129999999999935	1.3673433643886475e-6
-5.119999999999935	1.4340705982880484e-6
-5.1099999999999355	1.5039251800744254e-6
-5.099999999999936	1.577047124636033e-6
-5.089999999999936	1.6535824003118617e-6
-5.079999999999936	1.733683157529737e-6
-5.069999999999936	1.8175079827506574e-6
-5.0599999999999365	1.9052221473153914e-6
-5.049999999999937	1.9969978692607916e-6
-5.039999999999937	2.0930145922750753e-6
-5.029999999999937	2.193459270751566e-6
-5.019999999999937	2.2985266546420603e-6
-5.009999999999938	2.4084196222177314e-6
-4.999999999999938	2.5233494549695885e-6
-4.989999999999938	2.6435361894860504e-6
-4.979999999999938	2.76920896988712e-6
-4.9699999999999385	2.90060636811949e-6
-4.959999999999939	3.0379767632907018e-6
-4.949999999999939	3.181578728678593e-6
-4.939999999999939	3.3316814005099893e-6
-4.929999999999939	3.4885649035100856e-6
-4.9199999999999395	3.6525207378213407e-6
-4.90999999999994	3.823852260329626e-6
-4.89999999999994	4.002875070198257e-6
-4.88999999999994	4.1899175341432195e-6
-4.87999999999994	4.385321225643482e-6
-4.869999999999941	4.589441431176516e-6
-4.859999999999941	4.802647665649825e-6
-4.849999999999941	5.0253242003647354e-6
-4.839999999999941	5.257870608305384e-6
-4.8299999999999415	5.500702337713651e-6
-4.819999999999942	5.754251290443762e-6
-4.809999999999942	6.01896642993581e-6
-4.799999999999942	6.29531441325768e-6
-4.789999999999942	6.583780231588141e-6
-4.7799999999999425	6.88486787132606e-6
-4.769999999999943	7.199101020767687e-6
-4.759999999999943	7.52702377414452e-6
-4.749999999999943	7.8692013656887e-6
-4.739999999999943	8.226220927414518e-6
-4.729999999999944	8.598692290011632e-6
-4.719999999999944	8.98724877758713e-6
-4.709999999999944	9.392548049279084e-6
-4.699999999999944	9.815272968552955e-6
-4.689999999999944	0.000010256132483255579
-4.679999999999945	0.000010715862551494276
-4.669999999999945	0.00001119522709702357
-4.659999999999945	0.000011695018973899448
-4.649999999999945	0.00001221606098502455
-4.6399999999999455	0.000012759206928417389
-4.629999999999946	0.000013325342654377547
-4.619999999999946	0.000013915387187186489
-4.609999999999946	0.000014530293877911252
-4.599999999999946	0.000015171051512490011
-4.589999999999947	0.00001583868562200575
-4.579999999999947	0.000016534259673881296
-4.569999999999947	0.000017258876383597497
-4.559999999999947	0.000018013678970866555
-4.549999999999947	0.000018799852639726317
-4.539999999999948	0.000019618625903575944
-4.529999999999948	0.0000204712720534889
-4.519999999999948	0.000021359110654572284
-4.509999999999948	0.000022283509075642443
-4.4999999999999485	0.000023245884064992144
-4.489999999999949	0.00002424770339269538
-4.479999999999949	0.000025290487503688527
-4.469999999999949	0.000026375811249063302
-4.459999999999949	0.00002750530565643419
-4.4499999999999496	0.00002868065974978281
-4.43999999999995	0.000029903622421339134
-4.42999999999995	0.00003117600435907093
-4.41999999999995	0.00003249968002703307
-4.40999999999995	0.00003387658970039315
-4.399999999999951	0.00003530874154880243
-4.389999999999951	0.000036798213806564164
-4.379999999999951	0.000038347156958331786
-4.369999999999951	0.0000399577960232077
-4.3599999999999515	0.00004163243288001739
-4.349999999999952	0.00004337344866086672
-4.339999999999952	0.00004518330621014087
-4.329999999999952	0.00004706455261455558
-4.319999999999952	0.000049019821781197635
-4.3099999999999525	0.000051051837105545664
-4.299999999999953	0.00005316341420280937
-4.289999999999953	0.00005535746369853657
-4.279999999999953	0.00005763699410629578
-4.269999999999953	0.00006000511478161573
-4.259999999999954	0.00006246503893215372
-4.249999999999954	0.00006502008672022178
-4.239999999999954	0.00006767368844935774
-4.229999999999954	0.00007042938780923217
-4.2199999999999545	0.00007329084521663938
-4.209999999999955	0.00007626184124250405
-4.199999999999955	0.00007934628011279758
-4.189999999999955	0.00008254819329455043
-4.179999999999955	0.00008587174318556468
-4.1699999999999555	0.00008932122687245594
-4.159999999999956	0.0000929010799852464
-4.149999999999956	0.00009661588065383642
-4.139999999999956	0.00010047035354489236
-4.129999999999956	0.00010446937401958247
-4.119999999999957	0.00010861797226561662
-4.109999999999957	0.0001129213377881961
-4.099999999999957	0.00011738482372498163
-4.089999999999957	0.00012201395143173724
-4.079999999999957	0.00012681441501053662
-4.069999999999958	0.00013179208619421815
-4.059999999999958	0.00013695301908875544
-4.049999999999958	0.00014230345514364978
-4.039999999999958	0.00014784982819729322
-4.0299999999999585	0.00015359876964792814
-4.019999999999959	0.00015955711372828667
-4.009999999999959	0.00016573190287910494
-3.9999999999999587	0.00017213039325557992
-3.989999999999959	0.00017876006034294416
-3.979999999999959	0.00018562860467342105
-3.9699999999999593	0.0001927439576867883
-3.9599999999999596	0.00020011428766572576
-3.9499999999999598	0.00020774800586101822
-3.93999999999996	0.00021565377267054054
-3.92999999999996	0.0002238405039519739
-3.9199999999999604	0.00023231737750848476
-3.9099999999999606	0.0002410938396324156
-3.899999999999961	0.00025017961181663317
-3.889999999999961	0.00025958469757655754
-3.8799999999999613	0.00026931938939519254
-3.8699999999999615	0.00027939427581694223
-3.8599999999999617	0.0002898202486454227
-3.849999999999962	0.00030060851027826496
-3.839999999999962	0.0003117705811886166
-3.8299999999999623	0.0003233183075157765
-3.8199999999999625	0.00033526386878945897
-3.8099999999999627	0.0003476197858101124
-3.799999999999963	0.00036039892863134787
-3.789999999999963	0.00037361452468978086
-3.7799999999999634	0.0003872801670730736
-3.7699999999999636	0.0004014098229114683
-3.759999999999964	0.0004160178419105925
-3.749999999999964	0.0004311189650060334
-3.7399999999999642	0.00044672833317277753
-3.7299999999999645	0.0004628614963420623
-3.7199999999999647	0.0004795344224780078
-3.709999999999965	0.0004967635067731041
-3.699999999999965	0.0005145655809724131
-3.6899999999999653	0.0005329579228407778
-3.6799999999999655	0.000551958265760878
-3.6699999999999657	0.0005715848084562026
-3.659999999999966	0.0005918562248399597
-3.649999999999966	0.0006127916740171036
-3.6399999999999664	0.0006344108103834506
-3.6299999999999666	0.0006567337938717115
-3.619999999999967	0.0006797813003260817
-3.609999999999967	0.000703574531981038
-3.5999999999999672	0.000728135228079894
-3.5899999999999674	0.0007534856756147561
-3.5799999999999677	0.000779648720158017
-3.569999999999968	0.0008066477769044995
-3.559999999999968	0.0008345068416581617
-3.5499999999999683	0.0008632505020932218
-3.5399999999999685	0.0008929039490481923
-3.5299999999999687	0.0009234929879500975
-3.519999999999969	0.000955044050329813
-3.509999999999969	0.00098758420541888
-3.4999999999999694	0.00102114117196933
-3.4899999999999696	0.0010557433299370823
-3.47999999999997	0.001091419732471132
-3.46999999999997	0.0011282001179007432
-3.45999999999997	0.001166114921812298
-3.4499999999999704	0.0012051952892012407
-3.4399999999999706	0.0012454730867240355
-3.429999999999971	0.0012869809150030244
-3.419999999999971	0.0013297521209910729
-3.4099999999999713	0.0013738208104222128
-3.3999999999999715	0.0014192218602839322
-3.3899999999999717	0.0014659909314334626
-3.379999999999972	0.0015141644810747609
-3.369999999999972	0.001563779775476194
-3.3599999999999723	0.0016148749026007004
-3.3499999999999726	0.0016674887848091265
-3.3399999999999728	0.0017216611915782853
-3.329999999999973	0.0017774327522001928
-3.319999999999973	0.0018348449686045548
-3.3099999999999734	0.0018939402279855475
-3.2999999999999736	0.0019547618155982003
-3.289999999999974	0.0020173539274630004
-3.279999999999974	0.0020817616830665023
-3.2699999999999743	0.002148031138023104
-3.2599999999999745	0.0022162092966932206
-3.2499999999999747	0.0022863441247831452
-3.239999999999975	0.002358484561852212
-3.229999999999975	0.0024326805337753993
-3.2199999999999753	0.002508982965136681
-3.2099999999999755	0.0025874437915218524
-3.1999999999999758	0.002668115971719385
-3.189999999999976	0.002751053499844265
-3.179999999999976	0.002836311417308072
-3.1699999999999764	0.0029239458246838722
-3.1599999999999766	0.0030140138934470436
-3.149999999999977	0.0031065738775487854
-3.139999999999977	0.0032016851248289624
-3.1299999999999772	0.0032994080882841528
-3.1199999999999775	0.003399804337131969
-3.1099999999999777	0.0035029365676834366
-3.099999999999978	0.0036088686140152214
-3.089999999999978	0.0037176654584245446
-3.0799999999999783	0.0038293932416388556
-3.0699999999999785	0.00394411927279113
-3.0599999999999787	0.004061912039142291
-3.049999999999979	0.00418284121550451
-3.039999999999979	0.004306977673408805
-3.0299999999999794	0.004434393489963138
-3.0199999999999796	0.004565161956375441
-3.00999999999998	0.004699357586173544
-2.99999999999998	0.0048370561230781555
-2.9899999999999802	0.004978334548490286
-2.9799999999999804	0.005123271088631542
-2.9699999999999807	0.005271945221290938
-2.959999999999981	0.0054244376821487245
-2.949999999999981	0.0055808304706908346
-2.9399999999999813	0.0057412068556971065
-2.9299999999999815	0.0059056513802476845
-2.9199999999999817	0.006074249866275703
-2.909999999999982	0.006247089418643041
-2.899999999999982	0.006424258428687316
-2.8899999999999824	0.006605846577258041
-2.8799999999999826	0.006791944837242493
-2.869999999999983	0.006982645475468196
-2.859999999999983	0.007178042054117283
-2.849999999999983	0.007378229431497216
-2.8399999999999834	0.007583303762215075
-2.8299999999999836	0.007793362496719781
-2.819999999999984	0.008008504380226867
-2.809999999999984	0.008228829450960826
-2.7999999999999843	0.008454439037713877
-2.7899999999999845	0.008685435756734814
-2.7799999999999847	0.008921923507882935
-2.769999999999985	0.009164007470046419
-2.759999999999985	0.009411794095831197
-2.7499999999999853	0.009665391105449256
-2.7399999999999856	0.009924907479859486
-2.7299999999999858	0.010190453453073832
-2.719999999999986	0.010462140503661507
-2.709999999999986	0.010740081345385953
-2.6999999999999864	0.01102438991701235
-2.6899999999999866	0.011315181371237602
-2.679999999999987	0.011612572062695234
-2.669999999999987	0.011916679535088143
-2.6599999999999873	0.012227622507379262
-2.6499999999999875	0.012545520859022564
-2.6399999999999877	0.01287049561424474
-2.629999999999988	0.013202668925386607
-2.619999999999988	0.013542164055138688
-2.6099999999999883	0.013889105357894388
-2.5999999999999885	0.014243618260004661
-2.5899999999999888	0.014605829238990013
-2.579999999999989	0.014975865801703183
-2.569999999999989	0.015353856461437292
-2.5599999999999894	0.015739930713911346
-2.5499999999999896	0.016134219012161458
-2.53999999999999	0.016536852740336797
-2.52999999999999	0.01694796418633394
-2.5199999999999902	0.017367686513290317
-2.5099999999999905	0.017796153729941755
-2.4999999999999907	0.01823350065978704
-2.489999999999991	0.01867986290906487
-2.479999999999991	0.019135376833567457
-2.4699999999999913	0.019600179504222597
-2.4599999999999915	0.020074408671452274
-2.4499999999999917	0.02055820272833838
-2.439999999999992	0.02105170067253286
-2.429999999999992	0.021555042066906945
-2.4199999999999924	0.022068366998988957
-2.4099999999999926	0.022591816039116086
-2.399999999999993	0.02312553019731527
-2.389999999999993	0.02366965087893311
-2.3799999999999932	0.024224319838983217
-2.3699999999999934	0.024789679135187676
-2.3599999999999937	0.02536587107976383
-2.349999999999994	0.025953038189916126
-2.339999999999994	0.026551323137012455
-2.3299999999999943	0.02716086869449567
-2.3199999999999945	0.027781817684505997
-2.3099999999999947	0.028414312923233785
-2.299999999999995	0.02905849716472305
-2.289999999999995	0.029714513043963248
-2.2799999999999954	0.03038250301809503
-2.2699999999999956	0.031062609306634174
-2.259999999999996	0.03175497383037995
-2.249999999999996	0.03245973814902098
-2.239999999999996	0.03317704339748569
-2.2299999999999964	0.033907030221062236
-2.2199999999999966	0.034649838709234264
-2.209999999999997	0.0354056083282938
-2.199999999999997	0.036174477852745794
-2.1899999999999973	0.03695658529547684
-2.1799999999999975	0.037752067836718764
-2.1699999999999977	0.03856106175186306
-2.159999999999998	0.03938370233807322
-2.149999999999998	0.040220123839738726
-2.1399999999999983	0.04107045937289717
-2.1299999999999986	0.04193484084817737
-2.1199999999999988	0.04281339889331031
-2.109999999999999	0.043706262773929444
-2.099999999999999	0.04461356031363209
-2.0899999999999994	0.045535417812937476
-2.0799999999999996	0.04647195996727282
-2.07	0.04742330978397266
-2.06	0.04838958849830497
-2.0500000000000003	0.049370915488617155
-2.0400000000000005	0.05036740819058829
-2.0300000000000007	0.05137918201058928
-2.020000000000001	0.05240635023825988
-2.010000000000001	0.05344902395829543
-2.0000000000000013	0.05450731196144207
-1.9900000000000015	0.05558132065480614
-1.9800000000000015	0.05667115397149263
-1.9700000000000015	0.057776913279564766
-1.9600000000000015	0.05889869729042855
-1.9500000000000015	0.060036601966671974
-1.9400000000000015	0.06119072042935845
-1.9300000000000015	0.062361142864855196
-1.9200000000000015	0.06354795643126795
-1.9100000000000015	0.06475124516445127
-1.9000000000000015	0.0659710898836962
-1.8900000000000015	0.06720756809717499
-1.8800000000000014	0.06846075390710041
-1.8700000000000014	0.0697307179147193
-1.8600000000000014	0.07101752712520494
-1.8500000000000014	0.07232124485244022
-1.8400000000000014	0.07364193062377825
-1.8300000000000014	0.07497964008486974
-1.8200000000000014	0.07633442490457558
-1.8100000000000014	0.07770633267992944
-1.8000000000000014	0.07909540684151171
-1.7900000000000014	0.08050168655890157
-1.7800000000000014	0.08192520664653903
-1.7700000000000014	0.08336599746996888
-1.7600000000000013	0.08482408485255107
-1.7500000000000013	0.08629948998264164
-1.7400000000000013	0.08779222932140046
-1.7300000000000013	0.0893023145112461
-1.7200000000000013	0.09082975228495474
-1.7100000000000013	0.09237454437562974
-1.7000000000000013	0.09393668742745745
-1.6900000000000013	0.09551617290739067
-1.6800000000000013	0.09711298701779551
-1.6700000000000013	0.09872711061024218
-1.6600000000000013	0.10035851910019218
-1.6500000000000012	0.10200718238317298
-1.6400000000000012	0.10367306475200844
-1.6300000000000012	0.10535612481543874
-1.6200000000000012	0.1070563154180939
-1.6100000000000012	0.10877358356206852
-1.6000000000000012	0.11050787032991695
-1.5900000000000012	0.11225911080931993
-1.5800000000000012	0.11402723401941169
-1.5700000000000012	0.11581216283891305
-1.5600000000000012	0.11761381393607749
-1.5500000000000012	0.11943209770049691
-1.5400000000000011	0.12126691817697093
-1.5300000000000011	0.12311817300135905
-1.5200000000000011	0.12498575333854481
-1.5100000000000011	0.12686954382273824
-1.500000000000001	0.12876942249974002
-1.490000000000001	0.13068526077180823
-1.480000000000001	0.13261692334485445
-1.470000000000001	0.134564268178206
-1.460000000000001	0.1365271464364439
-1.450000000000001	0.13850540244478593
-1.440000000000001	0.1404988736458361
-1.430000000000001	0.1425073905603939
-1.420000000000001	0.14453077675026393
-1.410000000000001	0.14656884878425402
-1.400000000000001	0.1486214162067904
-1.390000000000001	0.15068828151008024
-1.380000000000001	0.1527692401083692
-1.370000000000001	0.15486408031748727
-1.360000000000001	0.15697258333399072
-1.350000000000001	0.15909452322087528
-1.340000000000001	0.16122966689507306
-1.330000000000001	0.16337777411918888
-1.320000000000001	0.1655385974948573
-1.310000000000001	0.16771188246080818
-1.300000000000001	0.1698973672953485
-1.290000000000001	0.17209478312057638
-1.280000000000001	0.1743038539111896
-1.270000000000001	0.1765242965067988
-1.260000000000001	0.17875582062785317
-1.2500000000000009	0.1809981288953326
-1.2400000000000009	0.18325091685426723
-1.2300000000000009	0.185513873000978
-1.2200000000000009	0.18778667881418037
-1.2100000000000009	0.19006900879004712
-1.2000000000000008	0.19236053048108218
-1.1900000000000008	0.19466090453893306
-1.1800000000000008	0.19696978476126953
-1.1700000000000008	0.19928681814255447
-1.1600000000000008	0.2016116449287673
-1.1500000000000008	0.2039438986763078
-1.1400000000000008	0.20628320631494806
-1.1300000000000008	0.20862918821448456
-1.1200000000000008	0.21098145825607934
-1.1100000000000008	0.21333962390701594
-1.1000000000000008	0.21570328629998511
-1.0900000000000007	0.21807204031635521
-1.0800000000000007	0.22044547467339398
-1.0700000000000007	0.22282317201565746
-1.0600000000000007	0.2252047090105135
-1.0500000000000007	0.22758965644762236
-1.0400000000000007	0.2299775793425025
-1.0300000000000007	0.23236803704420733
-1.0200000000000007	0.23476058334692884
-1.0100000000000007	0.2371547666056233
-1.0000000000000007	0.23955012985567553
-0.9900000000000007	0.241946210936446
-0.9800000000000006	0.24434254261873548
-0.9700000000000006	0.24673865273621162
-0.9600000000000006	0.2491340643205177
-0.9500000000000006	0.25152829574086033
-0.9400000000000006	0.2539208608456555
-0.9300000000000006	0.2563112691105397
-0.9200000000000006	0.258699025787241
-0.9100000000000006	0.26108363205847923
-0.9000000000000006	0.26346458519488075
-0.8900000000000006	0.26584137871622965
-0.8800000000000006	0.2682135025552092
-0.8700000000000006	0.27058044322615216
-0.8600000000000005	0.27294168399521657
-0.8500000000000005	0.275296705055651
-0.8400000000000005	0.27764498370468366
-0.8300000000000005	0.27998599452470957
-0.8200000000000005	0.2823192095664865
-0.8100000000000005	0.2846440985364199
-0.8000000000000005	0.2869601289854923
-0.7900000000000005	0.2892667665020482
-0.7800000000000005	0.29156347490657086
-0.7700000000000005	0.29384971644948515
-0.7600000000000005	0.29612495201096334
-0.7500000000000004	0.29838864130390635
-0.7400000000000004	0.3006402430784352
-0.7300000000000004	0.3028792153290932
-0.7200000000000004	0.3051050155039957
-0.7100000000000004	0.30731710071602547
-0.7000000000000004	0.30951492795580515
-0.6900000000000004	0.31169795430658936
-0.6800000000000004	0.3138656371607231
-0.6700000000000004	0.316017434437716
-0.6600000000000004	0.3181528048036321
-0.6500000000000004	0.32027120789196706
-0.6400000000000003	0.3223721045255469
-0.6300000000000003	0.3244549569395809
-0.6200000000000003	0.32651922900563624
-0.6100000000000003	0.3285643864564389
-0.6000000000000003	0.3305898971113179
-0.5900000000000003	0.3325952311022631
-0.5800000000000003	0.33457986110013377
-0.5700000000000003	0.33654326254231526
-0.5600000000000003	0.33848491385829527
-0.5500000000000003	0.340404296697453
-0.5400000000000003	0.34230089615569725
-0.5300000000000002	0.34417420100204044
-0.5200000000000002	0.3460237039047683
-0.5100000000000002	0.3478489016571379
-0.5000000000000002	0.34964929540238543
-0.49000000000000027	0.3514243908579449
-0.48000000000000026	0.3531736985387204
-0.47000000000000025	0.35489673397932175
-0.46000000000000024	0.35659301795502574
-0.45000000000000023	0.35826207670142524
-0.4400000000000002	0.359903442132595
-0.4300000000000002	0.3615166520575791
-0.4200000000000002	0.3631012503951413
-0.4100000000000002	0.3646567873866195
-0.4000000000000002	0.3661828198067039
-0.3900000000000002	0.3676789111720317
-0.38000000000000017	0.3691446319475038
-0.37000000000000016	0.3705795597501084
-0.36000000000000015	0.371983279550153
-0.35000000000000014	0.37335538386981504
-0.34000000000000014	0.37469547297880496
-0.3300000000000001	0.3760031550870433
-0.3200000000000001	0.3772780465342595
-0.3100000000000001	0.3785197719763199
-0.3000000000000001	0.37972796456818836
-0.2900000000000001	0.3809022661434266
-0.2800000000000001	0.3820423273900605
-0.2700000000000001	0.3831478080226984
-0.26000000000000006	0.38421837695084293
-0.25000000000000006	0.38525371244321016
-0.24000000000000007	0.3862535022879562
-0.23000000000000007	0.3872174439487445
-0.22000000000000006	0.38814524471650985
-0.21000000000000005	0.3890366218567806
-0.20000000000000004	0.3898913027525401
-0.19000000000000003	0.39070902504246147
-0.18000000000000002	0.3914895367544192
-0.17	0.3922325964342227
-0.16	0.3929379732694623
-0.15	0.39360544720834456
-0.13999999999999999	0.39423480907348024
-0.12999999999999998	0.394825860670545
-0.11999999999999998	0.3953784148914685
-0.10999999999999999	0.39589229581334556
-0.09999999999999999	0.39636733878999697
-0.09	0.39680339054004676
-0.08	0.3972003092285102
-0.07	0.39755796454304165
-0.060000000000000005	0.39787623776451386
-0.05	0.39815502183195334
-0.04	0.39839422140174235
-0.03	0.3985937529010482
-0.02	0.398753544575427
-0.01	0.3988735365306166
0	0.39895368076840687
0.01	0.3989939412166089
0.02	0.39899429375310513
0.03	0.3989547262239265
0.04	0.39887523845533757
0.05	0.3987558422599721
0.060000000000000005	0.3985965614369534
0.07	0.3983974317659955
0.08	0.39815850099553723
0.09	0.3978798288248696
0.09999999999999999	0.3975614868802507
0.10999999999999999	0.39720355868507834
0.11999999999999998	0.3968061396240938
0.12999999999999998	0.39636933690162734
0.13999999999999999	0.3958932694939559
0.15	0.39537806809597265
0.16	0.39482387506100886
0.17	0.3942308443368025
0.18000000000000002	0.3935991413937678
0.19000000000000003	0.39292894314847465
0.20000000000000004	0.3922204378812819
0.21000000000000005	0.3914738251483507
0.22000000000000006	0.3906893156880768
0.23000000000000007	0.3898671313220218
0.24000000000000007	0.3890075048504242
0.25000000000000006	0.38811067994231574
0.26000000000000006	0.3871769110203459
0.2700000000000001	0.38620646314040313
0.2800000000000001	0.38519961186607216
0.2900000000000001	0.38415664313803444
0.3000000000000001	0.38307785313852205
0.3100000000000001	0.38196354815086386
0.3200000000000001	0.3808140444142426
0.3300000000000001	0.37962966797378755
0.34000000000000014	0.3784107545260531
0.35000000000000014	0.377157649259999
0.36000000000000015	0.37587070669362094
0.37000000000000016	0.3745502905062815
0.38000000000000017	0.373196773366873
0.3900000000000002	0.37181053675795456
0.4000000000000002	0.37039197079594427
0.4100000000000002	0.3689414740474816
0.4200000000000002	0.36745945334212377
0.4300000000000002	0.3659463235814686
0.4400000000000002	0.3644025075448086
0.45000000000000023	0.3628284356915018
0.46000000000000024	0.3612245459601529
0.47000000000000025	0.3595912835647182
0.48000000000000026	0.3579291007877098
0.49000000000000027	0.3562384567706256
0.5000000000000002	0.3545198173016962
0.5100000000000002	0.35277365460115007
0.5200000000000002	0.35100044710410294
0.5300000000000002	0.34920067924120934
0.5400000000000003	0.3473748412172202
0.5500000000000003	0.34552342878761694
0.5600000000000003	0.3436469430334116
0.5700000000000003	0.34174589013429824
0.5800000000000003	0.33982078114030495
0.5900000000000003	0.3378721317420482
0.6000000000000003	0.3359004620399522
0.6100000000000003	0.3339062963114792
0.6200000000000003	0.3318901627792631
0.6300000000000003	0.32985259337658973
0.6400000000000003	0.3277941235131845
0.6500000000000004	0.3257152918402959
0.6600000000000004	0.32361664001541823
0.6700000000000004	0.32149871246682815
0.6800000000000004	0.3193620561580354
0.6900000000000004	0.3172072203522988
0.7000000000000004	0.3150347563773892
0.7100000000000004	0.31284521739068966
0.7200000000000004	0.3106391581447857
0.7300000000000004	0.30841713475371524
0.7400000000000004	0.30617970445998405
0.7500000000000004	0.3039274254024737
0.7600000000000005	0.30166085638542395
0.7700000000000005	0.2993805566485755
0.7800000000000005	0.29708708563862285
0.7900000000000005	0.29478100278211206
0.8000000000000005	0.2924628672599116
0.8100000000000005	0.29013323778335487
0.8200000000000005	0.28779267237222106
0.8300000000000005	0.28544172813465013
0.8400000000000005	0.283080961049112
0.8500000000000005	0.28071092574854334
0.8600000000000005	0.278332175306806
0.8700000000000006	0.275945261027508
0.8800000000000006	0.2735507322353624
0.8900000000000006	0.2711491360701695
0.9000000000000006	0.2687410172835071
0.9100000000000006	0.2663269180382524
0.9200000000000006	0.26390737771105033
0.9300000000000006	0.26148293269777606
0.9400000000000006	0.2590541162221248
0.9500000000000006	0.2566214581474237
0.9600000000000006	0.25418548479171343
0.9700000000000006	0.25174671874621457
0.9800000000000006	0.24930567869727208
0.9900000000000007	0.24686287925181918
1.0000000000000007	0.2444188307664507
1.0100000000000007	0.241974039180206
1.0200000000000007	0.2395290058510854
1.0300000000000007	0.23708422739638818
1.0400000000000007	0.23464019553693782
1.0500000000000007	0.23219739694525104
1.0600000000000007	0.22975631309768443
1.0700000000000007	0.22731742013064996
1.0800000000000007	0.22488118870092128
1.0900000000000007	0.22244808385006914
1.1000000000000008	0.220018564873097
1.1100000000000008	0.21759308519130113
1.1200000000000008	0.21517209222936334
1.1300000000000008	0.21275602729676618
1.1400000000000008	0.21034532547350854
1.1500000000000008	0.20794041550016953
1.1600000000000008	0.2055417196723307
1.1700000000000008	0.20314965373940502
1.1800000000000008	0.20076462680783705
1.1900000000000008	0.19838704124873083
1.2000000000000008	0.1960172926099042
1.2100000000000009	0.19365576953235186
1.2200000000000009	0.1913028536711454
1.2300000000000009	0.18895891962077208
1.2400000000000009	0.18662433484487756
1.2500000000000009	0.18429945961043276
1.260000000000001	0.18198464692632146
1.270000000000001	0.17968024248629663
1.280000000000001	0.17738658461633164
1.290000000000001	0.1751040042263236
1.300000000000001	0.17283282476613865
1.310000000000001	0.17057336218595254
1.320000000000001	0.1683259249009013
1.330000000000001	0.16609081375996781
1.340000000000001	0.16386832201908982
1.350000000000001	0.16165873531846126
1.360000000000001	0.15946233166398363
1.370000000000001	0.1572793814128059
1.380000000000001	0.15511014726295358
1.390000000000001	0.15295488424696807
1.400000000000001	0.15081383972950185
1.410000000000001	0.14868725340885974
1.420000000000001	0.1465753573224045
1.430000000000001	0.1444783758557586
1.440000000000001	0.1423965257557932
1.450000000000001	0.14033001614730498
1.460000000000001	0.13827904855333606
1.470000000000001	0.13624381691907875
1.480000000000001	0.13422450763929483
1.490000000000001	0.13222129958918977
1.500000000000001	0.13023436415866627
1.5100000000000011	0.12826386528991351
1.5200000000000011	0.12630995951822052
1.5300000000000011	0.12437279601598342
1.5400000000000011	0.12245251663981657
1.5500000000000012	0.12054925598069656
1.5600000000000012	0.11866314141705399
1.5700000000000012	0.11679429317076921
1.5800000000000012	0.11494282436595067
1.5900000000000012	0.11310884109045867
1.6000000000000012	0.1112924424600756
1.6100000000000012	0.10949372068524636
1.6200000000000012	0.10771276114031308
1.6300000000000012	0.10594964243516727
1.6400000000000012	0.10420443648922753
1.6500000000000012	0.10247720860767122
1.6600000000000013	0.10076801755983596
1.6700000000000013	0.099076915659717
1.6800000000000013	0.09740394884844956
1.6900000000000013	0.09574915677874161
1.7000000000000013	0.09411257290113836
1.7100000000000013	0.09249422455203764
1.7200000000000013	0.09089413304339347
1.7300000000000013	0.08931231375402518
1.7400000000000013	0.08774877622239617
1.7500000000000013	0.08620352424093627
1.7600000000000013	0.08467655595153982
1.7700000000000014	0.08316786394248946
1.7800000000000014	0.08167743534650831
1.7900000000000014	0.0802052519399221
1.8000000000000014	0.07875129024285975
1.8100000000000014	0.07731552162040022
1.8200000000000014	0.07589791238460909
1.8300000000000014	0.0744984238973472
1.8400000000000014	0.07311701267381558
1.8500000000000014	0.07175363048674575
1.8600000000000014	0.07040822447115101
1.8700000000000014	0.06908073722955688
1.8800000000000014	0.06777110693773596
1.8900000000000015	0.06647926745064109
1.9000000000000015	0.06520514840875502
1.9100000000000015	0.0639486753445896
1.9200000000000015	0.06270976978933285
1.9300000000000015	0.061488349379554545
1.9400000000000015	0.06028432796394524
1.9500000000000015	0.05909761570996653
1.9600000000000015	0.05792811921039099
1.9700000000000015	0.05677574158964967
1.9800000000000015	0.055640382609940586
1.9900000000000015	0.054521938777002954
2.0000000000000013	0.053420303445553166
2.010000000000001	0.05233536692427608
2.020000000000001	0.05126701658033491
2.0300000000000007	0.05021513694335191
2.0400000000000005	0.04917960980879531
2.0500000000000003	0.048160314340718456
2.06	0.04715712717381607
2.07	0.04616992251473731
2.0799999999999996	0.04519857224259786
2.0899999999999994	0.04424294600867646
2.099999999999999	0.04330291133521964
2.109999999999999	0.0423783337133262
2.1199999999999988	0.04146907669987221
2.1299999999999986	0.04057500201343123
2.1399999999999983	0.03969596962915019
2.149999999999998	0.03883183787248092
2.159999999999998	0.03798246351214139
2.1699999999999977	0.03714770185124589
2.1799999999999975	0.036327406817930875
2.1899999999999973	0.035521431054448396
2.199999999999997	0.03472962600506574
2.209999999999997	0.03395184200270859
2.2199999999999966	0.03318792835431683
2.2299999999999964	0.03243773342487215
2.239999999999996	0.03170110472008089
2.249999999999996	0.030977888967715826
2.259999999999996	0.030267932197548034
2.2699999999999956	0.029571079819887276
2.2799999999999954	0.028887176702711678
2.289999999999995	0.028216067247343147
2.299999999999995	0.027557595462628627
2.3099999999999947	0.026911605037939733
2.3199999999999945	0.02627793941411917
2.3299999999999943	0.02565644185351582
2.339999999999994	0.025046955508245632
2.349999999999994	0.024449323486989
2.3599999999999937	0.023863388920289625
2.3699999999999934	0.023288995024332345
2.3799999999999932	0.022725985163199073
2.389999999999993	0.022174202909602526
2.399999999999993	0.021633492104090386
2.4099999999999926	0.021103696912725903
2.4199999999999924	0.020584661883237678
2.429999999999992	0.020076231999647975
2.439999999999992	0.019578252735372285
2.4499999999999917	0.019090570104806373
2.4599999999999915	0.01861303071338553
2.4699999999999913	0.018145481806150544
2.479999999999991	0.01768777131479606
2.489999999999991	0.017239747903223794
2.4999999999999907	0.016801261011621865
2.5099999999999905	0.01637216089904563
2.5199999999999902	0.015952298684535935
2.52999999999999	0.015541526386790011
2.53999999999999	0.015139696962368665
2.5499999999999896	0.014746664342476888
2.5599999999999894	0.014362283468327137
2.569999999999989	0.013986410325084271
2.579999999999989	0.013618901974421269
2.5899999999999888	0.01325961658570435
2.5999999999999885	0.012908413465799889
2.6099999999999883	0.012565153087546101
2.619999999999988	0.012229697116890535
2.629999999999988	0.01190190843871836
2.6399999999999877	0.01158165118137388
2.6499999999999875	0.011268790739923448
2.6599999999999873	0.010963193798144658
2.669999999999987	0.010664728349300193
2.679999999999987	0.010373263715647115
2.6899999999999866	0.010088670566795932
2.6999999999999864	0.009810820936866135
2.709999999999986	0.00953958824048319
2.719999999999986	0.009274847287643087
2.7299999999999858	0.009016474297478578
2.7399999999999856	0.008764346910873333
2.7499999999999853	0.008518344202072158
2.759999999999985	0.00827834668919518
2.769999999999985	0.00804423634373577
2.7799999999999847	0.0078158965990567
2.7899999999999845	0.007593212357884662
2.7999999999999843	0.007376069998859116
2.809999999999984	0.00716435738213012
2.819999999999984	0.006957963854043076
2.8299999999999836	0.006756780250921384
2.8399999999999834	0.006560698901988291
2.849999999999983	0.006369613631422102
2.859999999999983	0.006183419759597122
2.869999999999983	0.0060020141035148356
2.8799999999999826	0.0058252949764498255
2.8899999999999824	0.005653162186837098
2.899999999999982	0.00548551703642148
2.909999999999982	0.005322262317690593
2.9199999999999817	0.005163302310616622
2.9299999999999815	0.005008542778719526
2.9399999999999813	0.004857890964487536
2.949999999999981	0.004711255584165672
2.959999999999981	0.00456854682193496
2.9699999999999807	0.004429676323515734
2.9799999999999804	0.004294557189192842
2.9899999999999802	0.004163103966307357
2.99999999999998	0.004035232641222061
3.00999999999998	0.003910860630784509
3.0199999999999796	0.003789906773305951
3.0299999999999794	0.0036722913190856176
3.039999999999979	0.003557935920480668
3.049999999999979	0.0034467636215599674
3.0599999999999787	0.0033386988473588057
3.0699999999999785	0.0032336673927383063
3.0799999999999783	0.0031315964108801293
3.089999999999978	0.0030324144014434264
3.099999999999978	0.00293605119837588
3.1099999999999777	0.0028424379574256324
3.1199999999999775	0.002751507143352071
3.1299999999999772	0.0026631925168502497
3.139999999999977	0.0025774291212359956
3.149999999999977	0.0024941532688653612
3.1599999999999766	0.002413302527329196
3.1699999999999764	0.00233481570544256
3.179999999999976	0.0022586328390277344
3.189999999999976	0.0021846951765219077
3.1999999999999758	0.0021129451644016748
3.2099999999999755	0.0020433264324790238
3.2199999999999753	0.0019757837790331688
3.229999999999975	0.001910263155829267
3.239999999999975	0.001846711653020613
3.2499999999999747	0.0017850774839518078
3.2599999999999745	0.0017253099698745695
3.2699999999999743	0.0016673595245893396
3.279999999999974	0.001611177639044337
3.289999999999974	0.001556716865778328
3.2999999999999736	0.0015039308035334432
3.3099999999999734	0.0014527740816303333
3.319999999999973	0.0014032023444280888
3.329999999999973	0.0013551722357532869
3.3399999999999728	0.001308641383340205
3.3499999999999726	0.001263568383286797
3.3599999999999723	0.0012199127844446976
3.369999999999972	0.001177635073035968
3.379999999999972	0.00113669665710011
3.3899999999999717	0.00109705985109893
3.3999999999999715	0.0010586878605509675
3.4099999999999713	0.0010215447667229476
3.419999999999971	0.0009855955114017713
3.429999999999971	0.0009508058817339857
3.4399999999999706	0.0009171424951543905
3.4499999999999704	0.0008845727844213689
3.45999999999997	0.0008530649826486053
3.46999999999997	0.0008225881086434089
3.47999999999997	0.0007931119521472342
3.4899999999999696	0.0007646070592923213
3.4999999999999694	0.0007370447181560673
3.509999999999969	0.0007103969444593566
3.519999999999969	0.0006846364672898778
3.5299999999999687	0.0006597367151648708
3.5399999999999685	0.0006356718020170464
3.5499999999999683	0.0006124165134347513
3.559999999999968	0.0005899462930189658
3.569999999999968	0.0005682372288829796
3.5799999999999677	0.0005472660403123155
3.5899999999999674	0.0005270100645719689
3.5999999999999672	0.0005074472438639947
3.609999999999967	0.0004885561124589217
3.619999999999967	0.00047031578397152454
3.6299999999999666	0.00045270593880885934
3.6399999999999664	0.0004357068117785817
3.649999999999966	0.00041929917986934905
3.659999999999966	0.0004034643501862913
3.6699999999999657	0.0003881841480748974
3.6799999999999655	0.0003734409053983918
3.6899999999999653	0.00035921744899568053
3.699999999999965	0.00034549708930574694
3.709999999999965	0.0003322636091743517
3.7199999999999647	0.000319501252819421
3.7299999999999645	0.0003071947149869763
3.7399999999999642	0.00029532913026893723
3.749999999999964	0.0002838900626013221
3.759999999999964	0.00027286349493416514
3.7699999999999636	0.00026223581907632194
3.7799999999999634	0.0002519938257175996
3.789999999999963	0.00024212469461420828
3.799999999999963	0.00023261598496051038
3.8099999999999627	0.00022345562592488298
3.8199999999999625	0.00021463190735815762
3.8299999999999623	0.00020613347067577236
3.839999999999962	0.0001979492999072665
3.849999999999962	0.00019006871291630604
3.8599999999999617	0.0001824813527887295
3.8699999999999615	0.00017517717938632846
3.8799999999999613	0.00016814646106180794
3.889999999999961	0.00016137976656662508
3.899999999999961	0.0001548679570581231
3.9099999999999606	0.0001486021783534347
3.9199999999999604	0.00014257385326108774
3.92999999999996	0.00013677467412817924
3.93999999999996	0.00013119659549912073
3.9499999999999598	0.00012583182704536787
3.9599999999999596	0.00012067282639922989
3.9699999999999593	0.00011571229248218786
3.979999999999959	0.00011094315864064149
3.989999999999959	0.00010635858617852626
3.9999999999999587	0.0001019519579261996
4.009999999999959	0.00009771687197252184
4.019999999999959	0.00009364713554415116
4.0299999999999585	0.00008973675902129677
4.039999999999958	0.00008597995009011511
4.049999999999958	0.00008237110804314789
4.059999999999958	0.00007890481819785691
4.069999999999958	0.00007557584646065894
4.079999999999957	0.00007237913401538136
4.089999999999957	0.00006930979214210102
4.099999999999957	0.00006636309716087315
4.109999999999957	0.00006353448550300968
4.119999999999957	0.00006081954890081176
4.129999999999956	0.00005821402969584016
4.139999999999956	0.000055713816277279575
4.149999999999956	0.00005331493861894331
4.159999999999956	0.00005101356394097854
4.1699999999999555	0.000048805992483966726
4.179999999999955	0.000046688653386909326
4.189999999999955	0.00004465810067710859
4.199999999999955	0.000042711009365073
4.209999999999955	0.0000408441716420481
4.2199999999999545	0.00003905449317818598
4.229999999999954	0.000037338989525998434
4.239999999999954	0.00003569478261243827
4.249999999999954	0.00003411909733613676
4.259999999999954	0.000032609258243599416
4.269999999999953	0.000031162686322725313
4.279999999999953	0.000029776895850184993
4.289999999999953	0.000028449491366087645
4.299999999999953	0.00002717816470246993
4.3099999999999525	0.00002596069211223243
4.319999999999952	0.00002479493147301217
4.329999999999952	0.00002367881957722232
4.339999999999952	0.00002261036949992249
4.349999999999952	0.000021587668032122108
4.3599999999999515	0.00002060887320881056
4.369999999999951	0.000019672211891582263
4.379999999999951	0.000018775977431103963
4.389999999999951	0.000017918527402582253
4.399999999999951	0.00001709828140037766
4.40999999999995	0.000016313718904112805
4.41999999999995	0.000015563377211848925
4.42999999999995	0.000014845849429871964
4.43999999999995	0.000014159782529420914
4.4499999999999496	0.00001350387546074122
4.459999999999949	0.000012876877326693463
4.469999999999949	0.000012277585593658841
4.479999999999949	0.000011704844451848972
4.489999999999949	0.000011157543042900466
4.4999999999999485	0.000010634613910177577
4.509999999999948	0.000010135031491441139
4.519999999999948	9.657810509722013e-6
4.529999999999948	9.20200458189911e-6
4.539999999999948	8.766704791658622e-6
4.549999999999947	8.351038325114055e-6
4.559999999999947	7.9541671475246e-6
4.569999999999947	7.575286727532114e-6
4.579999999999947	7.21362480154228e-6
4.589999999999947	6.868440180492443e-6
4.599999999999946	6.53902159298696e-6
4.609999999999946	6.224686571465023e-6
4.619999999999946	5.9247803729753686e-6
4.629999999999946	5.6386749318901585e-6
4.6399999999999455	5.365767876116351e-6
4.649999999999945	5.105481521406241e-6
4.659999999999945	4.857261947301826e-6
4.669999999999945	4.620578111092596e-6
4.679999999999945	4.394920936436426e-6
4.689999999999944	4.179802491780337e-6
4.699999999999944	3.974755169852479e-6
4.709999999999944	3.7793308986835865e-6
4.719999999999944	3.5931003903135694e-6
4.729999999999944	3.415652399177829e-6
4.739999999999943	3.2465930179423897e-6
4.749999999999943	3.0855450064156957e-6
4.759999999999943	2.9321471210655968e-6
4.769999999999943	2.786053491629527e-6
4.7799999999999425	2.6469330004060658e-6
4.789999999999942	2.5144687264485917e-6
4.799999999999942	2.3883573240937315e-6
4.809999999999942	2.2683085396672414e-6
4.819999999999942	2.154044632830123e-6
4.8299999999999415	2.04529990078255e-6
4.839999999999941	1.9418201833496847e-6
4.849999999999941	1.843362392704638e-6
4.859999999999941	1.7496940684016946e-6
4.869999999999941	1.6605929241776385e-6
4.87999999999994	1.5758464548605948e-6
4.88999999999994	1.4952515242408233e-6
4.89999999999994	1.418613959468273e-6
4.90999999999994	1.3457482087071783e-6
4.9199999999999395	1.276476968761047e-6
4.929999999999939	1.2106308354145348e-6
4.939999999999939	1.1480479840736796e-6
4.949999999999939	1.088573843455577e-6
4.959999999999939	1.0320607904403016e-6
4.9699999999999385	9.78367863773972e-7
4.979999999999938	9.273604673048739e-7
4.989999999999938	8.789101058574169e-7
4.999999999999938	8.328941385048145e-7
5.009999999999938	7.891955101099748e-7
5.019999999999937	7.477025174193726e-7
5.029999999999937	7.083085782264282e-7
5.039999999999937	6.709120282493115e-7
5.049999999999937	6.354158538074698e-7
5.0599999999999365	6.017275252122401e-7
5.069999999999936	5.697588367809156e-7
5.079999999999936	5.39425664937569e-7
5.089999999999936	5.106478059953979e-7
5.099999999999936	4.833488042149455e-7
5.1099999999999355	4.574557855523469e-7
5.119999999999935	4.32899291572087e-7
5.129999999999935	4.096131569988405e-7
5.139999999999935	3.8753433117381234e-7
5.149999999999935	3.6660273390167454e-7
5.159999999999934	3.4676114509206183e-7
5.169999999999934	3.279550826188169e-7
5.179999999999934	3.1013265204038745e-7
5.189999999999934	2.932444450090066e-7
5.199999999999934	2.7724339525795604e-7
5.209999999999933	2.6208477166845667e-7
5.219999999999933	2.4772595076606087e-7
5.229999999999933	2.3412637406694604e-7
5.239999999999933	2.212474400113541e-7
5.2499999999999325	2.0905243100526986e-7
5.259999999999932	1.975065065759474e-7
5.269999999999932	1.8657631514752494e-7
5.279999999999932	1.7623034689347306e-7
5.289999999999932	1.6643852994012336e-7
5.299999999999931	1.5717234336118462e-7
5.309999999999931	1.4840459668082724e-7
5.319999999999931	1.4010946557319344e-7
5.329999999999931	1.3226244623676432e-7
5.339999999999931	1.2484027212504928e-7
5.34999999999993	1.1782072440381805e-7
5.35999999999993	1.1118279920575903e-7
5.36999999999993	1.0490649035110714e-7
5.37999999999993	9.89728358990787e-8