-5.659999999999924	9.65860352784341e-8
-5.649999999999924	1.0175889613903589e-7
-5.639999999999924	1.0719974720497846e-7
-5.629999999999924	1.1292198628237605e-7
-5.619999999999925	1.1893957193147935e-7
-5.609999999999925	1.252672705941176e-7
-5.599999999999925	1.3192043713734955e-7
-5.589999999999925	1.3891520608961987e-7
-5.5799999999999255	1.4626849330872123e-7
-5.569999999999926	1.5399798009876127e-7
-5.559999999999926	1.6212219962310002e-7
-5.549999999999926	1.7066055698091116e-7
-5.539999999999926	1.7963338932159812e-7
-5.5299999999999265	1.8906195345388305e-7
-5.519999999999927	1.9896853222845872e-7
-5.509999999999927	2.0937644709897084e-7
-5.499999999999927	2.2031010386761568e-7
-5.489999999999927	2.317950417286308e-7
-5.479999999999928	2.438580067095663e-7
-5.469999999999928	2.5652696849012465e-7
-5.459999999999928	2.698312157663437e-7
-5.449999999999928	2.838013159287834e-7
-5.4399999999999284	2.9846933176487076e-7
-5.429999999999929	3.1386878147501985e-7
-5.419999999999929	3.3003468202618776e-7
-5.409999999999929	3.47003698027648e-7
-5.399999999999929	3.6481415057166245e-7
-5.3899999999999295	3.8350610979460086e-7
-5.37999999999993	4.031214685077046e-7
-5.36999999999993	4.237040205109217e-7
-5.35999999999993	4.4529954251357887e-7
-5.34999999999993	4.679558792514261e-7
-5.339999999999931	4.917230394988607e-7
-5.329999999999931	5.166532598134482e-7
-5.319999999999931	5.428011420435178e-7
-5.309999999999931	5.70223725256604e-7
-5.299999999999931	5.98980596112286e-7
-5.289999999999932	6.291339965784386e-7
-5.279999999999932	6.607489359415028e-7
-5.269999999999932	6.938933138832667e-7
-5.259999999999932	7.286380209111603e-7
-5.2499999999999325	7.650570773877533e-7
-5.239999999999933	8.032277779806666e-7
-5.229999999999933	8.432308094839697e-7
-5.219999999999933	8.851503880512816e-7
-5.209999999999933	9.290744185375914e-7
-5.199999999999934	9.750946489416233e-7
-5.189999999999934	1.0233068076827865e-6
-5.179999999999934	1.0738107828029073e-6
-5.169999999999934	1.1267107950699933e-6
-5.159999999999934	1.1821155662757999e-6
-5.149999999999935	1.2401385057002845e-6
-5.139999999999935	1.3008979000965157e-6
-5.129999999999935	1.3645171109815084e-6
-5.119999999999935	1.4311247799322645e-6
-5.1099999999999355	1.5008550405894355e-6
-5.099999999999936	1.5738477396350502e-6
-5.089999999999936	1.6502486642961374e-6
-5.079999999999936	1.7302097820420519e-6
-5.069999999999936	1.813889483085178e-6
-5.0599999999999365	1.9014528404928736e-6
-5.049999999999937	1.993071866217272e-6
-5.039999999999937	2.0889257946130293e-6
-5.029999999999937	2.189201359167189e-6
-5.019999999999937	2.294093091505204e-6
-5.009999999999938	2.403803620264463e-6
-4.999999999999938	2.518543997198325e-6
-4.989999999999938	2.6385340167158495e-6
-4.979999999999938	2.76400255426189e-6
-4.9699999999999385	2.895187921434862e-6
-4.959999999999939	3.0323382322033154e-6
-4.949999999999939	3.175711767616166e-6
-4.939999999999939	3.3255773829932087e-6
-4.929999999999939	3.4822148943139192e-6
-4.9199999999999395	3.645915509443241e-6
-4.90999999999994	3.816982249357402e-6
-4.89999999999994	3.9957304094403e-6
-4.88999999999994	4.182488005646856e-6
-4.87999999999994	4.377596266877171e-6
-4.869999999999941	4.58141011981344e-6
-4.859999999999941	4.7942987184613185e-6
-4.849999999999941	5.016645950067947e-6
-4.839999999999941	5.248851003158528e-6
-4.8299999999999415	5.491328914823091e-6
-4.819999999999942	5.7445111850152305e-6
-4.809999999999942	6.0088463535235e-6
-4.799999999999942	6.2848006345478405e-6
-4.789999999999942	6.5728585422257825e-6
-4.7799999999999425	6.873523657481857e-6
-4.769999999999943	7.187319165901348e-6
-4.759999999999943	7.514788668888807e-6
-4.749999999999943	7.856496876419916e-6
-4.739999999999943	8.213030460292917e-6
-4.729999999999944	8.584998688298098e-6
-4.719999999999944	8.973034342479671e-6
-4.709999999999944	9.377794523528704e-6
-4.699999999999944	9.799961512663458e-6
-4.689999999999944	0.000010240243673645962
-4.679999999999945	0.000010699376359373915
-4.669999999999945	0.000011178122865646011
-4.659999999999945	0.000011677275410632038
-4.649999999999945	0.000012197656145790448
-4.6399999999999455	0.000012740118186231611
-4.629999999999946	0.000013305546699836301
-4.619999999999946	0.000013894860001781126
-4.609999999999946	0.000014509010685449905
-4.599999999999946	0.000015148986850624728
-4.589999999999947	0.00001581581324190367
-4.579999999999947	0.0000165105525262037
-4.569999999999947	0.000017234306624743863
-4.559999999999947	0.00001798821796356206
-4.549999999999947	0.000018773470881359984
-4.539999999999948	0.000019591293030447996
-4.529999999999948	0.00002044295682556619
-4.519999999999948	0.000021329780923216702
-4.509999999999948	0.00002225313176661594
-4.4999999999999485	0.000023214425168796896
-4.489999999999949	0.000024215127916488885
-4.479999999999949	0.00002525675946750006
-4.469999999999949	0.00002634089366284313
-4.459999999999949	0.00002746916049278253
-4.4499999999999496	0.000028643247920828398
-4.43999999999995	0.00002986490375632171
-4.42999999999995	0.00003113593758062386
-4.41999999999995	0.00003245822272317532
-4.40999999999995	0.000033833698304617485
-4.399999999999951	0.00003526437132092741
-4.389999999999951	0.00003675231878970204
-4.379999999999951	0.00003829968997311882
-4.369999999999951	0.000039908708629984124
-4.3599999999999515	0.00004158167535828869
-4.349999999999952	0.00004332096998351737
-4.339999999999952	0.00004512905401787025
-4.329999999999952	0.00004700847317896701
-4.319999999999952	0.00004896185999144254
-4.3099999999999525	0.00005099193643669998
-4.299999999999953	0.000053101516684339314
-4.289999999999953	0.00005529350989273368
-4.279999999999953	0.00005757092308440869
-4.269999999999953	0.000059936864083167163
-4.259999999999954	0.00006239454454738925
-4.249999999999954	0.00006494728306392569
-4.239999999999954	0.00006759850832184432
-4.229999999999954	0.00007035176237641869
-4.2199999999999545	0.00007321070398464034
-4.209999999999955	0.00007617911202270923
-4.199999999999955	0.0000792608889945395
-4.189999999999955	0.00008246006462617825
-4.179999999999955	0.0000857807995330065
-4.1699999999999555	0.00008922738899415234
-4.159999999999956	0.00009280426681307497
-4.149999999999956	0.00009651600925593157
-4.139999999999956	0.00010036733909564209
-4.129999999999956	0.00010436312974987252
-4.119999999999957	0.00010850840953128092
-4.109999999999957	0.00011280836593276693
-4.099999999999957	0.00011726835009798893
-4.089999999999957	0.00012189388132154411
-4.079999999999957	0.00012669065171603717
-4.069999999999958	0.0001316645309078942
-4.059999999999958	0.00013682157089548786
-4.049999999999958	0.0001421680109935551
-4.039999999999958	0.00014771028289008764
-4.0299999999999585	0.0001534550158024788
-4.019999999999959	0.0001594090417499702
-4.009999999999959	0.0001655794009498551
-3.9999999999999587	0.00017197334730622877
-3.989999999999959	0.00017859835402047453
-3.979999999999959	0.00018546211933278447
-3.9699999999999593	0.00019257257235322413
-3.9599999999999596	0.00019993787904808418
-3.9499999999999598	0.00020756644829486375
-3.93999999999996	0.00021546693810248552
-3.92999999999996	0.00022364826195405172
-3.9199999999999604	0.00023211959522449123
-3.9099999999999606	0.00024089038178024038
-3.899999999999961	0.00024997034066430164
-3.889999999999961	0.0002593694729291961
-3.8799999999999613	0.0002690980685932109
-3.8699999999999615	0.0002791667137054394
-3.8599999999999617	0.00028958629757382885
-3.849999999999962	0.00030036802009461675
-3.839999999999962	0.0003115233992227135
-3.8299999999999623	0.00032306427857013584
-3.8199999999999625	0.00033500283515073295
-3.8099999999999627	0.00034735158722739413
-3.799999999999963	0.00036012340231877086
-3.789999999999963	0.00037333150533241206
-3.7799999999999634	0.00038698948682003976
-3.7699999999999636	0.0004011113113876356
-3.759999999999964	0.00041571132619634595
-3.749999999999964	0.0004308042696725831
-3.7399999999999642	0.00044640528027454287
-3.7299999999999645	0.00046252990543898685
-3.7199999999999647	0.00047919411063983855
-3.709999999999965	0.0004964142885871397
-3.699999999999965	0.0005142072685726117
-3.6899999999999653	0.0005325903259235577
-3.6799999999999655	0.0005515811916067955
-3.6699999999999657	0.0005711980619337729
-3.659999999999966	0.0005914596084650264
-3.649999999999966	0.0006123849879575632
-3.6399999999999664	0.0006339938525006431
-3.6299999999999666	0.0006563063597573954
-3.619999999999967	0.0006793431833241494
-3.609999999999967	0.0007031255232395535
-3.5999999999999672	0.0007276751165959654
-3.5899999999999674	0.0007530142482697331
-3.5799999999999677	0.0007791657618123252
-3.569999999999968	0.0008061530703306363
-3.559999999999968	0.0008340001677053872
-3.5499999999999683	0.0008627316397156359
-3.5399999999999685	0.0008923726753674628
-3.5299999999999687	0.0009229490783105276
-3.519999999999969	0.0009544872783690951
-3.509999999999969	0.0009870143431962282
-3.4999999999999694	0.0010205579898942623
-3.4899999999999696	0.0010551465969841078
-3.47999999999997	0.001090809216224751
-3.46999999999997	0.001127575584635183
-3.45999999999997	0.001165476136577298
-3.4499999999999704	0.0012045420159333292
-3.4399999999999706	0.0012448050883317764
-3.429999999999971	0.0012862979534675144
-3.419999999999971	0.0013290539574860513
-3.4099999999999713	0.0013731072054164576
-3.3999999999999715	0.0014184925736566527
-3.3899999999999717	0.0014652457225832688
-3.379999999999972	0.0015134031090639451
-3.369999999999972	0.0015630019991395073
-3.3599999999999723	0.0016140804806943508
-3.3499999999999726	0.0016666774761434626
-3.3399999999999728	0.0017208327551500894
-3.329999999999973	0.001776586947355815
-3.319999999999973	0.0018339815551712017
-3.3099999999999734	0.0018930589664321762
-3.2999999999999736	0.001953862467204242
-3.289999999999974	0.0020164362544853463
-3.279999999999974	0.002080825448895827
-3.2699999999999743	0.002147076107364906
-3.2599999999999745	0.0022152352357582197
-3.2499999999999747	0.002285350801450572
-3.239999999999975	0.0023574717458723603
-3.229999999999975	0.002431647996964831
-3.2199999999999753	0.0025079304815669805
-3.2099999999999755	0.0025863711377278253
-3.1999999999999758	0.002667022926921841
-3.189999999999976	0.0027499398461387752
-3.179999999999976	0.002835176939895759
-3.1699999999999764	0.0029227903121037684
-3.1599999999999766	0.0030128371377880674
-3.149999999999977	0.003105375674682218
-3.139999999999977	0.003200465274664271
-3.1299999999999772	0.0032981663949968373
-3.1199999999999775	0.003398540609408932
-3.1099999999999777	0.0035016506189846637
-3.099999999999978	0.0036075602628261785
-3.089999999999978	0.00371633452850878
-3.0799999999999783	0.0038280395623154226
-3.0699999999999785	0.003942742679202193
-3.0599999999999787	0.004060512372513623
-3.049999999999979	0.004181418323444692
-3.039999999999979	0.004305531410185088
-3.0299999999999794	0.004432923716774409
-3.0199999999999796	0.004563668541662209
-3.00999999999998	0.004697840405908758
-2.99999999999998	0.004835515061049194
-2.9899999999999802	0.004976769496619303
-2.9799999999999804	0.005121681947279838
-2.9699999999999807	0.005270331899557029
-2.959999999999981	0.005422800098190162
-2.949999999999981	0.005579168552046053
-2.9399999999999813	0.005739520539585525
-2.9299999999999815	0.0059039406139033525
-2.9199999999999817	0.006072514607276291
-2.909999999999982	0.006245329635221133
-2.899999999999982	0.00642247410006798
-2.8899999999999824	0.006604037694002441
-2.8799999999999826	0.006790111401515398
-2.869999999999983	0.006980787501512966
-2.859999999999983	0.0071761595684736185
-2.849999999999983	0.00737632247336412
-2.8399999999999834	0.007581372383790653
-2.8299999999999836	0.0077914067635576015
-2.819999999999984	0.008006524371563406
-2.809999999999984	0.008226825260051931
-2.7999999999999843	0.008452410772194446
-2.7899999999999845	0.008683383538944324
-2.7799999999999847	0.008919847475201949
-2.769999999999985	0.009161907775250158
-2.759999999999985	0.009409670907370387
-2.7499999999999853	0.009663244607931384
-2.7399999999999856	0.009922737874251337
-2.7299999999999858	0.010188260957077864
-2.719999999999986	0.01045992535203558
-2.709999999999986	0.010737843790289785
-2.6999999999999864	0.01102213022833203
-2.6899999999999866	0.011312899836890277
-2.679999999999987	0.01161026898897129
-2.669999999999987	0.011914355246959541
-2.6599999999999873	0.012225277348804783
-2.6499999999999875	0.012543155193316644
-2.6399999999999877	0.012868109824231911
-2.629999999999988	0.013200263413760299
-2.619999999999988	0.01353973924491063
-2.6099999999999883	0.013886661692502649
-2.5999999999999885	0.014241156203629708
-2.5899999999999888	0.014603349276839879
-2.579999999999989	0.014973368440291904
-2.569999999999989	0.015351342228818397
-2.5599999999999894	0.015737400159936358
-2.5499999999999896	0.016131672708734005
-2.53999999999999	0.016534291281624702
-2.52999999999999	0.01694538818899625
-2.5199999999999902	0.017365096616706037
-2.5099999999999905	0.017793550596398495
-2.4999999999999907	0.01823088497467095
-2.489999999999991	0.01867723538106506
-2.479999999999991	0.019132738194826516
-2.4699999999999913	0.019597530510491467
-2.4599999999999915	0.020071750102259953
-2.4499999999999917	0.020555535387110465
-2.439999999999992	0.021049025386703987
-2.429999999999992	0.021552359688053902
-2.4199999999999924	0.02206567840291102
-2.4099999999999926	0.02258912212590755
-2.399999999999993	0.023122831891447912
-2.389999999999993	0.023666949129299782
-2.3799999999999932	0.024221615618917728
-2.3699999999999934	0.024786973442505248
-2.3599999999999937	0.025363164936759455
-2.349999999999994	0.025950332643333362
-2.339999999999994	0.0265486192580342
-2.3299999999999943	0.027158167578695745
-2.3199999999999945	0.027779120451758642
-2.3099999999999947	0.02841162071760772
-2.299999999999995	0.029055811154506492
-2.289999999999995	0.029711834421396764
-2.2799999999999954	0.030379832999285112
-2.2699999999999956	0.031059949131403593
-2.259999999999996	0.03175232476206491
-2.249999999999996	0.032457101474277474
-2.239999999999996	0.03317442042608344
-2.2299999999999964	0.03390442228561561
-2.2199999999999966	0.03464724716494826
-2.209999999999997	0.03540303455269351
-2.199999999999997	0.03617192324534872
-2.1899999999999973	0.03695405127746591
-2.1799999999999975	0.037749555850613736
-2.1699999999999977	0.038558573261122275
-2.159999999999998	0.03938123882669768
-2.149999999999998	0.040217686811870115
-2.1399999999999983	0.0410680503522933
-2.1299999999999986	0.04193246137794116
-2.1199999999999988	0.04281105053522486
-2.109999999999999	0.04370394710799484
-2.099999999999999	0.04461127893752337
-2.0899999999999994	0.04553317234146511
-2.0799999999999996	0.046469752031787014
-2.07	0.04742114103173944
-2.06	0.0483874605919028
-2.0500000000000003	0.04936883010527348
-2.0400000000000005	0.05036536702147944
-2.0300000000000007	0.051377186760163826
-2.020000000000001	0.05240440262351091
-2.010000000000001	0.05344712570798327
-2.0000000000000013	0.054505464815341596
-1.9900000000000015	0.0555795263629123
-1.9800000000000015	0.05666941429317459
-1.9700000000000015	0.057775229982739054
-1.9600000000000015	0.058897072150701245
-1.9500000000000015	0.06003503676642237
-1.9400000000000015	0.06118921695683793
-1.9300000000000015	0.06235970291326756
-1.9200000000000015	0.06354658179777947
-1.9100000000000015	0.06474993764922343
-1.9000000000000015	0.0659698512889039
-1.8900000000000015	0.06720640022595682
-1.8800000000000014	0.0684596585625219
-1.8700000000000014	0.06972969689873125
-1.8600000000000014	0.07101658223753562
-1.8500000000000014	0.07232037788949516
-1.8400000000000014	0.07364114337753486
-1.8300000000000014	0.07497893434172342
-1.8200000000000014	0.07633380244416452
-1.8100000000000014	0.07770579527401125
-1.8000000000000014	0.07909495625273107
-1.7900000000000014	0.08050132453957842
-1.7800000000000014	0.08192493493747521
-1.7700000000000014	0.08336581779919418
-1.7600000000000013	0.08482399893405203
-1.7500000000000013	0.08629949951512692
-1.7400000000000013	0.08779233598701795
-1.7300000000000013	0.08930251997426254
-1.7200000000000013	0.09083005819049753
-1.7100000000000013	0.09237495234834946
-1.7000000000000013	0.09393719907021207
-1.6900000000000013	0.09551678979992088
-1.6800000000000013	0.09711371071540109
-1.6700000000000013	0.09872794264239067
-1.6600000000000013	0.10035946096921897
-1.6500000000000012	0.10200823556292976
-1.6400000000000012	0.10367423068646096
-1.6300000000000012	0.10535740491733873
-1.6200000000000012	0.10705771106762975
-1.6100000000000012	0.10877509610547521
-1.6000000000000012	0.11050950107810761
-1.5900000000000012	0.11226086103656324
-1.5800000000000012	0.11402910496194418
-1.5700000000000012	0.11581415569357352
-1.5600000000000012	0.1176159298590014
-1.5500000000000012	0.11943433780572746
-1.5400000000000011	0.12126928353518064
-1.5300000000000011	0.12312066463840407
-1.5200000000000011	0.12498837223432897
-1.5100000000000011	0.12687229090968702
-1.500000000000001	0.12877229866163398
-1.490000000000001	0.13068826684256157
-1.480000000000001	0.13262006010715624
-1.470000000000001	0.13456753636215793
-1.460000000000001	0.13653054671857068
-1.450000000000001	0.138508935446513
-1.440000000000001	0.14050253993259115
-1.430000000000001	0.142511190640444
-1.420000000000001	0.1445347110730396
-1.410000000000001	0.14657291773990086
-1.400000000000001	0.14862562012460262
-1.390000000000001	0.15069262065757633
-1.380000000000001	0.1527737146902406
-1.370000000000001	0.15486869047439494
-1.360000000000001	0.15697732914190723
-1.350000000000001	0.15909940468989323
-1.340000000000001	0.16123468396849353
-1.330000000000001	0.16338292667208623
-1.320000000000001	0.16554388533419756
-1.310000000000001	0.16771730532429155
-1.300000000000001	0.16990292485023958
-1.290000000000001	0.17210047496315278
-1.280000000000001	0.1743096795660349
-1.270000000000001	0.17653025542606784
-1.260000000000001	0.17876191219065352
-1.2500000000000009	0.18100435240715448
-1.2400000000000009	0.18325727154635849
-1.2300000000000009	0.18552035802984507
-1.2200000000000009	0.18779329326116628
-1.2100000000000009	0.19007575166083482
-1.2000000000000008	0.19236740070532085
-1.1900000000000008	0.19466790096997827
-1.1800000000000008	0.19697690617583763
-1.1700000000000008	0.19929406324046567
-1.1600000000000008	0.20161901233283777
-1.1500000000000008	0.20395138693220133
-1.1400000000000008	0.2062908138909685
-1.1300000000000008	0.20863691350177072
-1.1200000000000008	0.21098929956840337
-1.1100000000000008	0.2133475794809977
-1.1000000000000008	0.21571135429524282
-1.0900000000000007	0.21808021881559048
-1.0800000000000007	0.22045376168268388
-1.0700000000000007	0.2228315654647939
-1.0600000000000007	0.22521320675328646
-1.0500000000000007	0.22759825626225783
-1.0400000000000007	0.22998627893217996
-1.0300000000000007	0.23237683403752518
-1.0200000000000007	0.23476947529850029
-1.0100000000000007	0.2371637509967592
-1.0000000000000007	0.23955920409503298
-0.9900000000000007	0.24195537236078984
-0.9800000000000006	0.24435178849380218
-0.9700000000000006	0.2467479802575397
-0.9600000000000006	0.2491434706142536
-0.9500000000000006	0.2515377778650696
-0.9400000000000006	0.25393041579124903
-0.9300000000000006	0.2563208938022579
-0.9200000000000006	0.258708717084809
-0.9100000000000006	0.26109338675782173
-0.9000000000000006	0.2634744000297465
-0.8900000000000006	0.2658512503588076
-0.8800000000000006	0.26822342761851486
-0.8700000000000006	0.2705904182643599
-0.8600000000000005	0.27295170550612013
-0.8500000000000005	0.2753067694815689
-0.8400000000000005	0.27765508743442846
-0.8300000000000005	0.27999613389495653
-0.8200000000000005	0.28232938086382475
-0.8100000000000005	0.2846542979987078
-0.8000000000000005	0.2869703528040612
-0.7900000000000005	0.2892770108233581
-0.7800000000000005	0.29157373583408475
-0.7700000000000005	0.2938599900456643
-0.7600000000000005	0.29613523429932703
-0.7500000000000004	0.29839892827098674
-0.7400000000000004	0.3006505306758613
-0.7300000000000004	0.3028894994757954
-0.7200000000000004	0.30511529208830274
-0.7100000000000004	0.30732736559788393
-0.7000000000000004	0.3095251769690526
-0.6900000000000004	0.311708183261205
-0.6800000000000004	0.3138758418451344
-0.6700000000000004	0.3160276106211476
-0.6600000000000004	0.31816294823853997
-0.6500000000000004	0.32028131431634776
-0.6400000000000003	0.3223821696654541
-0.6300000000000003	0.32446497651156697
-0.6200000000000003	0.3265291987192236
-0.6100000000000003	0.32857430201664833
-0.6000000000000003	0.33059975422119103
-0.5900000000000003	0.3326050254654002
-0.5800000000000003	0.33458958842345965
-0.5700000000000003	0.3365529185381434
-0.5600000000000003	0.338494494247412
-0.5500000000000003	0.34041379721159226
-0.5400000000000003	0.34231031254013056
-0.5300000000000002	0.3441835290181974
-0.5200000000000002	0.3460329393328887
-0.5100000000000002	0.34785804029890055
-0.5000000000000002	0.34965833308352606
-0.49000000000000027	0.3514333234309047
-0.48000000000000026	0.3531825218852882
-0.47000000000000025	0.354905444013229
-0.46000000000000024	0.35660161062458495
-0.45000000000000023	0.3582705479921468
-0.4400000000000002	0.3599117880697588
-0.4300000000000002	0.36152486870883577
-0.4200000000000002	0.36310933387309363
-0.4100000000000002	0.3646647338513471
-0.4000000000000002	0.3661906254683023
-0.3900000000000002	0.36768657229314
-0.38000000000000017	0.3691521448457635
-0.37000000000000016	0.3705869208006228
-0.36000000000000015	0.3719904851879392
-0.35000000000000014	0.3733624305921828
-0.34000000000000014	0.37470235734772256
-0.3300000000000001	0.3760098737314908
-0.3200000000000001	0.3772845961525046
-0.3100000000000001	0.3785261493381723
-0.3000000000000001	0.37973416651723374
-0.2900000000000001	0.38090828959918854
-0.2800000000000001	0.3820481693501168
-0.2700000000000001	0.3831534655647943
-0.26000000000000006	0.3842238472349098
-0.25000000000000006	0.3852589927133368
-0.24000000000000007	0.3862585898743487
-0.23000000000000007	0.3872223362695955
-0.22000000000000006	0.3881499392798034
-0.21000000000000005	0.3890411162620884
-0.20000000000000004	0.38989559469271945
-0.19000000000000003	0.39071311230529315
-0.18000000000000002	0.3914934172242129
-0.17	0.39223626809334283
-0.16	0.3929414341997667
-0.15	0.3936086955925964
-0.13999999999999999	0.39423784319668365
-0.12999999999999998	0.3948286789211761
-0.11999999999999998	0.39538101576286416
-0.10999999999999999	0.39589467790429755
-0.09999999999999999	0.39636950080631045
-0.09	0.39680533129534806
-0.08	0.39720202764516305
-0.07	0.39755945965295
-0.060000000000000005	0.3978775087098846
-0.05	0.39815606786598046
-0.04	0.39839504188919456
-0.03	0.3985943473187903
-0.02	0.3987539125128866
-0.01	0.3988736776901251
0	0.3989535949654919
0.01	0.39899362838021923
0.02	0.39899375392572445
0.03	0.39895395956161567
0.04	0.3988742452277318
0.05	0.3987546228501549
0.060000000000000005	0.39859511634126205
0.07	0.39839576159377044
0.08	0.398156606468768
0.09	0.39787771077775286
0.09999999999999999	0.39755914625870725
0.10999999999999999	0.39720099654616225
0.11999999999999998	0.3968033571353174
0.12999999999999998	0.3963663353402427
0.13999999999999999	0.395890050246138
0.15	0.395374632655727
0.16	0.39482022502976155
0.17	0.394226981421823
0.18000000000000002	0.3935950674072126
0.19000000000000003	0.39292466000621423
0.20000000000000004	0.3922159476016441
0.21000000000000005	0.3914691298507798
0.22000000000000006	0.3906844175917356
0.23000000000000007	0.3898620327443347
0.24000000000000007	0.3890022082055222
0.25000000000000006	0.38810518773944175
0.26000000000000006	0.38717122586220076
0.2700000000000001	0.3862005877213973
0.2800000000000001	0.38519354897054103
0.2900000000000001	0.3841503956384035
0.3000000000000001	0.3830714239933768
0.3100000000000001	0.38195694040298733
0.3200000000000001	0.38080726118860714
0.3300000000000001	0.37962271247546703
0.34000000000000014	0.3784036300380914
0.35000000000000014	0.3771503591412544
0.36000000000000015	0.3758632543765273
0.37000000000000016	0.37454267949457604
0.38000000000000017	0.3731890072332956
0.3900000000000002	0.3718026191418829
0.4000000000000002	0.3703839054009862
0.4100000000000002	0.3689332646390604
0.4200000000000002	0.36745110374500045
0.4300000000000002	0.3659378376772228
0.4400000000000002	0.3643938892693233
0.45000000000000023	0.36281968903239414
0.46000000000000024	0.36121567495416346
0.47000000000000025	0.35958229229510685
0.48000000000000026	0.3579199933816164
0.49000000000000027	0.35622923739638723
0.5000000000000002	0.35451049016618275
0.5100000000000002	0.35276422394706547
0.5200000000000002	0.3509909172072635
0.5300000000000002	0.3491910544078221
0.5400000000000003	0.3473651257811589
0.5500000000000003	0.3455136271076606
0.5600000000000003	0.3436370594905086
0.5700000000000003	0.34173592912882206
0.5800000000000003	0.3398107470892871
0.5900000000000003	0.3378620290764338
0.6000000000000003	0.3358902952017003
0.6100000000000003	0.3338960697513071
0.6200000000000003	0.33187988095341553
0.6300000000000003	0.329842260744293
0.6400000000000003	0.3277837445339243
0.6500000000000004	0.32570487097112055
0.6600000000000004	0.32360618170827415
0.6700000000000004	0.32148822116588693
0.6800000000000004	0.31935153629705115
0.6900000000000004	0.31719667635200577
0.7000000000000004	0.3150241926428976
0.7100000000000004	0.31283463830891034
0.7200000000000004	0.31062856808191164
0.7300000000000004	0.30840653805270524
0.7400000000000004	0.30616910543807635
0.7500000000000004	0.303916828348763
0.7600000000000005	0.30165026555844787
0.7700000000000005	0.2993699762739405
0.7800000000000005	0.2970765199066812
0.7900000000000005	0.2947704558456776
0.8000000000000005	0.29245234323199665
0.8100000000000005	0.29012274073498273
0.8200000000000005	0.2877822063302695
0.8300000000000005	0.28543129707972953
0.8400000000000005	0.28307056891350896
0.8500000000000005	0.28070057641421853
0.8600000000000005	0.27832187260340924
0.8700000000000006	0.2759350087304834
0.8800000000000006	0.273540534064091
0.8900000000000006	0.2711389956861586
0.9000000000000006	0.2687309382886415
0.9100000000000006	0.2663169039731169
0.9200000000000006	0.2638974320532784
0.9300000000000006	0.26147305886047734
0.9400000000000006	0.25904431755237745
0.9500000000000006	0.2566117379247993
0.9600000000000006	0.2541758462268824
0.9700000000000006	0.2517371649796201
0.9800000000000006	0.24929621279784264
0.9900000000000007	0.24685350421575167
1.0000000000000007	0.24440954951607147
1.0100000000000007	0.24196485456287078
1.0200000000000007	0.23951992063815156
1.0300000000000007	0.23707524428225657
1.0400000000000007	0.2346313171381528
1.0500000000000007	0.2321886257996551
1.0600000000000007	0.2297476516636599
1.0700000000000007	0.22730887078640422
1.0800000000000007	0.22487275374383525
1.0900000000000007	0.22243976549612265
1.1000000000000008	0.2200103652563552
1.1100000000000008	0.21758500636344072
1.1200000000000008	0.21516413615929986
1.1300000000000008	0.21274819587032023
1.1400000000000008	0.2103376204931311
1.1500000000000008	0.20793283868474166
1.1600000000000008	0.20553427265702814
1.1700000000000008	0.20314233807559803
1.1800000000000008	0.20075744396307887
1.1900000000000008	0.1983799926067967
1.2000000000000008	0.19601037947087635
1.2100000000000009	0.19364899311278036
1.2200000000000009	0.19129621510426825
1.2300000000000009	0.18895241995676776
1.2400000000000009	0.18661797505119646
1.2500000000000009	0.18429324057218444
1.260000000000001	0.18197856944669288
1.270000000000001	0.17967430728704453
1.280000000000001	0.17738079233832577
1.290000000000001	0.17509835543013125
1.300000000000001	0.17282731993265885
1.310000000000001	0.17056800171711808
1.320000000000001	0.16832070912040403
1.330000000000001	0.16608574291403727
1.340000000000001	0.16386339627732974
1.350000000000001	0.16165395477471894
1.360000000000001	0.1594576963372529
1.370000000000001	0.1572748912482017
1.380000000000001	0.15510580213269648
1.390000000000001	0.1529506839514157
1.400000000000001	0.1508097839982302
1.410000000000001	0.14868334190177215
1.420000000000001	0.14657158963085992
1.430000000000001	0.14447475150376618
1.440000000000001	0.14239304420121376
1.450000000000001	0.14032667678308763
1.460000000000001	0.13827585070879211
1.470000000000001	0.13624075986117837
1.480000000000001	0.13422159057398297
1.490000000000001	0.13221852166274028
1.500000000000001	0.13023172445905537
1.5100000000000011	0.12826136284820194
1.5200000000000011	0.12630759330997632
1.5300000000000011	0.12437056496271615
1.5400000000000011	0.12245041961042373
1.5500000000000012	0.12054729179292975
1.5600000000000012	0.11866130883900733
1.5700000000000012	0.11679259092236685
1.5800000000000012	0.11494125112045578
1.5900000000000012	0.11310739547599566
1.6000000000000012	0.11129112306115334
1.6100000000000012	0.10949252604429152
1.6200000000000012	0.10771168975922131
1.6300000000000012	0.10594869277683751
1.6400000000000012	0.10420360697911665
1.6500000000000012	0.10247649763535129
1.6600000000000013	0.10076742348054528
1.6700000000000013	0.09907643679590461
1.6800000000000013	0.09740358349134537
1.6900000000000013	0.09574890318989591
1.7000000000000013	0.09411242931396518
1.7100000000000013	0.09249418917336208
1.7200000000000013	0.09089420405498738
1.7300000000000013	0.08931248931412437
1.7400000000000013	0.08774905446723266
1.7500000000000013	0.08620390328623528
1.7600000000000013	0.08467703389402326
1.7700000000000014	0.08316843886136661
1.7800000000000014	0.08167810530494844
1.7900000000000014	0.08020601498650995
1.8000000000000014	0.07875214441304519
1.8100000000000014	0.07731646493793286
1.8200000000000014	0.0758989428629401
1.8300000000000014	0.07449953954103461
1.8400000000000014	0.07311821147990386
1.8500000000000014	0.07175491044612008
1.8600000000000014	0.07040958356987714
1.8700000000000014	0.0690821734502112
1.8800000000000014	0.06777261826067867
1.8900000000000015	0.06648085185530923
1.9000000000000015	0.06520680387491826
1.9100000000000015	0.06395039985357388
1.9200000000000015	0.06271156132522188
1.9300000000000015	0.06149020593038799
1.9400000000000015	0.06028624752285893
1.9500000000000015	0.05909959627632974
1.9600000000000015	0.05793015879091755
1.9700000000000015	0.05677783819947529
1.9800000000000015	0.05564253427366658
1.9900000000000015	0.05452414352973974
2.0000000000000013	0.05342255933390819
2.010000000000001	0.05233767200732611
2.020000000000001	0.051269368930575036
2.0300000000000007	0.05021753464760751
2.0400000000000005	0.04918205096910816
2.0500000000000003	0.048162797075209166
2.06	0.047159649617516494
2.07	0.046172482820381895
2.0799999999999996	0.045201168581410565
2.0899999999999994	0.04424557657111008
2.099999999999999	0.04330557433166566
2.109999999999999	0.042381027374808145
2.1199999999999988	0.041471799278702474
2.1299999999999986	0.040577751783836054
2.1399999999999983	0.03969874488787287
2.149999999999998	0.038834636939424995
2.159999999999998	0.03798528473070201
2.1699999999999977	0.03715054358903444
2.1799999999999975	0.036330267467196344
2.1899999999999973	0.0355243090325283
2.199999999999997	0.034732519754821445
2.209999999999997	0.033954749992931854
2.2199999999999966	0.033190849080100414
2.2299999999999964	0.032440665407959
2.239999999999996	0.031704046509197586
2.249999999999996	0.03098083913885428
2.259999999999996	0.030270889354242225
2.2699999999999956	0.029574042593462167
2.2799999999999954	0.02889014375249401
2.289999999999995	0.028219037260861196
2.299999999999995	0.027560567155824868
2.3099999999999947	0.02691457715518129
2.3199999999999945	0.02628091072845441
2.3299999999999943	0.025659411166733988
2.339999999999994	0.025049921650943566
2.349999999999994	0.024452285318628544
2.3599999999999937	0.023866345329228867
2.3699999999999934	0.023291944927836088
2.3799999999999932	0.022728927507426867
2.389999999999993	0.022177136669575843
2.399999999999993	0.021636416283646504
2.4099999999999926	0.021106610544439762
2.4199999999999924	0.02058756402833686
2.429999999999992	0.02007912174790323
2.439999999999992	0.01958112920497093
2.4499999999999917	0.019093432442206675
2.4599999999999915	0.01861587809316318
2.4699999999999913	0.018148313430812867
2.479999999999991	0.017690586414593663
2.489999999999991	0.01724254573594982
2.4999999999999907	0.01680404086237609
2.5099999999999905	0.016374922080005076
2.5199999999999902	0.015955040534707268
2.52999999999999	0.015544248271741069
2.53999999999999	0.015142398273954926
2.5499999999999896	0.014749344498555176
2.5599999999999894	0.014364941912453976
2.569999999999989	0.013989046526205327
2.579999999999989	0.013621515426555236
2.5899999999999888	0.01326220680760578
2.5999999999999885	0.012910980000624876
2.6099999999999883	0.012567695502501367
2.619999999999988	0.012232215002877845
2.629999999999988	0.011904401409965529
2.6399999999999877	0.011584118875068824
2.6499999999999875	0.01127123281583513
2.6599999999999873	0.010965609938288627
2.669999999999987	0.01066711825737768
2.679999999999987	0.010375627116824722
2.6899999999999866	0.010091007207244288
2.6999999999999864	0.009813130583353659
2.709999999999986	0.009541870679969153
2.719999999999986	0.009277102326916434
2.7299999999999858	0.009018701762572663
2.7399999999999856	0.008766546646823022
2.7499999999999853	0.008520516072423866
2.759999999999985	0.008280490575593514
2.769999999999985	0.0080463521454981
2.7799999999999847	0.007817984232739042
2.7899999999999845	0.007595271756864363
2.7999999999999843	0.007378101112903741
2.809999999999984	0.00716636017697022
2.819999999999984	0.006959938310947503
2.8299999999999836	0.006758726366272426
2.8399999999999834	0.006562616686850711
2.849999999999983	0.006371503111127572
2.859999999999983	0.0061852809733198505
2.869999999999983	0.006003847103850301
2.8799999999999826	0.005827099828998454
2.8899999999999824	0.005654938969789634
2.899999999999982	0.005487265840147167
2.909999999999982	0.005323983244327399
2.9199999999999817	0.0051649954736668995
2.9299999999999815	0.0050102083026475385
2.9399999999999813	0.004859528984319458
2.949999999999981	0.004712866245097664
2.959999999999981	0.004570130278944585
2.9699999999999807	0.0044312327409705395
2.9799999999999804	0.004296086740475073
2.9899999999999802	0.004164606833436662
2.99999999999998	0.004036709014480256
3.00999999999998	0.003912310708355081
3.0199999999999796	0.003791330760911745
3.0299999999999794	0.0036736894296290306
3.039999999999979	0.0035593083736995055
3.049999999999979	0.003448110643681482
3.0599999999999787	0.003340020670760013
3.0699999999999785	0.0032349642556111532
3.0799999999999783	0.0031328685569118908
3.089999999999978	0.0030336620794883863
3.099999999999978	0.002937274662147137
3.1099999999999777	0.0028436374651833207
3.1199999999999775	0.0027526829575997523
3.1299999999999772	0.002664344904047085
3.139999999999977	0.0025785583515008084
3.149999999999977	0.0024952596156933887
3.1599999999999766	0.002414386267319508
3.1699999999999764	0.002335877118025557
3.179999999999976	0.002259672206203915
3.189999999999976	0.0021857127825990106
3.1999999999999758	0.002113941295756195
3.2099999999999755	0.002044301377302772
3.2199999999999753	0.0019767378270956447
3.229999999999975	0.001911196598252471
3.239999999999975	0.0018476247820510472
3.2499999999999747	0.0017859705927424285
3.2599999999999745	0.0017261833522754424
3.2699999999999743	0.0016682134749414173
3.279999999999974	0.0016120124519701175
3.289999999999974	0.0015575328360190662
3.2999999999999736	0.001504728225734762
3.3099999999999734	0.0014535532501715016
3.319999999999973	0.0014039635532467907
3.329999999999973	0.0013559157781837848
3.3399999999999728	0.001309367551941545
3.3499999999999726	0.001264277469688526
3.3599999999999723	0.0012206050792167521
3.369999999999972	0.0011783108655205102
3.379999999999972	0.0011373562352823194
3.3899999999999717	0.0010977035014758127
3.3999999999999715	0.0010593158680004416
3.4099999999999713	0.001022157414387524
3.419999999999971	0.0009861930805682923
3.429999999999971	0.0009513886517252746
3.4399999999999706	0.0009177107432216784
3.4499999999999704	0.0008851267856048623
3.45999999999997	0.0008536050098061821
3.46999999999997	0.0008231144322346053
3.47999999999997	0.0007936248401900118
3.4899999999999696	0.0007651067772822276
3.4999999999999694	0.0007375315289896108
3.509999999999969	0.0007108711083223035
3.519999999999969	0.0006850982417155572
3.5299999999999687	0.0006601863548425644
3.5399999999999685	0.0006361095587804233
3.5499999999999683	0.0006128426362048439
3.559999999999968	0.0005903610277527322
3.569999999999968	0.000568640818530314
3.5799999999999677	0.0005476587247722619
3.5899999999999674	0.0005273920806416054
3.5999999999999672	0.0005078188252378573
3.609999999999967	0.0004889174896636482
3.619999999999967	0.00047066718435020705
3.6299999999999666	0.00045304758649481857
3.6399999999999664	0.0004360389276755181
3.649999999999966	0.00041962198162032237
3.659999999999966	0.000403778052192561
3.6699999999999657	0.00038848896144942283
3.6799999999999655	0.00037373703796884423
3.6899999999999653	0.0003595051052955074
3.699999999999965	0.00034577647057318616
3.709999999999965	0.0003325349133463692
3.7199999999999647	0.00031976467453783737
3.7299999999999645	0.00030745044559773804
3.7399999999999642	0.0002955773578285866
3.749999999999964	0.0002841309718852188
3.759999999999964	0.0002730972674468288
3.7699999999999636	0.00026246263306201805
3.7799999999999634	0.00025221385617207474
3.789999999999963	0.00024233811330620907
3.799999999999963	0.00023282296044353068
3.8099999999999627	0.0002236563235574244
3.8199999999999625	0.00021482648932749968
3.8299999999999623	0.00020632209601491493
3.839999999999962	0.0001981321245216083
3.849999999999962	0.00019024588960896635
3.8599999999999617	0.00018265303128412114
3.8699999999999615	0.0001753435063603401
3.8799999999999613	0.00016830758018097135
3.889999999999961	0.00016153581848172085
3.899999999999961	0.00015501907948262561
3.9099999999999606	0.00014874850604851926
3.9199999999999604	0.00014271551810108367
3.92999999999996	0.00013691180512493661
3.93999999999996	0.000131329318862697
3.9499999999999598	0.000125960266135435
3.9599999999999596	0.00012079710187200713
3.9699999999999593	0.00011583252221356509
3.979999999999959	0.00011105945784714855
3.989999999999959	0.00010647106742710264
3.9999999999999587	0.00010206073117069281
4.009999999999959	0.00009782204459351368
4.019999999999959	0.00009374881238438722
4.0299999999999585	0.00008983504242393304
4.039999999999958	0.00008607493994404072
4.049999999999958	0.00008246290181160403
4.059999999999958	0.00007899351096413164
4.069999999999958	0.00007566153096643939
4.079999999999957	0.0000724619006986467
4.089999999999957	0.00006938972917680102
4.099999999999957	0.00006644029049877248
4.109999999999957	0.00006360901890870287
4.119999999999957	0.0000608915039931741
4.129999999999956	0.000058283485990138755
4.139999999999956	0.000055780851219365446
4.149999999999956	0.000053379627624589526
4.159999999999956	0.00005107598043959663
4.1699999999999555	0.00004886620795235098
4.179999999999955	0.00004674673738990325
4.189999999999955	0.00004471412090458938
4.199999999999955	0.000042765031671489244
4.209999999999955	0.0000408962600818259
4.2199999999999545	0.00003910471004593126
4.229999999999954	0.000037387395389924604
4.239999999999954	0.00003574143635393822
4.249999999999954	0.000034164056182051904
4.259999999999954	0.000032652577811630965
4.269999999999953	0.00003120442064318561
4.279999999999953	0.000029817097416708295
4.289999999999953	0.000028488211159082026
4.299999999999953	0.00002721545222541354
4.3099999999999525	0.000025996595426842803
4.319999999999952	0.000024829497234901422
4.329999999999952	0.000023712093066106074
4.339999999999952	0.0000226423946509711
4.349999999999952	0.000021618487473336757
4.3599999999999515	0.000020638528287301062
4.369999999999951	0.000019700742707428925
4.379999999999951	0.000018803422869200122
4.389999999999951	0.00001794492515980125
4.399999999999951	0.000017123668016881976
4.40999999999995	0.00001633812979395447
4.41999999999995	0.000015586846688965036
4.42999999999995	0.00001486841073857658
4.43999999999995	0.000014181467871274155
4.4499999999999496	0.000013524716021716192
4.459999999999949	0.000012896903304444827
4.469999999999949	0.000012296826253808723
4.479999999999949	0.000011723328062602213
4.489999999999949	0.000011175296992793105
4.4999999999999485	0.000010651664729481808
4.509999999999948	0.000010151404791346033
4.519999999999948	9.67353109071314e-6
4.529999999999948	9.21709643078559e-6
4.539999999999948	8.781191102589771e-6
4.549999999999947	8.364941522732154e-6
4.559999999999947	7.967508908810074e-6
4.569999999999947	7.588088004127196e-6
4.579999999999947	7.2259058381036615e-6
4.589999999999947	6.880220537464683e-6
4.599999999999946	6.550320166611958e-6
4.609999999999946	6.235521610961016e-6
4.619999999999946	5.9351695030096735e-6
4.629999999999946	5.648635207214315e-6
4.6399999999999455	5.375315685032143e-6
4.649999999999945	5.11463271993513e-6
4.659999999999945	4.866031874077376e-6
4.669999999999945	4.6289814939051756e-6
4.679999999999945	4.402972019932478e-6
4.689999999999944	4.187515015602689e-6
4.699999999999944	3.982142384995908e-6
4.709999999999944	3.7864055898061866e-6
4.719999999999944	3.599874869774317e-6
4.729999999999944	3.4221385412706158e-6
4.739999999999943	3.2528022754084015e-6
4.749999999999943	3.091488401152439e-6
4.759999999999943	2.9378352803023943e-6
4.769999999999943	2.791496651411771e-6
4.7799999999999425	2.652141026814379e-6
4.789999999999942	2.5194511098672e-6
4.799999999999942	2.3931232122793997e-6
4.809999999999942	2.2728667304185356e-6
4.819999999999942	2.158403600541176e-6
4.8299999999999415	2.0494677986639306e-6
4.839999999999941	1.9458048592836807e-6
4.849999999999941	1.8471713959045445e-6
4.859999999999941	1.7533346573019074e-6
4.869999999999941	1.6640720891845597e-6
4.87999999999994	1.5791709135552973e-6
4.88999999999994	1.4984277305916145e-6
4.89999999999994	1.421648127497114e-6
4.90999999999994	1.3486463086383373e-6
4.9199999999999395	1.279244735492722e-6
4.929999999999939	1.213273781281365e-6
4.939999999999939	1.1505714040101435e-6
4.949999999999939	1.0909828244679605e-6
4.959999999999939	1.0343602183999307e-6
4.9699999999999385	9.805624268833068e-7
4.979999999999938	9.294546716670785e-7
4.989999999999938	8.80908278240031e-7
4.999999999999938	8.348004359054193e-7
5.009999999999938	7.910139174626417e-7
5.019999999999937	7.494368585898716e-7
5.029999999999937	7.099625219637908e-7
5.039999999999937	6.724890572103894e-7
5.049999999999937	6.369193627279189e-7
5.0599999999999365	6.031607695675357e-7
5.069999999999936	5.711249207552795e-7
5.079999999999936	5.407275644794847e-7
5.089999999999936	5.118883738262025e-7
5.099999999999936	4.845307742841718e-7
5.1099999999999355	4.585817746450113e-7
5.119999999999935	4.339718179799692e-7
5.129999999999935	4.106346228935858e-7
5.139999999999935	3.885070309111845e-7
5.149999999999935	3.675288839603646e-7
5.159999999999934	3.476428577538601e-7
5.169999999999934	3.287943773708792e-7
5.179999999999934	3.109314652471464e-7
5.189999999999934	2.9400462862441497e-7
5.199999999999934	2.779667510289234e-7
5.209999999999933	2.6277295442070505e-7
5.219999999999933	2.483805710758824e-7
5.229999999999933	2.3474900879288825e-7
5.239999999999933	2.2183958006023502e-7
5.2499999999999325	2.0961551302998086e-7
5.259999999999932	1.980418179656312e-7
5.269999999999932	1.8708521586733037e-7
5.279999999999932	1.767140554395749e-7
5.289999999999932	1.6689823725638155e-7
5.299999999999931	1.5760915763843947e-7
5.309999999999931	1.4881961616654215e-7
5.319999999999931	1.4050377032189413e-7
5.329999999999931	1.3263700198467506e-7
5.339999999999931	1.2519596801127816e-7
5.34999999999993	1.1815852520145002e-7
5.35999999999993	1.1150354247059238e-7
5.36999999999993	1.0521101282716708e-7
5.37999999999993	9.926190994824695e-8