-5.659999999999924	9.601361491719715e-8
-5.649999999999924	1.0115913312890474e-7
-5.639999999999924	1.0657139462107736e-7
-5.629999999999924	1.1226372451774439e-7
-5.619999999999925	1.1825010415369321e-7
-5.609999999999925	1.2454513933653004e-7
-5.599999999999925	1.3116420248078857e-7
-5.589999999999925	1.3812331509067954e-7
-5.5799999999999255	1.4543931925352144e-7
-5.569999999999926	1.5312988322286342e-7
-5.559999999999926	1.6121343807129884e-7
-5.549999999999926	1.6970929953166225e-7
-5.539999999999926	1.7863770666009482e-7
-5.5299999999999265	1.880199271218605e-7
-5.519999999999927	1.97878083728463e-7
-5.509999999999927	2.082354407803332e-7
-5.499999999999927	2.191163097639351e-7
-5.489999999999927	2.3054616840514563e-7
-5.479999999999928	2.425516204345471e-7
-5.469999999999928	2.5516055855689825e-7
-5.459999999999928	2.684021393465589e-7
-5.449999999999928	2.823068720534389e-7
-5.4399999999999284	2.969066850636146e-7
-5.429999999999929	3.1223497341742225e-7
-5.419999999999929	3.2832665961658417e-7
-5.409999999999929	3.452182623003076e-7
-5.399999999999929	3.629479695799167e-7
-5.3899999999999295	3.8155573383698297e-7
-5.37999999999993	4.010832985042375e-7
-5.36999999999993	4.2157430124880705e-7
-5.35999999999993	4.4307438071873675e-7
-5.34999999999993	4.656312263561194e-7
-5.339999999999931	4.892946794012722e-7
-5.329999999999931	5.141168233698717e-7
-5.319999999999931	5.401520804703613e-7
-5.309999999999931	5.674573106797275e-7
-5.299999999999931	5.960919152089373e-7
-5.289999999999932	6.261179438040809e-7
-5.279999999999932	6.576002224246489e-7
-5.269999999999932	6.906064221368687e-7
-5.259999999999932	7.252072104384552e-7
-5.2499999999999325	7.614764096265937e-7
-5.239999999999933	7.99491078306038e-7
-5.229999999999933	8.393316803704351e-7
-5.219999999999933	8.810821751593548e-7
-5.209999999999933	9.248301974226566e-7
-5.199999999999934	9.706672409214431e-7
-5.189999999999934	1.0186887674664813e-6
-5.179999999999934	1.0689943865009794e-6
-5.169999999999934	1.1216880252589279e-6
-5.159999999999934	1.1768781046395657e-6
-5.149999999999935	1.2346777228272567e-6
-5.139999999999935	1.2952048449436261e-6
-5.129999999999935	1.3585824999054204e-6
-5.119999999999935	1.424938985470976e-6
-5.1099999999999355	1.4944080801543793e-6
-5.099999999999936	1.5671292632854685e-6
-5.089999999999936	1.643247942205385e-6
-5.079999999999936	1.7229156929333469e-6
-5.069999999999936	1.8062905023773058e-6
-5.0599999999999365	1.8935370215067092e-6
-5.049999999999937	1.984826836976026e-6
-5.039999999999937	2.0803387320950457e-6
-5.029999999999937	2.1802589809520434e-6
-5.019999999999937	2.2847816470920074e-6
-5.009999999999938	2.3941088586699597e-6
-4.999999999999938	2.508451168560423e-6
-4.989999999999938	2.6280278421887863e-6
-4.979999999999938	2.7530672308776226e-6
-4.9699999999999385	2.883807069086091e-6
-4.959999999999939	3.020494909337535e-6
-4.949999999999939	3.1633884541423925e-6
-4.939999999999939	3.312755924511835e-6
-4.929999999999939	3.4688765417113093e-6
-4.9199999999999395	3.6320408455236217e-6
-4.90999999999994	3.802551173816952e-6
-4.89999999999994	3.980722152083015e-6
-4.88999999999994	4.166881089997017e-6
-4.87999999999994	4.361368484631097e-6
-4.869999999999941	4.564538516292314e-6
-4.859999999999941	4.776759562245726e-6
-4.849999999999941	4.998414712400474e-6
-4.839999999999941	5.229902335831172e-6
-4.8299999999999415	5.471636631303209e-6
-4.819999999999942	5.724048223249616e-6
-4.809999999999942	5.987584759853391e-6
-4.799999999999942	6.2627115397520516e-6
-4.789999999999942	6.549912169388164e-6
-4.7799999999999425	6.8496891779430855e-6
-4.769999999999943	7.1625647918771235e-6
-4.759999999999943	7.489081582958722e-6
-4.749999999999943	7.829803246261262e-6
-4.739999999999943	8.18531528455217e-6
-4.729999999999944	8.55622589225631e-6
-4.719999999999944	8.94316670203197e-6
-4.709999999999944	9.346793640044383e-6
-4.699999999999944	9.767787775646487e-6
-4.689999999999944	0.000010206856228314065
-4.679999999999945	0.000010664733077108718
-4.669999999999945	0.000011142180306917452
-4.659999999999945	0.000011639988791455362
-4.649999999999945	0.00001215897930278716
-4.6399999999999455	0.00001270000354090111
-4.629999999999946	0.000013263945219873407
-4.619999999999946	0.000013851721165985266
-4.609999999999946	0.000014464282457406464
-4.599999999999946	0.000015102615623197743
-4.589999999999947	0.000015767743770784328
-4.579999999999947	0.000016460727956717548
-4.569999999999947	0.000017182668411239215
-4.559999999999947	0.000017934705800917638
-4.549999999999947	0.000018718022717508334
-4.539999999999948	0.000019533844996724675
-4.529999999999948	0.00002038344319570048
-4.519999999999948	0.000021268134072487985
-4.509999999999948	0.000022189282121180178
-4.4999999999999485	0.000023148301165103628
-4.489999999999949	0.000024146655950722564
-4.479999999999949	0.000025185863850749695
-4.469999999999949	0.00002626749657244311
-4.459999999999949	0.000027393181926257516
-4.4499999999999496	0.000028564605645864768
-4.43999999999995	0.000029783513254928507
-4.42999999999995	0.000031051712007933045
-4.41999999999995	0.00003237107285482218
-4.40999999999995	0.00003374353248069707
-4.399999999999951	0.00003517109539817163
-4.389999999999951	0.000036655836087808586
-4.379999999999951	0.00003819990121733684
-4.369999999999951	0.000039805511904747354
-4.3599999999999515	0.00004147496604730215
-4.349999999999952	0.00004321064071450869
-4.339999999999952	0.000045014994612574104
-4.329999999999952	0.000046890570594036884
-4.319999999999952	0.00004883999825939126
-4.3099999999999525	0.00005086599661572043
-4.299999999999953	0.00005297137679461854
-4.289999999999953	0.0000551590448605704
-4.279999999999953	0.00005743200468755026
-4.269999999999953	0.000059793360891120666
-4.259999999999954	0.00006224632186046447
-4.249999999999954	0.00006479420285893208
-4.239999999999954	0.00006744042919137902
-4.229999999999954	0.00007018853946571776
-4.2199999999999545	0.00007304218893741837
-4.209999999999955	0.00007600515292172304
-4.199999999999955	0.00007908133029723487
-4.189999999999955	0.00008227474710981071
-4.179999999999955	0.00008558956023639647
-4.1699999999999555	0.0000890300611539652
-4.159999999999956	0.00009260067980620413
-4.149999999999956	0.00009630598854213467
-4.139999999999956	0.0001001507061560723
-4.129999999999956	0.00010413970201667126
-4.119999999999957	0.00010827800036629904
-4.109999999999957	0.00011257078453624306
-4.099999999999957	0.00011702340145705761
-4.089999999999957	0.00012164136614949299
-4.079999999999957	0.00012643036642374824
-4.069999999999958	0.0001313962675140246
-4.059999999999958	0.00013654511698899232
-4.049999999999958	0.00014188314967247375
-4.039999999999958	0.00014741679270983087
-4.0299999999999585	0.00015315267072885526
-4.019999999999959	0.00015909761110280874
-4.009999999999959	0.00016525864935090334
-3.9999999999999587	0.00017164303463443437
-3.989999999999959	0.00017825823536302658
-3.979999999999959	0.0001851119449335587
-3.9699999999999593	0.0001922120875841292
-3.9599999999999596	0.00019956682433266
-3.9499999999999598	0.00020718455909473973
-3.93999999999996	0.00021507394488213825
-3.92999999999996	0.00022324389010736515
-3.9199999999999604	0.00023170356506702173
-3.9099999999999606	0.00024046240850865685
-3.899999999999961	0.00024953013432295443
-3.889999999999961	0.0002589167383765931
-3.8799999999999613	0.00026863250547654873
-3.8699999999999615	0.00027868801643972987
-3.8599999999999617	0.000289094155308912
-3.849999999999962	0.0002998621167015107
-3.839999999999962	0.00031100341327507884
-3.8299999999999623	0.00032252988332841524
-3.8199999999999625	0.0003344536985489359
-3.8099999999999627	0.00034678737186951477
-3.799999999999963	0.00035954376546962376
-3.789999999999963	0.00037273609891604433
-3.7799999999999634	0.0003863779574257518
-3.7699999999999636	0.00040048330027081736
-3.759999999999964	0.00041506646928418965
-3.749999999999964	0.00043014219758720067
-3.7399999999999642	0.0004457256183411252
-3.7299999999999645	0.0004618322737090956
-3.7199999999999647	0.0004784781239227923
-3.709999999999965	0.0004956795564762123
-3.699999999999965	0.0005134533954768018
-3.6899999999999653	0.000531816911112285
-3.6799999999999655	0.0005507878292578957
-3.6699999999999657	0.0005703843411643197
-3.659999999999966	0.0005906251134064341
-3.649999999999966	0.0006115292978088858
-3.6399999999999664	0.0006331165415923272
-3.6299999999999666	0.0006554069976266148
-3.619999999999967	0.0006784213347912449
-3.609999999999967	0.0007021807484855055
-3.5999999999999672	0.0007267069712563617
-3.5899999999999674	0.0007520222835329599
-3.5799999999999677	0.0007781495244183298
-3.569999999999968	0.0008051121029715803
-3.559999999999968	0.0008329340088569975
-3.5499999999999683	0.0008616398238469795
-3.5399999999999685	0.0008912547330732231
-3.5299999999999687	0.0009218045364522029
-3.519999999999969	0.0009533156602102387
-3.509999999999969	0.0009858151684639745
-3.4999999999999694	0.001019330775221733
-3.4899999999999696	0.0010538908557887643
-3.47999999999997	0.0010895244589832526
-3.46999999999997	0.0011262613190649421
-3.45999999999997	0.0011641318678223146
-3.4499999999999704	0.0012031672467642995
-3.4399999999999706	0.0012433993193577944
-3.429999999999971	0.0012848606833459441
-3.419999999999971	0.001327584683148762
-3.4099999999999713	0.0013716054223073051
-3.3999999999999715	0.0014169577759616096
-3.3899999999999717	0.0014636774035062584
-3.379999999999972	0.001511800761066364
-3.369999999999972	0.0015613651142141589
-3.3599999999999723	0.0016124085506430995
-3.3499999999999726	0.0016649699928705335
-3.3399999999999728	0.0017190892109598213
-3.329999999999973	0.0017748068352478874
-3.319999999999973	0.0018321643691903771
-3.3099999999999734	0.0018912042019677935
-3.2999999999999736	0.0019519696213335803
-3.289999999999974	0.0020145048263199607
-3.279999999999974	0.002078854939946312
-3.2699999999999743	0.002145066021900071
-3.2599999999999745	0.0022131850811888537
-3.2499999999999747	0.002283260088716551
-3.239999999999975	0.0023553399898375966
-3.229999999999975	0.002429474716830062
-3.2199999999999753	0.002505715201288001
-3.2099999999999755	0.0025841133864382268
-3.1999999999999758	0.0026647222393726766
-3.189999999999976	0.002747595763165418
-3.179999999999976	0.0028327890088562417
-3.1699999999999764	0.0029203580873566394
-3.1599999999999766	0.003010360181177941
-3.149999999999977	0.003102853556022847
-3.139999999999977	0.0031978975722389545
-3.1299999999999772	0.003295552696073748
-3.1199999999999775	0.003395880510753876
-3.1099999999999777	0.003498943727401661
-3.099999999999978	0.0036048061956921867
-3.089999999999978	0.00371353291432172
-3.0799999999999783	0.0038251900412527027
-3.0699999999999785	0.0039398449036938486
-3.0599999999999787	0.004057566007816532
-3.049999999999979	0.004178423048225016
-3.039999999999979	0.004302486917120511
-3.0299999999999794	0.004429829713158966
-3.0199999999999796	0.004560524750011017
-3.00999999999998	0.00469464656458722
-2.99999999999998	0.004832270924900389
-2.9899999999999802	0.004973474837594607
-2.9799999999999804	0.00511833655508913
-2.9699999999999807	0.005266935582319142
-2.959999999999981	0.005419352683086437
-2.949999999999981	0.005575669885992133
-2.9399999999999813	0.005735970489902789
-2.9299999999999815	0.005900339068988469
-2.9199999999999817	0.006068861477292597
-2.909999999999982	0.0062416248527862005
-2.899999999999982	0.0064187176209393
-2.8899999999999824	0.0066002294977796794
-2.8799999999999826	0.00678625149240859
-2.869999999999983	0.006976875908858102
-2.859999999999983	0.007172196347625281
-2.849999999999983	0.00737230770635179
-2.8399999999999834	0.007577306180025732
-2.8299999999999836	0.007787289260550631
-2.819999999999984	0.008002355735645006
-2.809999999999984	0.008222605687085174
-2.7999999999999843	0.008448140488293617
-2.7899999999999845	0.008679062801200637
-2.7799999999999847	0.008915476572392264
-2.769999999999985	0.009157487028552996
-2.759999999999985	0.009405200671158697
-2.7499999999999853	0.009658725270259549
-2.7399999999999856	0.009918169857776889
-2.7299999999999858	0.010183644719699625
-2.719999999999986	0.010455261387593572
-2.709999999999986	0.01073313262925133
-2.6999999999999864	0.01101737243848819
-2.6899999999999866	0.011308096024034098
-2.679999999999987	0.011605419797566102
-2.669999999999987	0.01190946136081507
-2.6599999999999873	0.012220339491695495
-2.6499999999999875	0.012538174129665437
-2.6399999999999877	0.012863086359824364
-2.629999999999988	0.01319519839632365
-2.619999999999988	0.013534633564523495
-2.6099999999999883	0.01388151628245211
-2.5999999999999885	0.014235972040918997
-2.5899999999999888	0.014598127382752917
-2.579999999999989	0.01496810988095576
-2.569999999999989	0.015346048115752088
-2.5599999999999894	0.01573207165056631
-2.5499999999999896	0.016126311006908724
-2.53999999999999	0.0165288976381072
-2.52999999999999	0.016939963901925356
-2.5199999999999902	0.017359643032050533
-2.5099999999999905	0.017788069108389273
-2.4999999999999907	0.01822537702620167
-2.489999999999991	0.018671702464075474
-2.479999999999991	0.019127181850672668
-2.4699999999999913	0.019591952330273287
-2.4599999999999915	0.020066151727128206
-2.4499999999999917	0.020549918508559365
-2.439999999999992	0.021043391746820645
-2.429999999999992	0.02154671107974435
-2.4199999999999924	0.02206001667010475
-2.4099999999999926	0.022583449163723818
-2.399999999999993	0.02311714964633085
-2.389999999999993	0.02366125959913324
-2.3799999999999932	0.024215920853093355
-2.3699999999999934	0.024781275541956964
-2.3599999999999937	0.02535746605397967
-2.349999999999994	0.025944634982340658
-2.339999999999994	0.026542925074300068
-2.3299999999999943	0.027152479179053314
-2.3199999999999945	0.027773440194262394
-2.3099999999999947	0.02840595101130686
-2.299999999999995	0.02905015445936055
-2.289999999999995	0.029706193247892185
-2.2799999999999954	0.030374209908172297
-2.2699999999999956	0.031054346733364737
-2.259999999999996	0.03174674571733484
-2.249999999999996	0.03245154849221253
-2.239999999999996	0.033168896264700105
-2.2299999999999964	0.033898929751084675
-2.2199999999999966	0.034641789111027166
-2.209999999999997	0.03539761388012846
-2.199999999999997	0.03616654290123717
-2.1899999999999973	0.03694871425455143
-2.1799999999999975	0.03774426518654799
-2.1699999999999977	0.03855333203768726
-2.159999999999998	0.039376050168960126
-2.149999999999998	0.04021255388730162
-2.1399999999999983	0.04106297636981752
-2.1299999999999986	0.04192744958702199
-2.1199999999999988	0.04280610422475783
-2.109999999999999	0.04369906960526405
-2.099999999999999	0.044606473607061395
-2.0899999999999994	0.04552844258387397
-2.0799999999999996	0.046465101282519385
-2.07	0.04741657275981143
-2.06	0.048382978298558275
-2.0500000000000003	0.049364437322611525
-2.0400000000000005	0.050361067311022314
-2.0300000000000007	0.051372983711368246
-2.020000000000001	0.052400299852245445
-2.010000000000001	0.05344312685494627
-2.0000000000000013	0.05450157354442223
-1.9900000000000015	0.055575746359519285
-1.9800000000000015	0.056665749262501605
-1.9700000000000015	0.05777168364797817
-1.9600000000000015	0.05889364825122276
-1.9500000000000015	0.060031739055901805
-1.9400000000000015	0.0611860492013203
-1.9300000000000015	0.062356668889204055
-1.9200000000000015	0.06354368529001486
-1.9100000000000015	0.06474718244892506
-1.9000000000000015	0.06596724119144788
-1.8900000000000015	0.06720393902878893
-1.8800000000000014	0.06845735006294681
-1.8700000000000014	0.06972754489167816
-1.8600000000000014	0.07101459051328467
-1.8500000000000014	0.07231855023133961
-1.8400000000000014	0.07363948355943072
-1.8300000000000014	0.0749774461258915
-1.8200000000000014	0.07633248957863115
-1.8100000000000014	0.07770466149015902
-1.8000000000000014	0.07909400526277235
-1.7900000000000014	0.08050056003402083
-1.7800000000000014	0.0819243605825285
-1.7700000000000014	0.08336543723418706
-1.7600000000000013	0.08482381576877579
-1.7500000000000013	0.0862995173271778
-1.7400000000000013	0.08779255831910256
-1.7300000000000013	0.08930295033148745
-1.7200000000000013	0.09083070003761255
-1.7100000000000013	0.09237580910701329
-1.7000000000000013	0.09393827411618816
-1.6900000000000013	0.09551808646028044
-1.6800000000000013	0.09711523226572592
-1.6700000000000013	0.0987296923039179
-1.6600000000000013	0.10036144190603523
-1.6500000000000012	0.1020104508790875
-1.6400000000000012	0.1036766834231373
-1.6300000000000012	0.10536009804996317
-1.6200000000000012	0.1070606475030079
-1.6100000000000012	0.10877827867895029
-1.6000000000000012	0.11051293255065942
-1.5900000000000012	0.11226454409196156
-1.5800000000000012	0.1140330422038553
-1.5700000000000012	0.11581834964276182
-1.5600000000000012	0.11762038295043634
-1.5500000000000012	0.11943905238577633
-1.5400000000000011	0.12127426185878733
-1.5300000000000011	0.12312590886629375
-1.5200000000000011	0.1249938844302425
-1.5100000000000011	0.12687807303759793
-1.500000000000001	0.12877835258301135
-1.490000000000001	0.13069459431372057
-1.480000000000001	0.13262666277654525
-1.470000000000001	0.13457441576765553
-1.460000000000001	0.1365377042850746
-1.450000000000001	0.13851637248315743
-1.440000000000001	0.14051025763037653
-1.430000000000001	0.14251919006946104
-1.420000000000001	0.1445429931805128
-1.410000000000001	0.14658148334742582
-1.400000000000001	0.1486344699258949
-1.390000000000001	0.15070175521627568
-1.380000000000001	0.15278313443751523
-1.370000000000001	0.15487839570698425
-1.360000000000001	0.156987320019912
-1.350000000000001	0.15910968123443683
-1.340000000000001	0.16124524606042337
-1.330000000000001	0.16339377404964728
-1.320000000000001	0.1655550175907285
-1.310000000000001	0.16772872190720875
-1.300000000000001	0.16991462505907917
-1.290000000000001	0.172112457947941
-1.280000000000001	0.17432194432578052
-1.270000000000001	0.17654280080731455
-1.260000000000001	0.17877473688609644
-1.2500000000000009	0.18101745495438595
-1.2400000000000009	0.18327065032670065
-1.2300000000000009	0.18553401126723323
-1.2200000000000009	0.18780721902116215
-1.2100000000000009	0.19008994784975053
-1.2000000000000008	0.1923818650693933
-1.1900000000000008	0.19468263109467798
-1.1800000000000008	0.19699189948528628
-1.1700000000000008	0.19930931699688484
-1.1600000000000008	0.2016345236362772
-1.1500000000000008	0.20396715272008936
-1.1400000000000008	0.20630683093811816
-1.1300000000000008	0.20865317842024192
-1.1200000000000008	0.211005808807529
-1.1100000000000008	0.21336432932757227
-1.1000000000000008	0.21572834087381515
-1.0900000000000007	0.21809743808886553
-1.0800000000000007	0.22047120945200177
-1.0700000000000007	0.22284923737077647
-1.0600000000000007	0.2252310982766012
-1.0500000000000007	0.22761636272446206
-1.0400000000000007	0.23000459549671984
-1.0300000000000007	0.23239535571085795
-1.0200000000000007	0.23478819693130334
-1.0100000000000007	0.2371826672852934
-1.0000000000000007	0.23957830958263196
-0.9900000000000007	0.24197466143943247
-0.9800000000000006	0.24437125540583401
-0.9700000000000006	0.24676761909789435
-0.9600000000000006	0.24916327533132185
-0.9500000000000006	0.2515577422638468
-0.9400000000000006	0.2539505335351869
-0.9300000000000006	0.25634115841559757
-0.9200000000000006	0.25872912195510817
-0.9100000000000006	0.261113925138549
-0.9000000000000006	0.26349506504265907
-0.8900000000000006	0.2658720349971863
-0.8800000000000006	0.2682443247496281
-0.8700000000000006	0.2706114206329464
-0.8600000000000005	0.27297280573727023
-0.8500000000000005	0.2753279600841236
-0.8400000000000005	0.277676360804261
-0.8300000000000005	0.2800174823185046
-0.8200000000000005	0.2823507965216795
-0.8100000000000005	0.2846757729693413
-0.8000000000000005	0.2869918790675583
-0.7900000000000005	0.28929858026541766
-0.7800000000000005	0.2915953402500181
-0.7700000000000005	0.2938816211444485
-0.7600000000000005	0.29615688370787335
-0.7500000000000004	0.2984205875383938
-0.7400000000000004	0.30067219127783323
-0.7300000000000004	0.3029111528190929
-0.7200000000000004	0.3051369295153335
-0.7100000000000004	0.3073489783913274
-0.7000000000000004	0.30954675635658635
-0.6900000000000004	0.3117297204203035
-0.6800000000000004	0.3138973279079532
-0.6700000000000004	0.3160490366794628
-0.6600000000000004	0.3181843053487303
-0.6500000000000004	0.32030259350450613
-0.6400000000000003	0.3224033619324984
-0.6300000000000003	0.32448607283841363
-0.6200000000000003	0.32655019007204605
-0.6100000000000003	0.32859517935214994
-0.6000000000000003	0.3306205084919553
-0.5900000000000003	0.33262564762523666
-0.5800000000000003	0.3346100694326192
-0.5700000000000003	0.33657324936936484
-0.5600000000000003	0.33851466589077356
-0.5500000000000003	0.3404338006802122
-0.5400000000000003	0.3423301388756955
-0.5300000000000002	0.3442031692964639
-0.5200000000000002	0.34605238466923305
-0.5100000000000002	0.34787728185386046
-0.5000000000000002	0.34967736206834854
-0.49000000000000027	0.3514521311130901
-0.48000000000000026	0.3532010995941332
-0.47000000000000025	0.35492378314535666
-0.46000000000000024	0.35661970264945064
-0.45000000000000023	0.35828838445754096
-0.4400000000000002	0.35992936060727543
-0.4300000000000002	0.36154216903930286
-0.4200000000000002	0.3631263538119896
-0.4100000000000002	0.36468146531417533
-0.4000000000000002	0.3662070604759071
-0.3900000000000002	0.36770270297699587
-0.38000000000000017	0.369167963453209
-0.37000000000000016	0.3706024197000275
-0.36000000000000015	0.3720056568738196
-0.35000000000000014	0.3733772676902593
-0.34000000000000014	0.3747168526198921
-0.3300000000000001	0.3760240200807407
-0.3200000000000001	0.3772983866277504
-0.3100000000000001	0.37853957713899894
-0.3000000000000001	0.3797472249985666
-0.2900000000000001	0.38092097227587013
-0.2800000000000001	0.38206046990138554
-0.2700000000000001	0.3831653778386638
-0.26000000000000006	0.38423536525246155
-0.25000000000000006	0.3852701106728965
-0.24000000000000007	0.386269302155547
-0.23000000000000007	0.38723263743733577
-0.22000000000000006	0.38815982408809646
-0.21000000000000005	0.3890505796577677
-0.20000000000000004	0.3899046318190488
-0.19000000000000003	0.3907217185054304
-0.18000000000000002	0.3915015880445482
-0.17	0.3922439992867173
-0.16	0.39294872172854356
-0.15	0.39361553563158896
-0.13999999999999999	0.3942442321359562
-0.12999999999999998	0.39483461336869874
-0.11999999999999998	0.39538649254680025
-0.10999999999999999	0.3958996940759761
-0.09999999999999999	0.39637405364182765
-0.09	0.396809418297811
-0.08	0.3972056465465941
-0.07	0.3975626084160306
-0.060000000000000005	0.39788018552952853
-0.05	0.3981582711707617
-0.04	0.39839677034260984
-0.03	0.3985955998203506
-0.02	0.3987546881990534
-0.01	0.3988739759350869
0	0.3989534153817642
0.01	0.39899297081907753
0.02	0.3989926184774859
0.03	0.3989523465557353
0.04	0.39887215523273584
0.05	0.3987520566734192
0.060000000000000005	0.39859207502860516
0.07	0.3983922464288897
0.08	0.3981526189725118
0.09	0.3978732527072174
0.09999999999999999	0.39755421960616644
0.10999999999999999	0.3971956035378471
0.11999999999999998	0.39679750023001775
0.12999999999999998	0.39636001722774333
0.13999999999999999	0.3958832738455098
0.15	0.3953674011136517
0.16	0.3948125417178763
0.17	0.39421884993514233
0.18000000000000002	0.3935864915615755
0.19000000000000003	0.39291564383577554
0.20000000000000004	0.392206495356227
0.21000000000000005	0.3914592459930685
0.22000000000000006	0.3906741067943257
0.23000000000000007	0.3898512998866434
0.24000000000000007	0.38899105837055686
0.25000000000000006	0.38809362621041854
0.26000000000000006	0.3871592581190373
0.2700000000000001	0.38618821943707893
0.2800000000000001	0.3851807860073388
0.2900000000000001	0.3841372440439808
0.3000000000000001	0.3830578899967723
0.3100000000000001	0.38194303041047184
0.3200000000000001	0.38079298177942567
0.3300000000000001	0.3796080703974768
0.34000000000000014	0.3783886322032773
0.35000000000000014	0.3771350126211475
0.36000000000000015	0.37584756639752837
0.37000000000000016	0.37452665743316654
0.38000000000000017	0.37317265861116905
0.3900000000000002	0.37178595162098865
0.4000000000000002	0.3703669267784792
0.4100000000000002	0.36891598284217025
0.4200000000000002	0.36743352682583835
0.4300000000000002	0.36591997380750463
0.4400000000000002	0.36437574673502465
0.45000000000000023	0.3628012762283531
0.46000000000000024	0.3611970003786226
0.47000000000000025	0.3595633645441914
0.48000000000000026	0.3579008211437795
0.49000000000000027	0.35620982944679996
0.5000000000000002	0.3544908553610863
0.5100000000000002	0.35274437121809193
0.5200000000000002	0.3509708555557285
0.5300000000000002	0.3491707928989804
0.5400000000000003	0.34734467353845566
0.5500000000000003	0.34549299330696176
0.5600000000000003	0.3436162533543069
0.5700000000000003	0.3417149599204544
0.5800000000000003	0.3397896241071447
0.5900000000000003	0.3378407616481665
0.6000000000000003	0.33586889267862974
0.6100000000000003	0.3338745415020892
0.6200000000000003	0.33185823635885586
0.6300000000000003	0.3298205091914268
0.6400000000000003	0.3277618954103169
0.6500000000000004	0.32568293365918466
0.6600000000000004	0.3235841655796328
0.6700000000000004	0.3214661355757783
0.6800000000000004	0.31932939057876286
0.6900000000000004	0.3171744798113682
0.7000000000000004	0.3150019545528312
0.7100000000000004	0.3128123679040213
0.7200000000000004	0.31060627455314355
0.7300000000000004	0.30838423054207037
0.7400000000000004	0.30614679303344056
0.7500000000000004	0.30389452007870327
0.7600000000000005	0.30162797038719613
0.7700000000000005	0.2993477030963948
0.7800000000000005	0.2970542775435028
0.7900000000000005	0.2947482530384774
0.8000000000000005	0.29243018863860626
0.8100000000000005	0.29010064292481685
0.8200000000000005	0.2877601737797848
0.8300000000000005	0.2854093381679916
0.8400000000000005	0.28304869191783955
0.8500000000000005	0.28067878950596625
0.8600000000000005	0.2783001838438237
0.8700000000000006	0.2759134260666867
0.8800000000000006	0.27351906532517156
0.8900000000000006	0.2711176485793794
0.9000000000000006	0.26870972039575597
0.9100000000000006	0.2662958227468114
0.9200000000000006	0.2638764948137333
0.9300000000000006	0.2614522727920463
0.9400000000000006	0.25902368970039064
0.9500000000000006	0.25659127519250174
0.9600000000000006	0.2541555553724822
0.9700000000000006	0.251717052613476
0.9800000000000006	0.2492762853797819
0.9900000000000007	0.2468337680525087
1.0000000000000007	0.24439001075886685
1.0100000000000007	0.24194551920511825
1.0200000000000007	0.23950079451329878
1.0300000000000007	0.23705633306175572
1.0400000000000007	0.2346126263295729
1.0500000000000007	0.23217016074491673
1.0600000000000007	0.2297294175374085
1.0700000000000007	0.2272908725945264
1.0800000000000007	0.22485499632209544
1.0900000000000007	0.2224222535089421
1.1000000000000008	0.21999310319572185
1.1100000000000008	0.21756799854795472
1.1200000000000008	0.21514738673334438
1.1300000000000008	0.2127317088033698
1.1400000000000008	0.21032139957919518
1.1500000000000008	0.20791688754192655
1.1600000000000008	0.20551859472723988
1.1700000000000008	0.2031269366243692
1.1800000000000008	0.20074232207951687
1.1900000000000008	0.198365153203664
1.2000000000000008	0.19599582528479842
1.2100000000000009	0.19363472670456122
1.2200000000000009	0.19128223885934148
1.2300000000000009	0.1889387360857658
1.2400000000000009	0.18660458559062612
1.2500000000000009	0.18428014738522935
1.260000000000001	0.1819657742241295
1.270000000000001	0.17966181154825958
1.280000000000001	0.17736859743245093
1.290000000000001	0.17508646253728702
1.300000000000001	0.17281573006529619
1.310000000000001	0.17055671572146858
1.320000000000001	0.16830972767802868
1.330000000000001	0.16607506654347448
1.340000000000001	0.16385302533583226
1.350000000000001	0.16164388946009411
1.360000000000001	0.15944793668978352
1.370000000000001	0.1572654371526537
1.380000000000001	0.15509665332042383
1.390000000000001	0.15294184000253253
1.400000000000001	0.1508012443438698
1.410000000000001	0.14867510582642027
1.420000000000001	0.14656365627476345
1.430000000000001	0.14446711986540373
1.440000000000001	0.14238571313984635
1.450000000000001	0.14031964502136596
1.460000000000001	0.138269116835422
1.470000000000001	0.1362343223336563
1.480000000000001	0.13421544772137964
1.490000000000001	0.13221267168853088
1.500000000000001	0.13022616544401017
1.5100000000000011	0.12825609275332234
1.5200000000000011	0.12630260997946152
1.5300000000000011	0.12436586612698368
1.5400000000000011	0.12244600288916498
1.5500000000000012	0.12054315469819193
1.5600000000000012	0.11865744877831844
1.5700000000000012	0.11678900520187875
1.5800000000000012	0.11493793694811609
1.5900000000000012	0.11310434996474279
1.6000000000000012	0.11128834323213191
1.6100000000000012	0.1094900088300811
1.6200000000000012	0.10770943200707711
1.6300000000000012	0.1059466912519533
1.6400000000000012	0.10420185836788208
1.6500000000000012	0.10247499854861832
1.6600000000000013	0.10076617045690366
1.6700000000000013	0.09907542630494878
1.6800000000000013	0.09740281193693762
1.6900000000000013	0.09574836691343562
1.7000000000000013	0.09411212459763824
1.7100000000000013	0.09249411224338121
1.7200000000000013	0.09089435108482875
1.7300000000000013	0.08931285642773534
1.7400000000000013	0.08774963774224087
1.7500000000000013	0.0862046987570957
1.7600000000000013	0.08467803755519876
1.7700000000000014	0.08316964667044872
1.7800000000000014	0.08167951318575957
1.7900000000000014	0.08020761883217947
1.8000000000000014	0.07875394008904862
1.8100000000000014	0.07731844828510126
1.8200000000000014	0.07590110970044052
1.8300000000000014	0.07450188566930027
1.8400000000000014	0.07312073268354119
1.8500000000000014	0.07175760249676612
1.8600000000000014	0.07041244222901757
1.8700000000000014	0.0690851944719665
1.8800000000000014	0.0677757973945102
1.8900000000000015	0.0664841848487255
1.9000000000000015	0.06521028647610595
1.9100000000000015	0.06395402781398739
1.9200000000000015	0.06271533040211946
1.9300000000000015	0.06149411188931849
1.9400000000000015	0.06029028614010164
1.9500000000000015	0.05910376334127369
1.9600000000000015	0.05793445010838646
1.9700000000000015	0.05678224959200447
1.9800000000000015	0.0556470615837198
1.9900000000000015	0.054528782621862636
2.0000000000000013	0.05342730609683965
2.010000000000001	0.05234252235603702
2.020000000000001	0.05127431880825571
2.0300000000000007	0.05022258002760037
2.0400000000000005	0.04918718785676782
2.0500000000000003	0.048168021509714706
2.06	0.04716495767361856
2.07	0.0461778706100927
2.0799999999999996	0.045206632255625864
2.0899999999999994	0.04425111232117837
2.099999999999999	0.043311178390896356
2.109999999999999	0.04238669601991281
2.1199999999999988	0.04147752883118322
2.1299999999999986	0.04058353861130539
2.1399999999999983	0.03970458540531991
2.149999999999998	0.03884052761044295
2.159999999999998	0.03799122206855648
2.1699999999999977	0.037156524157821655
2.1799999999999975	0.03633628788284547
2.1899999999999973	0.03553036596376391
2.199999999999997	0.03473860992407176
2.209999999999997	0.033960870177178894
2.2199999999999966	0.03319699611167225
2.2299999999999964	0.032446836175265434
2.239999999999996	0.03171023795740523
2.249999999999996	0.030987048270518028
2.259999999999996	0.030277113229868115
2.2699999999999956	0.029580278332021946
2.2799999999999954	0.028896388531893052
2.289999999999995	0.028225288318340466
2.299999999999995	0.02756682178836105
2.3099999999999947	0.026920832719675367
2.3199999999999945	0.026287164642106432
2.3299999999999943	0.02566566090720675
2.339999999999994	0.025056164756531517
2.349999999999994	0.024458519388361927
2.3599999999999937	0.02387256802294398
2.3699999999999934	0.02329815396619627
2.3799999999999932	0.022735120671898104
2.389999999999993	0.022183311802362687
2.399999999999993	0.021642571287581718
2.4099999999999926	0.021112743382837827
2.4199999999999924	0.020593672724803384
2.429999999999992	0.02008520438611052
2.439999999999992	0.019587183928389085
2.4499999999999917	0.019099457453801347
2.4599999999999915	0.01862187165506121
2.4699999999999913	0.018154273863930658
2.479999999999991	0.01769651209823195
2.489999999999991	0.01724843510735176
2.4999999999999907	0.01680989241627018
2.5099999999999905	0.016380734368097973
2.5199999999999902	0.015960812165162055
2.52999999999999	0.015549977908622954
2.53999999999999	0.015148084636650976
2.5499999999999896	0.01475498636116925
2.5599999999999894	0.014370538103177831
2.569999999999989	0.013994595926664227
2.579999999999989	0.013627016971135294
2.5899999999999888	0.013267659482763074
2.5999999999999885	0.012916382844160608
2.6099999999999883	0.012573047602837822
2.619999999999988	0.012237515498302962
2.629999999999988	0.011909649487867525
2.6399999999999877	0.01158931377115327
2.6499999999999875	0.011276373813324907
2.6599999999999873	0.010970696367035822
2.669999999999987	0.01067214949328804
2.679999999999987	0.010380602580772405
2.6899999999999866	0.010095926364312164
2.6999999999999864	0.009817992941979267
2.709999999999986	0.009546675791082962
2.719999999999986	0.009281849782992506
2.7299999999999858	0.00902339119699254
2.7399999999999856	0.008771177732750077
2.7499999999999853	0.008525088522005453
2.759999999999985	0.00828500413906112
2.769999999999985	0.008050806610277144
2.7799999999999847	0.007822379422554818
2.7899999999999845	0.007599607530842629
2.7999999999999843	0.007382377364672405
2.809999999999984	0.007170576833764888
2.819999999999984	0.006964095332706782
2.8299999999999836	0.006762823744748042
2.8399999999999834	0.006566654444714616
2.849999999999983	0.006375481301076978
2.859999999999983	0.006189199677192688
2.869999999999983	0.006007706431742781
2.8799999999999826	0.005830899918384339
2.8899999999999824	0.005658679984650564
2.899999999999982	0.005490947970104017
2.909999999999982	0.005327606703779979
2.9199999999999817	0.005168560500939857
2.9299999999999815	0.005013715159146055
2.9399999999999813	0.004862977953689234
2.949999999999981	0.0047162576323978925
2.959999999999981	0.004573464409825283
2.9699999999999807	0.00443450996086321
2.9799999999999804	0.004299307413788114
2.9899999999999802	0.004167771342766868
2.99999999999998	0.0040398177598317455
3.00999999999998	0.003915364106363046
3.0199999999999796	0.0037943292440907705
3.0299999999999794	0.003676633445621777
3.039999999999979	0.0035621983845392628
3.049999999999979	0.003450947125069936
3.0599999999999787	0.0033428041113537843
3.0699999999999785	0.0032376951563223154
3.0799999999999783	0.0031355474302199606
3.089999999999978	0.003036289448767149
3.099999999999978	0.002939851061001015
3.1099999999999777	0.00284616343680001
3.1199999999999775	0.002755159054118133
3.1299999999999772	0.0026667716859246926
3.139999999999977	0.0025809363869151152
3.149999999999977	0.0024975894799445677
3.1599999999999766	0.0024166685422442975
3.1699999999999764	0.0023381123914360544
3.179999999999976	0.0022618610713312577
3.189999999999976	0.002187855837545955
3.1999999999999758	0.0021160391429771823
3.2099999999999755	0.0020463546230883017
3.2199999999999753	0.00197874708107654
3.229999999999975	0.001913162472907431
3.239999999999975	0.0018495478922395726
3.2499999999999747	0.001787851555241965
3.2599999999999745	0.0017280227853397646
3.2699999999999743	0.001670011997868933
3.279999999999974	0.001613770684692752
3.289999999999974	0.0015592513986687686
3.2999999999999736	0.0015064077382817276
3.3099999999999734	0.0014551943320354516
3.319999999999973	0.001405566822929759
3.329999999999973	0.0013574818529176948
3.3399999999999728	0.0013108970473505943
3.3499999999999726	0.0012657709994666152
3.3599999999999723	0.0012220632547863893
3.369999999999972	0.0011797342957571267
3.379999999999972	0.001138745526213831
3.3899999999999717	0.0010990592560050903
3.3999999999999715	0.001060638685634443
3.4099999999999713	0.0010234478909840142
3.419999999999971	0.0009874518080931866
3.429999999999971	0.0009526162180154039
3.4399999999999706	0.0009189077317655162
3.4499999999999704	0.000886293775419888
3.45999999999997	0.0008547425749688747
3.46999999999997	0.0008242231419597804
3.47999999999997	0.0007947052585608146
3.4899999999999696	0.0007661594630802252
3.4999999999999694	0.0007385570355345625
3.509999999999969	0.00071186998341439
3.519999999999969	0.0006860710272155607
3.5299999999999687	0.0006611335868181644
3.5399999999999685	0.000637031767290256
3.5499999999999683	0.0006137403451841952
3.559999999999968	0.0005912347549079975
3.569999999999968	0.0005694910752407755
3.5799999999999677	0.0005484860160007775
3.5899999999999674	0.0005281969048452261
3.5999999999999672	0.0005086016743199543
3.609999999999967	0.0004896788488802244
3.619999999999967	0.00047140753226018126
3.6299999999999666	0.0004537673949064222
3.6399999999999664	0.00043673866160347214
3.649999999999966	0.0004203020992381682
3.659999999999966	0.0004044390048216318
3.6699999999999657	0.00038913119351242546
3.6799999999999655	0.0003743609869755433
3.6899999999999653	0.00036011120182784516
3.699999999999965	0.00034636513827888607
3.709999999999965	0.00033310656893251737
3.7199999999999647	0.00032031972777318184
3.7299999999999645	0.00030798929932130054
3.7399999999999642	0.0002961004079590438
3.749999999999964	0.0002846386074367829
3.759999999999964	0.00027358987055167494
3.7699999999999636	0.0002629405789926357
3.7799999999999634	0.0002526775133718629
3.789999999999963	0.00024278784341949953
3.799999999999963	0.00023325911835574338
3.8099999999999627	0.00022407925743110393
3.8199999999999625	0.00021523654064632304
3.8299999999999623	0.00020671959963259326
3.839999999999962	0.00019851740870865698
3.849999999999962	0.00019061927610483683
3.8599999999999617	0.0001830148353543697
3.8699999999999615	0.00017569403685151436
3.8799999999999613	0.00016864713957172276
3.889999999999961	0.00016186470297651216
3.899999999999961	0.0001553375790331175
3.9099999999999606	0.00014905690446085387
3.9199999999999604	0.0001430140930774792
3.92999999999996	0.00013720082833835518
3.93999999999996	0.00013160905604258827
3.9499999999999598	0.00012623097710686034
3.9599999999999596	0.00012105904067445089
3.9699999999999593	0.00011608593713210415
3.979999999999959	0.00011130459152246964
3.989999999999959	0.0001067081569221442
3.9999999999999587	0.00010229000804930642
4.009999999999959	0.0000980437350004436
4.019999999999959	0.00009396313712472766
4.0299999999999585	0.00009004221704516503
4.039999999999958	0.00008627517481492879
4.049999999999958	0.00008265640220762337
4.059999999999958	0.00007918047714721129
4.069999999999958	0.00007584215826733978
4.079999999999957	0.00007263637960074159
4.089999999999957	0.00006955824539856932
4.099999999999957	0.00006660302507502683
4.109999999999957	0.00006376614827607475
4.119999999999957	0.00006104320007049039
4.129999999999956	0.000058429916261206365
4.139999999999956	0.00005592217881697175
4.149999999999956	0.00005351601141150781
4.159999999999956	0.000051207575088512794
4.1699999999999555	0.00004899316402913364
4.179999999999955	0.00004686920143343703
4.189999999999955	0.000044832235507779355
4.199999999999955	0.00004287893556101345
4.209999999999955	0.000041006088195620607
4.2199999999999545	0.00003921059361457978
4.229999999999954	0.00003748946201280958
4.239999999999954	0.000035839810075096114
4.249999999999954	0.00003425885756766611
4.259999999999954	0.00003274392402978644
4.269999999999953	0.0000312924255306917
4.279999999999953	0.00002990187156255343
4.289999999999953	0.000028569861969395695
4.299999999999953	0.000027294084001300734
4.3099999999999525	0.000026072309431574866
4.319999999999952	0.00002490239176697273
4.329999999999952	0.000023782263528091954
4.339999999999952	0.00002270993361888683
4.349999999999952	0.00002168348476343915
4.3599999999999515	0.00002070107102341462
4.369999999999951	0.00001976091538553099
4.379999999999951	0.00001886130742331247
4.389999999999951	0.000018000601025025806
4.399999999999951	0.000017177212192306777
4.40999999999995	0.00001638961690386443
4.41999999999995	0.0000156363490441858
4.42999999999995	0.000014915998393913367
4.43999999999995	0.000014227208686553228
4.4499999999999496	0.000013568675719627941
4.459999999999949	0.000012939145522919091
4.469999999999949	0.000012337412570075472
4.479999999999949	0.000011762318152013564
4.489999999999949	0.000011212748575478943
4.4999999999999485	0.000010687633623598108
4.509999999999948	0.000010185945070097082
4.519999999999948	9.706695025386471e-6
4.529999999999948	9.248934576425968e-6
4.539999999999948	8.811752349356599e-6
4.549999999999947	8.394273132559636e-6
4.559999999999947	7.995656572321751e-6
4.569999999999947	7.615095881074828e-6
4.579999999999947	7.2518166044189995e-6
4.589999999999947	6.905075422391482e-6
4.599999999999946	6.5741589998988355e-6
4.609999999999946	6.258382864586356e-6
4.619999999999946	5.957090328031056e-6
4.629999999999946	5.669651425514813e-6
4.6399999999999455	5.395461977265148e-6
4.649999999999945	5.133942511786673e-6
4.659999999999945	4.884537376765187e-6
4.669999999999945	4.646713883190902e-6
4.679999999999945	4.419961324939213e-6
4.689999999999944	4.203790203616512e-6
4.699999999999944	3.997731393505554e-6
4.709999999999944	3.8013353538635443e-6
4.719999999999944	3.614171366421703e-6
4.729999999999944	3.435826808699196e-6
4.739999999999943	3.265906440984621e-6
4.749999999999943	3.104031723692895e-6
4.759999999999943	2.949840166229507e-6
4.769999999999943	2.8029846862920763e-6
4.7799999999999425	2.663132986770977e-6
4.789999999999942	2.529967033165427e-6
4.799999999999942	2.403182364272255e-6
4.809999999999942	2.282487688752419e-6
4.819999999999942	2.1676042262835164e-6
4.8299999999999415	2.0582652953864086e-6
4.839999999999941	1.954215768764061e-6
4.849999999999941	1.8552116466875622e-6
4.859999999999941	1.7610195662232836e-6
4.869999999999941	1.6714163779628954e-6
4.87999999999994	1.5861887606041918e-6
4.88999999999994	1.5051327475763277e-6
4.89999999999994	1.42805342180817e-6
4.90999999999994	1.354764469430214e-6
4.9199999999999395	1.285087860855193e-6
4.929999999999939	1.218853500474916e-6
4.939999999999939	1.1558988866805973e-6
4.949999999999939	1.096068801788291e-6
4.959999999999939	1.0392150002871862e-6
4.9699999999999385	9.851959094385716e-7
4.979999999999938	9.338763612200083e-7
4.989999999999938	8.85127287731222e-7
4.999999999999938	8.388255191944168e-7
5.009999999999938	7.94853496016561e-7
5.019999999999937	7.530989994101183e-7
5.029999999999937	7.134549650827917e-7
5.039999999999937	6.758192462764094e-7
5.049999999999937	6.400944010157412e-7
5.0599999999999365	6.061874874167838e-7
5.069999999999936	5.740098318498651e-7
5.079999999999936	5.434769834646631e-7
5.089999999999936	5.145083197116719e-7
5.099999999999936	4.87027016083708e-7
5.1099999999999355	4.60959843942493e-7
5.119999999999935	4.362370117272309e-7
5.129999999999935	4.1279201252899126e-7
5.139999999999935	3.905614773110944e-7
5.149999999999935	3.6948501328794395e-7
5.159999999999934	3.4950515723076975e-7
5.169999999999934	3.305671149126138e-7
5.179999999999934	3.126187261447394e-7
5.189999999999934	2.95610316083334e-7
5.199999999999934	2.794946167693528e-7
5.209999999999933	2.642266067413457e-7
5.219999999999933	2.497634531722068e-7
5.229999999999933	2.3606436048170456e-7
5.239999999999933	2.230905289187304e-7
5.2499999999999325	2.1080506907298568e-7
5.259999999999932	1.9917284699439294e-7
5.269999999999932	1.8816047288887453e-7
5.279999999999932	1.7773616943869515e-7
5.289999999999932	1.678696800191634e-7
5.299999999999931	1.5853231619684774e-7
5.309999999999931	1.4969676983506456e-7
5.319999999999931	1.4133708579211547e-7
5.329999999999931	1.334285924393509e-7
5.339999999999931	1.2594782235361116e-7
5.34999999999993	1.1887253065925327e-7
5.35999999999993	1.1218151007171802e-7
5.36999999999993	1.0585468766197179e-7
5.37999999999993	9.987295149922795e-8