-5.659999999999924	9.527564080490521e-8
-5.649999999999924	1.0038588235156807e-7
-5.639999999999924	1.0576125651619467e-7
-5.629999999999924	1.1141502248390391e-7
-5.619999999999925	1.1736106127022103e-7
-5.609999999999925	1.2361396171258968e-7
-5.599999999999925	1.3018897363382256e-7
-5.589999999999925	1.3710206429078678e-7
-5.5799999999999255	1.443700026887567e-7
-5.569999999999926	1.5201032218904298e-7
-5.559999999999926	1.6004135597191852e-7
-5.549999999999926	1.6848236059542157e-7
-5.539999999999926	1.7735351632490355e-7
-5.5299999999999265	1.8667589957453745e-7
-5.519999999999927	1.9647159096350507e-7
-5.509999999999927	2.0676370461953194e-7
-5.499999999999927	2.1757650246212522e-7
-5.489999999999927	2.2893524125019604e-7
-5.479999999999928	2.408664660355781e-7
-5.469999999999928	2.5339791749969337e-7
-5.459999999999928	2.665586305637229e-7
-5.449999999999928	2.8037898291498165e-7
-5.4399999999999284	2.948907516963019e-7
-5.429999999999929	3.1012717205267375e-7
-5.419999999999929	3.2612301349292546e-7
-5.409999999999929	3.429146398901837e-7
-5.399999999999929	3.605400683433938e-7
-5.3899999999999295	3.790390706223815e-7
-5.37999999999993	3.9845323139512614e-7
-5.36999999999993	4.1882600260371903e-7
-5.35999999999993	4.4020281800087905e-7
-5.34999999999993	4.6263116662318205e-7
-5.339999999999931	4.861606815880969e-7
-5.329999999999931	5.108432314449397e-7
-5.319999999999931	5.367330144422427e-7
-5.309999999999931	5.63886659135526e-7
-5.299999999999931	5.923633265495077e-7
-5.289999999999932	6.222248180073859e-7
-5.279999999999932	6.535356860558004e-7
-5.269999999999932	6.863633528372373e-7
-5.259999999999932	7.207782233087718e-7
-5.2499999999999325	7.568538151697742e-7
-5.239999999999933	7.946668935127415e-7
-5.229999999999933	8.34297598915099e-7
-5.219999999999933	8.758296023887424e-7
-5.209999999999933	9.193502136805394e-7
-5.199999999999934	9.649505579285141e-7
-5.189999999999934	1.0127257576193848e-6
-5.179999999999934	1.0627750581154885e-6
-5.169999999999934	1.1152020103153817e-6
-5.159999999999934	1.1701146457435546e-6
-5.149999999999935	1.2276256598742707e-6
-5.139999999999935	1.287852601456478e-6
-5.129999999999935	1.3509180690489596e-6
-5.119999999999935	1.416949915460393e-6
-5.1099999999999355	1.4860814592968791e-6
-5.099999999999936	1.5584517047303337e-6
-5.089999999999936	1.6342055677076242e-6
-5.079999999999936	1.7134941174754658e-6
-5.069999999999936	1.7964748168685728e-6
-5.0599999999999365	1.8833117777844216e-6
-5.049999999999937	1.974176021278123e-6
-5.039999999999937	2.0692457599393177e-6
-5.029999999999937	2.1687066601593804e-6
-5.019999999999937	2.2727521844291436e-6
-5.009999999999938	2.3815838262460294e-6
-4.999999999999938	2.495411466906022e-6
-4.989999999999938	2.6144537219477975e-6
-4.979999999999938	2.7389382278863514e-6
-4.9699999999999385	2.869102009889539e-6
-4.959999999999939	3.005191878057519e-6
-4.949999999999939	3.1474647455952844e-6
-4.939999999999939	3.2961880816772636e-6
-4.929999999999939	3.451640253007973e-6
-4.9199999999999395	3.6141109851438048e-6
-4.90999999999994	3.7839017785747332e-6
-4.89999999999994	3.961326337374741e-6
-4.88999999999994	4.146711057894041e-6
-4.87999999999994	4.3403954973817875e-6
-4.869999999999941	4.542732860816351e-6
-4.859999999999941	4.75409052210215e-6
-4.849999999999941	4.974850543956715e-6
-4.839999999999941	5.205410233205719e-6
-4.8299999999999415	5.446182693691486e-6
-4.819999999999942	5.697597426164256e-6
-4.809999999999942	5.9601009225677235e-6
-4.799999999999942	6.234157286788338e-6
-4.789999999999942	6.520248890312291e-6
-4.7799999999999425	6.818877031260745e-6
-4.769999999999943	7.130562623794939e-6
-4.759999999999943	7.4558469110551896e-6
-4.749999999999943	7.795292203871218e-6
-4.739999999999943	8.149482625542596e-6
-4.729999999999944	8.519024909241485e-6
-4.719999999999944	8.904549205893542e-6
-4.709999999999944	9.306709909291114e-6
-4.699999999999944	9.726186524513321e-6
-4.689999999999944	0.000010163684562556383
-4.679999999999945	0.000010619936446114005
-4.669999999999945	0.000011095702463803387
-4.659999999999945	0.000011591771748513815
-4.649999999999945	0.000012108963281203984
-4.6399999999999455	0.00001264812692729249
-4.629999999999946	0.000013210144521281765
-4.619999999999946	0.000013795930957369334
-4.609999999999946	0.000014406435307822021
-4.599999999999946	0.000015042642103086394
-4.589999999999947	0.00001570557238536075
-4.579999999999947	0.000016396285052761584
-4.569999999999947	0.000017115878106880697
-4.559999999999947	0.00001786549006563618
-4.549999999999947	0.0000186463011784243
-4.539999999999948	0.000019459534932572682
-4.529999999999948	0.000020306459477772695
-4.519999999999948	0.000021188389104051176
-4.509999999999948	0.000022106685786127425
-4.4999999999999485	0.0000230627607759368
-4.489999999999949	0.000024058076148695042
-4.479999999999949	0.00002509414659022423
-4.469999999999949	0.000026172541043290708
-4.459999999999949	0.000027294884486035425
-4.4499999999999496	0.000028462859775760816
-4.43999999999995	0.000029678209457200376
-4.42999999999995	0.00003094273777219051
-4.41999999999995	0.00003225831258250703
-4.40999999999995	0.00003362686742315645
-4.399999999999951	0.000035050403579396185
-4.389999999999951	0.0000365309922440009
-4.379999999999951	0.000038070776728305676
-4.369999999999951	0.000039671974718384124
-4.3599999999999515	0.000041336880610409556
-4.349999999999952	0.00004306786790582457
-4.339999999999952	0.00004486739166397527
-4.329999999999952	0.000046737991022480086
-4.319999999999952	0.00004868229179782756
-4.3099999999999525	0.00005070300913023307
-4.299999999999953	0.00005280295021657994
-4.289999999999953	0.000054985017114076964
-4.279999999999953	0.00005725220960690649
-4.269999999999953	0.0000596076281471926
-4.259999999999954	0.0000620544768913563
-4.249999999999954	0.00006459606678587703
-4.239999999999954	0.0000672358187440544
-4.229999999999954	0.00006997726691170922
-4.2199999999999545	0.00007282406199869016
-4.209999999999955	0.00007577997469655999
-4.199999999999955	0.00007884889919013346
-4.189999999999955	0.00008203485674774685
-4.179999999999955	0.0000853419993890925
-4.1699999999999555	0.00008877461366839105
-4.159999999999956	0.00009233712451966508
-4.149999999999956	0.00009603409920672601
-4.139999999999956	0.0000998702513673753
-4.129999999999956	0.00010385044516344738
-4.119999999999957	0.0001079796994637405
-4.109999999999957	0.00011226319224413299
-4.099999999999957	0.00011670626497318602
-4.089999999999957	0.00012131442716043738
-4.079999999999957	0.00012609336095461285
-4.069999999999958	0.00013104892593913037
-4.059999999999958	0.00013618716392445614
-4.049999999999958	0.00014151430391528733
-4.039999999999958	0.00014703676716347402
-4.0299999999999585	0.00015276117233238074
-4.019999999999959	0.00015869434076819843
-4.009999999999959	0.00016484330190076843
-3.9999999999999587	0.00017121529873038443
-3.989999999999959	0.00017781779344676495
-3.979999999999959	0.00018465847317130255
-3.9699999999999593	0.00019174525579720056
-3.9599999999999596	0.000199086295947498
-3.9499999999999598	0.00020668999109024695
-3.93999999999996	0.00021456498772744244
-3.92999999999996	0.0002227201877217806
-3.9199999999999604	0.0002311647547719809
-3.9099999999999606	0.00023990812097629815
-3.899999999999961	0.0002489599935336783
-3.889999999999961	0.0002583303615879554
-3.8799999999999613	0.0002680295031782894
-3.8699999999999615	0.000278067992319016
-3.8599999999999617	0.00028845670622940414
-3.849999999999962	0.00029920683267049234
-3.839999999999962	0.00031032987742029595
-3.8299999999999623	0.00032183767188333955
-3.8199999999999625	0.00033374238083461606
-3.8099999999999627	0.0003460565102788987
-3.799999999999963	0.0003587929154666775
-3.789999999999963	0.0003719648090321738
-3.7799999999999634	0.0003855857692559929
-3.7699999999999636	0.00039966974846624337
-3.759999999999964	0.00041423108163200485
-3.749999999999964	0.0004292844949480527
-3.7399999999999642	0.0004448451147059882
-3.7299999999999645	0.0004609284762218898
-3.7199999999999647	0.0004775505329100934
-3.709999999999965	0.0004947276654899308
-3.699999999999965	0.0005124766913431696
-3.6899999999999653	0.0005308148739737787
-3.6799999999999655	0.0005497599326104473
-3.6699999999999657	0.0005693300520047582
-3.659999999999966	0.0005895438922134343
-3.649999999999966	0.0006104205986520136
-3.6399999999999664	0.0006319798122223316
-3.6299999999999666	0.0006542416795581931
-3.619999999999967	0.0006772268634064371
-3.609999999999967	0.0007009565531492812
-3.5999999999999672	0.0007254524754232833
-3.5899999999999674	0.0007507369048688479
-3.5799999999999677	0.0007768326749720833
-3.569999999999968	0.0008037631892180967
-3.559999999999968	0.0008315524319343092
-3.5499999999999683	0.0008602249796921527
-3.5399999999999685	0.0008898060125862439
-3.5299999999999687	0.0009203213256691589
-3.519999999999969	0.0009517973404969398
-3.509999999999969	0.0009842611167352427
-3.4999999999999694	0.0010177403640559738
-3.4899999999999696	0.0010522634537400756
-3.47999999999997	0.0010878594307738533
-3.46999999999997	0.0011245580258150642
-3.45999999999997	0.0011623896673088347
-3.4499999999999704	0.0012013854936752638
-3.4399999999999706	0.0012415773655524986
-3.429999999999971	0.0012829978781456813
-3.419999999999971	0.0013256803736243967
-3.4099999999999713	0.0013696589535749954
-3.3999999999999715	0.0014149684915130622
-3.3899999999999717	0.0014616446455104851
-3.379999999999972	0.0015097238707244011
-3.369999999999972	0.0015592434321082746
-3.3599999999999723	0.0016102414171006228
-3.3499999999999726	0.0016627567483297509
-3.3399999999999728	0.0017168291963585074
-3.329999999999973	0.0017724993924414937
-3.319999999999973	0.0018298088413226904
-3.3099999999999734	0.0018887999339301817
-3.2999999999999736	0.0019495159601975226
-3.289999999999974	0.0020120011217841295
-3.279999999999974	0.0020763005447968722
-3.2699999999999743	0.0021424602924955643
-3.2599999999999745	0.0022105273779411847
-3.2499999999999747	0.002280549776598054
-3.239999999999975	0.002352576438900605
-3.229999999999975	0.002426657302733252
-3.2199999999999753	0.002502843305839137
-3.2099999999999755	0.0025811863981573856
-3.1999999999999758	0.002661739554061379
-3.189999999999976	0.0027445567844700557
-3.179999999999976	0.002829693148890133
-3.1699999999999764	0.002917204767300273
-3.1599999999999766	0.0030071488318956065
-3.149999999999977	0.003099583618709952
-3.139999999999977	0.003194568499068672
-3.1299999999999772	0.0032921639508513567
-3.1199999999999775	0.0033924315696075924
-3.1099999999999777	0.0034954340794510824
-3.099999999999978	0.003601235343757012
-3.089999999999978	0.003709900375639389
-3.0799999999999783	0.0038214953482044824
-3.0699999999999785	0.0039360876045320846
-3.0599999999999787	0.0040537456674238775
-3.049999999999979	0.004174539248878008
-3.039999999999979	0.004298539259251869
-3.0299999999999794	0.004425817816144935
-3.0199999999999796	0.0045564482529735035
-3.00999999999998	0.004690505127189728
-2.99999999999998	0.0048280642281680365
-2.9899999999999802	0.004969202584747411
-2.9799999999999804	0.0051139984723692095
-2.9699999999999807	0.005262531419837607
-2.959999999999981	0.005414882215685422
-2.949999999999981	0.005571132914096819
-2.9399999999999813	0.005731366840394649
-2.9299999999999815	0.005895668596095653
-2.9199999999999817	0.006064124063464723
-2.909999999999982	0.006236820409591044
-2.899999999999982	0.006413846089968305
-2.8899999999999824	0.006595290851549228
-2.8799999999999826	0.0067812457353084565
-2.869999999999983	0.006971803077948755
-2.859999999999983	0.007167056513680497
-2.849999999999983	0.007367100974736059
-2.8399999999999834	0.007572032691631997
-2.8299999999999836	0.007781949192724832
-2.819999999999984	0.007996949303109156
-2.809999999999984	0.008217133142881469
-2.7999999999999843	0.008442602124712342
-2.7899999999999845	0.008673458950701903
-2.7799999999999847	0.008909807608549375
-2.769999999999985	0.009151753366981619
-2.759999999999985	0.009399402770474113
-2.7499999999999853	0.009652863632882817
-2.7399999999999856	0.009912245030982482
-2.7299999999999858	0.010177657296476454
-2.719999999999986	0.010449212007557227
-2.709999999999986	0.010727021979548997
-2.6999999999999864	0.011011201254682364
-2.6899999999999866	0.011301865090993676
-2.679999999999987	0.011599129950347255
-2.669999999999987	0.011903113485442795
-2.6599999999999873	0.012213934526263698
-2.6499999999999875	0.012531713064884408
-2.6399999999999877	0.012856570239993141
-2.629999999999988	0.01318862832015867
-2.619999999999988	0.013528010685843105
-2.6099999999999883	0.013874841811070246
-2.5999999999999885	0.01422924724336699
-2.5899999999999888	0.014591353583036041
-2.579999999999989	0.014961288461269108
-2.569999999999989	0.015339180517180966
-2.5599999999999894	0.01572515937378241
-2.5499999999999896	0.016119355612818742
-2.53999999999999	0.016521900748486553
-2.52999999999999	0.01693292720004288
-2.5199999999999902	0.017352568263244956
-2.5099999999999905	0.01778095808061877
-2.4999999999999907	0.018218231610586236
-2.489999999999991	0.018664524595390617
-2.479999999999991	0.019119973527806006
-2.4699999999999913	0.019584715616673493
-2.4599999999999915	0.0200588887512067
-2.4499999999999917	0.02054263146404995
-2.439999999999992	0.021036082893121984
-2.429999999999992	0.021539382742216534
-2.4199999999999924	0.022052671240317418
-2.4099999999999926	0.022576089099683984
-2.399999999999993	0.0231097774726628
-2.389999999999993	0.023653877907207983
-2.3799999999999932	0.02420853230113173
-2.3699999999999934	0.024773882855090888
-2.3599999999999937	0.02535007202424388
-2.349999999999994	0.025937242468642315
-2.339999999999994	0.02653553700234339
-2.3299999999999943	0.02714509854119251
-2.3199999999999945	0.02776607004932628
-2.3099999999999947	0.028398594484403423
-2.299999999999995	0.0290428147415036
-2.289999999999995	0.029698873595753694
-2.2799999999999954	0.03036691364367969
-2.2699999999999956	0.031047077243248483
-2.259999999999996	0.03173950645263384
-2.249999999999996	0.03244434296773798
-2.239999999999996	0.033161728058417564
-2.2299999999999964	0.03389180250344744
-2.2199999999999966	0.03463470652427192
-2.209999999999997	0.03539057971748836
-2.199999999999997	0.03615956098609252
-2.1899999999999973	0.03694178846954641
-2.1799999999999975	0.03773739947262399
-2.1699999999999977	0.03854653039305206
-2.159999999999998	0.03936931664801612
-2.149999999999998	0.04020589259949819
-2.1399999999999983	0.041056391478454766
-2.1299999999999986	0.04192094530792416
-2.1199999999999988	0.04279968482500172
-2.109999999999999	0.04369273940174157
-2.099999999999999	0.04460023696502736
-2.0899999999999994	0.04552230391541771
-2.0799999999999996	0.046459065044951675
-2.07	0.04741064345401779
-2.06	0.04837716046727672
-2.0500000000000003	0.04935873554862931
-2.0400000000000005	0.05035548621532432
-2.0300000000000007	0.05136752795122115
-2.020000000000001	0.05239497411919609
-2.010000000000001	0.053437935872775316
-2.0000000000000013	0.054496522067036084
-1.9900000000000015	0.05557083916875382
-1.9800000000000015	0.05666099116588158
-1.9700000000000015	0.05776707947642158
-1.9600000000000015	0.0588892028566518
-1.9500000000000015	0.060027457308807125
-1.9400000000000015	0.06118193598827977
-1.9300000000000015	0.06235272911031096
-1.9200000000000015	0.06353992385625706
-1.9100000000000015	0.06474360427951836
-1.9000000000000015	0.06596385121110102
-1.8900000000000015	0.06720074216489316
-1.8800000000000014	0.06845435124274282
-1.8700000000000014	0.06972474903934256
-1.8600000000000014	0.07101200254695542
-1.8500000000000014	0.07231617506012618
-1.8400000000000014	0.07363732608033477
-1.8300000000000014	0.07497551122068112
-1.8200000000000014	0.07633078211069645
-1.8100000000000014	0.07770318630130753
-1.8000000000000014	0.0790927671699388
-1.7900000000000014	0.0804995638259875
-1.7800000000000014	0.08192361101658184
-1.7700000000000014	0.08336493903271698
-1.7600000000000013	0.08482357361587138
-1.7500000000000013	0.08629953586516247
-1.7400000000000013	0.08779284214503773
-1.7300000000000013	0.08930350399364544
-1.7200000000000013	0.0908315280319472
-1.7100000000000013	0.09237691587353049
-1.7000000000000013	0.09393966403537327
-1.6900000000000013	0.09551976384944633
-1.6800000000000013	0.09711720137537032
-1.6700000000000013	0.09873195731404527
-1.6600000000000013	0.10036400692248484
-1.6500000000000012	0.10201331992983147
-1.6400000000000012	0.10367986045454253
-1.6300000000000012	0.10536358692311229
-1.6200000000000012	0.10706445198994671
-1.6100000000000012	0.10878240245897342
-1.6000000000000012	0.11051737920660266
-1.5900000000000012	0.11226931710645538
-1.5800000000000012	0.11403814495566136
-1.5700000000000012	0.1158237854030009
-1.5600000000000012	0.11762615487896073
-1.5500000000000012	0.11944516352746781
-1.5400000000000011	0.12128071513987937
-1.5300000000000011	0.12313270709081578
-1.5200000000000011	0.12500103027629972
-1.5100000000000011	0.12688556905390097
-1.500000000000001	0.12878620118538958
-1.490000000000001	0.13070279778138746
-1.480000000000001	0.13263522324874868
-1.470000000000001	0.13458333524041446
-1.460000000000001	0.13654698460746806
-1.450000000000001	0.13852601535432535
-1.440000000000001	0.14052026459588704
-1.430000000000001	0.14252956251858773
-1.420000000000001	0.14455373234252297
-1.410000000000001	0.14659259028886212
-1.400000000000001	0.14864594554728286
-1.390000000000001	0.1507136002494279
-1.380000000000001	0.1527953494422346
-1.370000000000001	0.1548909810688541
-1.360000000000001	0.15700027594675378
-1.350000000000001	0.15912300775446928
-1.340000000000001	0.16125894301929342
-1.330000000000001	0.1634078411079217
-1.320000000000001	0.16556945422159727
-1.310000000000001	0.1677435273941607
-1.300000000000001	0.1699297984937176
-1.290000000000001	0.17212799822792502
-1.280000000000001	0.17433785015281075
-1.270000000000001	0.17655907068525561
-1.260000000000001	0.17879136911925075
-1.2500000000000009	0.18103444764581267
-1.2400000000000009	0.1832880013766655
-1.2300000000000009	0.1855517183718377
-1.2200000000000009	0.18782527967103746
-1.2100000000000009	0.19010835932887402
-1.2000000000000008	0.19240062445410214
-1.1900000000000008	0.19470173525273826
-1.1800000000000008	0.19701134507504664
-1.1700000000000008	0.19932910046678973
-1.1600000000000008	0.20165464122421023
-1.1500000000000008	0.20398760045313594
-1.1400000000000008	0.20632760463228556
-1.1300000000000008	0.20867427368034455
-1.1200000000000008	0.21102722102732496
-1.1100000000000008	0.21338605368999256
-1.1000000000000008	0.21575037235126904
-1.0900000000000007	0.21811977144375672
-1.0800000000000007	0.22049383923743887
-1.0700000000000007	0.22287215793136558
-1.0600000000000007	0.2252543037494143
-1.0500000000000007	0.22763984704019866
-1.0400000000000007	0.23002835238096406
-1.0300000000000007	0.23241937868550816
-1.0200000000000007	0.23481247931620386
-1.0100000000000007	0.23720720219996994
-1.0000000000000007	0.23960308994819088
-0.9900000000000007	0.24199967998067132
-0.9800000000000006	0.24439650465330004
-0.9700000000000006	0.24679309139065553
-0.9600000000000006	0.24918896281943217
-0.9500000000000006	0.2515836369105429
-0.9400000000000006	0.25397662712038577
-0.9300000000000006	0.2563674425384442
-0.9200000000000006	0.25875558803758464
-0.9100000000000006	0.26114056442847877
-0.9000000000000006	0.26352186861726673
-0.8900000000000006	0.2658989937669028
-0.8800000000000006	0.2682714294615789
-0.8700000000000006	0.27063866187520347
-0.8600000000000005	0.27300017394284287
-0.8500000000000005	0.27535544553514874
-0.8400000000000005	0.27770395363632744
-0.8300000000000005	0.2800451725253688
-0.8200000000000005	0.28237857395978333
-0.8100000000000005	0.2847036273626747
-0.8000000000000005	0.2870198000126371
-0.7900000000000005	0.2893265572362453
-0.7800000000000005	0.2916233626034038
-0.7700000000000005	0.2939096781252701
-0.7600000000000005	0.29618496445456693
-0.7500000000000004	0.29844868108852896
-0.7400000000000004	0.30070028657380576
-0.7300000000000004	0.30293923871392764
-0.7200000000000004	0.30516499477860287
-0.7100000000000004	0.307377011715183
-0.7000000000000004	0.30957474636188553
-0.6900000000000004	0.31175765566284414
-0.6800000000000004	0.3139251968847765
-0.6700000000000004	0.3160768278353002
-0.6600000000000004	0.3182120070824538
-0.6500000000000004	0.32033019417575687
-0.6400000000000003	0.3224308498682909
-0.6300000000000003	0.3245134363399107
-0.6200000000000003	0.32657741742134133
-0.6100000000000003	0.32862225881911117
-0.6000000000000003	0.3306474283411331
-0.5900000000000003	0.33265239612287045
-0.5800000000000003	0.3346366348534612
-0.5700000000000003	0.336599620004208
-0.5600000000000003	0.338540830053098
-0.5500000000000003	0.3404597467134403
-0.5400000000000003	0.3423558551603432
-0.5300000000000002	0.3442286442573217
-0.5200000000000002	0.3460776067825455
-0.5100000000000002	0.34790223965451605
-0.5000000000000002	0.3497020441570782
-0.49000000000000027	0.3514765261636645
-0.48000000000000026	0.35322519636053673
-0.47000000000000025	0.35494757046896086
-0.46000000000000024	0.3566431694661786
-0.45000000000000023	0.3583115198049769
-0.4400000000000002	0.3599521536317612
-0.4300000000000002	0.3615646090030107
-0.4200000000000002	0.3631484300999207
-0.4100000000000002	0.3647031674411205
-0.4000000000000002	0.36622837809337255
-0.3900000000000002	0.36772362588004126
-0.38000000000000017	0.36918848158722645
-0.37000000000000016	0.3706225231674657
-0.36000000000000015	0.37202533594081355
-0.35000000000000014	0.3733965127931694
-0.34000000000000014	0.37473565437178163
-0.3300000000000001	0.37604236927773227
-0.3200000000000001	0.37731627425528186
-0.3100000000000001	0.3785569943780015
-0.3000000000000001	0.3797641632315082
-0.2900000000000001	0.380937423092679
-0.2800000000000001	0.38207642510527356
-0.2700000000000001	0.3831808294518145
-0.26000000000000006	0.3842503055215678
-0.25000000000000006	0.3852845320745882
-0.24000000000000007	0.3862831974016662
-0.23000000000000007	0.3872459994800558
-0.22000000000000006	0.3881726461249091
-0.21000000000000005	0.3890628551363101
-0.20000000000000004	0.38991635444175426
-0.19000000000000003	0.3907328822340377
-0.18000000000000002	0.3915121871044352
-0.17	0.3922540281710485
-0.16	0.3929581752022567
-0.15	0.39362440873521004
-0.13999999999999999	0.3942525201892094
-0.12999999999999998	0.3948423119739394
-0.11999999999999998	0.39539359759209497
-0.10999999999999999	0.3959062017386833
-0.09999999999999999	0.39637996039091133
-0.09	0.39681472089668973
-0.08	0.39721034205559125
-0.07	0.39756669419462326
-0.060000000000000005	0.3978836592384128
-0.05	0.39816113077368276
-0.04	0.39839901410799156
-0.03	0.39859722632272815
-0.02	0.3987556963202758
-0.01	0.3988743648653057
0	0.39895318462022084
0.01	0.39899212017467117
0.02	0.3989911480691097
0.03	0.398950256812421
0.04	0.39886944689356574
0.05	0.39874873078721423
0.060000000000000005	0.39858813295341466
0.07	0.39838768983124895
0.08	0.398147449826485
0.09	0.3978674732932326
0.09999999999999999	0.397547832509638
0.10999999999999999	0.39718861164756336
0.11999999999999998	0.3967899067363374
0.12999999999999998	0.3963518256205807
0.13999999999999999	0.39587448791208824
0.15	0.3953580249362492
0.16	0.3948025796706471
0.17	0.3942083066817992
0.18000000000000002	0.39357537205216175
0.19000000000000003	0.3929039533034249
0.20000000000000004	0.3921942393137099
0.21000000000000005	0.3914464302291551
0.22000000000000006	0.3906607373699654
0.23000000000000007	0.3898373831309443
0.24000000000000007	0.3889766008765843
0.25000000000000006	0.3880786348308311
0.26000000000000006	0.3871437399615276
0.2700000000000001	0.38617218185964436
0.2800000000000001	0.38516423661339905
0.2900000000000001	0.38412019067731534
0.3000000000000001	0.38304034073630056
0.3100000000000001	0.3819249935648892
0.3200000000000001	0.38077446588168
0.3300000000000001	0.3795890841990951
0.34000000000000014	0.37836918466857006
0.35000000000000014	0.3771151129212616
0.36000000000000015	0.37582722390436313
0.37000000000000016	0.37450588171318605
0.38000000000000017	0.3731514594190797
0.3900000000000002	0.37176433889329324
0.4000000000000002	0.370344910626942
0.4100000000000002	0.3688935735471743
0.4200000000000002	0.36741073482962533
0.4300000000000002	0.3658968097073451
0.4400000000000002	0.36435222127629496
0.45000000000000023	0.3627774002975193
0.46000000000000024	0.3611727849961615
0.47000000000000025	0.35953882085744787
0.48000000000000026	0.3578759604197422
0.49000000000000027	0.3561846630648366
0.5000000000000002	0.35446539480562483
0.5100000000000002	0.35271862807125115
0.5200000000000002	0.3509448414899068
0.5300000000000002	0.349144519669433
0.5400000000000003	0.34731815297581714
0.5500000000000003	0.3454662373097603
0.5600000000000003	0.3435892738814771
0.5700000000000003	0.3416877689838215
0.5800000000000003	0.33976223376391496
0.5900000000000003	0.33781318399343
0.6000000000000003	0.3358411398380229
0.6100000000000003	0.33384662562381723
0.6200000000000003	0.3318301696067374
0.6300000000000003	0.3297923037372974
0.6400000000000003	0.3277335634266259
0.6500000000000004	0.32565448731164987
0.6600000000000004	0.3235556170199257
0.6700000000000004	0.3214374969342548
0.6800000000000004	0.31930067395726835
0.6900000000000004	0.3171456972760946
0.7000000000000004	0.3149731181272313
0.7100000000000004	0.312783489561815
0.7200000000000004	0.3105773662113952
0.7300000000000004	0.3083553040543368
0.7400000000000004	0.30611786018302506
0.7500000000000004	0.303865592571996
0.7600000000000005	0.3015990598470999
0.7700000000000005	0.29931882105586954
0.7800000000000005	0.2970254354392157
0.7900000000000005	0.29471946220454864
0.8000000000000005	0.29240146030048664
0.8100000000000005	0.2900719881932837
0.8200000000000005	0.2877316036450532
0.8300000000000005	0.2853808634939527
0.8400000000000005	0.283020323436446
0.8500000000000005	0.28065053781173155
0.8600000000000005	0.2782720593884693
0.8700000000000006	0.27588543915393887
0.8800000000000006	0.2734912261056916
0.8900000000000006	0.2710899670458421
0.9000000000000006	0.26868220637809004
0.9100000000000006	0.26626848590757934
0.9200000000000006	0.263849344643669
0.9300000000000006	0.26142531860576196
0.9400000000000006	0.25899694063223616
0.9500000000000006	0.25656474019257763
0.9600000000000006	0.25412924320283853
0.9700000000000006	0.25169097184446176
0.9800000000000006	0.249250444386556
0.9900000000000007	0.24680817501174063
1.0000000000000007	0.2443646736455866
1.0100000000000007	0.24192044578975005
1.0200000000000007	0.2394759923588585
1.0300000000000007	0.23703180952123348
1.0400000000000007	0.2345883885434689
1.0500000000000007	0.23214621563897217
1.0600000000000007	0.2297057718204997
1.0700000000000007	0.22726753275672343
1.0800000000000007	0.22483196863291383
1.0900000000000007	0.22239954401575723
1.1000000000000008	0.21997071772235183
1.1100000000000008	0.21754594269342545
1.1200000000000008	0.21512566587082696
1.1300000000000008	0.21271032807927687
1.1400000000000008	0.21030036391245888
1.1500000000000008	0.20789620162344333
1.1600000000000008	0.20549826301947333
1.1700000000000008	0.20310696336112752
1.1800000000000008	0.20072271126589908
1.1900000000000008	0.19834590861615928
1.2000000000000008	0.19597695047154706
1.2100000000000009	0.19361622498578482
1.2200000000000009	0.19126411332791718
1.2300000000000009	0.18892098960795678
1.2400000000000009	0.18658722080697832
1.2500000000000009	0.1842631667116005
1.260000000000001	0.18194917985286965
1.270000000000001	0.1796456054495489
1.280000000000001	0.17735278135576665
1.290000000000001	0.17507103801300591
1.300000000000001	0.17280069840644918
1.310000000000001	0.17054207802561452
1.320000000000001	0.16829548482925843
1.330000000000001	0.16606121921455397
1.340000000000001	0.16383957399045743
1.350000000000001	0.16163083435526387
1.360000000000001	0.15943527787830294
1.370000000000001	0.15725317448574302
1.380000000000001	0.1550847864504279
1.390000000000001	0.15293036838575091
1.400000000000001	0.1507901672434817
1.410000000000001	0.1486644223155074
1.420000000000001	0.1465533652394314
1.430000000000001	0.14445722000799704
1.440000000000001	0.1423762029822413
1.450000000000001	0.14031052290835452
1.460000000000001	0.13826038093817528
1.470000000000001	0.13622597065325812
1.480000000000001	0.13420747809243364
1.490000000000001	0.13220508178284673
1.500000000000001	0.1302189527743372
1.5100000000000011	0.1282492546771496
1.5200000000000011	0.12629614370288134
1.5300000000000011	0.12435976870859677
1.5400000000000011	0.12244027124403492
1.5500000000000012	0.12053778560185413
1.5600000000000012	0.11865243887081715
1.5700000000000012	0.1167843509918441
1.5800000000000012	0.114933634816884
1.5900000000000012	0.11310039617048952
1.6000000000000012	0.11128473391403863
1.6100000000000012	0.1094867400125262
1.6200000000000012	0.1077064996038379
1.6300000000000012	0.10594409107042116
1.6400000000000012	0.1041995861132942
1.6500000000000012	0.10247304982829636
1.6600000000000013	0.10076454078448381
1.6700000000000013	0.09907411110462974
1.6800000000000013	0.09740180654771166
1.6900000000000013	0.09574766659331183
1.7000000000000013	0.09411172452786186
1.7100000000000013	0.09249400753263907
1.7200000000000013	0.09089453677342886
1.7300000000000013	0.08931332749177741
1.7400000000000013	0.08775038909776499
1.7500000000000013	0.08620572526418073
1.7600000000000013	0.08467933402206532
1.7700000000000014	0.08317120785751296
1.7800000000000014	0.08168133380964865
1.7900000000000014	0.08020969356971362
1.8000000000000014	0.07875626358119156
1.8100000000000014	0.07732101514085682
1.8200000000000014	0.07590391450070634
1.8300000000000014	0.07450492297068331
1.8400000000000014	0.07312399702210749
1.8500000000000014	0.07176108839175324
1.8600000000000014	0.0704161441864879
1.8700000000000014	0.0690891069884086
1.8800000000000014	0.06777991496035553
1.8900000000000015	0.0664885019518564
1.9000000000000015	0.06521479760525942
1.9100000000000015	0.06395872746211062
1.9200000000000015	0.06272021306966434
1.9300000000000015	0.0614991720874626
1.9400000000000015	0.06029551839390002
1.9500000000000015	0.05910916219275248
1.9600000000000015	0.05794001011955668
1.9700000000000015	0.05678796534780498
1.9800000000000015	0.05565292769489625
1.9900000000000015	0.0545347937277634
2.0000000000000013	0.053433456868140695
2.010000000000001	0.052348807497394435
2.020000000000001	0.051280733060878596
2.0300000000000007	0.0502291181717456
2.0400000000000005	0.049193844714165214
2.0500000000000003	0.048174791945911746
2.06	0.047171836600242434
2.07	0.04618485298703787
2.0799999999999996	0.045213713093165075
2.0899999999999994	0.04425828668199317
2.099999999999999	0.043318441392024495
2.109999999999999	0.042394042834628685
2.1199999999999988	0.04148495469078486
2.1299999999999986	0.04059103880683465
2.1399999999999983	0.039712155289202425
2.149999999999998	0.038848162598019015
2.159999999999998	0.037998917639637884
2.1699999999999977	0.03716427585802499
2.1799999999999975	0.036344091324944046
2.1899999999999973	0.03553821682893745
2.199999999999997	0.03474650396308647
2.209999999999997	0.03396880321148714
2.2199999999999966	0.03320496403443916
2.2299999999999964	0.032454834952323486
2.239999999999996	0.03171826362813419
2.249999999999996	0.03099509694865332
2.259999999999996	0.030285181104238737
2.2699999999999956	0.029588361667221192
2.2799999999999954	0.028904483668871904
2.289999999999995	0.028233391674941103
2.299999999999995	0.027574929859758034
2.3099999999999947	0.02692894207884673
2.3199999999999945	0.026295271940090056
2.3299999999999943	0.02567376287339886
2.339999999999994	0.025064258198888845
2.349999999999994	0.02446660119355115
2.3599999999999937	0.023880635156431212
2.3699999999999934	0.023306203472270064
2.3799999999999932	0.022743149673643322
2.389999999999993	0.02219131750157603
2.399999999999993	0.02165055096462994
2.4099999999999926	0.021120694396467105
2.4199999999999924	0.020601592511897426
2.429999999999992	0.020093090461389976
2.439999999999992	0.019595033884074582
2.4499999999999917	0.019107268959223992
2.4599999999999915	0.018629642456219352
2.4699999999999913	0.018162001783014036
2.479999999999991	0.017704195033097152
2.489999999999991	0.01725607103095691
2.4999999999999907	0.016817479376067253
2.5099999999999905	0.016388270485391206
2.5199999999999902	0.015968295634426907
2.52999999999999	0.015557406996787834
2.53999999999999	0.015155457682347495
2.5499999999999896	0.01476230177394752
2.5599999999999894	0.014377794362691014
2.569999999999989	0.014001791581825726
2.579999999999989	0.013634150639245834
2.5899999999999888	0.013274729848604092
2.5999999999999885	0.012923388659077922
2.6099999999999883	0.012579987683789278
2.619999999999988	0.012244388726881461
2.629999999999988	0.011916454809310752
2.6399999999999877	0.011596050193331507
2.6499999999999875	0.01128304040570485
2.6599999999999873	0.010977292259593397
2.669999999999987	0.010678673875562978
2.679999999999987	0.0103870547006669
2.6899999999999866	0.01010230552703693
2.6999999999999864	0.009824298508951248
2.709999999999986	0.009552907178802816
2.719999999999986	0.009288006461880972
2.7299999999999858	0.009029472690378246
2.7399999999999856	0.008777183615603392
2.7499999999999853	0.008531018419830484
2.759999999999985	0.008290857726743138
2.769999999999985	0.008056583610924003
2.7799999999999847	0.00782807960633703
2.7899999999999845	0.007605230713829919
2.7999999999999843	0.007387923407671503
2.809999999999984	0.0071760456411538226
2.819999999999984	0.006969486851272878
2.8299999999999836	0.00676813796253032
2.8399999999999834	0.0065718913898419745
2.849999999999983	0.006380641040617257
2.859999999999983	0.0061942823160020125
2.869999999999983	0.006012712111321584
2.8799999999999826	0.005835828815739123
2.8899999999999824	0.005663532311164703
2.899999999999982	0.005495723970411841
2.909999999999982	0.00533230665465504
2.9199999999999817	0.0051731847101866586
2.9299999999999815	0.0050182639645026
2.9399999999999813	0.004867451721746236
2.949999999999981	0.004720656757520381
2.959999999999981	0.004577789313088327
2.9699999999999807	0.004438761089002894
2.9799999999999804	0.0043034852381625376
2.9899999999999802	0.004171876358327017
2.99999999999998	0.0040438504841125555
3.00999999999998	0.003919325078488715
3.0199999999999796	0.003798219023781348
3.0299999999999794	0.003680452612228926
3.039999999999979	0.0035659475360930565
3.049999999999979	0.0034546268773385145
3.0599999999999787	0.0033464150969195793
3.0699999999999785	0.0032412380236764666
3.0799999999999783	0.00313902284287136
3.089999999999978	0.003039698084365737
3.099999999999978	0.0029431936104821984
3.1099999999999777	0.0028494406035444115
3.1199999999999775	0.0027583715531198537
3.1299999999999772	0.002669920243004562
3.139999999999977	0.002584021737913926
3.149999999999977	0.0025006123699533567
3.1599999999999766	0.0024196297248588864
3.1699999999999764	0.002341012628011731
3.179999999999976	0.0022647011302628847
3.189999999999976	0.0021906364935842674
3.1999999999999758	0.002118761176527252
3.2099999999999755	0.002049018819550166
3.2199999999999753	0.0019813542301975145
3.229999999999975	0.0019157133681523503
3.239999999999975	0.0018520433301773527
3.2499999999999747	0.0017902923349537828
3.2599999999999745	0.0017304097078402224
3.2699999999999743	0.0016723458655417654
3.279999999999974	0.0016160523007452549
3.289999999999974	0.0015614815666341584
3.2999999999999736	0.0015085872614795737
3.3099999999999734	0.0014573240130907434
3.319999999999973	0.0014076474633003282
3.329999999999973	0.0013595142524344488
3.3399999999999728	0.0013128820037756573
3.3499999999999726	0.0012677093080599164
3.3599999999999723	0.0012239557079250295
3.369999999999972	0.0011815816825129122
3.379999999999972	0.0011405486319867417
3.3899999999999717	0.0011008188621588761
3.3999999999999715	0.0010623555691517456
3.4099999999999713	0.0010251228241331513
3.419999999999971	0.0009890855581119605
3.429999999999971	0.0009542095468077735
3.4399999999999706	0.0009204613956146229
3.4499999999999704	0.0008878085246846925
3.45999999999997	0.0008562191539061609
3.46999999999997	0.0008256622883968011
3.47999999999997	0.0007961077036870182
3.4899999999999696	0.0007675259312268963
3.4999999999999694	0.0007398882439676266
3.509999999999969	0.0007131666421081476
3.519999999999969	0.0006873338387563253
3.5299999999999687	0.0006623632461485601
3.5399999999999685	0.000638228961575191
3.5499999999999683	0.0006149057536637358
3.559999999999968	0.0005923690487587394
3.569999999999968	0.0005705949174503229
3.5799999999999677	0.0005495600612512547
3.5899999999999674	0.0005292417994357143
3.5999999999999672	0.0005096180559803639
3.609999999999967	0.000490667346776713
3.619999999999967	0.00047236876688701047
3.6299999999999666	0.0004547019780190707
3.6399999999999664	0.00043764719615732535
3.649999999999966	0.0004211851793678621
3.659999999999966	0.0004052972157117216
3.6699999999999657	0.0003899651114498888
3.6799999999999655	0.000375171179294779
3.6899999999999653	0.0003608982268924025
3.699999999999965	0.0003471295454664965
3.709999999999965	0.0003338488986326537
3.7199999999999647	0.00032104051138913224
3.7299999999999645	0.000308689059277108
3.7399999999999642	0.0002967796577132677
3.749999999999964	0.0002852978515067384
3.759999999999964	0.0002742296045345863
3.7699999999999636	0.0002635612896004812
3.7799999999999634	0.0002532796784681163
3.789999999999963	0.00024337193206015647
3.799999999999963	0.0002338255908356619
3.8099999999999627	0.00022462856533756546
3.8199999999999625	0.0002157691269115889
3.8299999999999623	0.00020723589859569992
3.839999999999962	0.0001990178461787865
3.849999999999962	0.0001911042694282785
3.8599999999999617	0.00018348479348607807
3.8699999999999615	0.00017614936042918957
3.8799999999999613	0.00016908822099814512
3.889999999999961	0.00016229192648541718
3.899999999999961	0.00015575132078972338
3.9099999999999606	0.00014945753263447757
3.9199999999999604	0.00014340196793696417
3.92999999999996	0.00013757630234160614
3.93999999999996	0.00013197247390433803
3.9499999999999598	0.0001265826759651696
3.9599999999999596	0.0001213993500889966
3.9699999999999593	0.00011641517928345877
3.979999999999959	0.00011162308123325962
3.989999999999959	0.00010701620178501541
3.9999999999999587	0.0001025879085285903
4.009999999999959	0.0000983317845331919
4.019999999999959	0.0000942416222265426
4.0299999999999585	0.00009031141741488362
4.039999999999958	0.00008653536343796027
4.049999999999958	0.00008290784546419308
4.059999999999958	0.00007942343491711293
4.069999999999958	0.00007607688403774006
4.079999999999957	0.00007286312057241293
4.089999999999957	0.00006977724259413402
4.099999999999957	0.00006681451344417512
4.109999999999957	0.00006397035680467807
4.119999999999957	0.00006124035188656569
4.129999999999956	0.00005862022874270064
4.139999999999956	0.00005610586369589241
4.149999999999956	0.000053693274883515915
4.159999999999956	0.00005137861791698587
4.1699999999999555	0.00004915818164917994
4.179999999999955	0.00004702838405866276
4.189999999999955	0.00004498576823364423
4.199999999999955	0.000043026998467447676
4.209999999999955	0.00004114885644934235
4.2199999999999545	0.00003934823757203678
4.229999999999954	0.00003762214732132795
4.239999999999954	0.00003596769777176023
4.249999999999954	0.00003438210417109931
4.259999999999954	0.00003286268166058832
4.269999999999953	0.00003140684197862046
4.279999999999953	0.000030012090413995874
4.289999999999953	0.000028676022677249474
4.299999999999953	0.000027396321986471828
4.3099999999999525	0.000026170756178608217
4.319999999999952	0.00002499717491153116
4.329999999999952	0.000023873506949117698
4.339999999999952	0.000022797757529017086
4.349999999999952	0.000021768005792687533
4.3599999999999515	0.000020782402308412355
4.369999999999951	0.000019839166654452128
4.379999999999951	0.00001893658507954184
4.389999999999951	0.00001807300822745914
4.399999999999951	0.000017246848940649516
4.40999999999995	0.00001645658011548187
4.41999999999995	0.000015700732633298895
4.42999999999995	0.000014977893349934524
4.43999999999995	0.000014286703148815554
4.4499999999999496	0.000013625855049721855
4.459999999999949	0.000012994092382446685
4.469999999999949	0.000012390207039411909
4.479999999999949	0.0000118130376509567
4.489999999999949	0.000011261468081989723
4.4999999999999485	0.000010734425744562672
4.509999999999948	0.000010230879952578251
4.519999999999948	9.74984057649505e-6
4.529999999999948	9.290356474474768e-6
4.539999999999948	8.851514105535048e-6
4.549999999999947	8.432436155599249e-6
4.559999999999947	8.032280224236877e-6
4.569999999999947	7.650237537411512e-6
4.579999999999947	7.285531711977647e-6
4.589999999999947	6.937417555415817e-6
4.599999999999946	6.605179912743215e-6
4.609999999999946	6.288132546775808e-6
4.619999999999946	5.985617056406086e-6
4.629999999999946	5.6970018335200105e-6
4.6399999999999455	5.42168104911099e-6
4.649999999999945	5.159073686614346e-6
4.659999999999945	4.908622594590142e-6
4.669999999999945	4.669793580304303e-6
4.679999999999945	4.442074530009278e-6
4.689999999999944	4.224974565162765e-6
4.699999999999944	4.0180232218843555e-6
4.709999999999944	3.820769665364051e-6
4.719999999999944	3.6327819214468807e-6
4.729999999999944	3.4536461512201596e-6
4.739999999999943	3.282965941027544e-6
4.749999999999943	3.1203616106509013e-6
4.759999999999943	2.9654695674478814e-6
4.769999999999943	2.817941663710903e-6
4.7799999999999425	2.677444582934955e-6
4.789999999999942	2.543659266557954e-6
4.799999999999942	2.4162803150910106e-6
4.809999999999942	2.2950154779707114e-6
4.819999999999942	2.179585091051519e-6
4.8299999999999415	2.0697216009317323e-6
4.839999999999941	1.9651690279035748e-6
4.849999999999941	1.8656825670807184e-6
4.859999999999941	1.7710280547497963e-6
4.869999999999941	1.6809815960003401e-6
4.87999999999994	1.595329128549252e-6
4.88999999999994	1.513865992418383e-6
4.89999999999994	1.4363965601309987e-6
4.90999999999994	1.3627338802709912e-6
4.9199999999999395	1.2926992818417557e-6
4.929999999999939	1.2261220513971223e-6
4.939999999999939	1.1628390987460373e-6
4.949999999999939	1.1026946333637172e-6
4.959999999999939	1.0455398574034814e-6
4.9699999999999385	9.912326698815935e-7
4.979999999999938	9.396373879816728e-7
4.989999999999938	8.906244558167658e-7
4.999999999999938	8.440702237076295e-7
5.009999999999938	7.998566704973184e-7
5.019999999999937	7.578711392262371e-7
5.029999999999937	7.180061406367015e-7
5.039999999999937	6.801591185406772e-7
5.049999999999937	6.442322367589664e-7
5.0599999999999365	6.101321740553951e-7
5.069999999999936	5.777699271876286e-7
5.079999999999936	5.470606205085941e-7
5.089999999999936	5.179233312810432e-7
5.099999999999936	4.902809119231892e-7
5.1099999999999355	4.6405981879030743e-7
5.119999999999935	4.391899595021039e-7
5.129999999999935	4.1560453780316785e-7
5.139999999999935	3.9323990635720245e-7
5.149999999999935	3.7203543944032676e-7
5.159999999999934	3.5193336100131414e-7
5.169999999999934	3.3287861989510516e-7
5.179999999999934	3.148188723088905e-7
5.189999999999934	2.9770420258589536e-7
5.199999999999934	2.8148710672664034e-7
5.209999999999933	2.661223623638251e-7
5.219999999999933	2.515669317989011e-7
5.229999999999933	2.3777984509296467e-7
5.239999999999933	2.24722094705156e-7
5.2499999999999325	2.123565736714401e-7
5.259999999999932	2.00648064413513e-7
5.269999999999932	1.8956295044360721e-7
5.279999999999932	1.7906929770510698e-7
5.289999999999932	1.6913676110351438e-7
5.299999999999931	1.5973647676578076e-7
5.309999999999931	1.5084097784851186e-7
5.319999999999931	1.424241705929741e-7
5.329999999999931	1.344612612029831e-7
5.339999999999931	1.2692870787457386e-7
5.34999999999993	1.1980406397408664e-7
5.35999999999993	1.1306611042164598e-7
5.36999999999993	1.0669458802222222e-7
5.37999999999993	1.006703031261013e-7
5.3899999999999295	9.49750233024119e-8