-5.659999999999924	9.51313533663431e-8
-5.649999999999924	1.0023469485616747e-7
-5.639999999999924	1.0560285423840667e-7
-5.629999999999924	1.1124907904035618e-7
-5.619999999999925	1.1718725066419641e-7
-5.609999999999925	1.2343190312016976e-7
-5.599999999999925	1.2999829028813386e-7
-5.589999999999925	1.3690236737923486e-7
-5.5799999999999255	1.4416089053399695e-7
-5.569999999999926	1.5179133871974906e-7
-5.559999999999926	1.5981217246968844e-7
-5.549999999999926	1.6824249318064502e-7
-5.539999999999926	1.7710239800660975e-7
-5.5299999999999265	1.864130754826064e-7
-5.519999999999927	1.961965477140314e-7
-5.509999999999927	2.0647594790489776e-7
-5.499999999999927	2.1727538831677748e-7
-5.489999999999927	2.2862021400638377e-7
-5.479999999999928	2.4053691740158896e-7
-5.469999999999928	2.530532110193407e-7
-5.459999999999928	2.661981040371013e-7
-5.449999999999928	2.8000194056220956e-7
-5.4399999999999284	2.9449647253505315e-7
-5.429999999999929	3.097149157287112e-7
-5.419999999999929	3.2569200384592366e-7
-5.409999999999929	3.424640630043968e-7
-5.399999999999929	3.6006909575093396e-7
-5.3899999999999295	3.7854681264590353e-7
-5.37999999999993	3.9793876696828857e-7
-5.36999999999993	4.182883981942247e-7
-5.35999999999993	4.396410884382827e-7
-5.34999999999993	4.6204428731640065e-7
-5.339999999999931	4.855475872648468e-7
-5.329999999999931	5.102028139583514e-7
-5.319999999999931	5.360641223620879e-7
-5.309999999999931	5.631880961200808e-7
-5.299999999999931	5.916338480671099e-7
-5.289999999999932	6.214631312250387e-7
-5.279999999999932	6.527404479239184e-7
-5.269999999999932	6.85533165515985e-7
-5.259999999999932	7.199116374264857e-7
-5.2499999999999325	7.559493274822004e-7
-5.239999999999933	7.937229402103901e-7
-5.229999999999933	8.333125560884549e-7
-5.219999999999933	8.748017716351168e-7
-5.209999999999933	9.182778446094533e-7
-5.199999999999934	9.638318496793948e-7
-5.189999999999934	1.0115588240869262e-6
-5.179999999999934	1.0615579384170018e-6
-5.169999999999934	1.1139326733265882e-6
-5.159999999999934	1.1687909840233117e-6
-5.149999999999935	1.2262454870916426e-6
-5.139999999999935	1.2864136496840025e-6
-5.129999999999935	1.3494179859779593e-6
-5.119999999999935	1.4153862614867844e-6
-5.1099999999999355	1.484451704830652e-6
-5.099999999999936	1.5567532269316192e-6
-5.089999999999936	1.6324356479533772e-6
-5.079999999999936	1.7116499373070366e-6
-5.069999999999936	1.7945534544839451e-6
-5.0599999999999365	1.8813102056366047e-6
-5.049999999999937	1.9720911018116023e-6
-5.039999999999937	2.0670742443365455e-6
-5.029999999999937	2.1664452262249733e-6
-5.019999999999937	2.270397298933498e-6
-5.009999999999938	2.3791318797720044e-6
-4.999999999999938	2.492858762591102e-6
-4.989999999999938	2.6117963399416606e-6
-4.979999999999938	2.7361721354179417e-6
-4.9699999999999385	2.8662230815232232e-6
-4.959999999999939	3.0021957918678555e-6
-4.949999999999939	3.1443470835068953e-6
-4.939999999999939	3.292944212033899e-6
-4.929999999999939	3.448265445339733e-6
-4.9199999999999395	3.61060028942975e-6
-4.90999999999994	3.7802501223591354e-6
-4.89999999999994	3.9575284560256885e-6
-4.88999999999994	4.142761504853001e-6
-4.87999999999994	4.336288641382826e-6
-4.869999999999941	4.538462867774641e-6
-4.859999999999941	4.74965138057332e-6
-4.849999999999941	4.970236033921029e-6
-4.839999999999941	5.200613920639598e-6
-4.8299999999999415	5.441197924549854e-6
-4.819999999999942	5.692417346627313e-6
-4.809999999999942	5.9547184375601046e-6
-4.799999999999942	6.2285650708145345e-6
-4.789999999999942	6.514439394844816e-6
-4.7799999999999425	6.812842426794401e-6
-4.769999999999943	7.124294841640189e-6
-4.759999999999943	7.449337625637489e-6
-4.749999999999943	7.788532831083311e-6
-4.739999999999943	8.142464275824152e-6
-4.729999999999944	8.511738429907397e-6
-4.719999999999944	8.896985147523998e-6
-4.709999999999944	9.2988585237131e-6
-4.699999999999944	9.718037759237686e-6
-4.689999999999944	0.000010155228045865405
-4.679999999999945	0.00001061116148007331
-4.669999999999945	0.000011086598021773422
-4.659999999999945	0.00001158232646106969
-4.649999999999945	0.00001209916542711016
-4.6399999999999455	0.000012637964427575027
-4.629999999999946	0.0000131996049271051
-4.619999999999946	0.000013785001436518348
-4.609999999999946	0.000014395102656407279
-4.599999999999946	0.000015030892694226772
-4.589999999999947	0.000015693392193430754
-4.579999999999947	0.000016383659637093214
-4.569999999999947	0.00001710279260931618
-4.559999999999947	0.000017851929162260847
-4.549999999999947	0.000018632249108101033
-4.539999999999948	0.00001944497547564102
-4.529999999999948	0.000020291375935698803
-4.519999999999948	0.00002117276429915397
-4.509999999999948	0.000022090502046251174
-4.4999999999999485	0.00002304599990088854
-4.489999999999949	0.000024040719458765696
-4.479999999999949	0.000025076174859871843
-4.469999999999949	0.0000261539344983663
-4.459999999999949	0.00002727562279829763
-4.4499999999999496	0.000028442922036027532
-4.43999999999995	0.000029657574206487138
-4.42999999999995	0.00003092138294201145
-4.41999999999995	0.00003223621550382311
-4.40999999999995	0.000033604004801801344
-4.399999999999951	0.000035026751491438725
-4.389999999999951	0.000036506526121677284
-4.379999999999951	0.00003804547134094402
-4.369999999999951	0.00003964580416022639
-4.3599999999999515	0.00004130981829477686
-4.349999999999952	0.000043039886543515085
-4.339999999999952	0.00004483846324705889
-4.329999999999952	0.00004670808682072731
-4.319999999999952	0.0000486513823338828
-4.3099999999999525	0.000050671064164870245
-4.299999999999953	0.00005276993874351438
-4.289999999999953	0.00005495090733725522
-4.279999999999953	0.00005721696892646665
-4.269999999999953	0.00005957122315076003
-4.259999999999954	0.00006201687333424086
-4.249999999999954	0.00006455722957265308
-4.239999999999954	0.00006719571192235024
-4.229999999999954	0.0000699358536510488
-4.2199999999999545	0.00007278130457255505
-4.209999999999955	0.00007573583447484826
-4.199999999999955	0.00007880333662136865
-4.189999999999955	0.00008198783133925362
-4.179999999999955	0.00008529346969978362
-4.1699999999999555	0.00008872453729004842
-4.159999999999956	0.00009228545805752289
-4.149999999999956	0.0000959807982678632
-4.139999999999956	0.0000998152705500894
-4.129999999999956	0.00010379373803575047
-4.119999999999957	0.0001079212185465111
-4.109999999999957	0.00011220288900681342
-4.099999999999957	0.00011664408981014476
-4.089999999999957	0.00012125032938297003
-4.079999999999957	0.00012602728876827252
-4.069999999999958	0.00013098082643391907
-4.059999999999958	0.0001361169830595512
-4.049999999999958	0.00014144198651079072
-4.039999999999958	0.00014696225688189956
-4.0299999999999585	0.0001526844116616431
-4.019999999999959	0.00015861527101977704
-4.009999999999959	0.00016476186318593254
-3.9999999999999587	0.0001711314299473084
-3.989999999999959	0.000177731432279265
-3.979999999999959	0.00018456955606609602
-3.9699999999999593	0.00019165371793659298
-3.9599999999999596	0.00019899207129739618
-3.9499999999999598	0.00020659301233192948
-3.93999999999996	0.00021446518624560602
-3.92999999999996	0.00022261749364937158
-3.9199999999999604	0.00023105909693028935
-3.9099999999999606	0.0002397994268745657
-3.899999999999961	0.0002488481893734494
-3.889999999999961	0.0002582153722489073
-3.8799999999999613	0.0002679112522077461
-3.8699999999999615	0.00027794640193316226
-3.8599999999999617	0.0002883316973050907
-3.849999999999962	0.00029907832473344173
-3.839999999999962	0.0003101977886453696
-3.8299999999999623	0.00032170191909399446
-3.8199999999999625	0.00033360287949256136
-3.8099999999999627	0.00034591317448587594
-3.799999999999963	0.00035864565796892874
-3.789999999999963	0.0003718135412085102
-3.7799999999999634	0.00038543040112463744
-3.7699999999999636	0.00039951018869632045
-3.759999999999964	0.0004140672375129341
-3.749999999999964	0.00042911627242280686
-3.7399999999999642	0.0004446724183716694
-3.7299999999999645	0.0004607512093277585
-3.7199999999999647	0.0004773685973638057
-3.709999999999965	0.0004945409618757702
-3.699999999999965	0.0005122851189181799
-3.6899999999999653	0.000530618330680224
-3.6799999999999655	0.0005495583151031543
-3.6699999999999657	0.0005691232556304748
-3.659999999999966	0.0005893318110484255
-3.649999999999966	0.0006102031255210661
-3.6399999999999664	0.0006317568387060174
-3.6299999999999666	0.0006540130960070573
-3.619999999999967	0.0006769925589727686
-3.609999999999967	0.000700716415799994
-3.5999999999999672	0.0007252063919576124
-3.5899999999999674	0.0007504847609545371
-3.5799999999999677	0.0007765743551445371
-3.569999999999968	0.0008034985769679693
-3.559999999999968	0.0008312814096805759
-3.5499999999999683	0.0008599474288325744
-3.5399999999999685	0.0008895218135223345
-3.5299999999999687	0.000920030357847939
-3.519999999999969	0.0009514994824492668
-3.509999999999969	0.0009839562460842836
-3.4999999999999694	0.001017428357627853
-3.4899999999999696	0.0010519441875474244
-3.47999999999997	0.0010875327800682845
-3.46999999999997	0.001124223865143035
-3.45999999999997	0.0011620478705618646
-3.4499999999999704	0.001201035934128436
-3.4399999999999706	0.0012412199159267032
-3.429999999999971	0.0012826324106651465
-3.419999999999971	0.001325306760064239
-3.4099999999999713	0.0013692770653269681
-3.3999999999999715	0.0014145781996663068
-3.3899999999999717	0.0014612458208613731
-3.379999999999972	0.0015093163838877737
-3.369999999999972	0.001558827153582317
-3.3599999999999723	0.0016098162173258292
-3.3499999999999726	0.0016623224977635688
-3.3399999999999728	0.0017163857655631842
-3.329999999999973	0.0017720466521657396
-3.319999999999973	0.0018293466625384414
-3.3099999999999734	0.0018883281879696846
-3.2999999999999736	0.001949034518815752
-3.289999999999974	0.0020115098572436314
-3.279999999999974	0.0020757993299704764
-3.2699999999999743	0.0021419490009548154
-3.2599999999999745	0.0022100058840477336
-3.2499999999999747	0.0022800179556114134
-3.239999999999975	0.0023520341670774606
-3.229999999999975	0.002426104457421863
-3.2199999999999753	0.0025022797655952097
-3.2099999999999755	0.0025806120428562827
-3.1999999999999758	0.0026611542649956806
-3.189999999999976	0.0027439604444787808
-3.179999999999976	0.002829085642475686
-3.1699999999999764	0.0029165859807336594
-3.1599999999999766	0.0030065186533529383
-3.149999999999977	0.003098941938396791
-3.139999999999977	0.0031939152093345465
-3.1299999999999772	0.0032914989463303885
-3.1199999999999775	0.003391754747355492
-3.1099999999999777	0.0034947453390662825
-3.099999999999978	0.003600534587526643
-3.089999999999978	0.0037091875086869225
-3.0799999999999783	0.0038207702786172684
-3.0699999999999785	0.003935350243510269
-3.0599999999999787	0.004052995929437303
-3.049999999999979	0.0041737770518028555
-3.039999999999979	0.004297764524524682
-3.0299999999999794	0.004425030468928733
-3.0199999999999796	0.0045556482223022745
-3.00999999999998	0.004689692346125638
-2.99999999999998	0.004827238633971119
-2.9899999999999802	0.004968364119031689
-2.9799999999999804	0.005113147081260046
-2.9699999999999807	0.005261667054152229
-2.959999999999981	0.005414004831093757
-2.949999999999981	0.00557024247128416
-2.9399999999999813	0.005730463305247795
-2.9299999999999815	0.0058947519398683855
-2.9199999999999817	0.00606319426294293
-2.909999999999982	0.006235877447280724
-2.899999999999982	0.0064128899542708895
-2.8899999999999824	0.006594321536927066
-2.8799999999999826	0.006780263242383741
-2.869999999999983	0.0069708074139663906
-2.859999999999983	0.007166047692393662
-2.849999999999983	0.007366079016692537
-2.8399999999999834	0.007570997624357669
-2.8299999999999836	0.007780901050891809
-2.819999999999984	0.007995888128729868
-2.809999999999984	0.008216058985496605
-2.7999999999999843	0.00844151504155926
-2.7899999999999845	0.008672359006907028
-2.7799999999999847	0.008908694877318124
-2.769999999999985	0.009150627929764819
-2.759999999999985	0.009398264717057734
-2.7499999999999853	0.009651713061872643
-2.7399999999999856	0.00991108204967648
-2.7299999999999858	0.010176482021146304
-2.719999999999986	0.010448024563635703
-2.709999999999986	0.010725822501799532
-2.6999999999999864	0.011009989887369004
-2.6899999999999866	0.01130064198807055
-2.679999999999987	0.01159789527564506
-2.669999999999987	0.011901867412820911
-2.6599999999999873	0.012212677239667387
-2.6499999999999875	0.012530444758681739
-2.6399999999999877	0.012855291119035193
-2.629999999999988	0.013187338599970457
-2.619999999999988	0.013526710592894781
-2.6099999999999883	0.013873531582739924
-2.5999999999999885	0.014227927128178615
-2.5899999999999888	0.014590023840795227
-2.579999999999989	0.014959949363199705
-2.569999999999989	0.015337832346078025
-2.5599999999999894	0.01572380242414323
-2.5499999999999896	0.01611799019096045
-2.53999999999999	0.01652052717268473
-2.52999999999999	0.01693154580065086
-2.5199999999999902	0.017351179382793656
-2.5099999999999905	0.017779562073939246
-2.4999999999999907	0.018216828844916672
-2.489999999999991	0.018663115450460063
-2.479999999999991	0.01911855839593677
-2.4699999999999913	0.01958329490287333
-2.4599999999999915	0.020057462873231548
-2.4499999999999917	0.020541200852482733
-2.439999999999992	0.0210346479914461
-2.429999999999992	0.021537944006860592
-2.4199999999999924	0.02205122914071005
-2.4099999999999926	0.022574644118309443
-2.399999999999993	0.023108330105083463
-2.389999999999993	0.023652428662088585
-2.3799999999999932	0.024207081700276103
-2.3699999999999934	0.024772431433434505
-2.3599999999999937	0.025348620329855093
-2.349999999999994	0.025935791062731896
-2.339999999999994	0.026534086459233764
-2.3299999999999943	0.027143649448290372
-2.3199999999999945	0.02776462300710332
-2.3099999999999947	0.028397150106317465
-2.299999999999995	0.029041373654003413
-2.289999999999995	0.029697436438162476
-2.2799999999999954	0.030365481068133755
-2.2699999999999956	0.031045649914600713
-2.259999999999996	0.031738085048375664
-2.249999999999996	0.032442928177887416
-2.239999999999996	0.03316032058538563
-2.2299999999999964	0.03389040306192574
-2.2199999999999966	0.03463331584108853
-2.209999999999997	0.035389198531437856
-2.199999999999997	0.03615819004778795
-2.1899999999999973	0.03694042854124308
-2.1799999999999975	0.037736051328018896
-2.1699999999999977	0.03854519481709168
-2.159999999999998	0.03936799443669246
-2.149999999999998	0.04020458455960453
-2.1399999999999983	0.04105509842733542
-2.1299999999999986	0.04191966807329897
-2.1199999999999988	0.042798424244618945
-2.109999999999999	0.04369149632313418
-2.099999999999999	0.044599012245237483
-2.0899999999999994	0.04552109842067736
-2.0799999999999996	0.04645787965037442
-2.07	0.04740947904328697
-2.06	0.04837601793228723
-2.0500000000000003	0.04935761578913653
-2.0400000000000005	0.050354390138597015
-2.0300000000000007	0.05136645647164916
-2.020000000000001	0.05239392815789673
-2.010000000000001	0.053436916357210845
-2.0000000000000013	0.054495529930583465
-1.9900000000000015	0.05556987535026729
-1.9800000000000015	0.05666005660927347
-1.9700000000000015	0.05776617513019652
-1.9600000000000015	0.05888832967342846
-1.9500000000000015	0.06002661624486696
-1.9400000000000015	0.06118112800306419
-1.9300000000000015	0.06235195516590785
-1.9200000000000015	0.06353918491690672
-1.9100000000000015	0.06474290131108257
-1.9000000000000015	0.06596318518050671
-1.8900000000000015	0.06720011403960371
-1.8800000000000014	0.06845376199019844
-1.8700000000000014	0.06972419962637232
-1.8600000000000014	0.07101149393921241
-1.8500000000000014	0.07231570822150032
-1.8400000000000014	0.07363690197233026
-1.8300000000000014	0.07497513080181556
-1.8200000000000014	0.07633044633589094
-1.8100000000000014	0.0777028961212272
-1.8000000000000014	0.07909252353037456
-1.7900000000000014	0.08049936766721252
-1.7800000000000014	0.08192346327267579
-1.7700000000000014	0.08336484063091161
-1.7600000000000013	0.0848235254758949
-1.7500000000000013	0.08629953889853009
-1.7400000000000013	0.08779289725438176
-1.7300000000000013	0.08930361207201977
-1.7200000000000013	0.09083168996212666
-1.7100000000000013	0.09237713252731918
-1.7000000000000013	0.09393993627287855
-1.6900000000000013	0.09552009251839033
-1.6800000000000013	0.09711758731033605
-1.6700000000000013	0.09873240133578745
-1.6600000000000013	0.10036450983720714
-1.6500000000000012	0.10201388252842053
-1.6400000000000012	0.10368048351189078
-1.6300000000000012	0.1053642711973567
-1.6200000000000012	0.10706519822174254
-1.6100000000000012	0.10878321137076988
-1.6000000000000012	0.11051825150191329
-1.5900000000000012	0.11227025346912015
-1.5800000000000012	0.11403914604910928
-1.5700000000000012	0.11582485186952834
-1.5600000000000012	0.11762728733902969
-1.5500000000000012	0.1194463625790004
-1.5400000000000011	0.12128198135743891
-1.5300000000000011	0.12313404102499849
-1.5200000000000011	0.12500243245299666
-1.5100000000000011	0.1268870399736068
-1.500000000000001	0.1287877413224459
-1.490000000000001	0.13070440758330928
-1.480000000000001	0.13263690313572646
-1.470000000000001	0.13458508560429475
-1.460000000000001	0.13654880581139545
-1.450000000000001	0.13852790773194656
-1.440000000000001	0.14052222845082976
-1.430000000000001	0.14253159812354335
-1.420000000000001	0.1445558399389304
-1.410000000000001	0.14659477008618377
-1.400000000000001	0.14864819772241805
-1.390000000000001	0.15071592494605152
-1.380000000000001	0.15279774677042562
-1.370000000000001	0.15489345110425023
-1.360000000000001	0.15700281873052968
-1.350000000000001	0.15912562329182747
-1.340000000000001	0.16126163128013848
-1.330000000000001	0.16341060202567909
-1.320000000000001	0.16557228769289867
-1.310000000000001	0.1677464332783778
-1.300000000000001	0.16993277661257236
-1.290000000000001	0.17213104836505969
-1.280000000000001	0.1743409720533699
-1.270000000000001	0.17656226405556252
-1.260000000000001	0.17879463362644907
-1.2500000000000009	0.18103778291750758
-1.2400000000000009	0.18329140700067242
-1.2300000000000009	0.1855551938959025
-1.2200000000000009	0.18782882460253403
-1.2100000000000009	0.1901119731346244
-1.2000000000000008	0.19240430656018062
-1.1900000000000008	0.19470548504421922
-1.1800000000000008	0.19701516189590212
-1.1700000000000008	0.19933298361983876
-1.1600000000000008	0.2016585899708407
-1.1500000000000008	0.20399161401344884
-1.1400000000000008	0.20633168218489223
-1.1300000000000008	0.2086784143623769
-1.1200000000000008	0.2110314239345121
-1.1100000000000008	0.21339031787666587
-1.1000000000000008	0.21575469683040574
-1.0900000000000007	0.21812415518713868
-1.0800000000000007	0.22049828117576156
-1.0700000000000007	0.22287665695436426
-1.0600000000000007	0.2252588587061005
-1.0500000000000007	0.2276444567390734
-1.0400000000000007	0.23003301559023492
-1.0300000000000007	0.23242409413341342
-1.0200000000000007	0.23481724569132828
-1.0100000000000007	0.23721201815155193
-1.0000000000000007	0.23960795408652985
-0.9900000000000007	0.2420045908776015
-0.9800000000000006	0.24440146084229702
-0.9700000000000006	0.24679809136792327
-0.9600000000000006	0.2491940050437125
-0.9500000000000006	0.25158871980426295
-0.9400000000000006	0.2539817490697569
-0.9300000000000006	0.25637260189429995
-0.9200000000000006	0.2587607831158792
-0.9100000000000006	0.2611457935109849
-0.9000000000000006	0.26352712995242744
-0.8900000000000006	0.2659042855702981
-0.8800000000000006	0.26827674991665323
-0.8700000000000006	0.2706440091344317
-0.8600000000000005	0.27300554612802397
-0.8500000000000005	0.27536084073851824
-0.8400000000000005	0.27770936992144757
-0.8300000000000005	0.2800506079279321
-0.8200000000000005	0.28238402648848837
-0.8100000000000005	0.2847090950002639
-0.8000000000000005	0.28702528071674566
-0.7900000000000005	0.2893320489405472
-0.7800000000000005	0.29162886321855847
-0.7700000000000005	0.2939151855399835
-0.7600000000000005	0.2961904765366241
-0.7500000000000004	0.2984541956859269
-0.7400000000000004	0.3007058015158763
-0.7300000000000004	0.30294475181245034
-0.7200000000000004	0.3051705038289786
-0.7100000000000004	0.30738251449764814
-0.7000000000000004	0.3095802406426602
-0.6900000000000004	0.3117631391953895
-0.6800000000000004	0.31393066741105985
-0.6700000000000004	0.31608228308695885
-0.6600000000000004	0.3182174447821908
-0.6500000000000004	0.32033561203855787
-0.6400000000000003	0.32243624560275214
-0.6300000000000003	0.32451880764954233
-0.6200000000000003	0.3265827620059444
-0.6100000000000003	0.32862757437608126
-0.6000000000000003	0.33065271256682655
-0.5900000000000003	0.3326576467139895
-0.5800000000000003	0.334641849508706
-0.5700000000000003	0.33660479642479124
-0.5600000000000003	0.33854596594501585
-0.5500000000000003	0.34046483978857955
-0.5400000000000003	0.34236090313787393
-0.5300000000000002	0.344233644865126
-0.5200000000000002	0.3460825577586074
-0.5100000000000002	0.3479071387483316
-0.5000000000000002	0.34970688913108705
-0.49000000000000027	0.35148131479465117
-0.48000000000000026	0.3532299264410291
-0.47000000000000025	0.35495223980866586
-0.46000000000000024	0.3566477758933685
-0.45000000000000023	0.35831606116787795
-0.4400000000000002	0.3599566277999698
-0.4300000000000002	0.36156901386886564
-0.4200000000000002	0.3631527635798673
-0.4100000000000002	0.36470742747710116
-0.4000000000000002	0.36623256265417775
-0.3900000000000002	0.36772773296263733
-0.38000000000000017	0.3691925092181062
-0.37000000000000016	0.37062646940396504
-0.36000000000000015	0.3720291988723926
-0.35000000000000014	0.37340029054271523
-0.34000000000000014	0.3747393450968796
-0.3300000000000001	0.3760459711718988
-0.3200000000000001	0.377319785549207
-0.3100000000000001	0.37856041334076407
-0.3000000000000001	0.3797674881717441
-0.2900000000000001	0.38094065235975627
-0.2800000000000001	0.38207955709043995
-0.2700000000000001	0.3831838625892953
-0.26000000000000006	0.38425323828966307
-0.25000000000000006	0.385287362996748
-0.24000000000000007	0.38628592504751014
-0.23000000000000007	0.3872486224663831
-0.22000000000000006	0.38817516311668676
-0.21000000000000005	0.3890652648476046
-0.20000000000000004	0.389918655636645
-0.19000000000000003	0.39073507372751537
-0.18000000000000002	0.39151426776324105
-0.17	0.3922559969144844
-0.16	0.3929600310029861
-0.15	0.3936261506199925
-0.13999999999999999	0.3942541472396016
-0.12999999999999998	0.394843823326988
-0.11999999999999998	0.3953949924412693
-0.10999999999999999	0.39590747933354664
-0.09999999999999999	0.39638112003861486
-0.09	0.3968157619621884
-0.08	0.3972112639621093
-0.07	0.39756749642411343
-0.060000000000000005	0.39788434133195544
-0.05	0.39816169233183235
-0.04	0.3983994547911095
-0.03	0.39859754585126544
-0.02	0.39875589447499354
-0.01	0.3988744414874824
0	0.398953139611811
0.01	0.3989919534983976
0.02	0.3989908597485443
0.03	0.3989498469320093
0.04	0.3988689155986023
0.05	0.3987480782837848
0.060000000000000005	0.39858735950830415
0.07	0.39838679577178593
0.08	0.39814643554035134
0.09	0.3978663392282501
0.09999999999999999	0.39754657917347863
0.10999999999999999	0.39718723960743546
0.11999999999999998	0.3967884166186468
0.12999999999999998	0.3963502181105161
0.13999999999999999	0.3958727637531846
0.15	0.3953561849296167
0.16	0.39480062467535854
0.17	0.3942062376134073
0.18000000000000002	0.39357318988242024
0.19000000000000003	0.39290165905964236
0.20000000000000004	0.3921918340780648
0.21000000000000005	0.3914439151379981
0.22000000000000006	0.39065811361306374
0.23000000000000007	0.38983465195068046
0.24000000000000007	0.38897376356715035
0.25000000000000006	0.38807569273736325
0.26000000000000006	0.38714069447919985
0.2700000000000001	0.3861690344327576
0.2800000000000001	0.38516098873441507
0.2900000000000001	0.3841168438858549
0.3000000000000001	0.38303689661813256
0.3100000000000001	0.381921453750875
0.3200000000000001	0.38077083204668066
0.3300000000000001	0.37958535806086513
0.34000000000000014	0.37836536798662196
0.35000000000000014	0.3771112074956843
0.36000000000000015	0.37582323157463915
0.37000000000000016	0.3745018043569819
0.38000000000000017	0.37314729895099075
0.3900000000000002	0.37176009726358683
0.4000000000000002	0.37034058982028245
0.4100000000000002	0.368889175581302
0.4200000000000002	0.3674062617540365
0.4300000000000002	0.36589226360195987
0.4400000000000002	0.36434760425008544
0.45000000000000023	0.36277271448713594
0.46000000000000024	0.36116803256455543
0.47000000000000025	0.3595340039924571
0.48000000000000026	0.3578710813326709
0.49000000000000027	0.3561797239890437
0.5000000000000002	0.35446039799507556
0.5100000000000002	0.3527135757990671
0.5200000000000002	0.350939736046927
0.5300000000000002	0.34913936336274487
0.5400000000000003	0.34731294812728963
0.5500000000000003	0.34546098625458427
0.5600000000000003	0.34358397896669
0.5700000000000003	0.34168243256682584
0.5800000000000003	0.339756858211014
0.5900000000000003	0.3378077716783543
0.6000000000000003	0.3358356931401578
0.6100000000000003	0.3338411469276229
0.6200000000000003	0.33182466129940946
0.6300000000000003	0.3297867682075897
0.6400000000000003	0.327728003063407
0.6500000000000004	0.3256489045024639
0.6600000000000004	0.32355001414954426
0.6700000000000004	0.3214318763832587
0.6800000000000004	0.3192950381006432
0.6900000000000004	0.3171400484818133
0.7000000000000004	0.3149674587548746
0.7100000000000004	0.3127778219612029
0.7200000000000004	0.31057169272121615
0.7300000000000004	0.30834962700080776
0.7400000000000004	0.30611218187857464
0.7500000000000004	0.3038599153139478
0.7600000000000005	0.3015933859163843
0.7700000000000005	0.29931315271576847
0.7800000000000005	0.2970197749341049
0.7900000000000005	0.29471381175866945
0.8000000000000005	0.29239582211675724
0.8100000000000005	0.29006636445210965
0.8200000000000005	0.28772599650316927
0.8300000000000005	0.28537527508330535
0.8400000000000005	0.28301475586308283
0.8500000000000005	0.28064499315472186
0.8600000000000005	0.2782665396988616
0.8700000000000006	0.2758799464537353
0.8800000000000006	0.2734857623868472
0.8900000000000006	0.2710845342693068
0.9000000000000006	0.2686768064728765
0.9100000000000006	0.2662631207698447
0.9200000000000006	0.2638440161358531
0.9300000000000006	0.2614200285557444
0.9400000000000006	0.25899169083251034
0.9500000000000006	0.2565595323994839
0.9600000000000006	0.2541240791358148
0.9700000000000006	0.2516858531853165
0.9800000000000006	0.24924537277879558
0.9900000000000007	0.2468031520599209
1.0000000000000007	0.24435970091469114
1.0100000000000007	0.24191552480460843
1.0200000000000007	0.23947112460360534
1.0300000000000007	0.2370269964387812
1.0400000000000007	0.23458363153503276
1.0500000000000007	0.23214151606362585
1.0600000000000007	0.22970113099475645
1.0700000000000007	0.22726295195415822
1.0800000000000007	0.2248274490838267
1.0900000000000007	0.2223950869068529
1.1000000000000008	0.21996632419646597
1.1100000000000008	0.21754161384928786
1.1200000000000008	0.21512140276284367
1.1300000000000008	0.21270613171735547
1.1400000000000008	0.21029623526187158
1.1500000000000008	0.20789214160471456
1.1600000000000008	0.20549427250830074
1.1700000000000008	0.2031030431883458
1.1800000000000008	0.20071886221746468
1.1900000000000008	0.19834213143316423
1.2000000000000008	0.19597324585027937
1.2100000000000009	0.1936125935778116
1.2200000000000009	0.1912605557401887
1.2300000000000009	0.18891750640296218
1.2400000000000009	0.18658381250291806
1.2500000000000009	0.1842598337825812
1.260000000000001	0.18194592272914586
1.270000000000001	0.17964242451778392
1.280000000000001	0.17734967695930984
1.290000000000001	0.17506801045221843
1.300000000000001	0.17279774793904906
1.310000000000001	0.1705392048670341
1.320000000000001	0.16829268915304818
1.330000000000001	0.16605850115280033
1.340000000000001	0.1638369336342216
1.350000000000001	0.1616282717550511
1.360000000000001	0.1594327930445549
1.370000000000001	0.1572507673893429
1.380000000000001	0.15508245702323625
1.390000000000001	0.15292811652116609
1.400000000000001	0.15078799279700877
1.410000000000001	0.14866232510534896
1.420000000000001	0.14655134504710687
1.430000000000001	0.14445527657896887
1.440000000000001	0.14237433602655636
1.450000000000001	0.1403087321013191
1.460000000000001	0.13825866592102878
1.470000000000001	0.13622433103386297
1.480000000000001	0.13420591344599217
1.490000000000001	0.1322035916526182
1.500000000000001	0.13021753667236774
1.5100000000000011	0.12824791208502426
1.5200000000000011	0.1262948740724802
1.5300000000000011	0.12435857146285623
1.5400000000000011	0.12243914577773028
1.5500000000000012	0.12053673128238435
1.5600000000000012	0.11865145503899334
1.5700000000000012	0.11678343696269536
1.5800000000000012	0.11493278988046395
1.5900000000000012	0.1130996195926821
1.6000000000000012	0.11128402493737857
1.6100000000000012	0.1094860978570271
1.6200000000000012	0.10770592346780489
1.6300000000000012	0.10594358013128896
1.6400000000000012	0.10419913952845652
1.6500000000000012	0.1024726667359287
1.6600000000000013	0.1007642203043812
1.6700000000000013	0.09907385233903768
1.6800000000000013	0.09740160858215449
1.6900000000000013	0.09574752849742156
1.7000000000000013	0.09411164535621172
1.7100000000000013	0.09249398632556363
1.7200000000000013	0.09089457255784208
1.7300000000000013	0.08931341928199707
1.7400000000000013	0.08775053589632838
1.7500000000000013	0.08620592606262656
1.7600000000000013	0.08467958780176793
1.7700000000000014	0.0831715135904605
1.7800000000000014	0.08168169045923575
1.7900000000000014	0.08021010009152782
1.8000000000000014	0.07875671892377831
1.8100000000000014	0.07732151824648874
1.8200000000000014	0.07590446430614102
1.8300000000000014	0.07450551840790866
1.8400000000000014	0.0731246370190779
1.8500000000000014	0.07176177187311965
1.8600000000000014	0.07041687007431405
1.8700000000000014	0.06908987420287359
1.8800000000000014	0.06778072242045254
1.8900000000000015	0.0664893485760756
1.9000000000000015	0.06521568231225223
1.9100000000000015	0.06395964917135179
1.9200000000000015	0.0627211707021011
1.9300000000000015	0.06150016456613768
1.9400000000000015	0.06029654464458134
1.9500000000000015	0.05911022114453434
1.9600000000000015	0.05794110070544884
1.9700000000000015	0.05678908650531427
1.9800000000000015	0.05565407836658868
1.9900000000000015	0.054535972861815
2.0000000000000013	0.05343466341886624
2.010000000000001	0.052350040425776546
2.020000000000001	0.051281991335068326
2.0300000000000007	0.05023040076754913
2.0400000000000005	0.04919515061552609
2.0500000000000003	0.048176120145366694
2.06	0.04717318609936024
2.07	0.04618622279686022
2.0799999999999996	0.045215102234613294
2.0899999999999994	0.044259694186262494
2.099999999999999	0.04331986630097946
2.109999999999999	0.04239548420115943
2.1199999999999988	0.0414864115791624
2.1299999999999986	0.04059251029305185
2.1399999999999983	0.039713640461289064
2.149999999999998	0.03884966055637177
2.159999999999998	0.038000427497247566
2.1699999999999977	0.037165796740817554
2.1799999999999975	0.03634562237201486
2.1899999999999973	0.035539757192805124
2.199999999999997	0.034748052809916934
2.209999999999997	0.033970359721311565
2.2199999999999966	0.03320652740135484
2.2299999999999964	0.0324564043846833
2.239999999999996	0.03171983834871846
2.249999999999996	0.030996676194824668
2.259999999999996	0.030286764128096975
2.2699999999999956	0.029589947735722984
2.2799999999999954	0.028906072063952903
2.289999999999995	0.028234981693624164
2.299999999999995	0.02757652081425974
2.3099999999999947	0.02693053329658991
2.3199999999999945	0.026296862763842237
2.3299999999999943	0.025675352661296835
2.339999999999994	0.02506584632447941
2.349999999999994	0.02446818704582642
2.3599999999999937	0.023882218139836958
2.3699999999999934	0.02330778300671666
2.3799999999999932	0.022744725194499195
2.389999999999993	0.022192888459650374
2.399999999999993	0.021652116826145432
2.4099999999999926	0.021122254643025227
2.4199999999999924	0.02060314664042567
2.429999999999992	0.02009463798408709
2.439999999999992	0.019596574328344152
2.4499999999999917	0.019108801867595268
2.4599999999999915	0.01863116738626486
2.4699999999999913	0.0181635183072522
2.479999999999991	0.01770570273889209
2.489999999999991	0.017257569520406357
2.4999999999999907	0.016818968265884054
2.5099999999999905	0.016389749406778387
2.5199999999999902	0.015969764232942052
2.52999999999999	0.01555886493220243
2.53999999999999	0.015156904628502325
2.5499999999999896	0.014763737418596308
2.5599999999999894	0.014379218407339685
2.569999999999989	0.01400320374157487
2.579999999999989	0.01363555064260768
2.5899999999999888	0.013276117437333246
2.5999999999999885	0.012924763587991916
2.6099999999999883	0.012581349720572236
2.619999999999988	0.012245737651904431
2.629999999999988	0.011917790415431872
2.6399999999999877	0.011597372285695967
2.6499999999999875	0.011284348801544898
2.6599999999999873	0.01097858678812363
2.669999999999987	0.010679954377467353
2.679999999999987	0.010388321028189925
2.6899999999999866	0.010103557543668831
2.6999999999999864	0.009825536089208284
2.709999999999986	0.009554130208012874
2.719999999999986	0.009289214836059195
2.7299999999999858	0.009030666315706058
2.7399999999999856	0.008778362408503918
2.7499999999999853	0.008532182306643044
2.759999999999985	0.00829200664349846
2.769999999999985	0.00805771750311474
2.7799999999999847	0.007829198428690587
2.7899999999999845	0.007606334430083025
2.7999999999999843	0.007389011990338388
2.809999999999984	0.007177119071299976
2.819999999999984	0.006970545118288999
2.8299999999999836	0.006769181063900179
2.8399999999999834	0.0065729193309174115
2.849999999999983	0.006381653834394165
2.859999999999983	0.006195279982891215
2.869999999999983	0.006013694678925126
2.8799999999999826	0.005836796318632302
2.8899999999999824	0.005664484790664764
2.899999999999982	0.0054966614743646456
2.909999999999982	0.005333229237216214
2.9199999999999817	0.005174092431599891
2.9299999999999815	0.005019156890889844
2.9399999999999813	0.004868329924893073
2.949999999999981	0.004721520314662438
2.959999999999981	0.004578638306705064
2.9699999999999807	0.004439595606614566
2.9799999999999804	0.004304305372120009
2.9899999999999802	0.004172682205613172
2.99999999999998	0.004044642146146593
3.00999999999998	0.00392010266092449
3.0199999999999796	0.0037989826363195277
3.0299999999999794	0.003681202368425296
3.039999999999979	0.003566683553171156
3.049999999999979	0.0034553492760036972
3.0599999999999787	0.0033471240011795425
3.0699999999999785	0.0032419335606651816
3.0799999999999783	0.0031397051426689596
3.089999999999978	0.0030403672798322884
3.099999999999978	0.002943849837088527
3.1099999999999777	0.0028500839992025647
3.1199999999999775	0.0027590022580257895
3.1299999999999772	0.002670538399482434
3.139999999999977	0.0025846274902544316
3.149999999999977	0.002501205864268156
3.1599999999999766	0.0024202111089295713
3.1699999999999764	0.00234158205114412
3.179999999999976	0.0022652587431493316
3.189999999999976	0.0021911824481657812
3.1999999999999758	0.0021192956258574767
3.2099999999999755	0.0020495419176656884
3.2199999999999753	0.0019818661319907505
3.229999999999975	0.001916214229248148
3.239999999999975	0.0018525333068121663
3.2499999999999747	0.0017907715838607848
3.2599999999999745	0.0017308783861319243
3.2699999999999743	0.0016728041306053338
3.279999999999974	0.0016165003101184861
3.289999999999974	0.001561919477946651
3.2999999999999736	0.0015090152323083224
3.3099999999999734	0.001457742200879937
3.319999999999973	0.0014080560252676649
3.329999999999973	0.0013599133454797476
3.3399999999999728	0.0013132717843966362
3.3499999999999726	0.001268089932254398
3.3599999999999723	0.00122432733115054
3.369999999999972	0.0011819444595693185
3.379999999999972	0.001140902716955883
3.3899999999999717	0.0011011644083322588
3.3999999999999715	0.0010626927289640522
3.4099999999999713	0.0010254517490977996
3.419999999999971	0.0009894063987538869
3.429999999999971	0.0009545224526109805
3.4399999999999706	0.0009207665149609978
3.4499999999999704	0.0008881060048202763
3.45999999999997	0.0008565091408340599
3.46999999999997	0.000825944926883796
3.47999999999997	0.0007963831371981415
3.4899999999999696	0.0007677943018854372
3.4999999999999694	0.0007401496925118179
3.509999999999969	0.0007134213078726917
3.519999999999969	0.0006875818595782943
3.5299999999999687	0.0006626047583904989
3.5399999999999685	0.0006384641000769184
3.5499999999999683	0.0006151346517090638
3.559999999999968	0.0005925918380537837
3.569999999999968	0.0005708117280950277
3.5799999999999677	0.0005497710217153357
3.5899999999999674	0.0005294470365360435
3.5999999999999672	0.0005098176948780727
3.609999999999967	0.0004908615109405798
3.619999999999967	0.0004725575780862221
3.6299999999999666	0.0004548855563088972
3.6399999999999664	0.0004378256598674887
3.649999999999966	0.0004213586450855698
3.659999999999966	0.00040546579829598816
3.6699999999999657	0.00039012892400125415
3.6799999999999655	0.00037533033315827815
3.6899999999999653	0.00036105283165429437
3.699999999999965	0.00034727970894887913
3.709999999999965	0.0003339947268976231
3.7199999999999647	0.0003211821087352686
3.7299999999999645	0.00030882652824003575
3.7399999999999642	0.00029691309907418147
3.749999999999964	0.0002854273642898427
3.759999999999964	0.0002743552860156176
3.7699999999999636	0.00026368323531314637
3.7799999999999634	0.0002533979822100984
3.789999999999963	0.00024348668589964592
3.799999999999963	0.00023393688512421922
3.8099999999999627	0.00022473648871941423
3.8199999999999625	0.0002158737663317346
3.8299999999999623	0.00020733733931353808
3.839999999999962	0.0001991161717807078
3.849999999999962	0.00019119956184135173
3.8599999999999617	0.00018357713298877104
3.8699999999999615	0.00017623882567063178
3.8799999999999613	0.00016917488902256573
3.889999999999961	0.00016237587271048952
3.899999999999961	0.0001558326190638697
3.9099999999999606	0.00014953625524947718
3.9199999999999604	0.00014347818560698385
3.92999999999996	0.0001376500842641232
3.93999999999996	0.00013204388775767869
3.9499999999999598	0.00012665178793626596
3.9599999999999596	0.00012146622488456715
3.9699999999999593	0.00011647988015452964
3.979999999999959	0.00011168566999176199
3.989999999999959	0.0001070767388235974
3.9999999999999587	0.00010264645284047399
4.009999999999959	0.00009838839373376969
4.019999999999959	0.00009429635257229881
4.0299999999999585	0.00009036432382464638
4.039999999999958	0.00008658649951321352
4.049999999999958	0.0000829572635103203
4.059999999999958	0.00007947118596416949
4.069999999999958	0.00007612301786055264
4.079999999999957	0.0000729076857125406
4.089999999999957	0.00006982028637983657
4.099999999999957	0.00006685608201297773
4.109999999999957	0.00006401049512286474
4.119999999999957	0.0000612791037711605
4.129999999999956	0.00005865763688197257
4.139999999999956	0.000056141969670083564
4.149999999999956	0.000053728119186166895
4.159999999999956	0.00005141223997490662
4.1699999999999555	0.000049190619844501635
4.179999999999955	0.000047059675747735564
4.189999999999955	0.000045015949768913814
4.199999999999955	0.000043056105214442765
4.209999999999955	0.000041176922812800696
4.2199999999999545	0.000039375297011576996
4.229999999999954	0.000037648232369221876
4.239999999999954	0.00003599284005937794
4.249999999999954	0.00003440633445871378
4.259999999999954	0.00003288602980842072
4.269999999999953	0.00003142933703535396
4.279999999999953	0.00003003376056339297
4.289999999999953	0.00002869689531146188
4.299999999999953	0.000027416423707761605
4.3099999999999525	0.000026190112813594842
4.319999999999952	0.000025015811532659568
4.329999999999952	0.000023891447891801263
4.339999999999952	0.000022815026406170437
4.349999999999952	0.000021784625516588986
4.3599999999999515	0.000020798395103597466
4.369999999999951	0.00001985455407882048
4.379999999999951	0.000018951388034963013
4.389999999999951	0.000018087246981488028
4.399999999999951	0.000017260543139195245
4.40999999999995	0.00001646974879907143
4.41999999999995	0.000015713394252755724
4.42999999999995	0.000014990065782869071
4.43999999999995	0.000014298403711180763
4.4499999999999496	0.000013637100513104645
4.459999999999949	0.000013004898989965772
4.469999999999949	0.000012400590501751747
4.479999999999949	0.00001182301320285164
4.489999999999949	0.000011271050457341655
4.4999999999999485	0.00001074362918601915
4.509999999999948	0.000010239718267136975
4.519999999999948	9.75832710800753e-6
4.529999999999948	9.298504128671113e-6
4.539999999999948	8.859335358012335e-6
4.549999999999947	8.439943079470824e-6
4.559999999999947	8.03948448478049e-6
4.569999999999947	7.657150410054498e-6
4.579999999999947	7.292164089815123e-6
4.589999999999947	6.943779970271372e-6
4.599999999999946	6.611282535922493e-6
4.609999999999946	6.2939852041759375e-6
4.619999999999946	5.9912292355302974e-6
4.629999999999946	5.702382677328283e-6
4.6399999999999455	5.426839421397571e-6
4.649999999999945	5.1640181255650265e-6
4.659999999999945	4.913361340277763e-6
4.669999999999945	4.6743345657876206e-6
4.679999999999945	4.4464254462207e-6
4.689999999999944	4.22914281139771e-6
4.699999999999944	4.022015935504105e-6
4.709999999999944	3.824593737660973e-6
4.719999999999944	3.636443980251875e-6
4.729999999999944	3.457152594522666e-6
4.739999999999943	3.286322933880025e-6
4.749999999999943	3.1235751071168787e-6
4.759999999999943	2.9685452844319317e-6
4.769999999999943	2.8208851182849e-6
4.7799999999999425	2.680261093432487e-6
4.789999999999942	2.546353972574271e-6
4.799999999999942	2.418858124131429e-6
4.809999999999942	2.2974811551290027e-6
4.819999999999942	2.1819431782878743e-6
4.8299999999999415	2.0719764959052383e-6
4.839999999999941	1.967324960368746e-6
4.849999999999941	1.867743610761565e-6
4.859999999999941	1.772998123573961e-6
4.869999999999941	1.6828644290676632e-6
4.87999999999994	1.5971283763943785e-6
4.88999999999994	1.515585138941397e-6
4.89999999999994	1.4380389277304858e-6
4.90999999999994	1.36430271557103e-6
4.9199999999999395	1.294197679901951e-6
4.929999999999939	1.2275529861461793e-6
4.939999999999939	1.1642054285695509e-6
4.949999999999939	1.103999101402904e-6
4.959999999999939	1.046785100745058e-6
4.9699999999999385	9.924212218735957e-7
4.979999999999938	9.407716795690371e-7
4.989999999999938	8.917068309215507e-7
4.999999999999938	8.45102923653525e-7
5.009999999999938	8.008418379739275e-7
5.019999999999937	7.588108386929271e-7
5.029999999999937	7.189023528073137e-7
5.039999999999937	6.810137438114065e-7
5.049999999999937	6.450470980773148e-7
5.0599999999999365	6.109090196144387e-7
5.069999999999936	5.785104335226191e-7
5.079999999999936	5.477663972700737e-7
5.089999999999936	5.185959193455835e-7
5.099999999999936	4.909217859986961e-7
5.1099999999999355	4.646703943452261e-7
5.119999999999935	4.3977159290654864e-7
5.129999999999935	4.1615852881546815e-7
5.139999999999935	3.9376749996819677e-7
5.149999999999935	3.7253784029955444e-7
5.159999999999934	3.5241168634493764e-7
5.169999999999934	3.3333399562878323e-7
5.179999999999934	3.1525232331142736e-7
5.189999999999934	2.9811673112170934e-7
5.199999999999934	2.818796717409746e-7
5.209999999999933	2.6649588679548344e-7
5.219999999999933	2.519222844932026e-7
5.229999999999933	2.3811785227505056e-7
5.239999999999933	2.2504357518177224e-7
5.2499999999999325	2.1266232279570982e-7
5.259999999999932	2.0093874578773987e-7
5.269999999999932	1.898393094340939e-7
5.279999999999932	1.79332011214784e-7
5.289999999999932	1.6938646024864618e-7
5.299999999999931	1.5997378552978238e-7
5.309999999999931	1.5106643005689238e-7
5.319999999999931	1.4263836554067956e-7
5.329999999999931	1.3466474861663938e-7
5.339999999999931	1.271219932825374e-7
5.34999999999993	1.199876523830765e-7
5.35999999999993	1.1324043763622737e-7
5.36999999999993	1.0686010822429222e-7
5.37999999999993	1.0082744178566561e-7
5.3899999999999295	9.512418539029052e-8