-5.649999999999924	9.98247696702696e-8
-5.639999999999924	1.0517335776471127e-7
-5.629999999999924	1.1079912263778667e-7
-5.619999999999925	1.1671590229900217e-7
-5.609999999999925	1.2293819804825527e-7
-5.599999999999925	1.2948120551169482e-7
-5.589999999999925	1.3636084510162334e-7
-5.5799999999999255	1.4359383887424198e-7
-5.569999999999926	1.511976286820652e-7
-5.559999999999926	1.591905344531065e-7
-5.549999999999926	1.675917204306155e-7
-5.539999999999926	1.7642125891959386e-7
-5.5299999999999265	1.8570016525784963e-7
-5.519999999999927	1.9545045095528027e-7
-5.509999999999927	2.0569518127930677e-7
-5.499999999999927	2.1645845877272437e-7
-5.489999999999927	2.27765529174043e-7
-5.479999999999928	2.396428158950313e-7
-5.469999999999928	2.5211796983284086e-7
-5.459999999999928	2.6521993795057883e-7
-5.449999999999928	2.7897899151259905e-7
-5.4399999999999284	2.934267814554192e-7
-5.429999999999929	3.0859644986298716e-7
-5.419999999999929	3.2452264353849723e-7
-5.409999999999929	3.412416173813213e-7
-5.399999999999929	3.587912659400713e-7
-5.3899999999999295	3.772112529819641e-7
-5.37999999999993	3.9654300398286804e-7
-5.36999999999993	4.1682983981192434e-7
-5.35999999999993	4.381170596665122e-7
-5.34999999999993	4.604520065669547e-7
-5.339999999999931	4.838841620192854e-7
-5.329999999999931	5.084652537027151e-7
-5.319999999999931	5.342492848430742e-7
-5.309999999999931	5.612927314649492e-7
-5.299999999999931	5.89654580118884e-7
-5.289999999999932	6.193964508003295e-7
-5.279999999999932	6.505827086684121e-7
-5.269999999999932	6.832805791950295e-7
-5.259999999999932	7.17560268707924e-7
-5.2499999999999325	7.534950887954792e-7
-5.239999999999933	7.911615864159077e-7
-5.229999999999933	8.306397028388461e-7
-5.219999999999933	8.720128413880806e-7
-5.209999999999933	9.15368061037982e-7
-5.199999999999934	9.607962758163476e-7
-5.189999999999934	1.0083923395041193e-6
-5.179999999999934	1.0582552325247519e-6
-5.169999999999934	1.1104882313575072e-6
-5.159999999999934	1.1651990840648888e-6
-5.149999999999935	1.222500192844167e-6
-5.139999999999935	1.2825088032174893e-6
-5.129999999999935	1.3453472001610563e-6
-5.119999999999935	1.4111429122819463e-6
-5.1099999999999355	1.480028923451831e-6
-5.099999999999936	1.5521438903661619e-6
-5.089999999999936	1.627632374952474e-6
-5.079999999999936	1.7066450729137422e-6
-5.069999999999936	1.7893390666936255e-6
-5.0599999999999365	1.8758780715201287e-6
-5.049999999999937	1.9664327070139054e-6
-5.039999999999937	2.0611807611587224e-6
-5.029999999999937	2.1603074481141726e-6
-5.019999999999937	2.2640058191297857e-6
-5.009999999999938	2.3724768902354637e-6
-4.999999999999938	2.485930041440852e-6
-4.989999999999938	2.6045834347176498e-6
-4.979999999999938	2.7286641658236084e-6
-4.9699999999999385	2.8584087546766987e-6
-4.959999999999939	2.9940634703349097e-6
-4.949999999999939	3.135884674458608e-6
-4.939999999999939	3.284139220568438e-6
-4.929999999999939	3.439104944499e-6
-4.9199999999999395	3.601070909086213e-6
-4.90999999999994	3.770338024353388e-6
-4.89999999999994	3.947219332501078e-6
-4.88999999999994	4.132040561152414e-6
-4.87999999999994	4.3251405753397456e-6
-4.869999999999941	4.526871878913564e-6
-4.859999999999941	4.737601103933233e-6
-4.849999999999941	4.957709566050926e-6
-4.839999999999941	5.187593795158456e-6
-4.8299999999999415	5.4276661138451355e-6
-4.819999999999942	5.678355182201951e-6
-4.809999999999942	5.940106653570765e-6
-4.799999999999942	6.213383771584123e-6
-4.789999999999942	6.49866799284608e-6
-4.7799999999999425	6.796459730795472e-6
-4.769999999999943	7.107278942513833e-6
-4.759999999999943	7.431665897516265e-6
-4.749999999999943	7.770181886571451e-6
-4.739999999999943	8.123410049007009e-6
-4.729999999999944	8.491956045963464e-6
-4.719999999999944	8.876448938128794e-6
-4.709999999999944	9.277542013012702e-6
-4.699999999999944	9.695913633196819e-6
-4.689999999999944	0.000010132268129655205
-4.679999999999945	0.000010587336721620556
-4.669999999999945	0.000011061878462441195
-4.659999999999945	0.000011556681209434324
-4.649999999999945	0.000012072562643190333
-4.6399999999999455	0.000012610371295168249
-4.629999999999946	0.000013170987619320144
-4.619999999999946	0.000013755325104850258
-4.609999999999946	0.000014364331424075558
-4.599999999999946	0.000014998989539276751
-4.589999999999947	0.000015660319016349093
-4.579999999999947	0.00001634937720287762
-4.569999999999947	0.000017067260541814483
-4.559999999999947	0.00001781510583448823
-4.549999999999947	0.000018594091701926233
-4.539999999999948	0.00001940543991319348
-4.529999999999948	0.000020250416860024707
-4.519999999999948	0.000021130335038903257
-4.509999999999948	0.000022046554581704123
-4.4999999999999485	0.000023000484843849815
-4.489999999999949	0.000023993585999354112
-4.479999999999949	0.000025027370748370212
-4.469999999999949	0.000026103406012515828
-4.459999999999949	0.00002722331471327482
-4.4499999999999496	0.000028388777588200203
-4.43999999999995	0.0000296015350346802
-4.42999999999995	0.00003086338908994697
-4.41999999999995	0.00003217620536238978
-4.40999999999995	0.000033541915076915876
-4.399999999999951	0.00003496251717910772
-4.389999999999951	0.00003644008045899463
-4.379999999999951	0.00003797674577045085
-4.369999999999951	0.000039574728299082416
-4.3599999999999515	0.00004123631989224434
-4.349999999999952	0.000042963891438864235
-4.339999999999952	0.000044759895343235393
-4.329999999999952	0.0000466268680348968
-4.319999999999952	0.00004856743255906663
-4.3099999999999525	0.00005058430124067242
-4.299999999999953	0.00005268027840691119
-4.289999999999953	0.000054858263180577357
-4.279999999999953	0.000057121252366390275
-4.269999999999953	0.00005947234338500466
-4.259999999999954	0.0000619147372923486
-4.249999999999954	0.00006445174188788703
-4.239999999999954	0.00006708677488701019
-4.229999999999954	0.00006982336716882719
-4.2199999999999545	0.00007266516612576024
-4.209999999999955	0.00007561593908133537
-4.199999999999955	0.00007867957678668717
-4.189999999999955	0.0000818600970226186
-4.179999999999955	0.00008516164827319272
-4.1699999999999555	0.00008858851348942467
-4.159999999999956	0.00009214511394874687
-4.149999999999956	0.00009583601320948094
-4.139999999999956	0.00009966592113963832
-4.129999999999956	0.00010363969804867289
-4.119999999999957	0.00010776235898389784
-4.109999999999957	0.00011203907796027227
-4.099999999999957	0.00011647519245598928
-4.089999999999957	0.00012107620792131414
-4.079999999999957	0.00012584780245582757
-4.069999999999958	0.0001307958314656843
-4.059999999999958	0.00013592633256457738
-4.049999999999958	0.00014124553050583375
-4.039999999999958	0.0001467598422339273
-4.0299999999999585	0.00015247588206291813
-4.019999999999959	0.00015840046694101396
-4.009999999999959	0.00016454062183962707
-3.9999999999999587	0.000170903585267268
-3.989999999999959	0.0001774968148756719
-3.979999999999959	0.00018432799319034962
-3.9699999999999593	0.00019140503348610282
-3.9599999999999596	0.00019873608570459157
-3.9499999999999598	0.00020632954260266917
-3.93999999999996	0.00021419404594273536
-3.92999999999996	0.0002223384927905174
-3.9199999999999604	0.00023077204202403764
-3.9099999999999606	0.00023950412088581788
-3.899999999999961	0.0002485444316967664
-3.889999999999961	0.00025790295867817614
-3.8799999999999613	0.00026758997492718037
-3.8699999999999615	0.000277616049498378
-3.8599999999999617	0.0002879920546188767
-3.849999999999962	0.0002987291730394799
-3.839999999999962	0.0003098389055188372
-3.8299999999999623	0.0003213330784186839
-3.8199999999999625	0.00033322385146077185
-3.8099999999999627	0.0003455237255956659
-3.799999999999963	0.0003582455510088625
-3.789999999999963	0.00037140253526347564
-3.7799999999999634	0.00038500825158253177
-3.7699999999999636	0.0003990766472307571
-3.759999999999964	0.0004136220521226519
-3.749999999999964	0.0004286591874165146
-3.7399999999999642	0.00044420317438114397
-3.7299999999999645	0.00046026954332227955
-3.7199999999999647	0.000476874242678709
-3.709999999999965	0.0004940336482219939
-3.699999999999965	0.0005117645724057087
-3.6899999999999653	0.0005300842738577435
-3.6799999999999655	0.0005490104669690813
-3.6699999999999657	0.000568561331689811
-3.659999999999966	0.0005887555233384148
-3.649999999999966	0.0006096121826498022
-3.6399999999999664	0.0006311509458942677
-3.6299999999999666	0.0006533919551523779
-3.619999999999967	0.000676355868694686
-3.609999999999967	0.0007000638714891527
-3.5999999999999672	0.0007245376858514465
-3.5899999999999674	0.0007497995821990435
-3.5799999999999677	0.0007758723899321788
-3.569999999999968	0.0008027795083905574
-3.559999999999968	0.0008305449180416349
-3.5499999999999683	0.0008591931916444183
-3.5399999999999685	0.0008887495056055032
-3.5299999999999687	0.0009192396514256522
-3.519999999999969	0.0009506900472354364
-3.509999999999969	0.000983127749472448
-3.4999999999999694	0.0010165804645761644
-3.4899999999999696	0.0010510765609083844
-3.47999999999997	0.0010866450806429012
-3.46999999999997	0.0011233157518127901
-3.45999999999997	0.0011611190004049362
-3.4499999999999704	0.0012000859625655442
-3.4399999999999706	0.0012402484968720895
-3.429999999999971	0.001281639196660608
-3.419999999999971	0.0013242914024394544
-3.4099999999999713	0.0013682392143691535
-3.3999999999999715	0.001413517504831141
-3.3899999999999717	0.0014601619307865394
-3.379999999999972	0.0015082089467470278
-3.369999999999972	0.0015576958172043335
-3.3599999999999723	0.0016086606293872516
-3.3499999999999726	0.0016611423060020455
-3.3399999999999728	0.0017151806179724694
-3.329999999999973	0.0017708161972573044
-3.319999999999973	0.0018280905494179405
-3.3099999999999734	0.0018870460667151905
-3.2999999999999736	0.0019477260406500618
-3.289999999999974	0.002010174674789559
-3.279999999999974	0.0020744370974927684
-3.2699999999999743	0.002140559374604838
-3.2599999999999745	0.0022085885221375698
-3.2499999999999747	0.0022785725188806637
-3.239999999999975	0.002350560318960295
-3.229999999999975	0.002424601864340198
-3.2199999999999753	0.0025007480972499717
-3.2099999999999755	0.002579050972509052
-3.1999999999999758	0.0026595634697842963
-3.189999999999976	0.002742339605738593
-3.179999999999976	0.0028274344460336503
-3.1699999999999764	0.002914904117250474
-3.1599999999999766	0.0030048058186588796
-3.149999999999977	0.0030971978338156024
-3.139999999999977	0.0031921395420422254
-3.1299999999999772	0.003289691429712242
-3.1199999999999775	0.0033899151013474576
-3.1099999999999777	0.0034928732905428897
-3.099999999999978	0.0035986298706709896
-3.089999999999978	0.0037072498653602207
-3.0799999999999783	0.003818799458750761
-3.0699999999999785	0.00393334600551241
-3.0599999999999787	0.004050958040578188
-3.049999999999979	0.004171705288619847
-3.039999999999979	0.004295658673251044
-3.0299999999999794	0.004422890325898393
-3.0199999999999796	0.004553473594371094
-3.00999999999998	0.0046874830511166345
-2.99999999999998	0.004824994501104656
-2.9899999999999802	0.004966084989355227
-2.9799999999999804	0.0051108328081133836
-2.9699999999999807	0.005259317503609034
-2.959999999999981	0.0054116198824096864
-2.949999999999981	0.00556782201737443
-2.9399999999999813	0.005728007253145452
-2.9299999999999815	0.0058922602111859635
-2.9199999999999817	0.006060666794358908
-2.909999999999982	0.0062333141910146835
-2.899999999999982	0.006410290878551405
-2.8899999999999824	0.00659168662649029
-2.8799999999999826	0.006777592498924791
-2.869999999999983	0.0069681008567149825
-2.859999999999983	0.007163305358517881
-2.849999999999983	0.0073633009618303295
-2.8399999999999834	0.00756818392309423
-2.8299999999999836	0.007778051797269793
-2.819999999999984	0.007993003436750534
-2.809999999999984	0.008213138989599703
-2.7999999999999843	0.008438559897130637
-2.7899999999999845	0.008669368890786566
-2.7799999999999847	0.008905669988278526
-2.769999999999985	0.009147568489013633
-2.759999999999985	0.009395170968716619
-2.7499999999999853	0.009648585273543593
-2.7399999999999856	0.00990792051284209
-2.7299999999999858	0.010173287051702454
-2.719999999999986	0.010444796502363242
-2.709999999999986	0.010722561714842765
-2.6999999999999864	0.011006696766730065
-2.6899999999999866	0.011297316952067763
-2.679999999999987	0.011594538769406205
-2.669999999999987	0.011898479908677055
-2.6599999999999873	0.012209259237680943
-2.6499999999999875	0.012526996787060405
-2.6399999999999877	0.01285181373456453
-2.629999999999988	0.013183832388520587
-2.619999999999988	0.013523176169755293
-2.6099999999999883	0.013869969593082792
-2.5999999999999885	0.014224338247460507
-2.5899999999999888	0.014586408775144317
-2.579999999999989	0.01495630884981722
-2.569999999999989	0.015334167153612311
-2.5599999999999894	0.015720113353040417
-2.5499999999999896	0.01611427807383315
-2.53999999999999	0.01651679287465378
-2.52999999999999	0.016927790219653537
-2.5199999999999902	0.017347403449910623
-2.5099999999999905	0.017775766753698508
-2.4999999999999907	0.018213015135554934
-2.489999999999991	0.018659284384199303
-2.479999999999991	0.01911471103924652
-2.4699999999999913	0.01957943235668284
-2.4599999999999915	0.020053586273153148
-2.4499999999999917	0.020537311369021486
-2.439999999999992	0.02103074683016089
-2.429999999999992	0.02153403240852587
-2.4199999999999924	0.02204730838146493
-2.4099999999999926	0.022570715509761495
-2.399999999999993	0.023104394994403983
-2.389999999999993	0.023648488432106197
-2.3799999999999932	0.024203137769510507
-2.3699999999999934	0.024768485256121887
-2.3599999999999937	0.025344673395974196
-2.349999999999994	0.02593184489796828
-2.339999999999994	0.026530142624927703
-2.3299999999999943	0.027139709541386718
-2.3199999999999945	0.027760688660044486
-2.3099999999999947	0.02839322298689053
-2.299999999999995	0.029037455465274125
-2.289999999999995	0.029693528918226318
-2.2799999999999954	0.030361585989917898
-2.2699999999999956	0.03104176908565011
-2.259999999999996	0.031734220310583656
-2.249999999999996	0.0324390814071846
-2.239999999999996	0.03315649369143884
-2.2299999999999964	0.03388659798778442
-2.2199999999999966	0.03462953456277896
-2.209999999999997	0.03538544305756533
-2.199999999999997	0.036154462419093994
-2.1899999999999973	0.03693673083010416
-2.1799999999999975	0.037732385637943
-2.1699999999999977	0.038541563282187066
-2.159999999999998	0.039364399221066125
-2.149999999999998	0.04020102785676137
-2.1399999999999983	0.041051582459510384
-2.1299999999999986	0.04191619509085884
-2.1199999999999988	0.04279499652525516
-2.109999999999999	0.0436881161711595
-2.099999999999999	0.04459568199078666
-2.0899999999999994	0.045517820418889354
-2.0799999999999996	0.046454656280562896
-2.07	0.04740631270803316
-2.06	0.04837291105651601
-2.0500000000000003	0.04935457081918239
-2.0400000000000005	0.05035140954119498
-2.0300000000000007	0.05136354273290135
-2.020000000000001	0.05239108378223391
-2.010000000000001	0.053434143866281134
-2.0000000000000013	0.05449283186211466
-1.9900000000000015	0.055567254256926116
-1.9800000000000015	0.056657515057455636
-1.9700000000000015	0.05776371569877582
-1.9600000000000015	0.05888595495251892
-1.9500000000000015	0.060024328834511184
-1.9400000000000015	0.061178930511885554
-1.9300000000000015	0.06234985020976444
-1.9200000000000015	0.06353717511749385
-1.9100000000000015	0.06474098929448192
-1.9000000000000015	0.06596137357574605
-1.8900000000000015	0.06719840547716718
-1.8800000000000014	0.06845215910048155
-1.8700000000000014	0.0697227050381443
-1.8600000000000014	0.07101011027804612
-1.8500000000000014	0.0723144381081364
-1.8400000000000014	0.0736357480210558
-1.8300000000000014	0.0749740956188207
-1.8200000000000014	0.07632953251756695
-1.8100000000000014	0.07770210625238676
-1.8000000000000014	0.07909186018261422
-1.7900000000000014	0.08049883339708762
-1.7800000000000014	0.08192306061993156
-1.7700000000000014	0.0833645721166881
-1.7600000000000013	0.08482339360087862
-1.7500000000000013	0.08629954614112341
-1.7400000000000013	0.08779304606882142
-1.7300000000000013	0.08930390488653044
-1.7200000000000013	0.09083212917696667
-1.7100000000000013	0.0923777205129059
-1.7000000000000013	0.09394067536786622
-1.6900000000000013	0.09552098502769633
-1.6800000000000013	0.0971186355032244
-1.6700000000000013	0.09873360744393647
-1.6600000000000013	0.10036587605261783
-1.6500000000000012	0.10201541100157295
-1.6400000000000012	0.10368217634970894
-1.6300000000000012	0.10536613046122498
-1.6200000000000012	0.10706722592552687
-1.6100000000000012	0.10878540947882835
-1.6000000000000012	0.11052062192710915
-1.5900000000000012	0.11227279807081779
-1.5800000000000012	0.11404186663123832
-1.5700000000000012	0.11582775017857841
-1.5600000000000012	0.11763036506203646
-1.5500000000000012	0.1194496213416083
-1.5400000000000011	0.1212854227220523
-1.5300000000000011	0.12313766648872536
-1.5200000000000011	0.1250062434457559
-1.5100000000000011	0.12689103785625147
-1.500000000000001	0.1287919273847931
-1.490000000000001	0.1307087830423454
-1.480000000000001	0.13264146913367655
-1.470000000000001	0.1345898432069734
-1.460000000000001	0.13655375600611902
-1.450000000000001	0.13853305142597813
-1.440000000000001	0.14052756646960543
-1.430000000000001	0.14253713120887812
-1.420000000000001	0.14456156874732473
-1.410000000000001	0.1466006951871711
-1.400000000000001	0.14865431959705336
-1.390000000000001	0.15072224398523046
-1.380000000000001	0.15280426327305674
-1.370000000000001	0.15490016527660758
-1.360000000000001	0.15700973068355625
-1.350000000000001	0.1591327330413766
-1.340000000000001	0.16126893874379938
-1.330000000000001	0.16341810702253676
-1.320000000000001	0.16557998994197837
-1.310000000000001	0.16775433239747123
-1.300000000000001	0.16994087211705056
-1.290000000000001	0.1721393396667249
-1.280000000000001	0.1743494584594519
-1.270000000000001	0.17657094476770666
-1.260000000000001	0.17880350773972423
-1.2500000000000009	0.1810468494195795
-1.2400000000000009	0.18330066477099036
-1.2300000000000009	0.18556464170488654
-1.2200000000000009	0.18783846111094074
-1.2100000000000009	0.1901217968929497
-1.2000000000000008	0.19241431600802814
-1.1900000000000008	0.19471567850983726
-1.1800000000000008	0.1970255375959147
-1.1700000000000008	0.1993435396585976
-1.1600000000000008	0.20166932434049364
-1.1500000000000008	0.20400252459355472
-1.1400000000000008	0.20634276674230112
-1.1300000000000008	0.20868967055129947
-1.1200000000000008	0.21104284929649902
-1.1100000000000008	0.21340190984067323
-1.1000000000000008	0.2157664527130615
-1.0900000000000007	0.21813607219300513
-1.0800000000000007	0.220510356397649
-1.0700000000000007	0.22288888737382098
-1.0600000000000007	0.22527124119393077
-1.0500000000000007	0.22765698805589415
-1.0400000000000007	0.23004569238720535
-1.0300000000000007	0.23243691295300595
-1.0200000000000007	0.23483020296813806
-1.0100000000000007	0.23722511021327267
-1.0000000000000007	0.23962117715499248
-0.9900000000000007	0.24201794106962776
-0.9800000000000006	0.24441493417159926
-0.9700000000000006	0.24681168374544357
-0.9600000000000006	0.24920771227999583
-0.9500000000000006	0.25160253760979195
-0.9400000000000006	0.2539956730572607
-0.9300000000000006	0.25638662758019315
-0.9200000000000006	0.2587749059218158
-0.9100000000000006	0.26116000876587786
-0.9000000000000006	0.26354143289403437
-0.8900000000000006	0.2659186713473203
-0.8800000000000006	0.26829121359100255
-0.8700000000000006	0.2706585456826962
-0.8600000000000005	0.27302015044420824
-0.8500000000000005	0.27537550763616847
-0.8400000000000005	0.2777240941359674
-0.8300000000000005	0.2800653841188779
-0.8200000000000005	0.282398849242308
-0.8100000000000005	0.2847239588326586
-0.8000000000000005	0.2870401800754661
-0.7900000000000005	0.2893469782079415
-0.7800000000000005	0.29164381671444256
-0.7700000000000005	0.29393015752445706
-0.7600000000000005	0.29620546121303687
-0.7500000000000004	0.2984691872038136
-0.7400000000000004	0.3007207939739921
-0.7300000000000004	0.30295973926189396
-0.7200000000000004	0.3051854802763472
-0.7100000000000004	0.3073974739082237
-0.7000000000000004	0.3095951769437257
-0.6900000000000004	0.31177804627953165
-0.6800000000000004	0.31394553913953377
-0.6700000000000004	0.3160971132931448
-0.6600000000000004	0.3182322272750199
-0.6500000000000004	0.3203503406060562
-0.6400000000000003	0.3224509140155719
-0.6300000000000003	0.32453340966458916
-0.6200000000000003	0.3265972913699437
-0.6100000000000003	0.32864202482927896
-0.6000000000000003	0.33066707784669913
-0.5900000000000003	0.3326719205589222
-0.5800000000000003	0.33465602566178543
-0.5700000000000003	0.3366188686374683
-0.5600000000000003	0.33855992798099477
-0.5500000000000003	0.34047868542757903
-0.5400000000000003	0.3423746261794562
-0.5300000000000002	0.3442472391325145
-0.5200000000000002	0.3460960171025137
-0.5100000000000002	0.3479204570508117
-0.5000000000000002	0.34972006030937103
-0.49000000000000027	0.3514943328049679
-0.48000000000000026	0.3532427852824684
-0.47000000000000025	0.3549649335269891
-0.46000000000000024	0.35666029858481235
-0.45000000000000023	0.3583284069829859
-0.4400000000000002	0.35996879094736384
-0.4300000000000002	0.3615809886189974
-0.4200000000000002	0.3631645442687823
-0.4100000000000002	0.36471900851015104
-0.4000000000000002	0.3662439385096882
-0.3900000000000002	0.36773889819558125
-0.38000000000000017	0.36920345846372704
-0.37000000000000016	0.3706371973813334
-0.36000000000000015	0.37203970038796685
-0.35000000000000014	0.3734105604938382
-0.34000000000000014	0.37474937847520307
-0.3300000000000001	0.3760557630667931
-0.3200000000000001	0.37732933115111544
-0.3100000000000001	0.3785697079444635
-0.3000000000000001	0.37977652717958454
-0.2900000000000001	0.38094943128483894
-0.2800000000000001	0.38208807155969826
-0.2700000000000001	0.3831921083465279
-0.26000000000000006	0.38426121119851553
-0.25000000000000006	0.38529505904357936
-0.24000000000000007	0.3862933403442103
-0.23000000000000007	0.3872557532531239
-0.22000000000000006	0.38818200576455975
-0.21000000000000005	0.3890718158611975
-0.20000000000000004	0.38992491165654103
-0.19000000000000003	0.39074103153268
-0.18000000000000002	0.39151992427332377
-0.17	0.39226134919205824
-0.16	0.3929650762556601
-0.15	0.3936308862024278
-0.13999999999999999	0.39425857065546593
-0.12999999999999998	0.39484793223077785
-0.11999999999999998	0.3953987846400852
-0.10999999999999999	0.3959109527885617
-0.09999999999999999	0.39638427286677047
-0.09	0.39681859243753625
-0.08	0.39721377051713774
-0.07	0.39756967765094986
-0.060000000000000005	0.3978861959834407
-0.05	0.39816321932251697
-0.04	0.3984006531981263
-0.03	0.3985984149150656
-0.02	0.3987564336000029
-0.01	0.39887465024263963
0	0.39895301773096076
0.01	0.3989915008806004
0.02	0.39899007645826956
0.03	0.39894873319919183
0.04	0.3988674718185933
0.05	0.398746305017203
0.060000000000000005	0.39858525748073853
0.07	0.3983843658734041
0.08	0.3981436788254036
0.09	0.3978632569144265
0.09999999999999999	0.3975431726411713
0.10999999999999999	0.3971835103988991
0.11999999999999998	0.3967843664370143
0.12999999999999998	0.3963458488187162
0.13999999999999999	0.39586807737276536
0.15	0.39535118363937194
0.16	0.39479531081008584
0.17	0.39420061366222514
0.18000000000000002	0.39356725848719293
0.19000000000000003	0.39289542301323394
0.20000000000000004	0.392185296322515
0.21000000000000005	0.391437078762577
0.22000000000000006	0.3906509818522134
0.23000000000000007	0.3898272281818907
0.24000000000000007	0.38896605130871376
0.25000000000000006	0.38806769564602744
0.26000000000000006	0.3871324163477506
0.2700000000000001	0.38616047918749546
0.2800000000000001	0.38515216043253425
0.2900000000000001	0.3841077467127503
0.3000000000000001	0.38302753488462277
0.3100000000000001	0.38191183189031996
0.3200000000000001	0.38076095461204457
0.3300000000000001	0.3795752297216993
0.34000000000000014	0.3783549935259498
0.35000000000000014	0.3771005918068393
0.36000000000000015	0.37581237965802666
0.37000000000000016	0.3744907213167593
0.38000000000000017	0.3731359899916975
0.3900000000000002	0.3717485676867245
0.4000000000000002	0.370328845020805
0.4100000000000002	0.36887722104407406
0.4200000000000002	0.36739410305024384
0.4300000000000002	0.3658799063854485
0.4400000000000002	0.36433505425366425
0.45000000000000023	0.36275997751885286
0.46000000000000024	0.36115511450390725
0.47000000000000025	0.3595209107865711
0.48000000000000026	0.35785781899247215
0.49000000000000027	0.35616629858536675
0.5000000000000002	0.3544468156547522
0.5100000000000002	0.35269984270100896
0.5200000000000002	0.35092585841817353
0.5300000000000002	0.3491253474744821
0.5400000000000003	0.3472988002908816
0.5500000000000003	0.3454467128175821
0.5600000000000003	0.3435695863088161
0.5700000000000003	0.34166792709598515
0.5800000000000003	0.33974224635928757
0.5900000000000003	0.33779305989798225
0.6000000000000003	0.3358208878995109
0.6100000000000003	0.33382625470734356
0.6200000000000003	0.33180968858829024
0.6300000000000003	0.3297717214986643
0.6400000000000003	0.32771288885001215
0.6500000000000004	0.32563372927429807
0.6600000000000004	0.32353478438877875
0.6700000000000004	0.32141659856067156
0.6800000000000004	0.3192797186717608
0.6900000000000004	0.31712469388310716
0.7000000000000004	0.3149520753999972
0.7100000000000004	0.3127624162372408
0.7200000000000004	0.31055627098499816
0.7300000000000004	0.30833419557526803
0.7400000000000004	0.3060967470491388
0.7500000000000004	0.3038444833249785
0.7600000000000005	0.3015779629676947
0.7700000000000005	0.2992977449591644
0.7800000000000005	0.29700438846999305
0.7900000000000005	0.2946984526327439
0.8000000000000005	0.2923804963167218
0.8100000000000005	0.2900510779044672
0.8200000000000005	0.2877107550700994
0.8300000000000005	0.28536008455958756
0.8400000000000005	0.28299962197308914
0.8500000000000005	0.2806299215494989
0.8600000000000005	0.2782515359532767
0.8700000000000006	0.27586501606368835
0.8800000000000006	0.2734709107665825
0.8900000000000006	0.27106976674878774
0.9000000000000006	0.2686621282952332
0.9100000000000006	0.26624853708892565
0.9200000000000006	0.2638295320138482
0.9300000000000006	0.2614056489608791
0.9400000000000006	0.2589774206368514
0.9500000000000006	0.2565453763768211
0.9600000000000006	0.2541100419596148
0.9700000000000006	0.2516719394267864
0.9800000000000006	0.24923158690503514
0.9900000000000007	0.2467894984321425
1.0000000000000007	0.24434618378655126
1.0100000000000007	0.2419021483206311
1.0200000000000007	0.23945789279768143
1.0300000000000007	0.23701391323277118
1.0400000000000007	0.2345707007374673
1.0500000000000007	0.23212874136848274
1.0600000000000007	0.2296885159803375
1.0700000000000007	0.22725050008207068
1.0800000000000007	0.22481516369803653
1.0900000000000007	0.22238297123284081
1.1000000000000008	0.2199543813404836
1.1100000000000008	0.21752984679769405
1.1200000000000008	0.2151098143815301
1.1300000000000008	0.21269472475128187
1.1400000000000008	0.2102850123346724
1.1500000000000008	0.207881105218397
1.1600000000000008	0.20548342504304704
1.1700000000000008	0.2030923869023919
1.1800000000000008	0.2007083992470635
1.1900000000000008	0.19833186379264986
1.2000000000000008	0.1959631754322075
1.2100000000000009	0.19360272215317614
1.2200000000000009	0.19125088495874168
1.2300000000000009	0.18890803779360743
1.2400000000000009	0.18657454747417054
1.2500000000000009	0.18425077362313308
1.260000000000001	0.18193706860850042
1.270000000000001	0.17963377748695097
1.280000000000001	0.17734123795160106
1.290000000000001	0.1750597802841091
1.300000000000001	0.17278972731109488
1.310000000000001	0.17053139436488565
1.320000000000001	0.1682850892485212
1.330000000000001	0.16605111220500643
1.340000000000001	0.16382975589077964
1.350000000000001	0.16162130535335922
1.360000000000001	0.1594260380131157
1.370000000000001	0.15724422364915097
1.380000000000001	0.1550761243892414
1.390000000000001	0.15292199470376688
1.400000000000001	0.1507820814036131
1.410000000000001	0.14865662364199872
1.420000000000001	0.14654585292013328
1.430000000000001	0.14444999309670267
1.440000000000001	0.14236926040109835
1.450000000000001	0.14030386345033366
1.460000000000001	0.13825400326958862
1.470000000000001	0.13621987331634236
1.480000000000001	0.1342016595079912
1.490000000000001	0.1321995402529155
1.500000000000001	0.13021368648492465
1.5100000000000011	0.128244261701012
1.5200000000000011	0.12629142200232354
1.5300000000000011	0.12435531613833267
1.5400000000000011	0.12243608555407842
1.5500000000000012	0.12053386444042831
1.5600000000000012	0.11864877978730506
1.5700000000000012	0.11678095143977418
1.5800000000000012	0.11493049215691686
1.5900000000000012	0.11309750767344078
1.6000000000000012	0.11128209676392499
1.6100000000000012	0.10948435130960821
1.6200000000000012	0.10770435636769225
1.6300000000000012	0.10594219024302136
1.6400000000000012	0.10419792456209187
1.6500000000000012	0.10247162434930318
1.6600000000000013	0.10076334810537742
1.6700000000000013	0.09907314788783592
1.6800000000000013	0.09740106939349011
1.6900000000000013	0.09574715204284584
1.7000000000000013	0.09411142906633349
1.7100000000000013	0.09249392759228811
1.7200000000000013	0.09089466873661295
1.7300000000000013	0.08931366769401107
1.7400000000000013	0.08775093383070533
1.7500000000000013	0.08620647077871726
1.7600000000000013	0.08468027653122416
1.7700000000000014	0.08317234353942839
1.7800000000000014	0.08168265881050686
1.7900000000000014	0.08021120400665904
1.8000000000000014	0.07875795554519402
1.8100000000000014	0.07732288469956042
1.8200000000000014	0.07590595770124729
1.8300000000000014	0.07450713584245754
1.8400000000000014	0.07312637557951865
1.8500000000000014	0.07176362863691653
1.8600000000000014	0.07041884211189146
1.8700000000000014	0.06909195857950409
1.8800000000000014	0.0677829161982422
1.8900000000000015	0.06649164881571469
1.9000000000000015	0.06521808607487804
1.9100000000000015	0.06396215352033967
1.9200000000000015	0.06272377270480609
1.9300000000000015	0.06150286129562409
1.9400000000000015	0.06029933318130196
1.9500000000000015	0.05911309857797259
1.9600000000000015	0.05794406413573348
1.9700000000000015	0.05679213304478897
1.9800000000000015	0.055657205141340066
1.9900000000000015	0.054539177013165754
2.0000000000000013	0.053437942104833956
2.010000000000001	0.052353390822479744
2.020000000000001	0.05128541063809806
2.0300000000000007	0.05023388619331045
2.0400000000000005	0.04919869940252238
2.0500000000000003	0.0481797295554436
2.06	0.047176853418927946
2.07	0.04618994533804932
2.0799999999999996	0.04521887733639684
2.0899999999999994	0.044263519215549996
2.099999999999999	0.04332373865364726
2.109999999999999	0.04239940130305433
2.1199999999999988	0.04149037088705828
2.1299999999999986	0.04059650929556355
2.1399999999999983	0.039717676679745385
2.149999999999998	0.038853731545685145
2.159999999999998	0.03800453084659856
2.1699999999999977	0.037169930074504615
2.1799999999999975	0.0363497833501333
2.1899999999999973	0.035543943511913936
2.199999999999997	0.03475226220366416
2.209999999999997	0.0339745899610213
2.2199999999999966	0.03321077629658224
2.2299999999999964	0.03246066978371167
2.239999999999996	0.031724118139036174
2.249999999999996	0.031000968303558807
2.259999999999996	0.030291066522397478
2.2699999999999956	0.02959425842312944
2.2799999999999954	0.028910389092709876
2.289999999999995	0.028239303152963028
2.299999999999995	0.027580844834669244
2.3099999999999947	0.02693485804996538
2.3199999999999945	0.026301186463725316
2.3299999999999943	0.025679673562997194
2.339999999999994	0.025070162725192708
2.349999999999994	0.024472497284707108
2.3599999999999937	0.023886520598043876
2.3699999999999934	0.02331207610743168
2.3799999999999932	0.02274900740291183
2.389999999999993	0.02219715828290928
2.399999999999993	0.021656372813289467
2.4099999999999926	0.02112649538487877
2.4199999999999924	0.02060737076946695
2.429999999999992	0.020098844174296877
2.439999999999992	0.01960076129501901
2.4499999999999917	0.01911296836714073
2.4599999999999915	0.018635312215962666
2.4699999999999913	0.018167640305010394
2.479999999999991	0.01770980078295422
2.489999999999991	0.017261642529059568
2.4999999999999907	0.016823015197135385
2.5099999999999905	0.01639376925800982
2.5199999999999902	0.015973756040548442
2.52999999999999	0.01556282777121134
2.53999999999999	0.0151608376121709
2.5499999999999896	0.014767639697995888
2.5599999999999894	0.01438308917092414
2.569999999999989	0.014007042214723407
2.579999999999989	0.013639356087165568
2.5899999999999888	0.013279889151133675
2.5999999999999885	0.012928500904356714
2.6099999999999883	0.01258505200781085
2.619999999999988	0.012249404312794396
2.629999999999988	0.011921420886689182
2.6399999999999877	0.01160096603743504
2.6499999999999875	0.011287905336729747
2.6599999999999873	0.010982105642029925
2.669999999999987	0.010683435117044374
2.679999999999987	0.010391763251557579
2.6899999999999866	0.010106960879510563
2.6999999999999864	0.00982890019617938
2.709999999999986	0.009557454774149496
2.719999999999986	0.00929249957820305
2.7299999999999858	0.009033910978816274
2.7399999999999856	0.008781566765134665
2.7499999999999853	0.008535346156300187
2.759999999999985	0.008295129812024246
2.769999999999985	0.008060799842074575
2.7799999999999847	0.007832239814753167
2.7899999999999845	0.007609334764398325
2.7999999999999843	0.00739197119791853
2.809999999999984	0.007180037100401351
2.819999999999984	0.006973421939791167
2.8299999999999836	0.006772016670686863
2.8399999999999834	0.006575713737261548
2.849999999999983	0.006384407075339172
2.859999999999983	0.006197992113640958
2.869999999999983	0.006016365774235798
2.8799999999999826	0.005839426472199484
2.8899999999999824	0.00566707411452927
2.899999999999982	0.005499210098308495
2.909999999999982	0.005335737308167441
2.9199999999999817	0.0051765601130463095
2.9299999999999815	0.005021584362295659
2.9399999999999813	0.004870717381114883
2.949999999999981	0.004723867965380097
2.959999999999981	0.004580946375856134
2.9699999999999807	0.004441864331827411
2.9799999999999804	0.004306535004166258
2.9899999999999802	0.004174873007862385
2.99999999999998	0.0040467943940187545
3.00999999999998	0.003922216641363013
3.0199999999999796	0.003801058647266432
3.0299999999999794	0.003683240718304035
3.039999999999979	0.0035686845603753116
3.049999999999979	0.003457313268400697
3.0599999999999787	0.0033490513156161066
3.0699999999999785	0.0032438245424825014
3.0799999999999783	0.0031415601452308515
3.089999999999978	0.0030421866640565464
3.099999999999978	0.002945633970989353
3.1099999999999777	0.002851833257443852
3.1199999999999775	0.002760717021488619
3.1299999999999772	0.0026722190548130226
3.139999999999977	0.0025862744294651778
3.149999999999977	0.0025028194843192517
3.1599999999999766	0.0024217918113258897
3.1699999999999764	0.002343130241543837
3.179999999999976	0.002266774830985896
3.189999999999976	0.00219266684625666
3.1999999999999758	0.0021207487500560797
3.2099999999999755	0.0020509641865041326
3.2199999999999753	0.001983257966330044
3.229999999999975	0.0019175760519440426
3.239999999999975	0.0018538655423906
3.2499999999999747	0.0017920746581966537
3.2599999999999745	0.001732152726143442
3.2699999999999743	0.0016740501639558975
3.279999999999974	0.0016177184648741916
3.289999999999974	0.0015631101824501003
3.2999999999999736	0.0015101789147562849
3.3099999999999734	0.0014588792891109894
3.319999999999973	0.0014091669465071646
3.329999999999973	0.0013609985260972087
3.3399999999999728	0.0013143316496705539
3.3499999999999726	0.00126912490608971
3.3599999999999723	0.0012253378360234078
3.369999999999972	0.0011829309161565668
3.379999999999972	0.0011418655439848688
3.3899999999999717	0.0011021040223880762
3.3999999999999715	0.0010636095443083472
3.4099999999999713	0.0010263461774847572
3.419999999999971	0.0009902788492669535
3.429999999999971	0.0009553733314987658
3.4399999999999706	0.0009215962254817185
3.4499999999999704	0.0008889149470247274
3.45999999999997	0.0008572977116463702
3.46999999999997	0.0008267135197474278
3.47999999999997	0.0007971321420275946
3.4899999999999696	0.0007685241049456532
3.4999999999999694	0.0007408606763056587
3.509999999999969	0.0007141138509645386
3.519999999999969	0.0006882563367218133
3.5299999999999687	0.0006632615402083499
3.5399999999999685	0.0006391035530513064
3.5499999999999683	0.0006157571381057855
3.559999999999968	0.0005931977158430404
3.569999999999968	0.0005714013508867011
3.5799999999999677	0.0005503447387095304
3.5899999999999674	0.0005300051924232151
3.5999999999999672	0.0005103606298402706
3.609999999999967	0.0004913895605771752
3.619999999999967	0.00047307107337840886
3.6299999999999666	0.00045538482358122343
3.6399999999999664	0.00043831102077010524
3.649999999999966	0.00042183041652499927
3.659999999999966	0.0004059242924636647
3.6699999999999657	0.0003905744483283278
3.6799999999999655	0.0003757631903067431
3.6899999999999653	0.0003614733195032887
3.699999999999965	0.00034768812059323345
3.709999999999965	0.0003343913506422858
3.7199999999999647	0.0003215672280947294
3.7299999999999645	0.0003092004219451653
3.7399999999999642	0.0002972760410789414
3.749999999999964	0.00028577962378046516
3.759999999999964	0.0002746971274269174
3.7699999999999636	0.0002640149183439179
3.7799999999999634	0.00025371976184171755
3.789999999999963	0.00024379881242149953
3.799999999999963	0.00023423960415514084
3.8099999999999627	0.00022503004123307577
3.8199999999999625	0.0002161583886926144
3.8299999999999623	0.00020761326330420948
3.839999999999962	0.00019938362463620035
3.849999999999962	0.00019145876628447962
3.8599999999999617	0.0001838283072710872
3.8699999999999615	0.00017648218360709155
3.8799999999999613	0.00016941064001378868
3.889999999999961	0.00016260422185151392
3.899999999999961	0.00015605376712051963
3.9099999999999606	0.0001497503987050261
3.9199999999999604	0.00014368551677700346
3.92999999999996	0.00013785079127479625
3.93999999999996	0.0001322381546423761
3.9499999999999598	0.00012683979461763751
3.9599999999999596	0.00012164814731549528
3.9699999999999593	0.00011665589027956518
3.979999999999959	0.00011185593586843916
3.989999999999959	0.00010724142465340753
3.9999999999999587	0.0001028057190221694
4.009999999999959	0.00009854239691941774
4.019999999999959	0.00009444524572294211
4.0299999999999585	0.00009050825626271769
4.039999999999958	0.00008672561698307887
4.049999999999958	0.00008309170823220289
4.059999999999958	0.00007960109668999012
4.069999999999958	0.00007624852993344544
4.079999999999957	0.00007302893112196894
4.089999999999957	0.00006993739381882594
4.099999999999957	0.00006696917693564362
4.109999999999957	0.00006411969980198882
4.119999999999957	0.0000613845373524744
4.129999999999956	0.00005875941544519855
4.139999999999956	0.00005624020628284693
4.149999999999956	0.00005382292396137997
4.159999999999956	0.000051503720126792614
4.1699999999999555	0.00004927887974554109
4.179999999999955	0.000047144816984105186
4.189999999999955	0.0000450980711932425
4.199999999999955	0.00004313530300662485
4.209999999999955	0.000041253290530418286
4.2199999999999545	0.000039448925642059874
4.229999999999954	0.00003771921039074734
4.239999999999954	0.00003606125348763936
4.249999999999954	0.0000344722668825492
4.259999999999954	0.000032949562502479246
4.269999999999953	0.00003149054894338349
4.279999999999953	0.00003009272837838244
4.289999999999953	0.000028753693542840075
4.299999999999953	0.00002747112470124295
4.3099999999999525	0.00002624278681084502
4.319999999999952	0.000025066526723062512
4.329999999999952	0.000023940270460903237
4.339999999999952	0.000022862020578482663
4.349999999999952	0.00002182985360612824
4.3599999999999515	0.000020841917561472765
4.369999999999951	0.000019896429531544956
4.379999999999951	0.000018991673338200357
4.389999999999951	0.000018125997259081345
4.399999999999951	0.00001729781182576108
4.40999999999995	0.000016505587685083573
4.41999999999995	0.000015747853525486345
4.42999999999995	0.000015023194066908709
4.43999999999995	0.000014330248108412276
4.4499999999999496	0.000013667706645895832
4.459999999999949	0.000013034311034545839
4.469999999999949	0.00001242885120210364
4.479999999999949	0.000011850163994973368
4.489999999999949	0.000011297131416443075
4.4999999999999485	0.00001076867906377309
4.509999999999948	0.000010263774616014627
4.519999999999948	9.781426226447007e-6
4.529999999999948	9.32068112506624e-6
4.539999999999948	8.880624187655669e-6
4.549999999999947	8.46037656572823e-6
4.559999999999947	8.059094362208912e-6
4.569999999999947	7.675967353682668e-6
4.579999999999947	7.310217745129671e-6
4.589999999999947	6.961098977435566e-6
4.599999999999946	6.627894566686964e-6
4.609999999999946	6.309916985577949e-6
4.619999999999946	6.006506580995957e-6
4.629999999999946	5.717030553218468e-6
4.6399999999999455	5.440881850993558e-6
4.649999999999945	5.177478337429488e-6
4.659999999999945	4.926261752826462e-6
4.669999999999945	4.686696852877304e-6
4.679999999999945	4.458270438116784e-6
4.689999999999944	4.2404906434696335e-6
4.699999999999944	4.0328860294755124e-6
4.709999999999944	3.835004810034876e-6
4.719999999999944	3.6464140887611046e-6
4.729999999999944	3.4666991561806265e-6
4.739999999999943	3.295462726961914e-6
4.749999999999943	3.1323242832402712e-6
4.759999999999943	2.9769194439370337e-6
4.769999999999943	2.828899272188265e-6
4.7799999999999425	2.6879297007411075e-6
4.789999999999942	2.5536909599740965e-6
4.799999999999942	2.4258769023716376e-6
4.809999999999942	2.304194635021961e-6
4.819999999999942	2.188363791265679e-6
4.8299999999999415	2.078116222482368e-6
4.839999999999941	1.9731952959168628e-6
4.849999999999941	1.8733556496263517e-6
4.859999999999941	1.7783625069383197e-6
4.869999999999941	1.6879914421099305e-6
4.87999999999994	1.6020278532471672e-6
4.88999999999994	1.5202665528150427e-6
4.89999999999994	1.442511435014529e-6
4.90999999999994	1.368575038507089e-6
4.9199999999999395	1.298278240333776e-6
4.929999999999939	1.2314498777804434e-6
4.939999999999939	1.1679264289566522e-6
4.949999999999939	1.1075516817008193e-6
4.959999999999939	1.0501764377520493e-6
4.9699999999999385	9.956582116784552e-7
4.979999999999938	9.438609404886841e-7
4.989999999999938	8.946547174948245e-7
4.999999999999938	8.479155364065387e-7
5.009999999999938	8.035250289813392e-7
5.019999999999937	7.613702273115886e-7
5.029999999999937	7.213433072245025e-7
5.039999999999937	6.83341436722477e-7
5.049999999999937	6.472665150965859e-7
5.0599999999999365	6.130249197969899e-7
5.069999999999936	5.80527380534837e-7
5.079999999999936	5.49688766775872e-7
5.089999999999936	5.204279060973142e-7
5.099999999999936	4.926674107542083e-7
5.1099999999999355	4.6633350244543686e-7
5.119999999999935	4.4135587678220104e-7
5.129999999999935	4.176675338886827e-7
5.139999999999935	3.9520460533825373e-7
5.149999999999935	3.739062673803165e-7
5.159999999999934	3.5371458615913904e-7
5.169999999999934	3.345743357815118e-7
5.179999999999934	3.164329482770967e-7
5.189999999999934	2.992403733646773e-7
5.199999999999934	2.829489414452856e-7
5.209999999999933	2.675132622399658e-7
5.219999999999933	2.5289015588678126e-7
5.229999999999933	2.3903851363033773e-7
5.239999999999933	2.2591922687275816e-7
5.2499999999999325	2.13495057919892e-7
5.259999999999932	2.017306016044169e-7
5.269999999999932	1.9059216031405932e-7
5.279999999999932	1.800476810185446e-7
5.289999999999932	1.7006670518787058e-7
5.299999999999931	1.606202465434643e-7
5.309999999999931	1.5168078049747033e-7
5.319999999999931	1.432220984590506e-7
5.329999999999931	1.3521932476476397e-7
5.339999999999931	1.2764877538932687e-7
5.34999999999993	1.2048796680561147e-7
5.35999999999993	1.1371554446081804e-7
5.36999999999993	1.0731123490940296e-7
5.37999999999993	1.0125573622687057e-7
5.3899999999999295	9.553074871775937e-8