-5.649999999999924	9.96412168632686e-8
-5.639999999999924	1.0498103737781312e-7
-5.629999999999924	1.1059763043287927e-7
-5.619999999999925	1.1650482202024958e-7
-5.609999999999925	1.2271707684686008e-7
-5.599999999999925	1.292496663078444e-7
-5.589999999999925	1.361183743031716e-7
-5.5799999999999255	1.433399415649313e-7
-5.569999999999926	1.509317094100163e-7
-5.559999999999926	1.5891213066634537e-7
-5.549999999999926	1.67300274087571e-7
-5.539999999999926	1.761162339034702e-7
-5.5299999999999265	1.853809256493169e-7
-5.519999999999927	1.9511637174856257e-7
-5.509999999999927	2.0534558318743843e-7
-5.499999999999927	2.160926636935787e-7
-5.489999999999927	2.2738281743161267e-7
-5.479999999999928	2.3924244443188367e-7
-5.469999999999928	2.5169916530345527e-7
-5.459999999999928	2.6478189043809433e-7
-5.449999999999928	2.78520861262231e-7
-5.4399999999999284	2.929476795955905e-7
-5.429999999999929	3.080954785798477e-7
-5.419999999999929	3.239988671492346e-7
-5.409999999999929	3.4069408911836547e-7
-5.399999999999929	3.58218933095954e-7
-5.3899999999999295	3.7661303258747815e-7
-5.37999999999993	3.9591778727293777e-7
-5.36999999999993	4.1617647980731795e-7
-5.35999999999993	4.3743435702816554e-7
-5.34999999999993	4.5973871423059726e-7
-5.339999999999931	4.831389832120933e-7
-5.329999999999931	5.076868257347585e-7
-5.319999999999931	5.334362204567756e-7
-5.309999999999931	5.604435761186304e-7
-5.299999999999931	5.887678174321758e-7
-5.289999999999932	6.184705074124551e-7
-5.279999999999932	6.496159497064123e-7
-5.269999999999932	6.822713061457318e-7
-5.259999999999932	7.16506716855283e-7
-5.2499999999999325	7.523954253507091e-7
-5.239999999999933	7.900139078455683e-7
-5.229999999999933	8.294420082252034e-7
-5.219999999999933	8.707630782552275e-7
-5.209999999999933	9.140641224038945e-7
-5.199999999999934	9.59435952424799e-7
-5.189999999999934	1.0069733351581957e-6
-5.179999999999934	1.0567751611779296e-6
-5.169999999999934	1.1089446200953553e-6
-5.159999999999934	1.1635893668361815e-6
-5.149999999999935	1.2208217075721975e-6
-5.139999999999935	1.280758788240894e-6
-5.129999999999935	1.3435227911238537e-6
-5.119999999999935	1.4092411386368253e-6
-5.1099999999999355	1.4780467045694688e-6
-5.099999999999936	1.5500780333462288e-6
-5.089999999999936	1.6254795635489083e-6
-5.079999999999936	1.7044018762187134e-6
-5.069999999999936	1.7870019293973647e-6
-5.0599999999999365	1.8734433096047925e-6
-5.049999999999937	1.963896495794385e-6
-5.039999999999937	2.058539143582908e-6
-5.029999999999937	2.1575563456640296e-6
-5.019999999999937	2.261140961455658e-6
-5.009999999999938	2.369493877459607e-6
-4.999999999999938	2.482824341467212e-6
-4.989999999999938	2.6013503075965065e-6
-4.979999999999938	2.7252987404990236e-6
-4.9699999999999385	2.8549059743052697e-6
-4.959999999999939	2.990418092544192e-6
-4.949999999999939	3.1320912791306373e-6
-4.939999999999939	3.2801922123123905e-6
-4.929999999999939	3.4349985166512903e-6
-4.9199999999999395	3.59679908434981e-6
-4.90999999999994	3.7658945594805668e-6
-4.89999999999994	3.942597824561495e-6
-4.88999999999994	4.1272343725736164e-6
-4.87999999999994	4.320142843844197e-6
-4.869999999999941	4.5216754997732475e-6
-4.859999999999941	4.732198747407484e-6
-4.849999999999941	4.952093654015428e-6
-4.839999999999941	5.1817564922731286e-6
-4.8299999999999415	5.421599309478535e-6
-4.819999999999942	5.672050523733223e-6
-4.809999999999942	5.933555499669171e-6
-4.799999999999942	6.206577191216779e-6
-4.789999999999942	6.4915967841072784e-6
-4.7799999999999425	6.789114357200613e-6
-4.769999999999943	7.099649569427821e-6
-4.759999999999943	7.423742378201031e-6
-4.749999999999943	7.76195376224228e-6
-4.739999999999943	8.114866485415528e-6
-4.729999999999944	8.483085884085124e-6
-4.719999999999944	8.867240665127316e-6
-4.709999999999944	9.26798374602892e-6
-4.699999999999944	9.685993116017662e-6
-4.689999999999944	0.000010121972722302373
-4.679999999999945	0.000010576653388856007
-4.669999999999945	0.000011050793760989403
-4.659999999999945	0.000011545181283991122
-4.649999999999945	0.000012060633203296813
-4.6399999999999455	0.000012597997613573557
-4.629999999999946	0.000013158154522800456
-4.619999999999946	0.000013742016954596118
-4.609999999999946	0.000014350532085517385
-4.599999999999946	0.000014984682438873198
-4.589999999999947	0.000015645487055504452
-4.579999999999947	0.000016334002774312853
-4.569999999999947	0.00001705132549764901
-4.559999999999947	0.00001779859152770422
-4.549999999999947	0.000018576978913106516
-4.539999999999948	0.000019387708867891997
-4.529999999999948	0.0000202320472028958
-4.519999999999948	0.00002111130582437315
-4.509999999999948	0.000022026844262647926
-4.4999999999999485	0.00002298007125364457
-4.489999999999949	0.000023972446335300164
-4.479999999999949	0.000025005481566622196
-4.469999999999949	0.000026080743205392503
-4.459999999999949	0.000027199853490303848
-4.4499999999999496	0.000028364492472808384
-4.43999999999995	0.000029576399844325763
-4.42999999999995	0.00003083737691066066
-4.41999999999995	0.00003214928854660216
-4.40999999999995	0.00003351406522712536
-4.399999999999951	0.0000349337051112479
-4.389999999999951	0.000036410276209920135
-4.379999999999951	0.000037945918574349516
-4.369999999999951	0.00003954284656755424
-4.3599999999999515	0.00004120335119301006
-4.349999999999952	0.000042929802492882986
-4.339999999999952	0.00004472465199085528
-4.329999999999952	0.000046590435229842664
-4.319999999999952	0.00004852977435149115
-4.3099999999999525	0.00005054538074930481
-4.299999999999953	0.00005264005780853704
-4.289999999999953	0.00005481670369851598
-4.279999999999953	0.000057078314236257476
-4.269999999999953	0.000059427985847848863
-4.259999999999954	0.00006186891857790669
-4.249999999999954	0.00006440441918825765
-4.239999999999954	0.0000670379043401122
-4.229999999999954	0.00006977290384956596
-4.2199999999999545	0.00007261306401520244
-4.209999999999955	0.00007556215105272367
-4.199999999999955	0.00007862405459165258
-4.189999999999955	0.00008180279126606499
-4.179999999999955	0.00008510250839327393
-4.1699999999999555	0.00008852748774944725
-4.159999999999956	0.00009208214941039027
-4.149999999999956	0.00009577105570998398
-4.139999999999956	0.00009959891528720279
-4.129999999999956	0.00010357058720124001
-4.119999999999957	0.00010769108520955254
-4.109999999999957	0.00011196558204588149
-4.099999999999957	0.00011639941388149251
-4.089999999999957	0.00012099808483662908
-4.079999999999957	0.00012576727166220824
-4.069999999999958	0.0001307128284080729
-4.059999999999958	0.00013584079130411634
-4.049999999999958	0.00014115738371053843
-4.039999999999958	0.0001466690211628722
-4.0299999999999585	0.00015238231653717552
-4.019999999999959	0.00015830408534041617
-4.009999999999959	0.0001644413510866268
-3.9999999999999587	0.0001708013508015372
-3.989999999999959	0.00017739154064659875
-3.979999999999959	0.00018421960164819652
-3.9699999999999593	0.0001912934455368956
-3.9599999999999596	0.00019862122075348985
-3.9499999999999598	0.00020621131849718458
-3.93999999999996	0.0002140723789485484
-3.92999999999996	0.00022221329763256724
-3.9199999999999604	0.0002306432318351882
-3.9099999999999606	0.0002393716071995083
-3.899999999999961	0.000248408124438819
-3.889999999999961	0.00025776276616907906
-3.8799999999999613	0.0002674458038587756
-3.8699999999999615	0.000277467804929359
-3.8599999999999617	0.00028783963997413013
-3.849999999999962	0.0002985724900990156
-3.839999999999962	0.000309677854405934
-3.8299999999999623	0.0003211675576104604
-3.8199999999999625	0.00033305375777134284
-3.8099999999999627	0.00034534895417500267
-3.799999999999963	0.0003580659953473804
-3.789999999999963	0.0003712180871896861
-3.7799999999999634	0.00038481880125195236
-3.7699999999999636	0.0003988820831764173
-3.759999999999964	0.0004134222611542416
-3.749999999999964	0.0004284540547164583
-3.7399999999999642	0.0004439925834829924
-3.7299999999999645	0.0004600533761209165
-3.7199999999999647	0.0004766523794236158
-3.709999999999965	0.0004938059675402253
-3.699999999999965	0.0005115309513114405
-3.6899999999999653	0.0005298445877561044
-3.6799999999999655	0.0005487645897066068
-3.6699999999999657	0.0005683091354830199
-3.659999999999966	0.0005884968788681625
-3.649999999999966	0.0006093469590595699
-3.6399999999999664	0.0006308790108148913
-3.6299999999999666	0.0006531131747093193
-3.619999999999967	0.0006760701075396967
-3.609999999999967	0.0006997709928352254
-3.5999999999999672	0.0007242375514853954
-3.5899999999999674	0.0007494920525141756
-3.5799999999999677	0.000775557323995607
-3.569999999999968	0.0008024567638908891
-3.559999999999968	0.000830214351399161
-3.5499999999999683	0.000858854658033615
-3.5399999999999685	0.0008884028589872532
-3.5299999999999687	0.0009188847445853403
-3.519999999999969	0.0009503267318426295
-3.509999999999969	0.0009827558761360863
-3.4999999999999694	0.0010161998828301254
-3.4899999999999696	0.0010506871193358333
-3.47999999999997	0.0010862466269033527
-3.46999999999997	0.0011229081326903027
-3.45999999999997	0.0011607020618855312
-3.4499999999999704	0.0011996595498892178
-3.4399999999999706	0.0012398124545896997
-3.429999999999971	0.0012811933687140783
-3.419999999999971	0.0013238356322288298
-3.4099999999999713	0.0013677733448129524
-3.3999999999999715	0.0014130413783379674
-3.3899999999999717	0.0014596753896843001
-3.379999999999972	0.0015077118330010463
-3.369999999999972	0.0015571879726278054
-3.3599999999999723	0.0016081418957320764
-3.3499999999999726	0.0016606125250327214
-3.3399999999999728	0.0017146396315709095
-3.329999999999973	0.0017702638474045868
-3.319999999999973	0.0018275266786312195
-3.3099999999999734	0.001886470517804408
-3.2999999999999736	0.0019471386569499213
-3.289999999999974	0.002009575300251912
-3.279999999999974	0.002073825576801618
-3.2699999999999743	0.002139935553303334
-3.2599999999999745	0.002207952246728293
-3.2499999999999747	0.002277923636952401
-3.239999999999975	0.002349898679318755
-3.229999999999975	0.0024239273171259043
-3.2199999999999753	0.002500060494066719
-3.2099999999999755	0.002578350166573035
-3.1999999999999758	0.0026588493160440495
-3.189999999999976	0.002741611961019966
-3.179999999999976	0.0028266931691876417
-3.1699999999999764	0.0029141490692962727
-3.1599999999999766	0.0030040368629227618
-3.149999999999977	0.003096414836104025
-3.139999999999977	0.0031913423707843813
-3.1299999999999772	0.0032888799561150857
-3.1199999999999775	0.003389089199570397
-3.1099999999999777	0.0034920328378579457
-3.099999999999978	0.0035977747476192232
-3.089999999999978	0.0037063799559388906
-3.0799999999999783	0.0038179146505843194
-3.0699999999999785	0.003932446190015395
-3.0599999999999787	0.004050043113151031
-3.049999999999979	0.004170775148832487
-3.039999999999979	0.004294713225010743
-3.0299999999999794	0.004421929477651975
-3.0199999999999796	0.004552497259299165
-3.00999999999998	0.004686491147310785
-2.99999999999998	0.004823986951772842
-2.9899999999999802	0.004965061723027869
-2.9799999999999804	0.005109793758828133
-2.9699999999999807	0.005258262611119466
-2.959999999999981	0.005410549092402468
-2.949999999999981	0.005566735281656983
-2.9399999999999813	0.005726904529861862
-2.9299999999999815	0.005891141465037623
-2.9199999999999817	0.006059531996804993
-2.909999999999982	0.0062321633204852475
-2.899999999999982	0.00640912392068097
-2.8899999999999824	0.006590503574316178
-2.8799999999999826	0.0067763933532036715
-2.869999999999983	0.006966885625869705
-2.859999999999983	0.00716207405913317
-2.849999999999983	0.007362053618772626
-2.8399999999999834	0.0075669205697533395
-2.8299999999999836	0.007776772475768742
-2.819999999999984	0.007991708198163123
-2.809999999999984	0.008211827894192265
-2.7999999999999843	0.008437233014576016
-2.7899999999999845	0.008668026300376478
-2.7799999999999847	0.008904311779165817
-2.769999999999985	0.00914619476043069
-2.759999999999985	0.009393781830271876
-2.7499999999999853	0.009647180845192614
-2.7399999999999856	0.009906500925375962
-2.7299999999999858	0.010171852446862232
-2.719999999999986	0.010443347033069594
-2.709999999999986	0.010721097545416846
-2.6999999999999864	0.01100521807308974
-2.6899999999999866	0.011295823921896745
-2.679999999999987	0.011593031602513269
-2.669999999999987	0.011896958817095831
-2.6599999999999873	0.012207724445860565
-2.6499999999999875	0.012525448532104997
-2.6399999999999877	0.012850252266493462
-2.629999999999988	0.013182257970221722
-2.619999999999988	0.013521589077439148
-2.6099999999999883	0.013868370116370338
-2.5999999999999885	0.014222726689567361
-2.5899999999999888	0.014584785453077008
-2.579999999999989	0.014954674094527939
-2.569999999999989	0.01533252131017183
-2.5599999999999894	0.015718456780813354
-2.5499999999999896	0.016112611146625655
-2.53999999999999	0.016515115980860223
-2.52999999999999	0.01692610376242388
-2.5199999999999902	0.017345707847276102
-2.5099999999999905	0.01777406243869791
-2.4999999999999907	0.018211302556383813
-2.489999999999991	0.018657564004317614
-2.479999999999991	0.01911298333747871
-2.4699999999999913	0.019577697827343785
-2.4599999999999915	0.020051845426139067
-2.4499999999999917	0.020535564729882997
-2.439999999999992	0.021028994940204108
-2.429999999999992	0.02153227582487661
-2.4199999999999924	0.022045547677121538
-2.4099999999999926	0.02256895127365821
-2.399999999999993	0.023102627831459
-2.389999999999993	0.023646718963233247
-2.3799999999999932	0.024201366631660524
-2.3699999999999934	0.024766713102301018
-2.3599999999999937	0.02534290089522328
-2.349999999999994	0.025930072735368993
-2.339999999999994	0.02652837150159213
-2.3299999999999943	0.027137940174402516
-2.3199999999999945	0.02775892178244371
-2.3099999999999947	0.028391459347626897
-2.299999999999995	0.029035695829069095
-2.289999999999995	0.0296917740655632
-2.2799999999999954	0.03035983671694259
-2.2699999999999956	0.0310400262040444
-2.259999999999996	0.03173248464745114
-2.249999999999996	0.03243735380493765
-2.239999999999996	0.03315477500763147
-2.2299999999999964	0.03388488909495284
-2.2199999999999966	0.034627836348292265
-2.209999999999997	0.03538375642341883
-2.199999999999997	0.03615278828170394
-2.1899999999999973	0.036935070120114225
-2.1799999999999975	0.03773073929998009
-2.1699999999999977	0.038539932274606795
-2.159999999999998	0.03936278451571291
-2.149999999999998	0.04019943043868754
-2.1399999999999983	0.04105000332671583
-2.1299999999999986	0.04191463525387295
-2.1199999999999988	0.04279345700694434
-2.109999999999999	0.043686598006332684
-2.099999999999999	0.044594186225861546
-2.0899999999999994	0.04551634811152601
-2.0799999999999996	0.04645320849925819
-2.07	0.04740489053174411
-2.06	0.04837151557424961
-2.0500000000000003	0.049353203129543666
-2.0400000000000005	0.05035007075195745
-2.0300000000000007	0.05136223396055391
-2.020000000000001	0.05238980615148092
-2.010000000000001	0.053432898509565015
-2.0000000000000013	0.0544916199191153
-1.9900000000000015	0.05556607687401696
-1.9800000000000015	0.05665637338717529
-1.9700000000000015	0.057762610899292154
-1.9600000000000015	0.05888488818703233
-1.9500000000000015	0.06002330127067703
-1.9400000000000015	0.06117794332123591
-1.9300000000000015	0.06234890456707093
-1.9200000000000015	0.06353627220013879
-1.9100000000000015	0.06474013028184318
-1.9000000000000015	0.06596055964851501
-1.8900000000000015	0.06719763781667884
-1.8800000000000014	0.06845143888805412
-1.8700000000000014	0.0697220334543619
-1.8600000000000014	0.07100948850204444
-1.8500000000000014	0.07231386731690073
-1.8400000000000014	0.073635229388676
-1.8300000000000014	0.07497363031572296
-1.8200000000000014	0.076329121709778
-1.8100000000000014	0.07770175110079552
-1.8000000000000014	0.0790915618421154
-1.7900000000000014	0.08049859301584998
-1.7800000000000014	0.08192287933858053
-1.7700000000000014	0.08336445106746748
-1.7600000000000013	0.08482333390686936
-1.7500000000000013	0.08629954891538816
-1.7400000000000013	0.08779311241358284
-1.7300000000000013	0.08930403589230626
-1.7200000000000013	0.09083232592175532
-1.7100000000000013	0.09237798406127423
-1.7000000000000013	0.09394100677011058
-1.6900000000000013	0.09552138531900134
-1.6800000000000013	0.09711910570273569
-1.6700000000000013	0.09873414855388388
-1.6600000000000013	0.10036648905748727
-1.6500000000000012	0.10201609686716982
-1.6400000000000012	0.10368293602228638
-1.6300000000000012	0.10536696486658004
-1.6200000000000012	0.10706813596811306
-1.6100000000000012	0.10878639604085813
-1.6000000000000012	0.11052168586768987
-1.5900000000000012	0.11227394022504289
-1.5800000000000012	0.11404308780922948
-1.5700000000000012	0.11582905116473383
-1.5600000000000012	0.11763174661405154
-1.5500000000000012	0.1194510841895867
-1.5400000000000011	0.1212869675677444
-1.5300000000000011	0.12313929400445824
-1.5200000000000011	0.12500795427374684
-1.5100000000000011	0.12689283260773973
-1.500000000000001	0.12879380663893766
-1.490000000000001	0.13071074734586133
-1.480000000000001	0.13264351899954824
-1.470000000000001	0.1345919791138405
-1.460000000000001	0.1365559783975068
-1.450000000000001	0.1385353607093232
-1.440000000000001	0.14052996301570084
-1.430000000000001	0.14253961535082654
-1.420000000000001	0.1445641407799943
-1.410000000000001	0.1466033553664759
-1.400000000000001	0.1486570681390101
-1.390000000000001	0.15072508106537624
-1.380000000000001	0.15280718902606952
-1.370000000000001	0.1549031797946616
-1.360000000000001	0.15701283401686641
-1.350000000000001	0.1591359251968608
-1.340000000000001	0.16127221968460023
-1.330000000000001	0.16342147666744405
-1.320000000000001	0.16558344816488335
-1.310000000000001	0.16775787902676803
-1.300000000000001	0.1699445069351295
-1.290000000000001	0.17214306240951008
-1.280000000000001	0.1743532688158708
-1.270000000000001	0.17657484237925106
-1.260000000000001	0.1788074922000801
-1.2500000000000009	0.18105092027417577
-1.2400000000000009	0.183304821516624
-1.2300000000000009	0.1855688837894464
-1.2200000000000009	0.18784278793305642
-1.2100000000000009	0.1901262078016837
-1.2000000000000008	0.19241881030270144
-1.1900000000000008	0.194720255439767
-1.1800000000000008	0.19703019636020175
-1.1700000000000008	0.199348279406078
-1.1600000000000008	0.20167414416948942
-1.1500000000000008	0.20400742355183868
-1.1400000000000008	0.2063477438271095
-1.1300000000000008	0.20869472470921868
-1.1200000000000008	0.2110479794235146
-1.1100000000000008	0.21340711478227106
-1.1000000000000008	0.21577173126424626
-1.0900000000000007	0.21814142309843662
-1.0800000000000007	0.2205157783518506
-1.0700000000000007	0.22289437902132928
-1.0600000000000007	0.22527680112952725
-1.0500000000000007	0.22766261482492473
-1.0400000000000007	0.23005138448584558
-1.0300000000000007	0.23244266882860073
-1.0200000000000007	0.23483602101963102
-1.0100000000000007	0.2372309887915926
-1.0000000000000007	0.2396271145632562
-0.9900000000000007	0.2420239355645041
-0.9800000000000006	0.2444209839629892
-0.9700000000000006	0.24681778699700865
-0.9600000000000006	0.2492138671103036
-0.9500000000000006	0.25160874209266726
-0.9400000000000006	0.2540019252226765
-0.9300000000000006	0.25639292541465214
-0.9200000000000006	0.25878124736944996
-0.9100000000000006	0.26116639172906686
-0.9000000000000006	0.2635478552343099
-0.8900000000000006	0.2659251308861744
-0.8800000000000006	0.26829770811087544
-0.8700000000000006	0.2706650729279696
-0.8600000000000005	0.27302670812204893
-0.8500000000000005	0.2753820934175442
-0.8400000000000005	0.27773070565674707
-0.8300000000000005	0.28007201898099965
-0.8200000000000005	0.2824055050148297
-0.8100000000000005	0.28473063305286256
-0.8000000000000005	0.2870468702500822
-0.7900000000000005	0.28935368181440896
-0.7800000000000005	0.29165053120210743
-0.7700000000000005	0.29393688031585086
-0.7600000000000005	0.29621218970520546
-0.7500000000000004	0.2984759187696285
-0.7400000000000004	0.3007275259635487
-0.7300000000000004	0.3029664690038871
-0.7200000000000004	0.305192205079478
-0.7100000000000004	0.3074041910626728
-0.7000000000000004	0.3096018837226143
-0.6900000000000004	0.31178473994037603
-0.6800000000000004	0.3139522169258131
-0.6700000000000004	0.3161037724358235
-0.6600000000000004	0.3182388649940785
-0.6500000000000004	0.32035695411210335
-0.6400000000000003	0.3224575005114356
-0.6300000000000003	0.3245399663468895
-0.6200000000000003	0.3266038154307679
-0.6100000000000003	0.32864851345781704
-0.6000000000000003	0.33067352823087276
-0.5900000000000003	0.33267832988708135
-0.5800000000000003	0.33466239112425655
-0.5700000000000003	0.33662518742863284
-0.5600000000000003	0.33856619730059084
-0.5500000000000003	0.3404849024825583
-0.5400000000000003	0.34238078818566886
-0.5300000000000002	0.34425334331644436
-0.5200000000000002	0.3461020607030074
-0.5100000000000002	0.3479264373207841
-0.5000000000000002	0.34972597451753473
-0.49000000000000027	0.3515001782375763
-0.48000000000000026	0.35324855924500664
-0.47000000000000025	0.3549706333459056
-0.46000000000000024	0.3566659216092489
-0.45000000000000023	0.35833395058645595
-0.4400000000000002	0.35997425252946075
-0.4300000000000002	0.36158636560710855
-0.4200000000000002	0.3631698341197417
-0.4100000000000002	0.3647242087119118
-0.4000000000000002	0.3662490465829945
-0.3900000000000002	0.3677439116955953
-0.38000000000000017	0.3692083749816456
-0.37000000000000016	0.37064201454602175
-0.36000000000000015	0.37204441586752784
-0.35000000000000014	0.3734151719971769
-0.34000000000000014	0.3747538837535973
-0.3300000000000001	0.37606015991540226
-0.3200000000000001	0.37733361741047067
-0.3100000000000001	0.3785738815019678
-0.3000000000000001	0.37978058597095227
-0.2900000000000001	0.3809533732954984
-0.2800000000000001	0.3820918948262095
-0.2700000000000001	0.38319581095793875
-0.26000000000000006	0.3842647912976757
-0.25000000000000006	0.3852985148284509
-0.24000000000000007	0.3862966700691367
-0.23000000000000007	0.38725895523003495
-0.22000000000000006	0.38818507836418586
-0.21000000000000005	0.38907475751421927
-0.20000000000000004	0.3899277208546944
-0.19000000000000003	0.39074370682984266
-0.18000000000000002	0.39152246428656334
-0.17	0.392263752602602
-0.16	0.3929673418098619
-0.15	0.39363301271269063
-0.13999999999999999	0.39426055700108464
-0.12999999999999998	0.3948497773587707
-0.11999999999999998	0.395400487565831
-0.10999999999999999	0.39591251259697025
-0.09999999999999999	0.39638568871250873
-0.09	0.3968198635458345
-0.08	0.397214896184358
-0.07	0.3975706572451256
-0.060000000000000005	0.39788702894478406
-0.05	0.39816390516384326
-0.04	0.3984011915052407
-0.03	0.39859880534712144
-0.02	0.3987566758897776
-0.01	0.3988747441967615
0	0.39895296323011575
0.01	0.3989912978796588
0.02	0.3989897249863546
0.03	0.3989482333597292
0.04	0.3988668237892841
0.05	0.39874550904994066
0.060000000000000005	0.39858431390149174
0.07	0.3983832750820452
0.08	0.3981424412954577
0.09	0.39786187319280963
0.09999999999999999	0.3975416433478561
0.10999999999999999	0.3971818362265161
0.11999999999999998	0.3967825481504297
0.12999999999999998	0.3963438872545533
0.13999999999999999	0.3958659734388473
0.15	0.39534893831430296
0.16	0.3947929251421631
0.17	0.3941980887691982
0.18000000000000002	0.39356459555538614
0.19000000000000003	0.39289262329677815
0.20000000000000004	0.3921823611425064
0.21000000000000005	0.3914340095062059
0.22000000000000006	0.3906477799718626
0.23000000000000007	0.3898238951941543
0.24000000000000007	0.38896258879339257
0.25000000000000006	0.3880641052450949
0.26000000000000006	0.38712869976424874
0.2700000000000001	0.3861566381843974
0.2800000000000001	0.3851481968315905
0.2900000000000001	0.3841036623932631
0.3000000000000001	0.3830233317821904
0.3100000000000001	0.38190751199556505
0.3200000000000001	0.3807565199692837
0.3300000000000001	0.37957068242757563
0.34000000000000014	0.37835033572805876
0.35000000000000014	0.3770958257022956
0.36000000000000015	0.37580750749200204
0.37000000000000016	0.37448574538101015
0.38000000000000017	0.37313091262304754
0.3900000000000002	0.37174339126550815
0.4000000000000002	0.37032357196931853
0.4100000000000002	0.3688718538249767
0.4200000000000002	0.36738864416493333
0.4300000000000002	0.3658743583724321
0.4400000000000002	0.3643294196869039
0.45000000000000023	0.3627542590060705
0.46000000000000024	0.3611493146848991
0.47000000000000025	0.35951503233150045
0.48000000000000026	0.35785186460012564
0.49000000000000027	0.3561602709814219
0.5000000000000002	0.35444071759003215
0.5100000000000002	0.3526936769497029
0.5200000000000002	0.35091962777606556
0.5300000000000002	0.3491190547571855
0.5400000000000003	0.3472924483320321
0.5500000000000003	0.3454403044670485
0.5600000000000003	0.3435631244309171
0.5700000000000003	0.3416614145676803
0.5800000000000003	0.33973568606837506
0.5900000000000003	0.33778645474131846
0.6000000000000003	0.33581424078134114
0.6100000000000003	0.33381956853708883
0.6200000000000003	0.3318029662791949
0.6300000000000003	0.32976496596586996
0.6400000000000003	0.32770610300877717
0.6500000000000004	0.3256269160382542
0.6600000000000004	0.3235279466681713
0.6700000000000004	0.32140973926061417
0.6800000000000004	0.3192728406905225
0.6900000000000004	0.31711780011040086
0.7000000000000004	0.31494516871527223
0.7100000000000004	0.31275549950802095
0.7200000000000004	0.3105493470652218
0.7300000000000004	0.30832726730364113
0.7400000000000004	0.30608981724752604
0.7500000000000004	0.3038375547968116
0.7600000000000005	0.3015710384963883
0.7700000000000005	0.2992908273065789
0.7800000000000005	0.29699748037491813
0.7900000000000005	0.29469155680938813
0.8000000000000005	0.2923736154532554
0.8100000000000005	0.29004421466159197
0.8200000000000005	0.2877039120796247
0.8300000000000005	0.2853532644230573
0.8400000000000005	0.2829928272604457
0.8500000000000005	0.28062315479775457
0.8600000000000005	0.2782447996652365
0.8700000000000006	0.2758583127067112
0.8800000000000006	0.27346424277135956
0.8900000000000006	0.2710631365081635
0.9000000000000006	0.26865553816307863
0.9100000000000006	0.26624198937902127
0.9200000000000006	0.26382302899881516
0.9300000000000006	0.26139919287116437
0.9400000000000006	0.2589710136597263
0.9500000000000006	0.25653902065542367
0.9600000000000006	0.2541037395920547
0.9700000000000006	0.2516656924652608
0.9800000000000006	0.24922539735499338
0.9900000000000007	0.24678336825150396
1.0000000000000007	0.24434011488495022
1.0100000000000007	0.24189614255869682
1.0200000000000007	0.2394519519863818
1.0300000000000007	0.23700803913278076
1.0400000000000007	0.2345648950585738
1.0500000000000007	0.2321230057690506
1.0600000000000007	0.22968285206680558
1.0700000000000007	0.22724490940847894
1.0800000000000007	0.22480964776561488
1.0900000000000007	0.22237753148963504
1.1000000000000008	0.21994901918100315
1.1100000000000008	0.21752456356262526
1.1200000000000008	0.21510461135748699
1.1300000000000008	0.2126896031705803
1.1400000000000008	0.21027997337516027
1.1500000000000008	0.20787615000333143
1.1600000000000008	0.20547855464098524
1.1700000000000008	0.2030876023271489
1.1800000000000008	0.2007037014576973
1.1900000000000008	0.19832725369348203
1.2000000000000008	0.19595865387288605
1.2100000000000009	0.19359828992878944
1.2200000000000009	0.19124654280994471
1.2300000000000009	0.18890378640679853
1.2400000000000009	0.18657038748171376
1.2500000000000009	0.18424670560360062
1.260000000000001	0.18193309308694858
1.270000000000001	0.17962989493525322
1.280000000000001	0.17733744878879362
1.290000000000001	0.17505608487677018
1.300000000000001	0.172786125973777
1.310000000000001	0.17052788736055413
1.320000000000001	0.16828167678903486
1.330000000000001	0.16604779445163756
1.340000000000001	0.16382653295474997
1.350000000000001	0.1616181772964053
1.360000000000001	0.1594230048480929
1.370000000000001	0.15724128534066084
1.380000000000001	0.15507328085427047
1.390000000000001	0.15291924581237148
1.400000000000001	0.1507794269796246
1.410000000000001	0.14865406346373244
1.420000000000001	0.14654338672114983
1.430000000000001	0.1444476205665739
1.440000000000001	0.14236698118618987
1.450000000000001	0.1403016771546189
1.460000000000001	0.13825190945548646
1.470000000000001	0.13621787150554712
1.480000000000001	0.13419974918234784
1.490000000000001	0.13219772085529805
1.500000000000001	0.1302119574201298
1.5100000000000011	0.12824262233666603
1.5200000000000011	0.12628987166981792
1.5300000000000011	0.12435385413374622
1.5400000000000011	0.12243471113912827
1.5500000000000012	0.12053257684343407
1.5600000000000012	0.11864757820415028
1.5700000000000012	0.11677983503487938
1.5800000000000012	0.11492946006423359
1.5900000000000012	0.11309655899743783
1.6000000000000012	0.11128123058057905
1.6100000000000012	0.1094835666674198
1.6200000000000012	0.10770365228868133
1.6300000000000012	0.1059415657237357
1.6400000000000012	0.10419737857462809
1.6500000000000012	0.10247115584231738
1.6600000000000013	0.10076295600509234
1.6700000000000013	0.0990728310990647
1.6800000000000013	0.09740082680064577
1.6900000000000013	0.0957469825109519
1.7000000000000013	0.09411133144203464
1.7100000000000013	0.09249390070485997
1.7200000000000013	0.09089471139895303
1.7300000000000013	0.08931377870364565
1.7400000000000013	0.08775111197079642
1.7500000000000013	0.08620671481899266
1.7600000000000013	0.08468058522900644
1.7700000000000014	0.08317271564060004
1.7800000000000014	0.08168309305045439
1.7900000000000014	0.08021169911123896
1.8000000000000014	0.07875851023167359
1.8100000000000014	0.0773234976775494
1.8200000000000014	0.07590662767361886
1.8300000000000014	0.07450786150626941
1.8400000000000014	0.07312715562690145
1.8500000000000014	0.07176446175596521
1.8600000000000014	0.07041972698754108
1.8700000000000014	0.06909289389440582
1.8800000000000014	0.06778390063355706
1.8900000000000015	0.06649268105200407
1.9000000000000015	0.06521916479290046
1.9100000000000015	0.06396327740184854
1.9200000000000015	0.06272494043334692
1.9300000000000015	0.06150407155730104
1.9400000000000015	0.06030058466552942
1.9500000000000015	0.05911438997822218
1.9600000000000015	0.05794539415025102
1.9700000000000015	0.05679350037729562
1.9800000000000015	0.05565860850172963
1.9900000000000015	0.05454061511816783
2.0000000000000013	0.05343941367866573
2.010000000000001	0.052354894597484505
2.020000000000001	0.05128694535536187
2.0300000000000007	0.05023545060325058
2.0400000000000005	0.0492002922654763
2.0500000000000003	0.048181349642229906
2.06	0.04717849951138139
2.07	0.046191616229548545
2.0799999999999996	0.04522057183237374
2.0899999999999994	0.044265236133967815
2.099999999999999	0.043325476825470915
2.109999999999999	0.04240115957270025
2.1199999999999988	0.041492148112822244
2.1299999999999986	0.04059830435003065
2.1399999999999983	0.03971948845018732
2.149999999999998	0.03885555893438055
2.159999999999998	0.0380063727713292
2.1699999999999977	0.037171785468756026
2.1799999999999975	0.03635165116345449
2.1899999999999973	0.03554582271021653
2.199999999999997	0.034754151769510216
2.209999999999997	0.033976488893883106
2.2199999999999966	0.03321268361308463
2.2299999999999964	0.03246258451786829
2.239999999999996	0.03172603934245589
2.249999999999996	0.031002895045637194
2.259999999999996	0.030292997890499714
2.2699999999999956	0.029596193522746228
2.2799999999999954	0.028912327047598045
2.289999999999995	0.02824124310528178
2.299999999999995	0.027582785945058124
2.3099999999999947	0.02693679949771731
2.3199999999999945	0.02630312744679244
2.3299999999999943	0.025681613298081624
2.339999999999994	0.025072100447791734
2.349999999999994	0.024474432249150812
2.3599999999999937	0.023888452077519804
2.3699999999999934	0.023314003393986107
2.3799999999999932	0.022750929807447317
2.389999999999993	0.02219907513516318
2.399999999999993	0.02165828346179946
2.4099999999999926	0.02112839919693718
2.4199999999999924	0.02060926713106818
2.429999999999992	0.020100732490057092
2.439999999999992	0.019602640988102858
2.4499999999999917	0.019114838879165406
2.4599999999999915	0.01863717300689373
2.4699999999999913	0.01816949085304286
2.479999999999991	0.017711640584397878
2.489999999999991	0.017263471098194032
2.4999999999999907	0.016824832066067705
2.5099999999999905	0.016395573976523952
2.5199999999999902	0.015975548175938784
2.52999999999999	0.01556460690811231
2.53999999999999	0.015162603352381359
2.5499999999999896	0.014769391660286194
2.5599999999999894	0.01438482699084331
2.569999999999989	0.014008765544398361
2.579999999999989	0.013641064595092933
2.5899999999999888	0.01328158252196145
2.5999999999999885	0.012930178838665624
2.6099999999999883	0.01258671422188735
2.619999999999988	0.012251050538396235
2.629999999999988	0.011923050870810779
2.6399999999999877	0.011602579542061984
2.6499999999999875	0.011289502138593976
2.6599999999999873	0.010983685532274265
2.669999999999987	0.010684997901219503
2.679999999999987	0.010393308749111404
2.6899999999999866	0.010108488923610397
2.6999999999999864	0.00983041063345275
2.709999999999986	0.009558947464408347
2.719999999999986	0.00929397439409228
2.7299999999999858	0.009035367805805198
2.7399999999999856	0.008783005500977112
2.7499999999999853	0.008536766710850746
2.759999999999985	0.00829653210696491
2.769999999999985	0.00806218381063099
2.7799999999999847	0.007833605401421296
2.7899999999999845	0.007610681924667158
2.7999999999999843	0.007393299897990124
2.809999999999984	0.007181347316911537
2.819999999999984	0.006974713659534054
2.8299999999999836	0.006773289890334694
2.8399999999999834	0.006576968463088161
2.849999999999983	0.006385643322948482
2.859999999999983	0.006199209907685579
2.869999999999983	0.006017565148145714
2.8799999999999826	0.005840607467912673
2.8899999999999824	0.0056682367822159544
2.899999999999982	0.0055003544961067154
2.909999999999982	0.005336863501914497
2.9199999999999817	0.0051776681760161754
2.9299999999999815	0.0050226743749315975
2.9399999999999813	0.00487178943077564
2.949999999999981	0.004724922146079875
2.959999999999981	0.004581982788010175
2.9699999999999807	0.004442883082000953
2.9799999999999804	0.004307536204827511
2.9899999999999802	0.004175856777130663
2.99999999999998	0.004047760855431297
3.00999999999998	0.003923165923630574
3.0199999999999796	0.0038019908840385987
3.0299999999999794	0.0036841560479375537
3.039999999999979	0.003569583125706148
3.049999999999979	0.0034581952165186943
3.0599999999999787	0.003349916797643644
3.0699999999999785	0.0032446737133605356
3.0799999999999783	0.00314239316349994
3.089999999999978	0.003043003691652792
3.099999999999978	0.0029464351730362206
3.1099999999999777	0.002852618802053464
3.1199999999999775	0.002761487079559614
3.1299999999999772	0.0026729737998456723
3.139999999999977	0.0025870140373644565
3.149999999999977	0.0025035441332143006
3.1599999999999766	0.002422501681387989
3.1699999999999764	0.002343825514813064
3.179999999999976	0.0022674556911934977
3.189999999999976	0.0021933334786631113
3.1999999999999758	0.002121401341283381
3.2099999999999755	0.0020516029243775043
3.2199999999999753	0.001983883039724585
3.229999999999975	0.0019181876506335785
3.239999999999975	0.0018544638568958045
3.2499999999999747	0.001792659879651925
3.2599999999999745	0.0017327250461507532
3.2699999999999743	0.0016746097744537293
3.279999999999974	0.001618265558125548
3.289999999999974	0.00156364495056416
3.2999999999999736	0.0015107015499166599
3.3099999999999734	0.001459389983342591
3.319999999999973	0.0014096658915641056
3.329999999999973	0.0013614859133496656
3.3399999999999728	0.0013148076700015743
3.3499999999999726	0.0012695897499112308
3.3599999999999723	0.001225791692820941
3.369999999999972	0.0011833739747526646
3.379999999999972	0.0011422979923303104
3.3899999999999717	0.0011025260474734847
3.3999999999999715	0.0010640213320810708
3.4099999999999713	0.001026747912770963
3.419999999999971	0.0009906707156944466
3.429999999999971	0.0009557555114233501
3.4399999999999706	0.0009219688999217748
3.4499999999999704	0.0008892782955700505
3.45999999999997	0.0008576519124602141
3.46999999999997	0.000827058749445561
3.47999999999997	0.0007974685756425589
3.4899999999999696	0.0007688519158714121
3.4999999999999694	0.0007411800362536451
3.509999999999969	0.0007144249298873959
3.519999999999969	0.0006885593028391096
3.5299999999999687	0.0006635565598999451
3.5399999999999685	0.0006393907908407743
3.5499999999999683	0.0006160367566221225
3.559999999999968	0.0005934698757906277
3.569999999999968	0.0005716662110143294
3.5799999999999677	0.0005506024557504661
3.5899999999999674	0.0005302559211598498
3.5999999999999672	0.0005106045229937853
3.609999999999967	0.0004916267688140488
3.619999999999967	0.00047330174529228077
3.6299999999999666	0.00045560910567863223
3.6399999999999664	0.00043852905742303535
3.649999999999966	0.00042204235005075593
3.659999999999966	0.00040613026302355225
3.6699999999999657	0.0003907745939503663
3.6799999999999655	0.00037595764687677643
3.6899999999999653	0.00036166222076426175
3.699999999999965	0.0003478715981393085
3.709999999999965	0.00033456953391645033
3.7199999999999647	0.0003217402443926128
3.7299999999999645	0.0003093683964161917
3.7399999999999642	0.0002974390967253559
3.749999999999964	0.00028593788146881433
3.759999999999964	0.00027485070588884264
3.7699999999999636	0.00026416393418596186
3.7799999999999634	0.0002538643295537417
3.789999999999963	0.00024393904438684195
3.799999999999963	0.00023437561065948228
3.8099999999999627	0.00022516193048247317
3.8199999999999625	0.00021628626681941885
3.8299999999999623	0.0002077372343851355
3.839999999999962	0.00019950379070825705
3.849999999999962	0.00019157522735880424
3.8599999999999617	0.00018394116135063245
3.8699999999999615	0.0001765915267049422
3.8799999999999613	0.00016951656618634754
3.889999999999961	0.0001627068231717557
3.899999999999961	0.0001561531337441757
3.9099999999999606	0.00014984661889097365
3.9199999999999604	0.00014377867686040323
3.92999999999996	0.00013794097573785087
3.93999999999996	0.00013232544611294428
3.9499999999999598	0.0001269242739108119
3.9599999999999596	0.000121729893432125
3.9699999999999593	0.0001167349804535753
3.979999999999959	0.00011193244557256564
3.989999999999959	0.00010731542762840358
3.9999999999999587	0.00010287728730355947
4.009999999999959	0.00009861160085878532
4.019999999999959	0.0000945121540154547
4.0299999999999585	0.00009057293597164593
4.039999999999958	0.00008678813356316698
4.049999999999958	0.00008315212555609202
4.059999999999958	0.00007965947707542724
4.069999999999958	0.00007630493416553869
4.079999999999957	0.00007308341848088153
4.089999999999957	0.0000699900221048958
4.099999999999957	0.00006702000249514797
4.109999999999957	0.00006416877755077476
4.119999999999957	0.00006143192080721329
4.129999999999956	0.00005880515674148308
4.139999999999956	0.000056284356205269625
4.149999999999956	0.00005386553196865312
4.159999999999956	0.00005154483437580062
4.1699999999999555	0.00004931854711534772
4.179999999999955	0.00004718308310502513
4.189999999999955	0.000045134980468711434
4.199999999999955	0.00004317089863762101
4.209999999999955	0.00004128761454055419
4.2199999999999545	0.0000394820189035128
4.229999999999954	0.00003775111264616478
4.239999999999954	0.0000360920033741638
4.249999999999954	0.00003450190196265361
4.259999999999954	0.0000329781192709525
4.269999999999953	0.00003151806285700748
4.279999999999953	0.00003011923391266478
4.289999999999953	0.000028779224150973627
4.299999999999953	0.000027495712878914174
4.3099999999999525	0.000026266464117119474
4.319999999999952	0.00002508932379029193
4.329999999999952	0.000023962217018323747
4.339999999999952	0.0000228831454819476
4.349999999999952	0.000021850184850703482
4.3599999999999515	0.00002086148230303706
4.369999999999951	0.000019915254111515675
4.379999999999951	0.000019009783298292992
4.389999999999951	0.000018143417364247867
4.399999999999951	0.000017314566083036953
4.40999999999995	0.00001652169936252723
4.41999999999995	0.000015763345170781007
4.42999999999995	0.000015038087526468355
4.43999999999995	0.000014344564546139476
4.4499999999999496	0.000013681466558041992
4.459999999999949	0.000013047534270881763
4.469999999999949	0.000012441557000334672
4.479999999999949	0.000011862370939414606
4.489999999999949	0.000011308857513603855
4.4999999999999485	0.000010779941759541395
4.509999999999948	0.000010274590748872006
4.519999999999948	9.791812107430818e-6
4.529999999999948	9.330652529252827e-6
4.539999999999948	8.890196370875674e-6
4.549999999999947	8.469564278385295e-6
4.559999999999947	8.06791186644184e-6
4.569999999999947	7.684428431522492e-6
4.579999999999947	7.318335717924516e-6
4.589999999999947	6.9688867161751545e-6
4.599999999999946	6.635364506102389e-6
4.609999999999946	6.317081136457214e-6
4.619999999999946	6.013376544718447e-6
4.629999999999946	5.72361750771302e-6
4.6399999999999455	5.44719663286966e-6
4.649999999999945	5.183531385488478e-6
4.659999999999945	4.932063142630453e-6
4.669999999999945	4.6922562850650645e-6
4.679999999999945	4.463597316082162e-6
4.689999999999944	4.245594014927696e-6
4.699999999999944	4.037774621342631e-6
4.709999999999944	3.839687044423159e-6
4.719999999999944	3.6508980856520546e-6
4.729999999999944	3.470992730171696e-6
4.739999999999943	3.299573423536976e-6
4.749999999999943	3.1362593749297637e-6
4.759999999999943	2.9806859243709838e-6
4.769999999999943	2.8325038887389402e-6
4.7799999999999425	2.691378970879682e-6
4.789999999999942	2.55699109950055e-6
4.799999999999942	2.429033964698755e-6
4.809999999999942	2.3072144169801127e-6
4.819999999999942	2.1912518865670617e-6
4.8299999999999415	2.0808779873268414e-6
4.839999999999941	1.9758359271275744e-6
4.849999999999941	1.875880105268393e-6
4.859999999999941	1.7807755994250482e-6
4.869999999999941	1.6902977787420571e-6
4.87999999999994	1.6042318500227693e-6
4.88999999999994	1.5223724889440504e-6
4.89999999999994	1.4445234075185163e-6
4.90999999999994	1.3704969871358266e-6
4.9199999999999395	1.3001139501237096e-6
4.929999999999939	1.2332029904983372e-6
4.939999999999939	1.169600437686411e-6
4.949999999999939	1.1091499478583274e-6
4.959999999999939	1.0517021887708035e-6
4.9699999999999385	9.971145411492765e-7
4.979999999999938	9.452508266528872e-7
4.989999999999938	8.95981015504735e-7
4.999999999999938	8.491809890484297e-7
5.009999999999938	8.047322725501626e-7
5.019999999999937	7.625217882071598e-7
5.029999999999937	7.224416333952674e-7
5.039999999999937	6.843888541654253e-7
5.049999999999937	6.482652312883692e-7
5.0599999999999365	6.139770744628118e-7
5.069999999999936	5.814350257596703e-7
5.079999999999936	5.505538701222513e-7
5.089999999999936	5.2125235384034e-7
5.099999999999936	4.934530108909892e-7
5.1099999999999355	4.6708199573088123e-7
5.119999999999935	4.4206889337346487e-7
5.129999999999935	4.1834668335532457e-7
5.139999999999935	3.958514215886954e-7
5.149999999999935	3.7452221301070774e-7
5.159999999999934	3.543010407784913e-7
5.169999999999934	3.3513264626806637e-7
5.179999999999934	3.1696440135297946e-7
5.189999999999934	2.997461940236664e-7
5.199999999999934	2.8343030375362933e-7
5.209999999999933	2.679712993900943e-7
5.219999999999933	2.533259428228006e-7
5.229999999999933	2.3945306909769663e-7
5.239999999999933	2.2631352120238138e-7
5.2499999999999325	2.1387003000862258e-7
5.259999999999932	2.0208714621931576e-7
5.269999999999932	1.9093113992644317e-7
5.279999999999932	1.8036992819823668e-7
5.289999999999932	1.7037300742861427e-7
5.299999999999931	1.6091132849537e-7
5.309999999999931	1.5195745885533494e-7
5.319999999999931	1.4348497961322543e-7
5.329999999999931	1.3546904454733345e-7
5.339999999999931	1.2788598045979147e-7
5.34999999999993	1.2071325847958403e-7
5.35999999999993	1.1392944971341537e-7
5.36999999999993	1.0751433304338983e-7
5.37999999999993	1.0144858247821068e-7
5.3899999999999295	9.571381503757234e-8