-1.1333 -0.370766 0.000173178 0.000227107
-0.370766 -0.275449 0.000976973 0.0102497
-0.275449 -0.251619 0.000760967 0.0319341
-0.251619 -0.239705 0.000570155 0.0478533
-0.239705 -0.22779 0.000756634 0.0635045
-0.22779 -0.221833 0.000466742 0.0783476
-0.221833 -0.215875 0.000538987 0.0904747
-0.215875 -0.209918 0.000622346 0.104467
-0.209918 -0.203961 0.000719576 0.120788
-0.203961 -0.198003 0.000832492 0.139743
-0.198003 -0.192046 0.000966227 0.162191
-0.192046 -0.189067 0.000538909 0.180923
-0.189067 -0.186089 0.00058209 0.19542
-0.186089 -0.18311 0.000627694 0.21073
-0.18311 -0.180131 0.000675955 0.226932
-0.180131 -0.177153 0.000728449 0.244556
-0.177153 -0.174174 0.000784674 0.263432
-0.174174 -0.171195 0.000845993 0.284018
-0.171195 -0.168217 0.000913091 0.306544
-0.168217 -0.165238 0.000984513 0.330522
-0.165238 -0.163749 0.000520305 0.349355
-0.163749 -0.162259 0.000540416 0.362858
-0.162259 -0.16077 0.000561411 0.376955
-0.16077 -0.159281 0.00058235 0.391014
-0.159281 -0.157791 0.000604796 0.406085
-0.157791 -0.156302 0.000627508 0.421335
-0.156302 -0.154813 0.000651237 0.437268
-0.154813 -0.153323 0.000675993 0.453891
-0.153323 -0.151834 0.000701836 0.471242
-0.151834 -0.150345 0.000728401 0.489079
-0.150345 -0.148855 0.000755778 0.507461
-0.148855 -0.147366 0.000784086 0.526469
-0.147366 -0.145877 0.000814405 0.546826
-0.145877 -0.144387 0.000844437 0.566991
-0.144387 -0.142898 0.000877152 0.588957
-0.142898 -0.141409 0.000909885 0.610935
-0.141409 -0.13992 0.000944511 0.634185
-0.13992 -0.13843 0.000979444 0.65764
-0.13843 -0.137686 0.000503959 0.676758
-0.137686 -0.136941 0.00051355 0.689639
-0.136941 -0.136196 0.000522482 0.701633
-0.136196 -0.135452 0.000532224 0.714715
-0.135452 -0.134707 0.000541568 0.727263
-0.134707 -0.133962 0.00055142 0.740493
-0.133962 -0.133218 0.000561537 0.75408
-0.133218 -0.132473 0.000572679 0.769042
-0.132473 -0.131728 0.000583562 0.783656
-0.131728 -0.130984 0.0005939 0.797539
-0.130984 -0.130239 0.000605276 0.812815
-0.130239 -0.129494 0.000616078 0.827322
-0.129494 -0.12875 0.000627163 0.842208
-0.12875 -0.128005 0.00063868 0.857674
-0.128005 -0.12726 0.000650361 0.87336
-0.12726 -0.126516 0.000662521 0.889689
-0.126516 -0.125771 0.000673696 0.904696
-0.125771 -0.125026 0.000687473 0.923197
-0.125026 -0.124282 0.000699256 0.93902
-0.124282 -0.123537 0.000712544 0.956865
-0.123537 -0.122792 0.000725032 0.973634
-0.122792 -0.122048 0.000738221 0.991345
-0.122048 -0.121303 0.000751208 1.00878
-0.121303 -0.120558 0.00076516 1.02752
-0.120558 -0.119814 0.000778455 1.04537
-0.119814 -0.119069 0.000793381 1.06542
-0.119069 -0.118324 0.000807562 1.08446
-0.118324 -0.11758 0.000821526 1.10321
-0.11758 -0.116835 0.000836442 1.12324
-0.116835 -0.11609 0.000851271 1.14316
-0.11609 -0.115346 0.000866619 1.16377
-0.115346 -0.114601 0.000882278 1.1848
-0.114601 -0.113856 0.000896389 1.20375
-0.113856 -0.113112 0.000914001 1.2274
-0.113112 -0.112367 0.000929684 1.24846
-0.112367 -0.111622 0.000945879 1.27021
-0.111622 -0.110878 0.000963154 1.29341
-0.110878 -0.110133 0.000979478 1.31533
-0.110133 -0.109388 0.000998481 1.34085
-0.109388 -0.109016 0.000504614 1.35528
-0.109016 -0.108644 0.000509996 1.36973
-0.108644 -0.108271 0.000513569 1.37933
-0.108271 -0.107899 0.000518779 1.39332
-0.107899 -0.107527 0.000522949 1.40452
-0.107527 -0.107154 0.000527173 1.41587
-0.107154 -0.106782 0.000532302 1.42964
-0.106782 -0.10641 0.000536791 1.4417
-0.10641 -0.106037 0.000541717 1.45493
-0.106037 -0.105665 0.000545809 1.46592
-0.105665 -0.105293 0.00054996 1.47707
-0.105293 -0.10492 0.000554825 1.49013
-0.10492 -0.104548 0.000560191 1.50454
-0.104548 -0.104176 0.000564865 1.5171
-0.104176 -0.103803 0.000569822 1.53041
-0.103803 -0.103431 0.000574931 1.54413
-0.103431 -0.103059 0.000579968 1.55766
-0.103059 -0.102686 0.000584788 1.57061
-0.102686 -0.102314 0.000589258 1.58261
-0.102314 -0.101942 0.000594322 1.59621
-0.101942 -0.101569 0.000599411 1.60988
-0.101569 -0.101197 0.000604195 1.62273
-0.101197 -0.100825 0.000609394 1.63669
-0.100825 -0.100452 0.000614803 1.65122
-0.100452 -0.10008 0.000619777 1.66458
-0.10008 -0.0997076 0.000625375 1.67961
-0.0997076 -0.0993352 0.000630051 1.69217
-0.0993352 -0.0989629 0.000635474 1.70674
-0.0989629 -0.0985906 0.000641239 1.72222
-0.0985906 -0.0982182 0.000646707 1.73691
-0.0982182 -0.0978459 0.000651947 1.75098
-0.0978459 -0.0974736 0.000657084 1.76478
-0.0974736 -0.0971012 0.000662921 1.78045
-0.0971012 -0.0967289 0.000668024 1.79416
-0.0967289 -0.0963566 0.000673526 1.80894
-0.0963566 -0.0959842 0.000678717 1.82288
-0.0959842 -0.0956119 0.000684463 1.83831
-0.0956119 -0.0952396 0.000689981 1.85313
-0.0952396 -0.0948672 0.000695712 1.86852
-0.0948672 -0.0944949 0.000701333 1.88362
-0.0944949 -0.0941226 0.000706747 1.89816
-0.0941226 -0.0937502 0.000712224 1.91287
-0.0937502 -0.0933779 0.000718523 1.92979
-0.0933779 -0.0930056 0.000723805 1.94397
-0.0930056 -0.0926332 0.000730517 1.962
-0.0926332 -0.0922609 0.000735668 1.97583
-0.0922609 -0.0918886 0.000742553 1.99433
-0.0918886 -0.0915162 0.000748296 2.00975
-0.0915162 -0.0911439 0.000754186 2.02557
-0.0911439 -0.0907716 0.000759803 2.04065
-0.0907716 -0.0903992 0.000766308 2.05813
-0.0903992 -0.0900269 0.000771859 2.07303
-0.0900269 -0.0896546 0.000779061 2.09238
-0.0896546 -0.0892822 0.000783824 2.10517
-0.0892822 -0.0889099 0.000790429 2.12291
-0.0889099 -0.0885376 0.000797172 2.14102
-0.0885376 -0.0881652 0.000803702 2.15856
-0.0881652 -0.0877929 0.000810309 2.1763
-0.0877929 -0.0874206 0.000815871 2.19124
-0.0874206 -0.0870482 0.000822718 2.20963
-0.0870482 -0.0866759 0.000829275 2.22724
-0.0866759 -0.0863036 0.000836214 2.24588
-0.0863036 -0.0859312 0.000841535 2.26017
-0.0859312 -0.0855589 0.000848149 2.27793
-0.0855589 -0.0851866 0.00085497 2.29625
-0.0851866 -0.0848142 0.000860618 2.31142
-0.0848142 -0.0844419 0.000867604 2.33018
-0.0844419 -0.0840696 0.000874196 2.34789
-0.0840696 -0.0836972 0.000881291 2.36694
-0.0836972 -0.0833249 0.000887079 2.38249
-0.0833249 -0.0829526 0.000894254 2.40176
-0.0829526 -0.0825802 0.000901763 2.42193
-0.0825802 -0.0822079 0.00090783 2.43822
-0.0822079 -0.0818356 0.000914636 2.4565
-0.0818356 -0.0814632 0.000921334 2.47449
-0.0814632 -0.0810909 0.000928918 2.49486
-0.0810909 -0.0807186 0.000935778 2.51328
-0.0807186 -0.0803462 0.000941778 2.5294
-0.0803462 -0.0799739 0.000949513 2.55017
-0.0799739 -0.0796016 0.000956792 2.56972
-0.0796016 -0.0792293 0.000962279 2.58446
-0.0792293 -0.0788569 0.000970382 2.60622
-0.0788569 -0.0784846 0.00097805 2.62682
-0.0784846 -0.0781123 0.000985359 2.64645
-0.0781123 -0.0777399 0.00099196 2.66417
-0.0777399 -0.0773676 0.000999744 2.68508
-0.0773676 -0.0769953 0.00100717 2.70502
-0.0769953 -0.0766229 0.00101408 2.72358
-0.0766229 -0.0762506 0.00102117 2.74263
-0.0762506 -0.0758783 0.00102827 2.76169
-0.0758783 -0.0755059 0.00103652 2.78385
-0.0755059 -0.0751336 0.00104364 2.80298
-0.0751336 -0.0747613 0.00105043 2.8212
-0.0747613 -0.0743889 0.00105837 2.84254
-0.0743889 -0.0740166 0.00106643 2.8642
-0.0740166 -0.0736443 0.00107326 2.88254
-0.0736443 -0.0732719 0.00108145 2.90452
-0.0732719 -0.0728996 0.00108893 2.92462
-0.0728996 -0.0725273 0.00109575 2.94292
-0.0725273 -0.0721549 0.00110355 2.96388
-0.0721549 -0.0717826 0.00111137 2.98488
-0.0717826 -0.0714103 0.00111882 3.00488
-0.0714103 -0.0710379 0.0011268 3.02633
-0.0710379 -0.0706656 0.00113476 3.04772
-0.0706656 -0.0702933 0.00114238 3.06817
-0.0702933 -0.0699209 0.00114994 3.08848
-0.0699209 -0.0695486 0.00115776 3.10948
-0.0695486 -0.0691763 0.00116567 3.13073
-0.0691763 -0.0688039 0.00117408 3.15331
-0.0688039 -0.0684316 0.00118188 3.17427
-0.0684316 -0.0680593 0.00118972 3.1953
-0.0680593 -0.0676869 0.00119691 3.21462
-0.0676869 -0.0673146 0.00120517 3.23681
-0.0673146 -0.0669423 0.00121448 3.26182
-0.0669423 -0.0665699 0.00122137 3.28032
-0.0665699 -0.0661976 0.00122945 3.30203
-0.0661976 -0.0658253 0.00123744 3.32348
-0.0658253 -0.0654529 0.00124655 3.34794
-0.0654529 -0.0650806 0.00125326 3.36596
-0.0650806 -0.0647083 0.00126157 3.38829
-0.0647083 -0.0643359 0.00127004 3.41103
-0.0643359 -0.0639636 0.0012783 3.43321
-0.0639636 -0.0635913 0.0012873 3.4574
-0.0635913 -0.0632189 0.00129446 3.47662
-0.0632189 -0.0628466 0.00130303 3.49965
-0.0628466 -0.0624743 0.00131114 3.52142
-0.0624743 -0.0621019 0.00131878 3.54194
-0.0621019 -0.0617296 0.0013271 3.56429
-0.0617296 -0.0613573 0.00133481 3.58499
-0.0613573 -0.0609849 0.00134369 3.60884
-0.0609849 -0.0606126 0.00135246 3.6324
-0.0606126 -0.0602403 0.00135985 3.65224
-0.0602403 -0.0598679 0.00136812 3.67445
-0.0598679 -0.0594956 0.00137805 3.70112
-0.0594956 -0.0591233 0.00138446 3.71833
-0.0591233 -0.0587509 0.00139351 3.74264
-0.0587509 -0.0583786 0.001402 3.76544
-0.0583786 -0.0580063 0.00141007 3.78711
-0.0580063 -0.0576339 0.001419 3.81111
-0.0576339 -0.0572616 0.00142816 3.8357
-0.0572616 -0.0568893 0.00143549 3.85538
-0.0568893 -0.0565169 0.00144358 3.87713
-0.0565169 -0.0561446 0.0014533 3.90322
-0.0561446 -0.0557723 0.0014614 3.92499
-0.0557723 -0.0554 0.00146853 3.94414
-0.0554 -0.0550276 0.00147864 3.97129
-0.0550276 -0.0546553 0.00148613 3.99141
-0.0546553 -0.054283 0.00149478 4.01464
-0.054283 -0.0539106 0.00150295 4.03657
-0.0539106 -0.0535383 0.00151147 4.05946
-0.0535383 -0.053166 0.00152102 4.08511
-0.053166 -0.0527936 0.00152891 4.1063
-0.0527936 -0.0524213 0.00153666 4.12713
-0.0524213 -0.052049 0.00154603 4.15227
-0.052049 -0.0516766 0.00155352 4.17238
-0.0516766 -0.0513043 0.00156232 4.19604
-0.0513043 -0.050932 0.00157154 4.22078
-0.050932 -0.0505596 0.00157989 4.24322
-0.0505596 -0.0501873 0.0015883 4.26582
-0.0501873 -0.049815 0.00159653 4.2879
-0.049815 -0.0494426 0.00160588 4.31303
-0.0494426 -0.0490703 0.00161384 4.3344
-0.0490703 -0.048698 0.00162126 4.35433
-0.048698 -0.0483256 0.00163047 4.37906
-0.0483256 -0.0479533 0.00164021 4.40521
-0.0479533 -0.047581 0.00164816 4.42658
-0.047581 -0.0472086 0.00165704 4.45043
-0.0472086 -0.0468363 0.00166448 4.47041
-0.0468363 -0.046464 0.00167405 4.4961
-0.046464 -0.0460916 0.00168158 4.51633
-0.0460916 -0.0457193 0.00168898 4.53621
-0.0457193 -0.045347 0.00169911 4.56342
-0.045347 -0.0449746 0.00170627 4.58264
-0.0449746 -0.0446023 0.00171471 4.60532
-0.0446023 -0.04423 0.00172303 4.62766
-0.04423 -0.0438576 0.00173191 4.6515
-0.0438576 -0.0434853 0.00173977 4.67262
-0.0434853 -0.043113 0.00174781 4.6942
-0.043113 -0.0427406 0.001757 4.7189
-0.0427406 -0.0423683 0.00176495 4.74024
-0.0423683 -0.041996 0.00177364 4.76358
-0.041996 -0.0416236 0.00178278 4.78814
-0.0416236 -0.0412513 0.00179088 4.80988
-0.0412513 -0.040879 0.00179918 4.83218
-0.040879 -0.0405066 0.0018062 4.85102
-0.0405066 -0.0401343 0.00181503 4.87476
-0.0401343 -0.039762 0.00182424 4.89949
-0.039762 -0.0393896 0.00183215 4.92074
-0.0393896 -0.0390173 0.00183989 4.94152
-0.0390173 -0.038645 0.00184745 4.96182
-0.038645 -0.0382726 0.00185635 4.98574
-0.0382726 -0.0379003 0.0018642 5.0068
-0.0379003 -0.037528 0.00187294 5.03027
-0.037528 -0.0371556 0.00188002 5.04931
-0.0371556 -0.0367833 0.00188949 5.07474
-0.0367833 -0.036411 0.00189731 5.09572
-0.036411 -0.0360386 0.00190425 5.11437
-0.0360386 -0.0356663 0.00191345 5.13907
-0.0356663 -0.035294 0.00192119 5.15986
-0.035294 -0.0349216 0.00192815 5.17858
-0.0349216 -0.0345493 0.00193675 5.20168
-0.0345493 -0.034177 0.00194427 5.22187
-0.034177 -0.0338046 0.00195155 5.24142
-0.0338046 -0.0334323 0.00196009 5.26434
-0.0334323 -0.03306 0.00196809 5.28583
-0.03306 -0.0326876 0.00197533 5.30528
-0.0326876 -0.0323153 0.0019834 5.32695
-0.0323153 -0.031943 0.00198958 5.34355
-0.031943 -0.0315707 0.00199699 5.36346
-0.0315707 -0.0311983 0.00200596 5.38753
-0.0311983 -0.030826 0.00201157 5.4026
-0.030826 -0.0304537 0.00202049 5.42657
-0.0304537 -0.0300813 0.00202759 5.44563
-0.0300813 -0.029709 0.00203571 5.46746
-0.029709 -0.0293367 0.00204243 5.48549
-0.0293367 -0.0289643 0.00204956 5.50464
-0.0289643 -0.028592 0.00205621 5.5225
-0.028592 -0.0282197 0.00206373 5.54271
-0.0282197 -0.0278473 0.0020703 5.56034
-0.0278473 -0.027475 0.00207851 5.5824
-0.027475 -0.0271027 0.00208494 5.59967
-0.0271027 -0.0267303 0.00209113 5.61629
-0.0267303 -0.026358 0.00209875 5.63675
-0.026358 -0.0259857 0.00210631 5.65706
-0.0259857 -0.0256133 0.00211257 5.67387
-0.0256133 -0.025241 0.0021199 5.69356
-0.025241 -0.0248687 0.00212654 5.7114
-0.0248687 -0.0244963 0.00213258 5.72761
-0.0244963 -0.024124 0.00213936 5.74583
-0.024124 -0.0237517 0.00214544 5.76216
-0.0237517 -0.0233793 0.00215168 5.77892
-0.0233793 -0.023007 0.00215836 5.79685
-0.023007 -0.0226347 0.0021656 5.81631
-0.0226347 -0.0222623 0.00216994 5.82796
-0.0222623 -0.02189 0.00217691 5.84667
-0.02189 -0.0215177 0.00218272 5.86227
-0.0215177 -0.0211453 0.00218947 5.8804
-0.0211453 -0.020773 0.00219553 5.89669
-0.020773 -0.0204007 0.00220192 5.91386
-0.0204007 -0.0200283 0.00220686 5.92712
-0.0200283 -0.019656 0.00221241 5.94203
-0.019656 -0.0192837 0.00221942 5.96085
-0.0192837 -0.0189113 0.00222446 5.97438
-0.0189113 -0.018539 0.00222981 5.98875
-0.018539 -0.0181667 0.00223582 6.00489
-0.0181667 -0.0177943 0.00224127 6.01953
-0.0177943 -0.017422 0.00224733 6.03582
-0.017422 -0.0170497 0.00225282 6.05056
-0.0170497 -0.0166773 0.00225714 6.06216
-0.0166773 -0.016305 0.00226345 6.07911
-0.016305 -0.0159327 0.00226852 6.09273
-0.0159327 -0.0155603 0.00227275 6.10407
-0.0155603 -0.015188 0.00227751 6.11686
-0.015188 -0.0148157 0.00228228 6.12967
-0.0148157 -0.0144433 0.00228667 6.14146
-0.0144433 -0.014071 0.00229177 6.15518
-0.014071 -0.0136987 0.00229815 6.17229
-0.0136987 -0.0133263 0.00230157 6.18149
-0.0133263 -0.012954 0.00230525 6.19138
-0.012954 -0.0125817 0.0023085 6.2001
-0.0125817 -0.0122093 0.00231458 6.21643
-0.0122093 -0.011837 0.00231802 6.22567
-0.011837 -0.0114647 0.00232251 6.23771
-0.0114647 -0.0110923 0.00232698 6.24974
-0.0110923 -0.01072 0.00233043 6.259
-0.01072 -0.0103477 0.00233439 6.26964
-0.0103477 -0.00997535 0.00233805 6.27945
-0.00997535 -0.00960301 0.00234061 6.28633
-0.00960301 -0.00923068 0.00234626 6.3015
-0.00923068 -0.00885835 0.00234996 6.31146
-0.00885835 -0.00848602 0.00235263 6.31863
-0.00848602 -0.00811368 0.00235619 6.32817
-0.00811368 -0.00774135 0.00236075 6.34043
-0.00774135 -0.00736902 0.00236425 6.34982
-0.00736902 -0.00699668 0.00236674 6.35652
-0.00699668 -0.00662435 0.00236848 6.36119
-0.00662435 -0.00625202 0.00237257 6.37218
-0.00625202 -0.00587969 0.00237494 6.37855
-0.00587969 -0.00550735 0.00237849 6.38809
-0.00550735 -0.00513502 0.00238159 6.39641
-0.00513502 -0.00476269 0.00238552 6.40694
-0.00476269 -0.00439036 0.0023854 6.40662
-0.00439036 -0.00401802 0.00239031 6.41983
-0.00401802 -0.00364569 0.00239227 6.42508
-0.00364569 -0.00327336 0.00239396 6.42961
-0.00327336 -0.00290102 0.00239757 6.43931
-0.00290102 -0.00252869 0.00239784 6.44003
-0.00252869 -0.00215636 0.00240127 6.44925
-0.00215636 -0.00178403 0.00240237 6.45221
-0.00178403 -0.00141169 0.00240334 6.45481
-0.00141169 -0.00103936 0.00240709 6.46489
-0.00103936 -0.000667027 0.00240744 6.46582
-0.000667027 -0.000294694 0.00240894 6.46986
-0.000294694 7.76388e-05 0.00241233 6.47896
7.76388e-05 0.000449972 0.00241292 6.48054
0.000449972 0.000822304 0.00241459 6.48502
0.000822304 0.00119464 0.00241524 6.48678
0.00119464 0.00156697 0.00241709 6.49176
0.00156697 0.0019393 0.00241809 6.49444
0.0019393 0.00231164 0.00242011 6.49987
0.00231164 0.00268397 0.00241946 6.4981
0.00268397 0.0030563 0.00242121 6.50282
0.0030563 0.00342863 0.00242106 6.5024
0.00342863 0.00380097 0.0024217 6.50412
0.00380097 0.0041733 0.00242336 6.50858
0.0041733 0.00454563 0.00242212 6.50525
0.00454563 0.00491797 0.00242238 6.50596
0.00491797 0.0052903 0.00242377 6.50968
0.0052903 0.00566263 0.00242275 6.50694
0.00566263 0.00603496 0.00242333 6.50849
0.00603496 0.0064073 0.00242167 6.50406
0.0064073 0.00677963 0.00242321 6.50817
0.00677963 0.00715196 0.00242355 6.50911
0.00715196 0.0075243 0.00242231 6.50578
0.0075243 0.00789663 0.00242266 6.50669
0.00789663 0.00826896 0.00242066 6.50133
0.00826896 0.00864129 0.00242129 6.50302
0.00864129 0.00901363 0.00241864 6.49592
0.00901363 0.00938596 0.00241763 6.4932
0.00938596 0.00975829 0.00241915 6.49729
0.00975829 0.0101306 0.00241676 6.49085
0.0101306 0.010503 0.00241569 6.48799
0.010503 0.0108753 0.0024148 6.48561
0.0108753 0.0112476 0.00241331 6.48159
0.0112476 0.01162 0.00241016 6.47314
0.01162 0.0119923 0.00241018 6.4732
0.0119923 0.0123646 0.00240956 6.47152
0.0123646 0.012737 0.00240713 6.46499
0.012737 0.0131093 0.00240403 6.45667
0.0131093 0.0134816 0.002403 6.4539
0.0134816 0.013854 0.00239979 6.44528
0.013854 0.0142263 0.00239607 6.4353
0.0142263 0.0145986 0.0023954 6.43349
0.0145986 0.014971 0.0023917 6.42356
0.014971 0.0153433 0.00239181 6.42386
0.0153433 0.0157156 0.00238831 6.41445
0.0157156 0.0160879 0.00238371 6.40209
0.0160879 0.0164603 0.00238204 6.39762
0.0164603 0.0168326 0.00238013 6.39247
0.0168326 0.0172049 0.00237597 6.3813
0.0172049 0.0175773 0.00237271 6.37256
0.0175773 0.0179496 0.00236986 6.3649
0.0179496 0.0183219 0.00236649 6.35584
0.0183219 0.0186943 0.00236373 6.34843
0.0186943 0.0190666 0.00236023 6.33904
0.0190666 0.0194389 0.00235582 6.3272
0.0194389 0.0198113 0.00235201 6.31695
0.0198113 0.0201836 0.00234967 6.31066
0.0201836 0.0205559 0.00234392 6.29522
0.0205559 0.0209283 0.00234162 6.28906
0.0209283 0.0213006 0.00233797 6.27925
0.0213006 0.0216729 0.00233342 6.26704
0.0216729 0.0220453 0.00232988 6.25751
0.0220453 0.0224176 0.0023254 6.24549
0.0224176 0.0227899 0.00232015 6.23138
0.0227899 0.0231623 0.00231575 6.21958
0.0231623 0.0235346 0.00231192 6.20928
0.0235346 0.0239069 0.00230801 6.19879
0.0239069 0.0242793 0.00230273 6.18459
0.0242793 0.0246516 0.00229725 6.1699
0.0246516 0.0250239 0.00229247 6.15705
0.0250239 0.0253963 0.00228775 6.14438
0.0253963 0.0257686 0.00228172 6.12817
0.0257686 0.0261409 0.00227761 6.11714
0.0261409 0.0265133 0.00227172 6.10132
0.0265133 0.0268856 0.00226766 6.09042
0.0268856 0.0272579 0.00226211 6.0755
0.0272579 0.0276303 0.00225535 6.05735
0.0276303 0.0280026 0.00225147 6.04693
0.0280026 0.0283749 0.00224523 6.03016
0.0283749 0.0287473 0.002239 6.01343
0.0287473 0.0291196 0.00223512 6.00302
0.0291196 0.0294919 0.00222827 5.98463
0.0294919 0.0298643 0.00222227 5.96851
0.0298643 0.0302366 0.00221584 5.95123
0.0302366 0.0306089 0.00220985 5.93516
0.0306089 0.0309813 0.00220418 5.91992
0.0309813 0.0313536 0.00219708 5.90086
0.0313536 0.0317259 0.00219017 5.88229
0.0317259 0.0320983 0.00218505 5.86854
0.0320983 0.0324706 0.00217826 5.85031
0.0324706 0.0328429 0.00217071 5.83002
0.0328429 0.0332153 0.00216441 5.81311
0.0332153 0.0335876 0.00215749 5.79453
0.0335876 0.0339599 0.00215099 5.77707
0.0339599 0.0343323 0.00214496 5.76086
0.0343323 0.0347046 0.00213694 5.73933
0.0347046 0.0350769 0.00212987 5.72033
0.0350769 0.0354493 0.002123 5.70188
0.0354493 0.0358216 0.00211574 5.68238
0.0358216 0.0361939 0.00210886 5.66392
0.0361939 0.0365663 0.00209972 5.63936
0.0365663 0.0369386 0.00209454 5.62544
0.0369386 0.0373109 0.00208646 5.60375
0.0373109 0.0376833 0.00207993 5.5862
0.0376833 0.0380556 0.0020716 5.56384
0.0380556 0.0384279 0.00206452 5.54482
0.0384279 0.0388003 0.00205579 5.52139
0.0388003 0.0391726 0.00204949 5.50446
0.0391726 0.0395449 0.00204113 5.48201
0.0395449 0.0399173 0.0020337 5.46204
0.0399173 0.0402896 0.00202491 5.43845
0.0402896 0.0406619 0.00201705 5.41734
0.0406619 0.0410342 0.00200962 5.39739
0.0410342 0.0414066 0.00200039 5.37258
0.0414066 0.0417789 0.00199224 5.35069
0.0417789 0.0421512 0.00198428 5.32933
0.0421512 0.0425236 0.00197713 5.3101
0.0425236 0.0428959 0.0019682 5.28613
0.0428959 0.0432682 0.00196002 5.26416
0.0432682 0.0436406 0.00195151 5.24131
0.0436406 0.0440129 0.00194252 5.21717
0.0440129 0.0443852 0.0019338 5.19375
0.0443852 0.0447576 0.00192585 5.17239
0.0447576 0.0451299 0.00191716 5.14904
0.0451299 0.0455022 0.00190843 5.1256
0.0455022 0.0458746 0.00190002 5.10302
0.0458746 0.0462469 0.00189085 5.07837
0.0462469 0.0466192 0.0018813 5.05274
0.0466192 0.0469916 0.00187303 5.03052
0.0469916 0.0473639 0.00186509 5.0092
0.0473639 0.0477362 0.00185692 4.98727
0.0477362 0.0481086 0.00184739 4.96166
0.0481086 0.0484809 0.00183744 4.93493
0.0484809 0.0488532 0.00182906 4.91244
0.0488532 0.0492256 0.00181892 4.8852
0.0492256 0.0495979 0.0018108 4.86339
0.0495979 0.0499702 0.00180094 4.83692
0.0499702 0.0503426 0.00179224 4.81354
0.0503426 0.0507149 0.0017828 4.78818
0.0507149 0.0510872 0.00177516 4.76768
0.0510872 0.0514596 0.001765 4.74038
0.0514596 0.0518319 0.00175478 4.71292
0.0518319 0.0522042 0.00174654 4.69081
0.0522042 0.0525766 0.00173787 4.66751
0.0525766 0.0529489 0.00172863 4.64269
0.0529489 0.0533212 0.00171973 4.61881
0.0533212 0.0536936 0.0017097 4.59187
0.0536936 0.0540659 0.00170078 4.56789
0.0540659 0.0544382 0.00169113 4.54199
0.0544382 0.0548106 0.00168234 4.51837
0.0548106 0.0551829 0.001673 4.4933
0.0551829 0.0555552 0.00166301 4.46647
0.0555552 0.0559276 0.00165392 4.44205
0.0559276 0.0562999 0.00164392 4.4152
0.0562999 0.0566722 0.00163344 4.38705
0.0566722 0.0570446 0.00162586 4.36669
0.0570446 0.0574169 0.00161645 4.3414
0.0574169 0.0577892 0.00160625 4.31401
0.0577892 0.0581616 0.00159722 4.28976
0.0581616 0.0585339 0.00158741 4.26343
0.0585339 0.0589062 0.0015775 4.23681
0.0589062 0.0592786 0.00156815 4.21168
0.0592786 0.0596509 0.0015583 4.18523
0.0596509 0.0600232 0.00154964 4.16198
0.0600232 0.0603956 0.00153926 4.13409
0.0603956 0.0607679 0.0015296 4.10814
0.0607679 0.0611402 0.00152011 4.08267
0.0611402 0.0615126 0.00151125 4.05888
0.0615126 0.0618849 0.00150124 4.03198
0.0618849 0.0622572 0.00149274 4.00914
0.0622572 0.0626296 0.00148212 3.98064
0.0626296 0.0630019 0.00147314 3.95651
0.0630019 0.0633742 0.00146346 3.93053
0.0633742 0.0637466 0.00145386 3.90472
0.0637466 0.0641189 0.00144313 3.87592
0.0641189 0.0644912 0.00143533 3.85496
0.0644912 0.0648635 0.00142577 3.8293
0.0648635 0.0652359 0.00141515 3.80078
0.0652359 0.0656082 0.00140547 3.77477
0.0656082 0.0659805 0.00139717 3.75247
0.0659805 0.0663529 0.00138746 3.72639
0.0663529 0.0667252 0.00137805 3.70111
0.0667252 0.0670975 0.00136763 3.67314
0.0670975 0.0674699 0.00135947 3.65122
0.0674699 0.0678422 0.00134943 3.62425
0.0678422 0.0682145 0.00133999 3.59891
0.0682145 0.0685869 0.00133078 3.57416
0.0685869 0.0689592 0.00132113 3.54825
0.0689592 0.0693315 0.00131245 3.52495
0.0693315 0.0697039 0.00130282 3.49906
0.0697039 0.0700762 0.00129262 3.47167
0.0700762 0.0704485 0.00128438 3.44954
0.0704485 0.0708209 0.00127448 3.42297
0.0708209 0.0711932 0.00126578 3.3996
0.0711932 0.0715655 0.00125653 3.37474
0.0715655 0.0719379 0.00124657 3.348
0.0719379 0.0723102 0.00123691 3.32204
0.0723102 0.0726825 0.00122854 3.29958
0.0726825 0.0730549 0.00121826 3.27197
0.0730549 0.0734272 0.00121065 3.25152
0.0734272 0.0737995 0.00120095 3.22548
0.0737995 0.0741719 0.00119158 3.20031
0.0741719 0.0745442 0.0011833 3.17808
0.0745442 0.0749165 0.00117366 3.15217
0.0749165 0.0752889 0.00116457 3.12778
0.0752889 0.0756612 0.00115558 3.10363
0.0756612 0.0760335 0.0011458 3.07736
0.0760335 0.0764059 0.00113712 3.05403
0.0764059 0.0767782 0.00112812 3.02986
0.0767782 0.0771505 0.00111923 3.006
0.0771505 0.0775229 0.00111029 2.98199
0.0775229 0.0778952 0.0011016 2.95864
0.0778952 0.0782675 0.00109263 2.93456
0.0782675 0.0786399 0.00108471 2.91327
0.0786399 0.0790122 0.00107418 2.88501
0.0790122 0.0793845 0.00106572 2.86229
0.0793845 0.0797569 0.00105767 2.84065
0.0797569 0.0801292 0.00104845 2.8159
0.0801292 0.0805015 0.00104026 2.7939
0.0805015 0.0808739 0.0010317 2.7709
0.0808739 0.0812462 0.0010221 2.74512
0.0812462 0.0816185 0.00101433 2.72426
0.0816185 0.0819909 0.00100633 2.70277
0.0819909 0.0823632 0.000996944 2.67756
0.0823632 0.0827355 0.000987787 2.65297
0.0827355 0.0831079 0.000978648 2.62842
0.0831079 0.0834802 0.000971324 2.60875
0.0834802 0.0838525 0.000963539 2.58784
0.0838525 0.0842249 0.000954589 2.56381
0.0842249 0.0845972 0.000946778 2.54283
0.0845972 0.0849695 0.000937232 2.51719
0.0849695 0.0853419 0.000929557 2.49658
0.0853419 0.0857142 0.000921048 2.47372
0.0857142 0.0860865 0.000913359 2.45307
0.0860865 0.0864589 0.000905617 2.43228
0.0864589 0.0868312 0.000897298 2.40993
0.0868312 0.0872035 0.000888147 2.38536
0.0872035 0.0875759 0.000881144 2.36655
0.0875759 0.0879482 0.00087251 2.34336
0.0879482 0.0883205 0.000864242 2.32116
0.0883205 0.0886928 0.000856356 2.29997
0.0886928 0.0890652 0.000849176 2.28069
0.0890652 0.0894375 0.000840993 2.25871
0.0894375 0.0898098 0.000832777 2.23665
0.0898098 0.0901822 0.000824418 2.2142
0.0901822 0.0905545 0.000817213 2.19484
0.0905545 0.0909268 0.000808465 2.17135
0.0909268 0.0912992 0.000801515 2.15269
0.0912992 0.0916715 0.000793897 2.13222
0.0916715 0.0920438 0.000785673 2.11014
0.0920438 0.0924162 0.00077867 2.09133
0.0924162 0.0927885 0.000770704 2.06993
0.0927885 0.0931608 0.000763864 2.05156
0.0931608 0.0935332 0.000755889 2.03014
0.0935332 0.0939055 0.000748033 2.00904
0.0939055 0.0942778 0.000740791 1.98959
0.0942778 0.0946502 0.000734772 1.97343
0.0946502 0.0950225 0.000726493 1.95119
0.0950225 0.0953948 0.000718995 1.93105
0.0953948 0.0957672 0.00071184 1.91184
0.0957672 0.0961395 0.000704802 1.89294
0.0961395 0.0965118 0.000697884 1.87435
0.0965118 0.0968842 0.000692063 1.85872
0.0968842 0.0972565 0.000684008 1.83709
0.0972565 0.0976288 0.000676336 1.81648
0.0976288 0.0980012 0.000669589 1.79836
0.0980012 0.0983735 0.000663182 1.78115
0.0983735 0.0987458 0.000655935 1.76169
0.0987458 0.0991182 0.000648949 1.74293
0.0991182 0.0994905 0.000642659 1.72603
0.0994905 0.0998628 0.000635725 1.70741
0.0998628 0.100235 0.000629152 1.68976
0.100235 0.100607 0.000622609 1.67218
0.100607 0.10098 0.000616162 1.65487
0.10098 0.101352 0.000609093 1.63588
0.101352 0.101724 0.000602447 1.61803
0.101724 0.102097 0.000596331 1.60161
0.102097 0.102469 0.000589836 1.58416
0.102469 0.102841 0.000583285 1.56657
0.102841 0.103214 0.000576873 1.54935
0.103214 0.103586 0.000570937 1.53341
0.103586 0.103958 0.00056486 1.51708
0.103958 0.104331 0.000559465 1.50259
0.104331 0.104703 0.000552745 1.48455
0.104703 0.105075 0.000546532 1.46786
0.105075 0.105448 0.000540706 1.45221
0.105448 0.10582 0.000534333 1.43509
0.10582 0.106192 0.000528791 1.42021
0.106192 0.106565 0.000522425 1.40311
0.106565 0.106937 0.00051705 1.38868
0.106937 0.107309 0.000511117 1.37274
0.107309 0.107682 0.000504979 1.35626
0.107682 0.108054 0.000499669 1.342
0.108054 0.108799 0.0009828 1.31979
0.108799 0.109543 0.000959354 1.2883
0.109543 0.110288 0.000938057 1.2597
0.110288 0.111033 0.000916544 1.23081
0.111033 0.111777 0.000894858 1.20169
0.111777 0.112522 0.000873292 1.17273
0.112522 0.113267 0.000852987 1.14546
0.113267 0.114011 0.000833403 1.11916
0.114011 0.114756 0.000812707 1.09137
0.114756 0.115501 0.000793767 1.06594
0.115501 0.116245 0.000774058 1.03947
0.116245 0.11699 0.000755657 1.01476
0.11699 0.117735 0.000736927 0.989608
0.117735 0.118479 0.000719051 0.965602
0.118479 0.119224 0.000701293 0.941756
0.119224 0.119969 0.000683552 0.917931
0.119969 0.120713 0.000667333 0.896151
0.120713 0.121458 0.000650304 0.873283
0.121458 0.122203 0.000633286 0.85043
0.122203 0.122947 0.000617939 0.829821
0.122947 0.123692 0.000602197 0.808681
0.123692 0.124437 0.000586426 0.787503
0.124437 0.125181 0.000571598 0.76759
0.125181 0.125926 0.000556801 0.747719
0.125926 0.126671 0.000542969 0.729144
0.126671 0.127415 0.000527572 0.708468
0.127415 0.12816 0.000513958 0.690186
0.12816 0.129649 0.000987785 0.66324
0.129649 0.131139 0.000934727 0.627615
0.131139 0.132628 0.000885333 0.59445
0.132628 0.134117 0.000838689 0.563131
0.134117 0.135607 0.000793613 0.532865
0.135607 0.137096 0.000750395 0.503847
0.137096 0.138585 0.000709402 0.476322
0.138585 0.140075 0.000670324 0.450084
0.140075 0.141564 0.000632631 0.424775
0.141564 0.143053 0.000596758 0.400688
0.143053 0.144543 0.000562488 0.377678
0.144543 0.146032 0.000530802 0.356403
0.146032 0.147521 0.000499267 0.335229
0.147521 0.1505 0.000911914 0.306149
0.1505 0.153479 0.000805946 0.270573
0.153479 0.156457 0.00071098 0.238691
0.156457 0.159436 0.000624888 0.209788
0.159436 0.162415 0.000548985 0.184306
0.162415 0.165393 0.00048177 0.16174
0.165393 0.171351 0.000791746 0.132903
0.171351 0.177308 0.000607354 0.101951
0.177308 0.189223 0.000812091 0.068159
0.189223 0.201137 0.000465012 0.0390286
0.201137 0.391772 0.000569332 0.00298651
