-15.396 -9.66719 0.000273879 4.78074e-05
-9.66719 -8.95109 0.000437789 0.000611353
-8.95109 -8.23499 0.000998 0.00139366
-8.23499 -7.87694 0.00092055 0.00257101
-7.87694 -7.69792 0.000607137 0.00339136
-7.69792 -7.51889 0.000718895 0.00401562
-7.51889 -7.33987 0.000868245 0.00484986
-7.33987 -7.25035 0.000498728 0.00557161
-7.25035 -7.16084 0.000543297 0.00606953
-7.16084 -7.07133 0.000590802 0.00660023
-7.07133 -6.98182 0.000642799 0.00718112
-6.98182 -6.8923 0.000693821 0.00775112
-6.8923 -6.80279 0.000752928 0.00841144
-6.80279 -6.71328 0.000824927 0.00921579
-6.71328 -6.62377 0.000899593 0.0100499
-6.62377 -6.53425 0.000981706 0.0109673
-6.53425 -6.4895 0.000517194 0.0115558
-6.4895 -6.44474 0.000535125 0.0119564
-6.44474 -6.39999 0.000555942 0.0124216
-6.39999 -6.35523 0.000578598 0.0129278
-6.35523 -6.31047 0.000600019 0.0134064
-6.31047 -6.26572 0.000623611 0.0139335
-6.26572 -6.22096 0.000646984 0.0144558
-6.22096 -6.17621 0.000669381 0.0149562
-6.17621 -6.13145 0.000693837 0.0155026
-6.13145 -6.08669 0.000722445 0.0161418
-6.08669 -6.04194 0.000753299 0.0168312
-6.04194 -5.99718 0.000789999 0.0176512
-5.99718 -5.95242 0.000823841 0.0184073
-5.95242 -5.90767 0.000858744 0.0191872
-5.90767 -5.86291 0.000896391 0.0200283
-5.86291 -5.81816 0.00092991 0.0207773
-5.81816 -5.7734 0.000964831 0.0215575
-5.7734 -5.72864 0.00100243 0.0223976
-5.72864 -5.68389 0.00103861 0.023206
-5.68389 -5.63913 0.00107556 0.0240316
-5.63913 -5.59438 0.00111485 0.0249095
-5.59438 -5.54962 0.00115604 0.0258298
-5.54962 -5.50486 0.00119809 0.0267692
-5.50486 -5.46011 0.0012406 0.027719
-5.46011 -5.41535 0.0012867 0.0287492
-5.41535 -5.37059 0.00133582 0.0298467
-5.37059 -5.32584 0.00138712 0.0309928
-5.32584 -5.28108 0.0014405 0.0321856
-5.28108 -5.23633 0.00149247 0.0333467
-5.23633 -5.19157 0.00154788 0.0345848
-5.19157 -5.14681 0.00160733 0.035913
-5.14681 -5.10206 0.00166685 0.0372429
-5.10206 -5.0573 0.00172787 0.0386063
-5.0573 -5.01255 0.00179335 0.0400693
-5.01255 -4.96779 0.00186055 0.0415707
-4.96779 -4.92303 0.00192239 0.0429525
-4.92303 -4.87828 0.00198903 0.0444414
-4.87828 -4.83352 0.00205904 0.0460056
-4.83352 -4.78876 0.00212855 0.0475588
-4.78876 -4.74401 0.00220175 0.0491943
-4.74401 -4.69925 0.00227566 0.0508456
-4.69925 -4.6545 0.00234778 0.0524572
-4.6545 -4.60974 0.00242479 0.0541777
-4.60974 -4.56498 0.00250704 0.0560156
-4.56498 -4.52023 0.00258426 0.0577408
-4.52023 -4.47547 0.00266276 0.0594947
-4.47547 -4.43072 0.00274731 0.0613839
-4.43072 -4.38596 0.00283505 0.0633444
-4.38596 -4.3412 0.00292083 0.065261
-4.3412 -4.29645 0.00301385 0.0673393
-4.29645 -4.25169 0.00310603 0.0693988
-4.25169 -4.20693 0.0032019 0.071541
-4.20693 -4.16218 0.00329518 0.0736252
-4.16218 -4.11742 0.00339011 0.0757461
-4.11742 -4.07267 0.00348563 0.0778805
-4.07267 -4.02791 0.00358323 0.0800611
-4.02791 -3.98315 0.00368772 0.0823958
-3.98315 -3.9384 0.00379722 0.0848424
-3.9384 -3.89364 0.00390759 0.0873085
-3.89364 -3.84888 0.00401811 0.0897779
-3.84888 -3.80413 0.00412653 0.0922003
-3.80413 -3.75937 0.00423649 0.0946572
-3.75937 -3.71462 0.00434687 0.0971234
-3.71462 -3.66986 0.00445777 0.0996013
-3.66986 -3.6251 0.00456957 0.102099
-3.6251 -3.58035 0.00468527 0.104684
-3.58035 -3.53559 0.00480515 0.107363
-3.53559 -3.49084 0.00492087 0.109948
-3.49084 -3.44608 0.00504061 0.112624
-3.44608 -3.40132 0.00515648 0.115213
-3.40132 -3.35657 0.00527912 0.117953
-3.35657 -3.31181 0.00540553 0.120777
-3.31181 -3.26705 0.00553104 0.123582
-3.26705 -3.2223 0.00565548 0.126362
-3.2223 -3.17754 0.0057844 0.129243
-3.17754 -3.13279 0.00591118 0.132075
-3.13279 -3.08803 0.00603441 0.134829
-3.08803 -3.04327 0.00615687 0.137565
-3.04327 -2.99852 0.00628348 0.140394
-2.99852 -2.95376 0.00641334 0.143295
-2.95376 -2.90901 0.00653966 0.146117
-2.90901 -2.86425 0.00666533 0.148925
-2.86425 -2.81949 0.00678833 0.151674
-2.81949 -2.77474 0.00691117 0.154418
-2.77474 -2.72998 0.00703737 0.157238
-2.72998 -2.68522 0.00716299 0.160045
-2.68522 -2.64047 0.0072854 0.16278
-2.64047 -2.59571 0.00740271 0.165401
-2.59571 -2.55096 0.00751841 0.167986
-2.55096 -2.5062 0.0076346 0.170582
-2.5062 -2.46144 0.00774252 0.172993
-2.46144 -2.41669 0.00785388 0.175481
-2.41669 -2.37193 0.00796039 0.177861
-2.37193 -2.32718 0.00807082 0.180329
-2.32718 -2.28242 0.00817292 0.18261
-2.28242 -2.23766 0.0082738 0.184864
-2.23766 -2.19291 0.008374 0.187103
-2.19291 -2.14815 0.00847458 0.18935
-2.14815 -2.10339 0.00856749 0.191426
-2.10339 -2.05864 0.0086603 0.1935
-2.05864 -2.01388 0.00873751 0.195225
-2.01388 -1.96913 0.00881719 0.197005
-1.96913 -1.92437 0.008894 0.198721
-1.92437 -1.87961 0.00895837 0.200159
-1.87961 -1.83486 0.00902643 0.20168
-1.83486 -1.7901 0.00908379 0.202962
-1.7901 -1.74534 0.00914685 0.204371
-1.74534 -1.70059 0.00919909 0.205538
-1.70059 -1.65583 0.00924944 0.206663
-1.65583 -1.61108 0.0092961 0.207705
-1.61108 -1.56632 0.00933601 0.208597
-1.56632 -1.52156 0.00937008 0.209359
-1.52156 -1.47681 0.00939715 0.209963
-1.47681 -1.43205 0.00941375 0.210334
-1.43205 -1.3873 0.00943603 0.210832
-1.3873 -1.34254 0.00944221 0.21097
-1.34254 -1.29778 0.00945527 0.211262
-1.29778 -1.25303 0.00945786 0.21132
-1.25303 -1.20827 0.00945689 0.211298
-1.20827 -1.16351 0.00944805 0.2111
-1.16351 -1.11876 0.00943462 0.2108
-1.11876 -1.074 0.00941471 0.210356
-1.074 -1.02925 0.00939261 0.209862
-1.02925 -0.98449 0.00936004 0.209134
-0.98449 -0.939734 0.00932241 0.208293
-0.939734 -0.894978 0.00928116 0.207372
-0.894978 -0.850222 0.00923274 0.20629
-0.850222 -0.805465 0.0091768 0.20504
-0.805465 -0.760709 0.00911769 0.203719
-0.760709 -0.715953 0.00905105 0.20223
-0.715953 -0.671197 0.00898497 0.200754
-0.671197 -0.626441 0.00890957 0.199069
-0.626441 -0.581685 0.0088303 0.197298
-0.581685 -0.536928 0.00874541 0.195401
-0.536928 -0.492172 0.00865538 0.19339
-0.492172 -0.447416 0.00856614 0.191396
-0.447416 -0.40266 0.00847006 0.189249
-0.40266 -0.357904 0.00836975 0.187008
-0.357904 -0.313148 0.00826254 0.184612
-0.313148 -0.268391 0.00815475 0.182204
-0.268391 -0.223635 0.00803961 0.179631
-0.223635 -0.178879 0.00792647 0.177103
-0.178879 -0.134123 0.00780727 0.17444
-0.134123 -0.0893668 0.00768507 0.17171
-0.0893668 -0.0446107 0.0075578 0.168866
-0.0446107 0.00014551 0.00742992 0.166009
0.00014551 0.0449017 0.00729624 0.163022
0.0449017 0.0896578 0.00716048 0.159989
0.0896578 0.134414 0.00702288 0.156914
0.134414 0.17917 0.00688313 0.153792
0.17917 0.223926 0.00673837 0.150557
0.223926 0.268683 0.00659252 0.147299
0.268683 0.313439 0.00645001 0.144114
0.313439 0.358195 0.00630665 0.140911
0.358195 0.402951 0.00615736 0.137576
0.402951 0.447707 0.00601177 0.134323
0.447707 0.492463 0.00585993 0.13093
0.492463 0.53722 0.00571545 0.127702
0.53722 0.581976 0.00556384 0.124314
0.581976 0.626732 0.00541176 0.120917
0.626732 0.671488 0.00526416 0.117619
0.671488 0.716244 0.0051113 0.114203
0.716244 0.761 0.00496195 0.110866
0.761 0.805757 0.00481538 0.107591
0.805757 0.850513 0.0046696 0.104334
0.850513 0.895269 0.00452098 0.101014
0.895269 0.940025 0.00437871 0.0978347
0.940025 0.984781 0.00423357 0.0945919
0.984781 1.02954 0.00409064 0.0913984
1.02954 1.07429 0.00395184 0.088297
1.07429 1.11905 0.0038123 0.0851792
1.11905 1.16381 0.00367793 0.0821771
1.16381 1.20856 0.00353994 0.079094
1.20856 1.25332 0.00340774 0.0761402
1.25332 1.29807 0.00327509 0.0731764
1.29807 1.34283 0.00314744 0.0703242
1.34283 1.38759 0.00302457 0.0675788
1.38759 1.43234 0.00290224 0.0648455
1.43234 1.4771 0.0027801 0.0621166
1.4771 1.52186 0.00266183 0.059474
1.52186 1.56661 0.00254881 0.0569488
1.56661 1.61137 0.00243607 0.0544299
1.61137 1.65612 0.00232727 0.0519988
1.65612 1.70088 0.00221922 0.0495847
1.70088 1.74564 0.00211554 0.047268
1.74564 1.79039 0.00201645 0.0450542
1.79039 1.83515 0.00191705 0.0428333
1.83515 1.8799 0.00182331 0.0407389
1.8799 1.92466 0.00173035 0.0386618
1.92466 1.96942 0.0016417 0.0366809
1.96942 2.01417 0.0015559 0.0347639
2.01417 2.05893 0.00147267 0.0329042
2.05893 2.10369 0.00139348 0.031135
2.10369 2.14844 0.0013161 0.029406
2.14844 2.1932 0.00124219 0.0277547
2.1932 2.23795 0.0011718 0.0261818
2.23795 2.28271 0.00110325 0.0246502
2.28271 2.32747 0.00103937 0.023223
2.32747 2.37222 0.00097575 0.0218015
2.37222 2.41698 0.000917125 0.0204916
2.41698 2.46173 0.000859734 0.0192093
2.46173 2.50649 0.000805152 0.0179897
2.50649 2.55125 0.000753511 0.0168359
2.55125 2.596 0.00070464 0.015744
2.596 2.64076 0.000657839 0.0146983
2.64076 2.68552 0.000613647 0.0137109
2.68552 2.73027 0.000571448 0.012768
2.73027 2.77503 0.000531941 0.0118853
2.77503 2.86454 0.00095536 0.0106729
2.86454 2.95405 0.000821941 0.00918244
2.95405 3.04356 0.000703696 0.00786144
3.04356 3.13308 0.000599031 0.00669216
3.13308 3.22259 0.000507889 0.00567395
3.22259 3.40161 0.000787071 0.00439644
3.40161 3.58064 0.00054729 0.00305707
3.58064 3.93869 0.000623218 0.00174059
3.93869 4.65479 0.000366664 0.00051203
4.65479 7.51918 5.20592e-05 1.81746e-05
