0 0
2.85678062575e-05 1.14068759202e-05
9.08226305055e-05 2.48578084447e-05
0.000264308630784 0.00027708578828
0.00123175055955 0.000386291125822
0.00211906793703 0.00141719236479
0.00262313275151 0.00161014947879
0.00336969195736 0.00238475664572
0.003851268003 0.00307662584895
0.00435409321055 0.00321237952986
0.00492983250431 0.00367820287053
0.0056185550537 0.00440001453019
0.00631562076854 0.00445331618158
0.00713701986333 0.00524763993195
0.0080898412606 0.00608725240145
0.00907264485478 0.00627879847779
0.00964110538204 0.00726340260541
0.0102353216915 0.00759249250023
0.0108606560799 0.00799009818319
0.0115442863563 0.00873496345415
0.0122315921817 0.00878192712411
0.0129721794688 0.00946272146029
0.0137622842161 0.0100954219412
0.0145683364936 0.010299188654
0.0154427020575 0.0111720494396
0.0163458023631 0.0115392024566
0.0172982061037 0.0121691682686
0.0177970887079 0.0127487663035
0.0183027711203 0.0129225329665
0.018826935427 0.0133948311575
0.0193597021052 0.0136146616787
0.0199028438096 0.01387979176
0.0204639952378 0.0143400238004
0.0210315788768 0.0145043966453
0.0216135030539 0.0148708639624
0.0222167996325 0.0154170280272
0.022822413156 0.0154762367261
0.0234477766044 0.0159809389821
0.0240915485548 0.0164513616619
0.0247420002557 0.0166220602919
0.0254178800193 0.0172718653274
0.0261028027195 0.0175029543369
0.0268065573058 0.0179841964401
0.0275342837771 0.0185967893803
0.0282676489328 0.0187408839369
0.0290322335589 0.019538686327
0.0298047982077 0.0197426129461
0.0306012030174 0.0203518397229
0.0314215618945 0.0209639773366
0.0322493425043 0.0211536370605
0.0331103523855 0.022002799189
0.0339790845681 0.0222001398364
0.0348759316889 0.0229186070149
0.0357959194115 0.0235099568084
0.0367300747977 0.0238720063749
0.0377014120278 0.0248221750853
0.0386763289306 0.0249136523353
0.0396858674351 0.0257983949728
0.0407157966675 0.026319472719
0.0417654376437 0.0268231992756
0.042854758132 0.0278371949959
0.043946265538 0.0278930808959
0.0450800375158 0.0289731368939
0.0462289755879 0.0293607010027
0.047408383512 0.030139347159
0.0486195142583 0.0309500125212
0.0498429560152 0.0312646159885
0.051110716477 0.0323971646204
0.0523871357331 0.0326184370086
0.0537001653922 0.0335540027496
0.0550446792429 0.0343585699898
0.0564043674605 0.0347463455001
0.0578139712802 0.0360219208397
0.0592289424876 0.0361590825092
0.0606917253168 0.0373808913851
0.062179921997 0.0380303332435
0.0636981106314 0.0387967668943
0.0652607437555 0.039932529914
0.0668317550442 0.0401466309108
0.0684598436135 0.0416052203766
0.0700990165256 0.0418884767867
0.0717842905547 0.0430665743243
0.0735024275305 0.043906375158
0.0752466170389 0.0445721383011
0.0770470718472 0.0460099778905
0.0788523249355 0.0461325962167
0.0807209534577 0.0477521327379
0.0826047970731 0.0481409489944
0.0845375139518 0.0493898877373
0.0865094950191 0.0503932700151
0.0885068693619 0.05104218608
0.090567707167 0.0526639721306
0.0926307967973 0.0527215167197
0.0947609427136 0.0544351160947
0.0969127932053 0.0549897687453
0.0991130085178 0.056225714423
0.101359480216 0.0574077798052
0.103634752625 0.0581437716312
0.105977771121 0.059874998644
0.108326272608 0.0600151145148
0.110752482431 0.0620009232132
0.11319592436 0.0624412835068
0.115700036605 0.0639916917174
0.118244973578 0.0650349530027
0.120823764928 0.0659000895004
0.123471764059 0.067668669543
0.126128179535 0.0678837462393
0.128869402451 0.0700509700007
0.131625728463 0.0704369242053
0.134451374465 0.0722083717203
0.137314040041 0.0731543937079
0.140222442108 0.0743231733151
0.143196564128 0.076002623207
0.146188838838 0.0764665087
0.149265269156 0.0786170751025
0.152350931829 0.0788530046656
0.15551529321 0.0808641219253
0.158716091694 0.0817952590747
0.161968431439 0.0831123775314
0.165284201132 0.0847333071347
0.16862796719 0.0854487442242
0.172062898022 0.0877784273753
0.175502023027 0.0878856079669
0.179037422896 0.0903458776569
0.182591276025 0.0908174440734
0.186222966668 0.0928065538884
0.189895838605 0.093858927123
0.193629129289 0.0954029065579
0.197424220021 0.0969821846331
0.201261495144 0.0980601916621
0.205180956163 0.100160422811
0.209117615987 0.100599932078
0.213156774163 0.103219240788
0.217201682172 0.103366175715
0.221347456725 0.105943784112
0.225518742914 0.106595724846
0.229767845195 0.108584287185
0.234066729444 0.109856447576
0.238421653725 0.111288530539
0.242848959258 0.113138207472
0.247307179237 0.113928215108
0.251867158345 0.116528633192
0.256429459913 0.116587982825
0.261099618737 0.119344236383
0.265787832678 0.119805628422
0.270562414597 0.122012731191
0.27538154961 0.123151269534
0.28026312526 0.124746917678
0.285214862577 0.126539873947
0.290213850894 0.127747356302
0.295297568803 0.12991259072
0.30040699689 0.130569605091
0.305623526463 0.133306545219
0.310840704475 0.13332311585
0.316166645267 0.136102509748
0.321514170789 0.136654099786
0.32695364846 0.13900390403
0.332434685205 0.140065931269
0.33798327586 0.141792247261
0.343598321239 0.143490473948
0.349260652617 0.144698850694
0.355006445981 0.146831691888
0.360779003529 0.147515640986
0.366655938354 0.150182964954
0.37253831205 0.15032195335
0.37853121206 0.153146413725
0.384536969916 0.153474991378
0.390639826496 0.155956314495
0.39677698714 0.156832942565
0.402986583761 0.158684018001
0.409252998031 0.16013597271
0.415576270679 0.161588968165
0.4219710409 0.163416063076
0.428404512991 0.164405075468
0.434920617058 0.16651670604
0.441462436181 0.167173845083
0.448103188832 0.169702055983
0.454753440046 0.16994478834
0.461507591489 0.172599921484
0.46826931357 0.172793386436
0.475128835631 0.175292629902
0.482009130016 0.175823459222
0.488978567285 0.178101473664
0.495978918576 0.178891470458
0.503053227778 0.180781438361
0.510169037933 0.181841980369
0.517345147625 0.183382913453
0.524572693368 0.184697343315
0.531850297256 0.185976561267
0.53918876597 0.187531940124
0.546565141118 0.188500625443
0.554008993178 0.190224973774
0.561482158208 0.190974056235
0.569032871214 0.192955766996
0.576601822181 0.193421831551
0.584255390108 0.195584187656
0.59191696436 0.195788786424
0.599667322805 0.19805763471
0.607423646806 0.198210082339
0.615261236544 0.200286799129
0.623107729009 0.200514305153
0.631032965149 0.20252657157
0.638967909847 0.202774670274
0.646972055325 0.204543071439
0.65499830946 0.205108050242
0.663082842513 0.20659734714
0.671190177206 0.20718003489
0.67935066291 0.208538289922
0.687538292484 0.20923194181
0.695772011085 0.210409730376
0.70402953612 0.211018095285
0.712335915964 0.21226656244
0.720672743176 0.213044634017
0.729047593697 0.214016306061
0.737452290873 0.214779026633
0.745889714816 0.215615347472
0.754364383815 0.216567131507
0.762862942609 0.217177626693
0.771396411271 0.218069735862
0.779949090659 0.218560659073
0.788538404419 0.219496837336
0.797143024482 0.21988798443
0.805786690042 0.220885778118
0.814442622916 0.221199264952
0.823134239458 0.222111148297
0.831838574698 0.222436170067
0.840571476471 0.223166177603
0.849314110347 0.223414877989
0.858085166941 0.224141210389
0.866864388311 0.22434985831
0.875666888371 0.224944736883
0.884479663338 0.225207308464
0.893311102831 0.225684273751
0.902151511445 0.225913476408
0.911006719404 0.226291668381
0.919869752965 0.226491648837
0.928745284624 0.226811033232
0.937633271956 0.227129333517
0.946524715508 0.227217656005
0.955425654018 0.227460296212
0.964332597536 0.227613752064
0.97324389792 0.22772509022
0.982160335122 0.227856359748
0.991079162448 0.227917438538
1 0.227968809117
