-5.32129 -4.03403 0.000273057 0.000212124
-4.03403 -3.71222 0.000637903 0.00198221
-3.71222 -3.55131 0.000655355 0.00407289
-3.55131 -3.39041 0.000996208 0.00619121
-3.39041 -3.30995 0.000672566 0.00835969
-3.30995 -3.2295 0.000824443 0.0102475
-3.2295 -3.14905 0.000996809 0.0123899
-3.14905 -3.10882 0.000575777 0.0143133
-3.10882 -3.06859 0.000632871 0.0157326
-3.06859 -3.02837 0.000694115 0.0172551
-3.02837 -2.98814 0.000757989 0.0188429
-2.98814 -2.94791 0.000825397 0.0205186
-2.94791 -2.90769 0.000903141 0.0224513
-2.90769 -2.86746 0.000982717 0.0244295
-2.86746 -2.84735 0.000524604 0.0260824
-2.84735 -2.82723 0.000547885 0.0272399
-2.82723 -2.80712 0.000571256 0.0284018
-2.80712 -2.78701 0.000595287 0.0295966
-2.78701 -2.76689 0.000621347 0.0308922
-2.76689 -2.74678 0.000648103 0.0322225
-2.74678 -2.72667 0.000676897 0.0336541
-2.72667 -2.70655 0.000706302 0.0351161
-2.70655 -2.68644 0.000735653 0.0365753
-2.68644 -2.66633 0.000766177 0.038093
-2.66633 -2.64621 0.000798891 0.0397194
-2.64621 -2.6261 0.000831134 0.0413225
-2.6261 -2.60599 0.000864176 0.0429653
-2.60599 -2.58587 0.000898344 0.044664
-2.58587 -2.56576 0.000934042 0.0464389
-2.56576 -2.54565 0.000970128 0.048233
-2.54565 -2.53559 0.00049937 0.0496556
-2.53559 -2.52553 0.0005091 0.0506231
-2.52553 -2.51548 0.000518379 0.0515457
-2.51548 -2.50542 0.000528648 0.0525669
-2.50542 -2.49536 0.000539188 0.0536149
-2.49536 -2.48531 0.000548765 0.0545673
-2.48531 -2.47525 0.000558413 0.0555266
-2.47525 -2.46519 0.000569913 0.0566701
-2.46519 -2.45514 0.000580263 0.0576993
-2.45514 -2.44508 0.000591109 0.0587778
-2.44508 -2.43502 0.00060179 0.0598399
-2.43502 -2.42497 0.000613505 0.0610047
-2.42497 -2.41491 0.000624765 0.0621243
-2.41491 -2.40485 0.000636444 0.0632857
-2.40485 -2.3948 0.000648694 0.0645038
-2.3948 -2.38474 0.000659316 0.0655601
-2.38474 -2.37468 0.000671295 0.0667512
-2.37468 -2.36463 0.000683958 0.0680103
-2.36463 -2.35457 0.000695992 0.0692069
-2.35457 -2.34451 0.000707415 0.0703428
-2.34451 -2.33446 0.000720763 0.0716701
-2.33446 -2.3244 0.000733989 0.0729852
-2.3244 -2.31434 0.000745686 0.0741483
-2.31434 -2.30429 0.000759136 0.0754858
-2.30429 -2.29423 0.000771827 0.0767477
-2.29423 -2.28417 0.000785178 0.0780753
-2.28417 -2.27412 0.000798861 0.0794358
-2.27412 -2.26406 0.000813 0.0808418
-2.26406 -2.254 0.000825882 0.0821227
-2.254 -2.24395 0.000840828 0.0836089
-2.24395 -2.23389 0.000855088 0.0850269
-2.23389 -2.22383 0.000870004 0.08651
-2.22383 -2.21378 0.000882023 0.0877052
-2.21378 -2.20372 0.000896949 0.0891894
-2.20372 -2.19366 0.000911441 0.0906304
-2.19366 -2.18361 0.00092618 0.092096
-2.18361 -2.17355 0.00094204 0.0936731
-2.17355 -2.16349 0.000957479 0.0952082
-2.16349 -2.15344 0.000972291 0.0966812
-2.15344 -2.14338 0.000987492 0.0981927
-2.14338 -2.13835 0.000499281 0.0992934
-2.13835 -2.13332 0.000503868 0.100206
-2.13332 -2.12829 0.000507854 0.100998
-2.12829 -2.12327 0.000511747 0.101772
-2.12327 -2.11824 0.00051594 0.102606
-2.11824 -2.11321 0.000520128 0.103439
-2.11321 -2.10818 0.000524006 0.104211
-2.10818 -2.10315 0.000528128 0.10503
-2.10315 -2.09812 0.000531773 0.105755
-2.09812 -2.0931 0.000535652 0.106527
-2.0931 -2.08807 0.000540406 0.107472
-2.08807 -2.08304 0.000543773 0.108142
-2.08304 -2.07801 0.000548188 0.10902
-2.07801 -2.07298 0.000553061 0.109989
-2.07298 -2.06795 0.000556648 0.110702
-2.06795 -2.06293 0.000560866 0.111541
-2.06293 -2.0579 0.000564809 0.112325
-2.0579 -2.05287 0.000569205 0.113199
-2.05287 -2.04784 0.000573591 0.114072
-2.04784 -2.04281 0.00057806 0.11496
-2.04281 -2.03778 0.000582153 0.115774
-2.03778 -2.03276 0.000586302 0.116599
-2.03276 -2.02773 0.000591553 0.117644
-2.02773 -2.0227 0.000594944 0.118318
-2.0227 -2.01767 0.000599073 0.119139
-2.01767 -2.01264 0.000603769 0.120073
-2.01264 -2.00761 0.00060872 0.121058
-2.00761 -2.00259 0.000612839 0.121877
-2.00259 -1.99756 0.000618279 0.122959
-1.99756 -1.99253 0.000621866 0.123672
-1.99253 -1.9875 0.000627201 0.124733
-1.9875 -1.98247 0.00063091 0.125471
-1.98247 -1.97744 0.00063515 0.126314
-1.97744 -1.97242 0.00064093 0.127464
-1.97242 -1.96739 0.000644618 0.128197
-1.96739 -1.96236 0.000649679 0.129204
-1.96236 -1.95733 0.000654805 0.130223
-1.95733 -1.9523 0.000658657 0.130989
-1.9523 -1.94727 0.000664071 0.132066
-1.94727 -1.94224 0.000668645 0.132975
-1.94224 -1.93722 0.000673716 0.133984
-1.93722 -1.93219 0.000677765 0.134789
-1.93219 -1.92716 0.000682837 0.135798
-1.92716 -1.92213 0.00068798 0.13682
-1.92213 -1.9171 0.000692494 0.137718
-1.9171 -1.91207 0.00069777 0.138768
-1.91207 -1.90705 0.000703113 0.13983
-1.90705 -1.90202 0.00070761 0.140724
-1.90202 -1.89699 0.000711741 0.141546
-1.89699 -1.89196 0.000717589 0.142709
-1.89196 -1.88693 0.000722298 0.143645
-1.88693 -1.8819 0.00072742 0.144664
-1.8819 -1.87688 0.000732546 0.145683
-1.87688 -1.87185 0.000737713 0.146711
-1.87185 -1.86682 0.000742037 0.147571
-1.86682 -1.86179 0.000746984 0.148555
-1.86179 -1.85676 0.000752415 0.149635
-1.85676 -1.85173 0.000757875 0.150721
-1.85173 -1.84671 0.000763072 0.151754
-1.84671 -1.84168 0.000768343 0.152803
-1.84168 -1.83665 0.000773245 0.153777
-1.83665 -1.83162 0.000778304 0.154784
-1.83162 -1.82659 0.000782763 0.15567
-1.82659 -1.82156 0.000788462 0.156804
-1.82156 -1.81654 0.00079369 0.157843
-1.81654 -1.81151 0.000799651 0.159029
-1.81151 -1.80648 0.000804302 0.159954
-1.80648 -1.80145 0.000810417 0.16117
-1.80145 -1.79642 0.000814796 0.162041
-1.79642 -1.79139 0.0008205 0.163175
-1.79139 -1.78637 0.000825235 0.164117
-1.78637 -1.78134 0.000830936 0.165251
-1.78134 -1.77631 0.000836087 0.166275
-1.77631 -1.77128 0.000841318 0.167315
-1.77128 -1.76625 0.000846748 0.168395
-1.76625 -1.76122 0.000852373 0.169514
-1.76122 -1.7562 0.000857761 0.170585
-1.7562 -1.75117 0.000863759 0.171778
-1.75117 -1.74614 0.000868836 0.172788
-1.74614 -1.74111 0.000874509 0.173916
-1.74111 -1.73608 0.00088022 0.175052
-1.73608 -1.73105 0.000885839 0.176169
-1.73105 -1.72603 0.000890981 0.177192
-1.72603 -1.721 0.000896694 0.178328
-1.721 -1.71597 0.000902649 0.179512
-1.71597 -1.71094 0.000908439 0.180664
-1.71094 -1.70591 0.000913967 0.181763
-1.70591 -1.70088 0.000919099 0.182784
-1.70088 -1.69586 0.000924869 0.183931
-1.69586 -1.69083 0.000930946 0.18514
-1.69083 -1.6858 0.000936184 0.186181
-1.6858 -1.68077 0.000941416 0.187222
-1.68077 -1.67574 0.000947682 0.188468
-1.67574 -1.67071 0.000953268 0.189579
-1.67071 -1.66569 0.000958877 0.190695
-1.66569 -1.66066 0.000964268 0.191767
-1.66066 -1.65563 0.000969007 0.192709
-1.65563 -1.6506 0.000975205 0.193942
-1.6506 -1.64557 0.000981064 0.195107
-1.64557 -1.64054 0.000986829 0.196254
-1.64054 -1.63552 0.000992859 0.197453
-1.63552 -1.63049 0.000998098 0.198495
-1.63049 -1.62797 0.000501506 0.199472
-1.62797 -1.62546 0.000502349 0.199807
-1.62546 -1.62295 0.000503486 0.200259
-1.62295 -1.62043 0.000506152 0.20132
-1.62043 -1.61792 0.000507581 0.201888
-1.61792 -1.6154 0.000508576 0.202284
-1.6154 -1.61289 0.000510021 0.202859
-1.61289 -1.61037 0.000511095 0.203286
-1.61037 -1.60786 0.000512881 0.203996
-1.60786 -1.60535 0.000513888 0.204397
-1.60535 -1.60283 0.000514981 0.204831
-1.60283 -1.60032 0.000517022 0.205643
-1.60032 -1.5978 0.000519053 0.206451
-1.5978 -1.59529 0.000520138 0.206883
-1.59529 -1.59278 0.000521177 0.207296
-1.59278 -1.59026 0.000522654 0.207883
-1.59026 -1.58775 0.000524237 0.208513
-1.58775 -1.58523 0.000525582 0.209048
-1.58523 -1.58272 0.000527038 0.209627
-1.58272 -1.5802 0.000528458 0.210192
-1.5802 -1.57769 0.000529983 0.210798
-1.57769 -1.57518 0.000531822 0.21153
-1.57518 -1.57266 0.000533021 0.212007
-1.57266 -1.57015 0.000534064 0.212421
-1.57015 -1.56763 0.000535049 0.212813
-1.56763 -1.56512 0.000538078 0.214018
-1.56512 -1.56261 0.000538231 0.214079
-1.56261 -1.56009 0.000540213 0.214867
-1.56009 -1.55758 0.000541529 0.215391
-1.55758 -1.55506 0.000542503 0.215778
-1.55506 -1.55255 0.000544882 0.216724
-1.55255 -1.55003 0.000545681 0.217042
-1.55003 -1.54752 0.000547194 0.217644
-1.54752 -1.54501 0.000548145 0.218022
-1.54501 -1.54249 0.000549744 0.218658
-1.54249 -1.53998 0.000551544 0.219374
-1.53998 -1.53746 0.000552941 0.21993
-1.53746 -1.53495 0.000555068 0.220776
-1.53495 -1.53244 0.000555915 0.221113
-1.53244 -1.52992 0.000557554 0.221765
-1.52992 -1.52741 0.000558885 0.222294
-1.52741 -1.52489 0.000560616 0.222982
-1.52489 -1.52238 0.000561016 0.223142
-1.52238 -1.51986 0.000562714 0.223817
-1.51986 -1.51735 0.000565216 0.224812
-1.51735 -1.51484 0.000565968 0.225111
-1.51484 -1.51232 0.000567377 0.225672
-1.51232 -1.50981 0.00056841 0.226083
-1.50981 -1.50729 0.000571086 0.227147
-1.50729 -1.50478 0.000572377 0.227661
-1.50478 -1.50227 0.000573298 0.228027
-1.50227 -1.49975 0.000574593 0.228542
-1.49975 -1.49724 0.000576583 0.229333
-1.49724 -1.49472 0.000577435 0.229672
-1.49472 -1.49221 0.000579323 0.230423
-1.49221 -1.48969 0.000579842 0.23063
-1.48969 -1.48718 0.000582443 0.231664
-1.48718 -1.48467 0.000583264 0.231991
-1.48467 -1.48215 0.000584832 0.232614
-1.48215 -1.47964 0.000586452 0.233259
-1.47964 -1.47712 0.000587968 0.233862
-1.47712 -1.47461 0.000589401 0.234432
-1.47461 -1.4721 0.000590993 0.235065
-1.4721 -1.46958 0.000592625 0.235714
-1.46958 -1.46707 0.000593948 0.23624
-1.46707 -1.46455 0.000595344 0.236796
-1.46455 -1.46204 0.000596641 0.237311
-1.46204 -1.45952 0.000598266 0.237958
-1.45952 -1.45701 0.000600125 0.238697
-1.45701 -1.4545 0.000601692 0.23932
-1.4545 -1.45198 0.000601953 0.239424
-1.45198 -1.44947 0.000604095 0.240276
-1.44947 -1.44695 0.000606161 0.241098
-1.44695 -1.44444 0.000606907 0.241394
-1.44444 -1.44193 0.000608128 0.24188
-1.44193 -1.43941 0.000609771 0.242534
-1.43941 -1.4369 0.000611164 0.243088
-1.4369 -1.43438 0.000612495 0.243617
-1.43438 -1.43187 0.000614421 0.244383
-1.43187 -1.42935 0.000616243 0.245108
-1.42935 -1.42684 0.000617247 0.245507
-1.42684 -1.42433 0.000618314 0.245932
-1.42433 -1.42181 0.000619832 0.246535
-1.42181 -1.4193 0.000620857 0.246943
-1.4193 -1.41678 0.000622707 0.247679
-1.41678 -1.41427 0.000624018 0.2482
-1.41427 -1.41176 0.000625761 0.248894
-1.41176 -1.40924 0.000627454 0.249567
-1.40924 -1.40673 0.00062917 0.250249
-1.40673 -1.40421 0.000630361 0.250723
-1.40421 -1.4017 0.000631758 0.251279
-1.4017 -1.39918 0.000632929 0.251745
-1.39918 -1.39667 0.000634925 0.252538
-1.39667 -1.39416 0.000635946 0.252945
-1.39416 -1.39164 0.000637928 0.253733
-1.39164 -1.38913 0.000638823 0.254089
-1.38913 -1.38661 0.000640582 0.254789
-1.38661 -1.3841 0.000642083 0.255386
-1.3841 -1.38159 0.000643484 0.255943
-1.38159 -1.37907 0.000644272 0.256256
-1.37907 -1.37656 0.000646718 0.257229
-1.37656 -1.37404 0.000647353 0.257482
-1.37404 -1.37153 0.000649171 0.258205
-1.37153 -1.36901 0.000650276 0.258644
-1.36901 -1.3665 0.000652062 0.259355
-1.3665 -1.36399 0.0006542 0.260205
-1.36399 -1.36147 0.00065482 0.260452
-1.36147 -1.35896 0.000655826 0.260852
-1.35896 -1.35644 0.000657579 0.261549
-1.35644 -1.35393 0.000659228 0.262205
-1.35393 -1.35142 0.000660567 0.262738
-1.35142 -1.3489 0.000662298 0.263426
-1.3489 -1.34639 0.000663293 0.263822
-1.34639 -1.34387 0.000664706 0.264384
-1.34387 -1.34136 0.000665784 0.264813
-1.34136 -1.33884 0.000667053 0.265317
-1.33884 -1.33633 0.000669414 0.266257
-1.33633 -1.33382 0.000670383 0.266642
-1.33382 -1.3313 0.000671582 0.267119
-1.3313 -1.32879 0.000673557 0.267904
-1.32879 -1.32627 0.000675216 0.268564
-1.32627 -1.32376 0.000676418 0.269042
-1.32376 -1.32125 0.000677991 0.269668
-1.32125 -1.31873 0.000679258 0.270172
-1.31873 -1.31622 0.000681638 0.271118
-1.31622 -1.3137 0.000681991 0.271259
-1.3137 -1.31119 0.000684191 0.272134
-1.31119 -1.30867 0.000684944 0.272434
-1.30867 -1.30616 0.000687348 0.27339
-1.30616 -1.30365 0.000688286 0.273763
-1.30365 -1.30113 0.000689601 0.274286
-1.30113 -1.29862 0.000691463 0.275026
-1.29862 -1.2961 0.000692989 0.275634
-1.2961 -1.29359 0.000693976 0.276026
-1.29359 -1.29108 0.000695766 0.276738
-1.29108 -1.28856 0.000697595 0.277465
-1.28856 -1.28605 0.000698919 0.277992
-1.28605 -1.28353 0.000699762 0.278327
-1.28353 -1.28102 0.000701362 0.278964
-1.28102 -1.2785 0.000703182 0.279688
-1.2785 -1.27599 0.000704279 0.280124
-1.27599 -1.27348 0.000705872 0.280757
-1.27348 -1.27096 0.000706947 0.281185
-1.27096 -1.26845 0.000709017 0.282009
-1.26845 -1.26593 0.000710713 0.282683
-1.26593 -1.26342 0.000712292 0.283311
-1.26342 -1.2609 0.000713457 0.283774
-1.2609 -1.25839 0.000714759 0.284292
-1.25839 -1.25588 0.000716094 0.284823
-1.25588 -1.25336 0.000717791 0.285498
-1.25336 -1.25085 0.000718504 0.285782
-1.25085 -1.24833 0.000720929 0.286747
-1.24833 -1.24582 0.000722399 0.287331
-1.24582 -1.24331 0.000723637 0.287823
-1.24331 -1.24079 0.000724354 0.288109
-1.24079 -1.23828 0.00072672 0.28905
-1.23828 -1.23576 0.000727354 0.289302
-1.23576 -1.23325 0.000729509 0.290159
-1.23325 -1.23073 0.000730654 0.290614
-1.23073 -1.22822 0.000732167 0.291216
-1.22822 -1.22571 0.000732937 0.291522
-1.22571 -1.22319 0.000735018 0.29235
-1.22319 -1.22068 0.000736127 0.292791
-1.22068 -1.21816 0.000737625 0.293387
-1.21816 -1.21565 0.000738869 0.293882
-1.21565 -1.21314 0.000740339 0.294467
-1.21314 -1.21062 0.000741971 0.295116
-1.21062 -1.20811 0.000743918 0.29589
-1.20811 -1.20559 0.000744702 0.296202
-1.20559 -1.20308 0.00074603 0.29673
-1.20308 -1.20056 0.000747446 0.297293
-1.20056 -1.19805 0.000748638 0.297768
-1.19805 -1.19554 0.00075063 0.29856
-1.19554 -1.19302 0.000750911 0.298672
-1.19302 -1.19051 0.000753175 0.299572
-1.19051 -1.18799 0.000754285 0.300014
-1.18799 -1.18548 0.000755974 0.300685
-1.18548 -1.18297 0.000757489 0.301288
-1.18297 -1.18045 0.000757974 0.301481
-1.18045 -1.17794 0.000759593 0.302125
-1.17794 -1.17542 0.000762286 0.303196
-1.17542 -1.17291 0.000763018 0.303487
-1.17291 -1.17039 0.000764811 0.3042
-1.17039 -1.16788 0.000765326 0.304405
-1.16788 -1.16537 0.000767164 0.305136
-1.16537 -1.16285 0.000768456 0.30565
-1.16285 -1.16034 0.000770289 0.306379
-1.16034 -1.15782 0.000770428 0.306434
-1.15782 -1.15531 0.0007716 0.3069
-1.15531 -1.1528 0.000774097 0.307894
-1.1528 -1.15028 0.000774302 0.307975
-1.15028 -1.14777 0.00077679 0.308965
-1.14777 -1.14525 0.000777872 0.309395
-1.14525 -1.14274 0.000779216 0.30993
-1.14274 -1.14022 0.000780099 0.310281
-1.14022 -1.13771 0.000782399 0.311196
-1.13771 -1.1352 0.000782976 0.311425
-1.1352 -1.13268 0.000784462 0.312016
-1.13268 -1.13017 0.000786217 0.312714
-1.13017 -1.12765 0.000787321 0.313154
-1.12765 -1.12514 0.000789288 0.313936
-1.12514 -1.12263 0.000789771 0.314128
-1.12263 -1.12011 0.000791378 0.314767
-1.12011 -1.1176 0.000793193 0.315489
-1.1176 -1.11508 0.000795129 0.316259
-1.11508 -1.11257 0.000796044 0.316623
-1.11257 -1.11005 0.000797477 0.317193
-1.11005 -1.10754 0.000797585 0.317236
-1.10754 -1.10503 0.000799449 0.317977
-1.10503 -1.10251 0.000800274 0.318305
-1.10251 -1.1 0.000802592 0.319227
-1.1 -1.09748 0.000803427 0.31956
-1.09748 -1.09497 0.000805333 0.320318
-1.09497 -1.09246 0.000805676 0.320454
-1.09246 -1.08994 0.000808329 0.321509
-1.08994 -1.08743 0.000808802 0.321698
-1.08743 -1.08491 0.000809584 0.322008
-1.08491 -1.0824 0.000811628 0.322821
-1.0824 -1.07988 0.000812865 0.323314
-1.07988 -1.07737 0.000814546 0.323982
-1.07737 -1.07486 0.000815822 0.324489
-1.07486 -1.07234 0.000816438 0.324735
-1.07234 -1.06983 0.000818334 0.325489
-1.06983 -1.06731 0.000819383 0.325906
-1.06731 -1.0648 0.000820218 0.326238
-1.0648 -1.06229 0.000822669 0.327213
-1.06229 -1.05977 0.000823797 0.327662
-1.05977 -1.05726 0.000824718 0.328028
-1.05726 -1.05474 0.000825362 0.328284
-1.05474 -1.05223 0.000828016 0.32934
-1.05223 -1.04971 0.000828691 0.329608
-1.04971 -1.0472 0.000829178 0.329802
-1.0472 -1.04469 0.000831307 0.330649
-1.04469 -1.04217 0.000831438 0.330701
-1.04217 -1.03966 0.000832997 0.331321
-1.03966 -1.03714 0.000835014 0.332123
-1.03714 -1.03463 0.000836221 0.332603
-1.03463 -1.03212 0.000837671 0.33318
-1.03212 -1.0296 0.000838557 0.333532
-1.0296 -1.02709 0.000839895 0.334064
-1.02709 -1.02457 0.000840784 0.334418
-1.02457 -1.02206 0.00084285 0.33524
-1.02206 -1.01954 0.000842838 0.335235
-1.01954 -1.01703 0.000844793 0.336013
-1.01703 -1.01452 0.000845681 0.336366
-1.01452 -1.012 0.000847131 0.336943
-1.012 -1.00949 0.000848526 0.337497
-1.00949 -1.00697 0.000849367 0.337832
-1.00697 -1.00446 0.000849702 0.337965
-1.00446 -1.00195 0.000851266 0.338587
-1.00195 -0.999431 0.000853343 0.339414
-0.999431 -0.996917 0.00085429 0.33979
-0.996917 -0.994403 0.000854567 0.3399
-0.994403 -0.991889 0.000856658 0.340732
-0.991889 -0.989375 0.000857365 0.341013
-0.989375 -0.98686 0.000858625 0.341514
-0.98686 -0.984346 0.000860039 0.342077
-0.984346 -0.981832 0.000860117 0.342108
-0.981832 -0.979318 0.000861457 0.342641
-0.979318 -0.976804 0.000863053 0.343275
-0.976804 -0.97429 0.000864645 0.343909
-0.97429 -0.971775 0.000865534 0.344262
-0.971775 -0.969261 0.000866527 0.344657
-0.969261 -0.966747 0.000866753 0.344747
-0.966747 -0.964233 0.000868764 0.345547
-0.964233 -0.961719 0.000869494 0.345838
-0.961719 -0.959205 0.000871358 0.346579
-0.959205 -0.95669 0.000872825 0.347162
-0.95669 -0.954176 0.000873133 0.347285
-0.954176 -0.951662 0.000875075 0.348057
-0.951662 -0.949148 0.000876452 0.348605
-0.949148 -0.946634 0.000876936 0.348797
-0.946634 -0.94412 0.00087835 0.34936
-0.94412 -0.941605 0.00087953 0.349829
-0.941605 -0.939091 0.000879879 0.349968
-0.939091 -0.936577 0.000880636 0.350269
-0.936577 -0.934063 0.000881487 0.350607
-0.934063 -0.931549 0.000883243 0.351306
-0.931549 -0.929035 0.000885143 0.352062
-0.929035 -0.92652 0.000885577 0.352234
-0.92652 -0.924006 0.00088739 0.352955
-0.924006 -0.921492 0.000887619 0.353047
-0.921492 -0.918978 0.000888705 0.353479
-0.918978 -0.916464 0.000889569 0.353822
-0.916464 -0.91395 0.000890786 0.354306
-0.91395 -0.911435 0.000891754 0.354691
-0.911435 -0.908921 0.000893876 0.355535
-0.908921 -0.906407 0.00089351 0.35539
-0.906407 -0.903893 0.000894815 0.355909
-0.903893 -0.901379 0.000896324 0.356509
-0.901379 -0.898865 0.000896774 0.356688
-0.898865 -0.89635 0.000898417 0.357341
-0.89635 -0.893836 0.000900042 0.357988
-0.893836 -0.891322 0.000899693 0.357849
-0.891322 -0.888808 0.00090126 0.358472
-0.888808 -0.886294 0.00090195 0.358747
-0.886294 -0.88378 0.000903304 0.359285
-0.88378 -0.881265 0.000904626 0.359811
-0.881265 -0.878751 0.000905592 0.360195
-0.878751 -0.876237 0.000906385 0.360511
-0.876237 -0.873723 0.000907374 0.360904
-0.873723 -0.871209 0.000908481 0.361345
-0.871209 -0.868694 0.00090857 0.36138
-0.868694 -0.86618 0.000911326 0.362476
-0.86618 -0.863666 0.000910431 0.36212
-0.863666 -0.861152 0.000912838 0.363077
-0.861152 -0.858638 0.000912483 0.362936
-0.858638 -0.856124 0.000913852 0.363481
-0.856124 -0.853609 0.000914171 0.363607
-0.853609 -0.851095 0.000915566 0.364162
-0.851095 -0.848581 0.00091627 0.364442
-0.848581 -0.846067 0.000917501 0.364932
-0.846067 -0.843553 0.000918512 0.365334
-0.843553 -0.841039 0.000919805 0.365848
-0.841039 -0.838524 0.000920132 0.365978
-0.838524 -0.83601 0.000920851 0.366264
-0.83601 -0.833496 0.000922335 0.366855
-0.833496 -0.830982 0.00092335 0.367258
-0.830982 -0.828468 0.0009237 0.367398
-0.828468 -0.825954 0.000925028 0.367926
-0.825954 -0.823439 0.000925301 0.368034
-0.823439 -0.820925 0.000926521 0.36852
-0.820925 -0.818411 0.000927179 0.368781
-0.818411 -0.815897 0.000927774 0.369018
-0.815897 -0.813383 0.000929288 0.36962
-0.813383 -0.810869 0.000930218 0.36999
-0.810869 -0.808354 0.000931213 0.370386
-0.808354 -0.80584 0.000932297 0.370817
-0.80584 -0.803326 0.000932414 0.370864
-0.803326 -0.800812 0.000933489 0.371291
-0.800812 -0.798298 0.000934058 0.371517
-0.798298 -0.795784 0.000934427 0.371664
-0.795784 -0.793269 0.000935949 0.372269
-0.793269 -0.790755 0.000936495 0.372487
-0.790755 -0.788241 0.000937462 0.372871
-0.788241 -0.785727 0.000938771 0.373392
-0.785727 -0.783213 0.000938523 0.373294
-0.783213 -0.780699 0.00094024 0.373976
-0.780699 -0.778184 0.000941063 0.374304
-0.778184 -0.77567 0.000941732 0.37457
-0.77567 -0.773156 0.000942766 0.374981
-0.773156 -0.770642 0.000943512 0.375278
-0.770642 -0.768128 0.000943575 0.375303
-0.768128 -0.765614 0.000944775 0.37578
-0.765614 -0.763099 0.000946254 0.376368
-0.763099 -0.760585 0.000947033 0.376678
-0.760585 -0.758071 0.000947397 0.376823
-0.758071 -0.755557 0.000947287 0.376779
-0.755557 -0.753043 0.000948671 0.37733
-0.753043 -0.750529 0.000949738 0.377754
-0.750529 -0.748014 0.000950638 0.378112
-0.748014 -0.7455 0.000950419 0.378025
-0.7455 -0.742986 0.000951429 0.378427
-0.742986 -0.740472 0.00095244 0.378829
-0.740472 -0.737958 0.00095335 0.379191
-0.737958 -0.735443 0.000954098 0.379488
-0.735443 -0.732929 0.000954306 0.379571
-0.732929 -0.730415 0.00095547 0.380034
-0.730415 -0.727901 0.000955552 0.380067
-0.727901 -0.725387 0.000956363 0.380389
-0.725387 -0.722873 0.000956963 0.380628
-0.722873 -0.720358 0.000957775 0.380951
-0.720358 -0.717844 0.000959161 0.381502
-0.717844 -0.71533 0.000958814 0.381364
-0.71533 -0.712816 0.000960269 0.381943
-0.712816 -0.710302 0.000961276 0.382343
-0.710302 -0.707788 0.000960986 0.382228
-0.707788 -0.705273 0.000961244 0.382331
-0.705273 -0.702759 0.000962835 0.382963
-0.702759 -0.700245 0.000963411 0.383193
-0.700245 -0.697731 0.000962926 0.382999
-0.697731 -0.695217 0.000964527 0.383636
-0.695217 -0.692703 0.000964809 0.383749
-0.692703 -0.690188 0.000965767 0.38413
-0.690188 -0.687674 0.00096626 0.384326
-0.687674 -0.68516 0.000966722 0.384509
-0.68516 -0.682646 0.000967547 0.384838
-0.682646 -0.680132 0.000968276 0.385128
-0.680132 -0.677618 0.000969093 0.385452
-0.677618 -0.675103 0.000969302 0.385535
-0.675103 -0.672589 0.00096996 0.385797
-0.672589 -0.670075 0.000969885 0.385767
-0.670075 -0.667561 0.00097045 0.385992
-0.667561 -0.665047 0.000971461 0.386394
-0.665047 -0.662533 0.000971646 0.386468
-0.662533 -0.660018 0.000972406 0.38677
-0.660018 -0.657504 0.000972646 0.386866
-0.657504 -0.65499 0.000973842 0.387341
-0.65499 -0.652476 0.000973653 0.387266
-0.652476 -0.649962 0.00097376 0.387309
-0.649962 -0.647448 0.00097485 0.387742
-0.647448 -0.644933 0.000976167 0.388266
-0.644933 -0.642419 0.000976302 0.38832
-0.642419 -0.639905 0.000976698 0.388478
-0.639905 -0.637391 0.000977447 0.388775
-0.637391 -0.634877 0.000977575 0.388826
-0.634877 -0.632363 0.000977707 0.388879
-0.632363 -0.629848 0.000979661 0.389656
-0.629848 -0.627334 0.000979401 0.389552
-0.627334 -0.62482 0.000979344 0.38953
-0.62482 -0.622306 0.000980115 0.389837
-0.622306 -0.619792 0.000979841 0.389728
-0.619792 -0.617278 0.000981128 0.390239
-0.617278 -0.614763 0.000981764 0.390492
-0.614763 -0.612249 0.000982036 0.3906
-0.612249 -0.609735 0.000982354 0.390727
-0.609735 -0.607221 0.000983244 0.391081
-0.607221 -0.604707 0.000983712 0.391267
-0.604707 -0.602193 0.000983902 0.391343
-0.602193 -0.599678 0.000984205 0.391463
-0.599678 -0.597164 0.000984342 0.391518
-0.597164 -0.59465 0.000984549 0.3916
-0.59465 -0.592136 0.000984623 0.391629
-0.592136 -0.589622 0.000985694 0.392055
-0.589622 -0.587107 0.000986789 0.392491
-0.587107 -0.584593 0.000987519 0.392781
-0.584593 -0.582079 0.000986596 0.392414
-0.582079 -0.579565 0.000987687 0.392848
-0.579565 -0.577051 0.000988051 0.392993
-0.577051 -0.574537 0.000987697 0.392852
-0.574537 -0.572022 0.000988517 0.393178
-0.572022 -0.569508 0.000988749 0.393271
-0.569508 -0.566994 0.000989858 0.393712
-0.566994 -0.56448 0.000989608 0.393612
-0.56448 -0.561966 0.000989965 0.393754
-0.561966 -0.559452 0.000990647 0.394026
-0.559452 -0.556937 0.000990942 0.394143
-0.556937 -0.554423 0.000990584 0.394
-0.554423 -0.551909 0.000991908 0.394527
-0.551909 -0.549395 0.000992366 0.394709
-0.549395 -0.546881 0.000992272 0.394672
-0.546881 -0.544367 0.000992307 0.394686
-0.544367 -0.541852 0.000992544 0.39478
-0.541852 -0.539338 0.000992965 0.394948
-0.539338 -0.536824 0.000994633 0.395611
-0.536824 -0.53431 0.000992935 0.394936
-0.53431 -0.531796 0.000993373 0.39511
-0.531796 -0.529282 0.000993575 0.39519
-0.529282 -0.526767 0.000994712 0.395642
-0.526767 -0.524253 0.000994997 0.395756
-0.524253 -0.521739 0.000995325 0.395886
-0.521739 -0.519225 0.000995915 0.396121
-0.519225 -0.516711 0.000994773 0.395667
-0.516711 -0.514197 0.000996376 0.396304
-0.514197 -0.511682 0.000995151 0.395817
-0.511682 -0.509168 0.000996808 0.396476
-0.509168 -0.506654 0.000996598 0.396392
-0.506654 -0.50414 0.000996809 0.396476
-0.50414 -0.501626 0.000997824 0.39688
-0.501626 -0.499112 0.000997516 0.396758
-0.499112 -0.496597 0.00099705 0.396572
-0.496597 -0.494083 0.000996707 0.396436
-0.494083 -0.491569 0.000997942 0.396927
-0.491569 -0.489055 0.000996972 0.396541
-0.489055 -0.486541 0.000997472 0.39674
-0.486541 -0.484027 0.000997636 0.396805
-0.484027 -0.481512 0.000997475 0.396741
-0.481512 -0.478998 0.000997952 0.396931
-0.478998 -0.476484 0.000997789 0.396866
-0.476484 -0.47397 0.000999152 0.397408
-0.47397 -0.471456 0.000998283 0.397063
-0.471456 -0.468942 0.000999222 0.397436
-0.468942 -0.466427 0.000998887 0.397303
-0.466427 -0.463913 0.000999283 0.39746
-0.463913 -0.461399 0.000999192 0.397424
-0.461399 -0.458885 0.000998935 0.397322
-0.458885 -0.456371 0.000999365 0.397493
-0.456371 -0.453856 0.000998587 0.397184
-0.453856 -0.451342 0.000999773 0.397655
-0.451342 -0.448828 0.000999501 0.397547
-0.448828 -0.446314 0.000999473 0.397536
-0.446314 -0.4438 0.000998803 0.39727
-0.4438 -0.441286 0.000999348 0.397486
-0.441286 -0.438771 0.0010002 0.397825
-0.438771 -0.436257 0.000999672 0.397615
-0.436257 -0.433743 0.00100018 0.397816
-0.433743 -0.431229 0.000999105 0.397389
-0.431229 -0.428715 0.000999173 0.397417
-0.428715 -0.426201 0.000999171 0.397416
-0.426201 -0.423686 0.00100008 0.397778
-0.423686 -0.421172 0.000998801 0.397269
-0.421172 -0.418658 0.00099919 0.397423
-0.418658 -0.416144 0.00099931 0.397471
-0.416144 -0.41363 0.00100003 0.397757
-0.41363 -0.411116 0.000999931 0.397718
-0.411116 -0.408601 0.000999924 0.397715
-0.408601 -0.406087 0.000999664 0.397612
-0.406087 -0.403573 0.000999523 0.397556
-0.403573 -0.401059 0.000999625 0.397596
-0.401059 -0.398545 0.00100017 0.397812
-0.398545 -0.396031 0.00100066 0.39801
-0.396031 -0.393516 0.000999324 0.397477
-0.393516 -0.391002 0.000999701 0.397627
-0.391002 -0.388488 0.00100001 0.397751
-0.388488 -0.385974 0.000999193 0.397425
-0.385974 -0.38346 0.000998674 0.397218
-0.38346 -0.380946 0.000998815 0.397274
-0.380946 -0.378431 0.000997958 0.396933
-0.378431 -0.375917 0.000998846 0.397287
-0.375917 -0.373403 0.000998805 0.39727
-0.373403 -0.370889 0.000999046 0.397366
-0.370889 -0.368375 0.000998646 0.397207
-0.368375 -0.365861 0.000997922 0.396919
-0.365861 -0.363346 0.000997968 0.396938
-0.363346 -0.360832 0.000997592 0.396788
-0.360832 -0.358318 0.000998077 0.396981
-0.358318 -0.355804 0.000997523 0.396761
-0.355804 -0.35329 0.000996957 0.396535
-0.35329 -0.350776 0.000997204 0.396633
-0.350776 -0.348261 0.000997036 0.396567
-0.348261 -0.345747 0.000995886 0.396109
-0.345747 -0.343233 0.000995939 0.39613
-0.343233 -0.340719 0.000996978 0.396544
-0.340719 -0.338205 0.00099634 0.39629
-0.338205 -0.335691 0.000995657 0.396018
-0.335691 -0.333176 0.000995385 0.39591
-0.333176 -0.330662 0.000995513 0.395961
-0.330662 -0.328148 0.000995933 0.396128
-0.328148 -0.325634 0.00099571 0.396039
-0.325634 -0.32312 0.000995521 0.395964
-0.32312 -0.320605 0.000994545 0.395576
-0.320605 -0.318091 0.000995255 0.395858
-0.318091 -0.315577 0.000993539 0.395176
-0.315577 -0.313063 0.000994988 0.395752
-0.313063 -0.310549 0.000993187 0.395036
-0.310549 -0.308035 0.000993549 0.39518
-0.308035 -0.30552 0.000993049 0.394981
-0.30552 -0.303006 0.000992193 0.39464
-0.303006 -0.300492 0.000992579 0.394794
-0.300492 -0.297978 0.000992596 0.394801
-0.297978 -0.295464 0.000991039 0.394182
-0.295464 -0.29295 0.00099089 0.394122
-0.29295 -0.290435 0.000990058 0.393791
-0.290435 -0.287921 0.0009917 0.394444
-0.287921 -0.285407 0.000989996 0.393767
-0.285407 -0.282893 0.000990219 0.393855
-0.282893 -0.280379 0.000989517 0.393576
-0.280379 -0.277865 0.000988438 0.393147
-0.277865 -0.27535 0.000988596 0.39321
-0.27535 -0.272836 0.000988659 0.393235
-0.272836 -0.270322 0.000988434 0.393145
-0.270322 -0.267808 0.000987986 0.392967
-0.267808 -0.265294 0.000987355 0.392716
-0.265294 -0.26278 0.000987445 0.392752
-0.26278 -0.260265 0.000986242 0.392273
-0.260265 -0.257751 0.000986004 0.392179
-0.257751 -0.255237 0.000986278 0.392288
-0.255237 -0.252723 0.00098627 0.392285
-0.252723 -0.250209 0.000985513 0.391983
-0.250209 -0.247695 0.000984334 0.391515
-0.247695 -0.24518 0.000984507 0.391583
-0.24518 -0.242666 0.000984715 0.391666
-0.242666 -0.240152 0.000984822 0.391709
-0.240152 -0.237638 0.000983177 0.391054
-0.237638 -0.235124 0.000982591 0.390821
-0.235124 -0.23261 0.00098254 0.390801
-0.23261 -0.230095 0.000980931 0.390161
-0.230095 -0.227581 0.000980971 0.390177
-0.227581 -0.225067 0.000982305 0.390707
-0.225067 -0.222553 0.000979603 0.389633
-0.222553 -0.220039 0.00097941 0.389556
-0.220039 -0.217525 0.000980232 0.389883
-0.217525 -0.21501 0.000979253 0.389493
-0.21501 -0.212496 0.000978032 0.389008
-0.212496 -0.209982 0.000977678 0.388867
-0.209982 -0.207468 0.000977299 0.388716
-0.207468 -0.204954 0.000977284 0.38871
-0.204954 -0.20244 0.00097558 0.388033
-0.20244 -0.199925 0.00097507 0.38783
-0.199925 -0.197411 0.000975187 0.387876
-0.197411 -0.194897 0.000973801 0.387325
-0.194897 -0.192383 0.00097358 0.387237
-0.192383 -0.189869 0.000973143 0.387063
-0.189869 -0.187354 0.00097238 0.38676
-0.187354 -0.18484 0.000972762 0.386912
-0.18484 -0.182326 0.000971093 0.386248
-0.182326 -0.179812 0.000970998 0.38621
-0.179812 -0.177298 0.000969932 0.385786
-0.177298 -0.174784 0.000970342 0.385949
-0.174784 -0.172269 0.000970712 0.386096
-0.172269 -0.169755 0.000969414 0.38558
-0.169755 -0.167241 0.000968091 0.385054
-0.167241 -0.164727 0.000967276 0.38473
-0.164727 -0.162213 0.00096728 0.384731
-0.162213 -0.159699 0.000966171 0.38429
-0.159699 -0.157184 0.000965434 0.383997
-0.157184 -0.15467 0.000965361 0.383968
-0.15467 -0.152156 0.000965154 0.383886
-0.152156 -0.149642 0.00096371 0.383312
-0.149642 -0.147128 0.000964135 0.383481
-0.147128 -0.144614 0.000963069 0.383056
-0.144614 -0.142099 0.000962416 0.382797
-0.142099 -0.139585 0.00095989 0.381792
-0.139585 -0.137071 0.00096042 0.382003
-0.137071 -0.134557 0.000960288 0.38195
-0.134557 -0.132043 0.000959014 0.381444
-0.132043 -0.129529 0.000957791 0.380957
-0.129529 -0.127014 0.000958371 0.381188
-0.127014 -0.1245 0.000957833 0.380974
-0.1245 -0.121986 0.0009562 0.380324
-0.121986 -0.119472 0.000955566 0.380072
-0.119472 -0.116958 0.000954885 0.379801
-0.116958 -0.114444 0.00095431 0.379572
-0.114444 -0.111929 0.000954089 0.379485
-0.111929 -0.109415 0.000953417 0.379218
-0.109415 -0.106901 0.00095234 0.378789
-0.106901 -0.104387 0.000951528 0.378466
-0.104387 -0.101873 0.000950423 0.378026
-0.101873 -0.0993585 0.000950547 0.378076
-0.0993585 -0.0968444 0.00094977 0.377767
-0.0968444 -0.0943302 0.000948048 0.377082
-0.0943302 -0.091816 0.000946872 0.376614
-0.091816 -0.0893019 0.000947093 0.376702
-0.0893019 -0.0867877 0.000945061 0.375894
-0.0867877 -0.0842735 0.000945808 0.376191
-0.0842735 -0.0817594 0.00094534 0.376005
-0.0817594 -0.0792452 0.000944818 0.375797
-0.0792452 -0.076731 0.000942786 0.374989
-0.076731 -0.0742168 0.000942004 0.374678
-0.0742168 -0.0717027 0.00094075 0.374179
-0.0717027 -0.0691885 0.000939823 0.37381
-0.0691885 -0.0666743 0.000939263 0.373588
-0.0666743 -0.0641602 0.00093911 0.373527
-0.0641602 -0.061646 0.00093762 0.372934
-0.061646 -0.0591318 0.000936784 0.372602
-0.0591318 -0.0566177 0.000936449 0.372469
-0.0566177 -0.0541035 0.000935219 0.371979
-0.0541035 -0.0515893 0.000934267 0.371601
-0.0515893 -0.0490752 0.000933889 0.37145
-0.0490752 -0.046561 0.000933232 0.371189
-0.046561 -0.0440468 0.000931775 0.370609
-0.0440468 -0.0415326 0.000930712 0.370187
-0.0415326 -0.0390185 0.00093016 0.369967
-0.0390185 -0.0365043 0.000929146 0.369564
-0.0365043 -0.0339901 0.000928985 0.3695
-0.0339901 -0.031476 0.000927913 0.369073
-0.031476 -0.0289618 0.00092626 0.368416
-0.0289618 -0.0264476 0.000925541 0.36813
-0.0264476 -0.0239335 0.000924658 0.367779
-0.0239335 -0.0214193 0.000923557 0.367341
-0.0214193 -0.0189051 0.000922615 0.366966
-0.0189051 -0.0163909 0.000921394 0.36648
-0.0163909 -0.0138768 0.00092107 0.366352
-0.0138768 -0.0113626 0.00092029 0.366041
-0.0113626 -0.00884844 0.000918511 0.365334
-0.00884844 -0.00633427 0.000917957 0.365113
-0.00633427 -0.0038201 0.000916674 0.364603
-0.0038201 -0.00130593 0.000916314 0.36446
-0.00130593 0.00120824 0.000915343 0.364074
0.00120824 0.00372241 0.000913173 0.363211
0.00372241 0.00623658 0.000913367 0.363288
0.00623658 0.00875075 0.000912356 0.362886
0.00875075 0.0112649 0.000910142 0.362005
0.0112649 0.0137791 0.000909984 0.361942
0.0137791 0.0162933 0.000909906 0.361911
0.0162933 0.0188074 0.000908246 0.361251
0.0188074 0.0213216 0.000906951 0.360736
0.0213216 0.0238358 0.000905591 0.360195
0.0238358 0.0263499 0.000904923 0.359929
0.0263499 0.0288641 0.000903481 0.359355
0.0288641 0.0313783 0.000902941 0.359141
0.0313783 0.0338925 0.000902056 0.358789
0.0338925 0.0364066 0.000901289 0.358484
0.0364066 0.0389208 0.000900227 0.358061
0.0389208 0.041435 0.00089899 0.357569
0.041435 0.0439491 0.000898009 0.357179
0.0439491 0.0464633 0.00089714 0.356834
0.0464633 0.0489775 0.000895548 0.3562
0.0489775 0.0514916 0.000894743 0.35588
0.0514916 0.0540058 0.000893919 0.355552
0.0540058 0.05652 0.000891763 0.354695
0.05652 0.0590341 0.000890941 0.354368
0.0590341 0.0615483 0.000890262 0.354098
0.0615483 0.0640625 0.000889433 0.353768
0.0640625 0.0665767 0.000888551 0.353417
0.0665767 0.0690908 0.000887134 0.352854
0.0690908 0.071605 0.000886496 0.3526
0.071605 0.0741192 0.000884614 0.351851
0.0741192 0.0766333 0.000884049 0.351627
0.0766333 0.0791475 0.000882271 0.350919
0.0791475 0.0816617 0.000882004 0.350813
0.0816617 0.0841758 0.000880864 0.35036
0.0841758 0.08669 0.000879712 0.349901
0.08669 0.0892042 0.000877586 0.349056
0.0892042 0.0917184 0.000877279 0.348934
0.0917184 0.0942325 0.000875858 0.348369
0.0942325 0.0967467 0.000875254 0.348128
0.0967467 0.0992609 0.000873831 0.347562
0.0992609 0.101775 0.000872561 0.347057
0.101775 0.104289 0.000870531 0.34625
0.104289 0.106803 0.000869113 0.345686
0.106803 0.109318 0.000869551 0.34586
0.109318 0.111832 0.000867139 0.344901
0.111832 0.114346 0.000866643 0.344703
0.114346 0.11686 0.000864785 0.343965
0.11686 0.119374 0.000864253 0.343753
0.119374 0.121888 0.000863032 0.343267
0.121888 0.124403 0.00086175 0.342757
0.124403 0.126917 0.000860832 0.342392
0.126917 0.129431 0.000859932 0.342034
0.129431 0.131945 0.000857951 0.341246
0.131945 0.134459 0.000856344 0.340607
0.134459 0.136973 0.000855968 0.340457
0.136973 0.139488 0.000854391 0.33983
0.139488 0.142002 0.00085322 0.339365
0.142002 0.144516 0.000852601 0.339118
0.144516 0.14703 0.000850564 0.338308
0.14703 0.149544 0.000849882 0.338037
0.149544 0.152058 0.000849043 0.337703
0.152058 0.154573 0.000848032 0.337301
0.154573 0.157087 0.000846284 0.336606
0.157087 0.159601 0.000844726 0.335986
0.159601 0.162115 0.000843545 0.335516
0.162115 0.164629 0.000842204 0.334983
0.164629 0.167143 0.000840848 0.334444
0.167143 0.169658 0.000840091 0.334143
0.169658 0.172172 0.000838323 0.333439
0.172172 0.174686 0.000837323 0.333042
0.174686 0.1772 0.000836087 0.33255
0.1772 0.179714 0.000835657 0.332379
0.179714 0.182228 0.000834619 0.331966
0.182228 0.184743 0.000833016 0.331328
0.184743 0.187257 0.000831776 0.330835
0.187257 0.189771 0.000829945 0.330107
0.189771 0.192285 0.000829357 0.329873
0.192285 0.194799 0.000827016 0.328942
0.194799 0.197313 0.000825817 0.328465
0.197313 0.199828 0.000824251 0.327842
0.199828 0.202342 0.000823303 0.327465
0.202342 0.204856 0.000822497 0.327144
0.204856 0.20737 0.000821291 0.326665
0.20737 0.209884 0.000819187 0.325828
0.209884 0.212399 0.000818593 0.325592
0.212399 0.214913 0.000816084 0.324594
0.214913 0.217427 0.000815273 0.324271
0.217427 0.219941 0.00081412 0.323813
0.219941 0.222455 0.000812493 0.323165
0.222455 0.224969 0.000811761 0.322874
0.224969 0.227484 0.000810034 0.322187
0.227484 0.229998 0.000808486 0.321572
0.229998 0.232512 0.000808141 0.321435
0.232512 0.235026 0.000807168 0.321048
0.235026 0.23754 0.000805627 0.320435
0.23754 0.240054 0.000804029 0.319799
0.240054 0.242569 0.000802349 0.319131
0.242569 0.245083 0.000800681 0.318467
0.245083 0.247597 0.000800273 0.318305
0.247597 0.250111 0.00079792 0.317369
0.250111 0.252625 0.000796787 0.316918
0.252625 0.255139 0.000795035 0.316222
0.255139 0.257654 0.000793898 0.315769
0.257654 0.260168 0.000793045 0.31543
0.260168 0.262682 0.000790999 0.314616
0.262682 0.265196 0.000789844 0.314157
0.265196 0.26771 0.000788806 0.313744
0.26771 0.270224 0.000787211 0.31311
0.270224 0.272739 0.000785834 0.312562
0.272739 0.275253 0.000784301 0.311952
0.275253 0.277767 0.000782729 0.311327
0.277767 0.280281 0.000781288 0.310754
0.280281 0.282795 0.000779774 0.310152
0.282795 0.285309 0.000778918 0.309811
0.285309 0.287824 0.00077762 0.309295
0.287824 0.290338 0.00077657 0.308877
0.290338 0.292852 0.000774103 0.307896
0.292852 0.295366 0.000773887 0.30781
0.295366 0.29788 0.000771027 0.306673
0.29788 0.300394 0.00077024 0.30636
0.300394 0.302909 0.000769395 0.306023
0.302909 0.305423 0.000767671 0.305338
0.305423 0.307937 0.000766114 0.304718
0.307937 0.310451 0.000763796 0.303797
0.310451 0.312965 0.00076271 0.303365
0.312965 0.315479 0.000761389 0.302839
0.315479 0.317994 0.000759819 0.302215
0.317994 0.320508 0.000758942 0.301866
0.320508 0.323022 0.000757166 0.301159
0.323022 0.325536 0.000755705 0.300578
0.325536 0.32805 0.000753459 0.299685
0.32805 0.330564 0.00075319 0.299578
0.330564 0.333079 0.000751138 0.298762
0.333079 0.335593 0.000749678 0.298181
0.335593 0.338107 0.000748741 0.297809
0.338107 0.340621 0.000746654 0.296978
0.340621 0.343135 0.000745496 0.296518
0.343135 0.34565 0.000743232 0.295617
0.34565 0.348164 0.00074262 0.295374
0.348164 0.350678 0.000741141 0.294785
0.350678 0.353192 0.000738977 0.293925
0.353192 0.355706 0.000738659 0.293798
0.355706 0.35822 0.000736892 0.293096
0.35822 0.360735 0.000734972 0.292332
0.360735 0.363249 0.000733671 0.291814
0.363249 0.365763 0.000732315 0.291275
0.365763 0.368277 0.000730003 0.290356
0.368277 0.370791 0.000729628 0.290206
0.370791 0.373305 0.000727487 0.289355
0.373305 0.37582 0.000726763 0.289067
0.37582 0.378334 0.00072453 0.288179
0.378334 0.380848 0.000723517 0.287776
0.380848 0.383362 0.000722066 0.287199
0.383362 0.385876 0.000720032 0.28639
0.385876 0.38839 0.000718446 0.285759
0.38839 0.390905 0.000717469 0.28537
0.390905 0.393419 0.000715464 0.284573
0.393419 0.395933 0.000713983 0.283984
0.395933 0.398447 0.000713013 0.283598
0.398447 0.400961 0.000711027 0.282808
0.400961 0.403475 0.000709108 0.282045
0.403475 0.40599 0.000708513 0.281808
0.40599 0.408504 0.000706556 0.28103
0.408504 0.411018 0.000704938 0.280386
0.411018 0.413532 0.000703406 0.279777
0.413532 0.416046 0.000702414 0.279382
0.416046 0.41856 0.000700218 0.278509
0.41856 0.421075 0.000698763 0.27793
0.421075 0.423589 0.000696893 0.277186
0.423589 0.426103 0.000696216 0.276917
0.426103 0.428617 0.000694188 0.27611
0.428617 0.431131 0.000692339 0.275375
0.431131 0.433645 0.000690622 0.274692
0.433645 0.43616 0.000689369 0.274193
0.43616 0.438674 0.000688233 0.273742
0.438674 0.441188 0.000686559 0.273076
0.441188 0.443702 0.00068436 0.272201
0.443702 0.446216 0.000683667 0.271926
0.446216 0.44873 0.000681765 0.271169
0.44873 0.451245 0.000680576 0.270696
0.451245 0.453759 0.000678207 0.269754
0.453759 0.456273 0.000677669 0.26954
0.456273 0.458787 0.000675744 0.268774
0.458787 0.461301 0.000674203 0.268161
0.461301 0.463815 0.00067255 0.267504
0.463815 0.46633 0.000670618 0.266735
0.46633 0.468844 0.00066895 0.266072
0.468844 0.471358 0.000667873 0.265644
0.471358 0.473872 0.000666084 0.264932
0.473872 0.476386 0.000665029 0.264512
0.476386 0.478901 0.000663105 0.263747
0.478901 0.481415 0.000661148 0.262969
0.481415 0.483929 0.000660699 0.26279
0.483929 0.486443 0.000659587 0.262348
0.486443 0.488957 0.000656266 0.261027
0.488957 0.491471 0.000655659 0.260785
0.491471 0.493986 0.000654536 0.260339
0.493986 0.4965 0.000652678 0.2596
0.4965 0.499014 0.000650488 0.258729
0.499014 0.501528 0.000649238 0.258232
0.501528 0.504042 0.000648026 0.257749
0.504042 0.506556 0.000645554 0.256766
0.506556 0.509071 0.000644287 0.256262
0.509071 0.511585 0.000642665 0.255617
0.511585 0.514099 0.00064107 0.254983
0.514099 0.516613 0.000639706 0.25444
0.516613 0.519127 0.000637917 0.253729
0.519127 0.521641 0.000637189 0.253439
0.521641 0.524156 0.000634659 0.252433
0.524156 0.52667 0.000633811 0.252095
0.52667 0.529184 0.00063169 0.251252
0.529184 0.531698 0.000631174 0.251047
0.531698 0.534212 0.000628778 0.250094
0.534212 0.536726 0.000626879 0.249338
0.536726 0.539241 0.000625577 0.248821
0.539241 0.541755 0.00062368 0.248066
0.541755 0.544269 0.000623082 0.247828
0.544269 0.546783 0.000621298 0.247118
0.546783 0.549297 0.00061917 0.246272
0.549297 0.551811 0.000617951 0.245787
0.551811 0.554326 0.000616355 0.245153
0.554326 0.55684 0.000614515 0.244421
0.55684 0.559354 0.000611983 0.243413
0.559354 0.561868 0.000611429 0.243193
0.561868 0.564382 0.000609179 0.242298
0.564382 0.566896 0.000607724 0.241719
0.566896 0.569411 0.00060672 0.24132
0.569411 0.571925 0.000604767 0.240543
0.571925 0.574439 0.000604391 0.240394
0.574439 0.576953 0.000602595 0.239679
0.576953 0.579467 0.000599914 0.238613
0.579467 0.581981 0.000598149 0.237911
0.581981 0.584496 0.000596965 0.23744
0.584496 0.58701 0.000595257 0.236761
0.58701 0.589524 0.000593823 0.23619
0.589524 0.592038 0.000591927 0.235437
0.592038 0.594552 0.000590628 0.23492
0.594552 0.597066 0.000589362 0.234416
0.597066 0.599581 0.000587282 0.233589
0.599581 0.602095 0.00058601 0.233083
0.602095 0.604609 0.000584446 0.232461
0.604609 0.607123 0.000582724 0.231776
0.607123 0.609637 0.000581249 0.231189
0.609637 0.612151 0.000579317 0.230421
0.612151 0.614666 0.000577874 0.229847
0.614666 0.61718 0.000576365 0.229246
0.61718 0.619694 0.000574399 0.228465
0.619694 0.622208 0.000573569 0.228134
0.622208 0.624722 0.000571798 0.22743
0.624722 0.627237 0.000570009 0.226719
0.627237 0.629751 0.000568134 0.225973
0.629751 0.632265 0.000566802 0.225443
0.632265 0.634779 0.000565843 0.225061
0.634779 0.637293 0.000563956 0.224311
0.637293 0.639807 0.000562018 0.22354
0.639807 0.642322 0.000560639 0.222992
0.642322 0.644836 0.000558823 0.222269
0.644836 0.64735 0.000557356 0.221686
0.64735 0.649864 0.000555653 0.221008
0.649864 0.652378 0.00055437 0.220498
0.652378 0.654892 0.000552836 0.219888
0.654892 0.657407 0.00055118 0.219229
0.657407 0.659921 0.000550015 0.218766
0.659921 0.662435 0.000548406 0.218126
0.662435 0.664949 0.000546817 0.217494
0.664949 0.667463 0.00054487 0.21672
0.667463 0.669977 0.000544196 0.216452
0.669977 0.672492 0.000542206 0.21566
0.672492 0.675006 0.000539958 0.214766
0.675006 0.67752 0.000538922 0.214354
0.67752 0.680034 0.000537264 0.213694
0.680034 0.682548 0.000535011 0.212798
0.682548 0.685062 0.000533582 0.21223
0.685062 0.687577 0.000532377 0.211751
0.687577 0.690091 0.000530947 0.211182
0.690091 0.692605 0.000529482 0.210599
0.692605 0.695119 0.000527176 0.209682
0.695119 0.697633 0.000525452 0.208996
0.697633 0.700147 0.000524342 0.208555
0.700147 0.702662 0.000523059 0.208045
0.702662 0.705176 0.00052155 0.207444
0.705176 0.70769 0.000519804 0.20675
0.70769 0.710204 0.000517615 0.205879
0.710204 0.712718 0.000516766 0.205542
0.712718 0.715232 0.000514519 0.204648
0.715232 0.717747 0.000513639 0.204298
0.717747 0.720261 0.000512022 0.203654
0.720261 0.722775 0.000510352 0.20299
0.722775 0.725289 0.000509077 0.202483
0.725289 0.727803 0.000506683 0.201531
0.727803 0.730317 0.000505495 0.201058
0.730317 0.732832 0.000504051 0.200484
0.732832 0.735346 0.00050175 0.199569
0.735346 0.73786 0.000501042 0.199287
0.73786 0.742888 0.00099697 0.19827
0.742888 0.747917 0.000991231 0.197129
0.747917 0.752945 0.000985438 0.195977
0.752945 0.757973 0.000979096 0.194716
0.757973 0.763002 0.000972702 0.193444
0.763002 0.76803 0.000965844 0.19208
0.76803 0.773058 0.000961369 0.19119
0.773058 0.778087 0.000954704 0.189865
0.778087 0.783115 0.0009483 0.188591
0.783115 0.788143 0.000942206 0.187379
0.788143 0.793172 0.00093568 0.186081
0.793172 0.7982 0.00092985 0.184922
0.7982 0.803228 0.000924191 0.183796
0.803228 0.808257 0.000917541 0.182474
0.808257 0.813285 0.000911998 0.181372
0.813285 0.818313 0.000905822 0.180143
0.818313 0.823342 0.000899762 0.178938
0.823342 0.82837 0.00089347 0.177687
0.82837 0.833398 0.000888275 0.176654
0.833398 0.838427 0.000881505 0.175307
0.838427 0.843455 0.000875243 0.174062
0.843455 0.848483 0.000869386 0.172897
0.848483 0.853512 0.000864263 0.171878
0.853512 0.85854 0.000856855 0.170405
0.85854 0.863568 0.000851447 0.16933
0.863568 0.868597 0.000846246 0.168295
0.868597 0.873625 0.000839217 0.166898
0.873625 0.878653 0.000833644 0.165789
0.878653 0.883682 0.000827735 0.164614
0.883682 0.88871 0.000821971 0.163468
0.88871 0.893739 0.000816383 0.162356
0.893739 0.898767 0.000810512 0.161189
0.898767 0.903795 0.00080456 0.160005
0.903795 0.908824 0.000798934 0.158886
0.908824 0.913852 0.000793223 0.15775
0.913852 0.91888 0.000787232 0.156559
0.91888 0.923909 0.000782114 0.155541
0.923909 0.928937 0.00077655 0.154435
0.928937 0.933965 0.000770318 0.153195
0.933965 0.938994 0.000765281 0.152194
0.938994 0.944022 0.00075899 0.150943
0.944022 0.94905 0.000753377 0.149826
0.94905 0.954079 0.000748149 0.148787
0.954079 0.959107 0.00074203 0.14757
0.959107 0.964135 0.000736597 0.146489
0.964135 0.969164 0.000731248 0.145425
0.969164 0.974192 0.000725454 0.144273
0.974192 0.97922 0.000720683 0.143324
0.97922 0.984249 0.00071365 0.141926
0.984249 0.989277 0.000708523 0.140906
0.989277 0.994305 0.000703178 0.139843
0.994305 0.999334 0.000698442 0.138901
0.999334 1.00436 0.000692796 0.137778
1.00436 1.00939 0.000687344 0.136694
1.00939 1.01442 0.000682538 0.135738
1.01442 1.01945 0.000677263 0.134689
1.01945 1.02448 0.000671815 0.133606
1.02448 1.0295 0.000665993 0.132448
1.0295 1.03453 0.00066054 0.131363
1.03453 1.03956 0.000655513 0.130364
1.03956 1.04459 0.000650024 0.129272
1.04459 1.04962 0.000645457 0.128364
1.04962 1.05465 0.000639533 0.127186
1.05465 1.05967 0.000634444 0.126174
1.05967 1.0647 0.000628831 0.125057
1.0647 1.06973 0.00062495 0.124285
1.06973 1.07476 0.00061872 0.123046
1.07476 1.07979 0.000613777 0.122064
1.07979 1.08482 0.000609137 0.121141
1.08482 1.08984 0.000603361 0.119992
1.08984 1.09487 0.000598864 0.119098
1.09487 1.0999 0.000592967 0.117925
1.0999 1.10493 0.000588533 0.117043
1.10493 1.10996 0.000583249 0.115992
1.10996 1.11499 0.000578857 0.115119
1.11499 1.12001 0.000573701 0.114094
1.12001 1.12504 0.00056939 0.113236
1.12504 1.13007 0.000563644 0.112093
1.13007 1.1351 0.000559155 0.111201
1.1351 1.14013 0.000553464 0.110069
1.14013 1.14516 0.000549689 0.109318
1.14516 1.15018 0.000544413 0.108269
1.15018 1.15521 0.000539627 0.107317
1.15521 1.16024 0.000535403 0.106477
1.16024 1.16527 0.00053074 0.10555
1.16527 1.1703 0.000525791 0.104565
1.1703 1.17533 0.000520974 0.103607
1.17533 1.18035 0.00051655 0.102728
1.18035 1.18538 0.000511904 0.101804
1.18538 1.19041 0.000507366 0.100901
1.19041 1.19544 0.000503082 0.100049
1.19544 1.2055 0.000991523 0.0985934
1.2055 1.21555 0.000973077 0.0967593
1.21555 1.22561 0.000956209 0.095082
1.22561 1.23567 0.000938436 0.0933147
1.23567 1.24572 0.000920814 0.0915624
1.24572 1.25578 0.000904287 0.0899191
1.25578 1.26584 0.000887378 0.0882377
1.26584 1.27589 0.000870477 0.0865571
1.27589 1.28595 0.000853964 0.0849151
1.28595 1.29601 0.0008373 0.0832581
1.29601 1.30606 0.000821686 0.0817055
1.30606 1.31612 0.000805674 0.0801134
1.31612 1.32618 0.000789776 0.0785325
1.32618 1.33623 0.000774921 0.0770554
1.33623 1.34629 0.000758834 0.0754557
1.34629 1.35635 0.000743695 0.0739504
1.35635 1.3664 0.000729425 0.0725314
1.3664 1.37646 0.000714793 0.0710764
1.37646 1.38652 0.00069988 0.0695935
1.38652 1.39657 0.000685373 0.0681511
1.39657 1.40663 0.000671585 0.06678
1.40663 1.41669 0.000658083 0.0654374
1.41669 1.42674 0.00064457 0.0640938
1.42674 1.4368 0.000630178 0.0626626
1.4368 1.44686 0.000617107 0.0613629
1.44686 1.45691 0.000603484 0.0600083
1.45691 1.46697 0.000590444 0.0587116
1.46697 1.47703 0.000578336 0.0575077
1.47703 1.48708 0.000565505 0.0562318
1.48708 1.49714 0.00055374 0.0550619
1.49714 1.5072 0.000541519 0.0538467
1.5072 1.51725 0.000529953 0.0526966
1.51725 1.52731 0.000517977 0.0515058
1.52731 1.53737 0.000506044 0.0503192
1.53737 1.55748 0.000978887 0.0486685
1.55748 1.57759 0.000933451 0.0464095
1.57759 1.59771 0.000891723 0.0443349
1.59771 1.61782 0.000851103 0.0423153
1.61782 1.63793 0.000811054 0.0403241
1.63793 1.65805 0.000772059 0.0383854
1.65805 1.67816 0.000736235 0.0366043
1.67816 1.69827 0.000700375 0.0348214
1.69827 1.71839 0.00066725 0.0331745
1.71839 1.7385 0.000633969 0.0315198
1.7385 1.75861 0.00060097 0.0298792
1.75861 1.77873 0.000571215 0.0283998
1.77873 1.79884 0.000542288 0.0269616
1.79884 1.81895 0.000514215 0.0255658
1.81895 1.83907 0.000487312 0.0242283
1.83907 1.87929 0.000899824 0.0223688
1.87929 1.91952 0.000804313 0.0199945
1.91952 1.95975 0.000718274 0.0178556
1.95975 1.99997 0.000640382 0.0159193
1.99997 2.0402 0.000569684 0.0141618
2.0402 2.08043 0.000504476 0.0125408
2.08043 2.16088 0.000840351 0.0104452
2.16088 2.24133 0.000649989 0.00807908
2.24133 2.40224 0.000876626 0.00544803
2.40224 3.04587 0.00096835 0.00150452
3.04587 3.6895 5.7111e-05 8.8733e-05
3.6895 4.97675 1.79153e-06 1.39175e-06
