0.000854226 0.151976 0.000872986 0.00577669
0.151976 0.189757 0.000818786 0.0216722
0.189757 0.208647 0.00055233 0.0292389
0.208647 0.227537 0.000659258 0.0348994
0.227537 0.246428 0.00077626 0.0410931
0.246428 0.265318 0.000901084 0.047701
0.265318 0.274763 0.000499262 0.0528592
0.274763 0.284208 0.00053413 0.0565509
0.284208 0.293653 0.000569608 0.0603071
0.293653 0.303098 0.000605689 0.0641271
0.303098 0.312543 0.000642578 0.0680327
0.312543 0.321989 0.000680977 0.0720982
0.321989 0.331434 0.000719308 0.0761565
0.331434 0.340879 0.000760986 0.0805692
0.340879 0.350324 0.000800947 0.0848
0.350324 0.359769 0.000842959 0.089248
0.359769 0.369214 0.000885173 0.0937174
0.369214 0.378659 0.000929552 0.098416
0.378659 0.388104 0.000973258 0.103043
0.388104 0.39755 0.00101962 0.107952
0.39755 0.406995 0.00106456 0.11271
0.406995 0.41644 0.00111142 0.117671
0.41644 0.425885 0.0011596 0.122772
0.425885 0.43533 0.00120804 0.127901
0.43533 0.444775 0.00125656 0.133037
0.444775 0.45422 0.00130513 0.13818
0.45422 0.463666 0.0013556 0.143524
0.463666 0.473111 0.00140639 0.148901
0.473111 0.482556 0.00145859 0.154428
0.482556 0.492001 0.00151044 0.159917
0.492001 0.501446 0.00156333 0.165517
0.501446 0.510891 0.00161602 0.171096
0.510891 0.520336 0.00166978 0.176787
0.520336 0.529781 0.00172359 0.182484
0.529781 0.539227 0.00177849 0.188297
0.539227 0.548672 0.00183274 0.19404
0.548672 0.558117 0.00188892 0.199989
0.558117 0.567562 0.0019423 0.20564
0.567562 0.577007 0.00200027 0.211778
0.577007 0.586452 0.00205645 0.217726
0.586452 0.595897 0.0021123 0.223639
0.595897 0.605342 0.00217082 0.229835
0.605342 0.614788 0.00222691 0.235773
0.614788 0.624233 0.00228288 0.241699
0.624233 0.633678 0.00234172 0.247929
0.633678 0.643123 0.00239839 0.253928
0.643123 0.652568 0.00245598 0.260027
0.652568 0.662013 0.00251492 0.266267
0.662013 0.671458 0.00257201 0.272311
0.671458 0.680903 0.00262987 0.278437
0.680903 0.690349 0.00268943 0.284742
0.690349 0.699794 0.00274723 0.290862
0.699794 0.709239 0.00280379 0.296851
0.709239 0.718684 0.00286282 0.3031
0.718684 0.728129 0.00292028 0.309184
0.728129 0.737574 0.00297896 0.315396
0.737574 0.747019 0.00303562 0.321395
0.747019 0.756464 0.00309318 0.327489
0.756464 0.76591 0.003151 0.333611
0.76591 0.775355 0.00320803 0.339649
0.775355 0.7848 0.00326579 0.345765
0.7848 0.794245 0.00332077 0.351585
0.794245 0.80369 0.00337745 0.357586
0.80369 0.813135 0.00343532 0.363714
0.813135 0.82258 0.00349027 0.369532
0.82258 0.832026 0.00354704 0.375542
0.832026 0.841471 0.00360193 0.381353
0.841471 0.850916 0.0036549 0.386961
0.850916 0.860361 0.00370822 0.392607
0.860361 0.869806 0.00376148 0.398245
0.869806 0.879251 0.00381665 0.404086
0.879251 0.888696 0.00387107 0.409848
0.888696 0.898141 0.00392177 0.415216
0.898141 0.907587 0.00397217 0.420552
0.907587 0.917032 0.00402485 0.42613
0.917032 0.926477 0.00407633 0.43158
0.926477 0.935922 0.0041244 0.43667
0.935922 0.945367 0.00417449 0.441973
0.945367 0.954812 0.00422363 0.447176
0.954812 0.964257 0.00427215 0.452313
0.964257 0.973702 0.00431977 0.457355
0.973702 0.983148 0.00436585 0.462233
0.983148 0.992593 0.00441197 0.467116
0.992593 1.00204 0.00445876 0.47207
1.00204 1.01148 0.00450318 0.476773
1.01148 1.02093 0.00454619 0.481327
1.02093 1.03037 0.00458961 0.485923
1.03037 1.03982 0.00463201 0.490413
1.03982 1.04926 0.00467502 0.494966
1.04926 1.05871 0.00471658 0.499367
1.05871 1.06815 0.00475926 0.503886
1.06815 1.0776 0.00479655 0.507833
1.0776 1.08704 0.00483662 0.512075
1.08704 1.09649 0.00487452 0.516088
1.09649 1.10593 0.00491129 0.519981
1.10593 1.11538 0.0049471 0.523772
1.11538 1.12482 0.00498563 0.527852
1.12482 1.13427 0.00501953 0.531442
1.13427 1.14371 0.00505424 0.535116
1.14371 1.15316 0.00508683 0.538566
1.15316 1.1626 0.00512147 0.542234
1.1626 1.17205 0.00515129 0.545391
1.17205 1.1815 0.00518255 0.548701
1.1815 1.19094 0.005212 0.551819
1.19094 1.20039 0.00523962 0.554743
1.20039 1.20983 0.00526778 0.557724
1.20983 1.21928 0.00529414 0.560515
1.21928 1.22872 0.00532049 0.563305
1.22872 1.23817 0.00534518 0.565919
1.23817 1.24761 0.00536906 0.568447
1.24761 1.25706 0.0053934 0.571024
1.25706 1.2665 0.00541518 0.573331
1.2665 1.27595 0.00543649 0.575586
1.27595 1.28539 0.00545476 0.577521
1.28539 1.29484 0.00547501 0.579665
1.29484 1.30428 0.00549205 0.58147
1.30428 1.31373 0.00550953 0.58332
1.31373 1.32317 0.0055244 0.584894
1.32317 1.33262 0.00553802 0.586336
1.33262 1.34206 0.00555471 0.588103
1.34206 1.35151 0.00556833 0.589545
1.35151 1.36095 0.00557806 0.590576
1.36095 1.3704 0.00559035 0.591877
1.3704 1.37984 0.0056002 0.59292
1.37984 1.38929 0.00561 0.593957
1.38929 1.39873 0.00561941 0.594953
1.39873 1.40818 0.00562469 0.595513
1.40818 1.41762 0.00563076 0.596155
1.41762 1.42707 0.00563512 0.596617
1.42707 1.43651 0.00563995 0.597128
1.43651 1.44596 0.00564167 0.59731
1.44596 1.4554 0.00564568 0.597734
1.4554 1.46485 0.00564419 0.597577
1.46485 1.47429 0.00564602 0.597771
1.47429 1.48374 0.00564495 0.597658
1.48374 1.49318 0.00564296 0.597447
1.49318 1.50263 0.00563907 0.597035
1.50263 1.51207 0.00563491 0.596594
1.51207 1.52152 0.00563057 0.596135
1.52152 1.53096 0.00562626 0.595679
1.53096 1.54041 0.00562066 0.595086
1.54041 1.54986 0.00561055 0.594015
1.54986 1.5593 0.00560401 0.593323
1.5593 1.56875 0.00559575 0.592448
1.56875 1.57819 0.00558338 0.591139
1.57819 1.58764 0.00557176 0.589909
1.58764 1.59708 0.00555788 0.588439
1.59708 1.60653 0.00554612 0.587194
1.60653 1.61597 0.00553045 0.585534
1.61597 1.62542 0.00551728 0.58414
1.62542 1.63486 0.00550191 0.582513
1.63486 1.64431 0.0054852 0.580744
1.64431 1.65375 0.00546506 0.578611
1.65375 1.6632 0.00544988 0.577004
1.6632 1.67264 0.00542947 0.574844
1.67264 1.68209 0.0054089 0.572665
1.68209 1.69153 0.00538918 0.570578
1.69153 1.70098 0.00536769 0.568302
1.70098 1.71042 0.00534381 0.565774
1.71042 1.71987 0.00532262 0.56353
1.71987 1.72931 0.00529918 0.561049
1.72931 1.73876 0.00527324 0.558303
1.73876 1.7482 0.00524744 0.555571
1.7482 1.75765 0.00522221 0.552899
1.75765 1.76709 0.0051969 0.55022
1.76709 1.77654 0.00516733 0.547089
1.77654 1.78598 0.00514089 0.54429
1.78598 1.79543 0.00511208 0.54124
1.79543 1.80487 0.00508118 0.537968
1.80487 1.81432 0.00504962 0.534627
1.81432 1.82376 0.00502414 0.531929
1.82376 1.83321 0.00499285 0.528617
1.83321 1.84265 0.00495922 0.525056
1.84265 1.8521 0.00492781 0.52173
1.8521 1.86154 0.00489528 0.518286
1.86154 1.87099 0.00485986 0.514537
1.87099 1.88043 0.00482725 0.511084
1.88043 1.88988 0.00479094 0.507239
1.88988 1.89933 0.00475667 0.503611
1.89933 1.90877 0.0047214 0.499877
1.90877 1.91822 0.00468683 0.496217
1.91822 1.92766 0.00464813 0.49212
1.92766 1.93711 0.00461253 0.48835
1.93711 1.94655 0.00457606 0.484489
1.94655 1.956 0.00453853 0.480515
1.956 1.96544 0.00450075 0.476516
1.96544 1.97489 0.00446263 0.472479
1.97489 1.98433 0.00442457 0.468449
1.98433 1.99378 0.00438388 0.464142
1.99378 2.00322 0.00434515 0.460042
2.00322 2.01267 0.00430308 0.455587
2.01267 2.02211 0.00426377 0.451426
2.02211 2.03156 0.00422596 0.447423
2.03156 2.041 0.00418463 0.443046
2.041 2.05045 0.00414277 0.438615
2.05045 2.05989 0.00410257 0.434358
2.05989 2.06934 0.00405947 0.429795
2.06934 2.07878 0.00402015 0.425632
2.07878 2.08823 0.0039768 0.421042
2.08823 2.09767 0.00393486 0.416602
2.09767 2.10712 0.00389235 0.412101
2.10712 2.11656 0.00384974 0.40759
2.11656 2.12601 0.00380778 0.403147
2.12601 2.13545 0.00376687 0.398816
2.13545 2.1449 0.00372183 0.394048
2.1449 2.15434 0.00367968 0.389585
2.15434 2.16379 0.00363608 0.384969
2.16379 2.17323 0.00359637 0.380765
2.17323 2.18268 0.00355211 0.376079
2.18268 2.19212 0.00350728 0.371332
2.19212 2.20157 0.00346473 0.366827
2.20157 2.21101 0.00342126 0.362225
2.21101 2.22046 0.00337943 0.357796
2.22046 2.2299 0.00333574 0.353171
2.2299 2.23935 0.0032929 0.348634
2.23935 2.24879 0.003251 0.344198
2.24879 2.25824 0.00320649 0.339486
2.25824 2.26769 0.00316412 0.335
2.26769 2.27713 0.00312048 0.33038
2.27713 2.28658 0.00307832 0.325916
2.28658 2.29602 0.0030353 0.321361
2.29602 2.30547 0.00299365 0.316952
2.30547 2.31491 0.00295127 0.312465
2.31491 2.32436 0.0029083 0.307916
2.32436 2.3338 0.00286559 0.303394
2.3338 2.34325 0.00282367 0.298955
2.34325 2.35269 0.0027813 0.29447
2.35269 2.36214 0.00274079 0.29018
2.36214 2.37158 0.0026981 0.285661
2.37158 2.38103 0.00265664 0.281271
2.38103 2.39047 0.00261745 0.277122
2.39047 2.39992 0.00257478 0.272604
2.39992 2.40936 0.00253446 0.268335
2.40936 2.41881 0.00249233 0.263874
2.41881 2.42825 0.00245398 0.259814
2.42825 2.4377 0.00241366 0.255545
2.4377 2.44714 0.00237239 0.251176
2.44714 2.45659 0.00233302 0.247008
2.45659 2.46603 0.00229331 0.242803
2.46603 2.47548 0.00225483 0.23873
2.47548 2.48492 0.00221529 0.234543
2.48492 2.49437 0.00217739 0.23053
2.49437 2.50381 0.00213995 0.226567
2.50381 2.51326 0.00210096 0.222438
2.51326 2.5227 0.00206296 0.218415
2.5227 2.53215 0.0020259 0.214492
2.53215 2.54159 0.00198889 0.210574
2.54159 2.55104 0.00195304 0.206777
2.55104 2.56048 0.00191541 0.202794
2.56048 2.56993 0.00187998 0.199043
2.56993 2.57937 0.00184346 0.195176
2.57937 2.58882 0.00180832 0.191456
2.58882 2.59826 0.00177247 0.18766
2.59826 2.60771 0.00173799 0.184009
2.60771 2.61715 0.00170405 0.180415
2.61715 2.6266 0.00167034 0.176847
2.6266 2.63605 0.00163592 0.173202
2.63605 2.64549 0.00160203 0.169614
2.64549 2.65494 0.00157024 0.166249
2.65494 2.66438 0.00153725 0.162756
2.66438 2.67383 0.00150499 0.159341
2.67383 2.68327 0.00147362 0.156019
2.68327 2.69272 0.00144135 0.152603
2.69272 2.70216 0.00141002 0.149286
2.70216 2.71161 0.00137942 0.146046
2.71161 2.72105 0.00134974 0.142903
2.72105 2.7305 0.00131971 0.139724
2.7305 2.73994 0.00128987 0.136565
2.73994 2.74939 0.00126124 0.133533
2.74939 2.75883 0.00123247 0.130487
2.75883 2.76828 0.00120467 0.127544
2.76828 2.77772 0.0011775 0.124667
2.77772 2.78717 0.00114952 0.121706
2.78717 2.79661 0.00112263 0.118858
2.79661 2.80606 0.00109681 0.116125
2.80606 2.8155 0.00106963 0.113247
2.8155 2.82495 0.00104496 0.110635
2.82495 2.83439 0.00101932 0.10792
2.83439 2.84384 0.000993011 0.105135
2.84384 2.85328 0.000968356 0.102524
2.85328 2.86273 0.000943581 0.0999013
2.86273 2.87217 0.000920139 0.0974194
2.87217 2.88162 0.000897571 0.0950301
2.88162 2.89106 0.000874538 0.0925915
2.89106 2.90051 0.000851232 0.0901239
2.90051 2.90995 0.000828655 0.0877336
2.90995 2.9194 0.000806778 0.0854173
2.9194 2.92884 0.00078586 0.0832027
2.92884 2.93829 0.000765197 0.0810149
2.93829 2.94773 0.000743134 0.0786791
2.94773 2.95718 0.000723377 0.0765873
2.95718 2.96662 0.000703253 0.0744567
2.96662 2.97607 0.0006837 0.0723866
2.97607 2.98551 0.000664728 0.0703779
2.98551 2.99496 0.000645538 0.0683461
2.99496 3.00441 0.000626924 0.0663754
3.00441 3.01385 0.000608748 0.064451
3.01385 3.0233 0.000590879 0.0625591
3.0233 3.03274 0.000573559 0.0607253
3.03274 3.04219 0.000555925 0.0588584
3.04219 3.05163 0.000540205 0.0571941
3.05163 3.06108 0.000523969 0.055475
3.06108 3.07052 0.000508873 0.0538768
3.07052 3.07997 0.000492395 0.0521321
3.07997 3.09886 0.000941866 0.0498599
3.09886 3.11775 0.000883884 0.0467905
3.11775 3.13664 0.000827198 0.0437897
3.13664 3.15553 0.000775705 0.0410638
3.15553 3.17442 0.000725422 0.0384019
3.17442 3.19331 0.000678125 0.0358982
3.19331 3.2122 0.000633634 0.0335429
3.2122 3.23109 0.000591275 0.0313005
3.23109 3.24998 0.000550931 0.0291648
3.24998 3.28776 0.000990451 0.0262159
3.28776 3.32554 0.000855412 0.0226416
3.32554 3.36332 0.000734975 0.0194538
3.36332 3.4011 0.000628418 0.0166334
3.4011 3.47666 0.000985516 0.0130426
3.47666 3.55222 0.000695936 0.00921025
3.55222 3.62778 0.000480194 0.00635505
3.62778 4.83676 0.000881462 0.000729098
